1500
88 124
62 451
366 423
130 298
367 263
478 230
406 418
85 493
460 45
247 365
340 64
137 58
119 420
436 197
462 33
158 265
216 51
326 72
370 82
345 456
39 237
7 323
168 445
342 92
458 480
45 90
148 298
70 182
379 119
153 6
271 342
245 163
87 339
421 423
231 457
46 118
293 122
68 406
350 462
442 262
352 160
310 339
21 352
472 380
239 253
447 477
140 362
202 44
319 227
36 123
242 402
25 434
192 35
349 445
207 43
203 144
483 60
412 366
246 357
462 236
213 485
348 409
305 205
284 50
25 124
26 172
107 119
7 403
348 151
194 356
352 408
320 250
116 188
45 232
469 362
200 359
120 34
240 400
302 425
401 24
197 327
299 279
183 156
307 306
14 383
143 354
104 367
55 463
196 72
286 452
311 17
403 338
238 431
208 143
20 40
220 109
240 217
225 19
325 275
159 32
238 339
58 154
118 194
266 113
65 166
35 405
243 228
159 438
82 482
374 219
328 454
23 94
465 421
196 248
132 142
482 207
362 371
65 40
6 480
146 184
89 71
152 33
471 184
18 311
383 405
359 393
339 63
484 382
482 305
299 181
388 115
338 281
174 250
82 403
439 180
103 80
113 380
65 255
419 85
342 83
328 154
217 202
436 168
325 202
383 419
34 124
258 123
226 372
127 284
316 308
241 67
299 419
27 354
291 364
300 298
452 134
336 128
296 21
223 272
43 473
450 458
82 77
301 208
492 308
468 429
348 160
79 209
64 147
364 458
108 207
341 164
292 412
434 29
154 441
266 157
468 197
127 216
276 50
210 428
209 120
280 178
388 57
57 212
170 304
11 273
437 131
395 205
234 81
22 329
339 388
438 141
357 307
209 65
493 134
254 419
97 203
112 387
99 337
493 21
294 121
252 357
62 231
165 148
329 148
389 39
180 168
327 327
244 390
24 36
455 89
292 130
369 405
94 257
278 468
90 440
297 73
156 194
194 211
359 173
213 24
44 100
279 393
283 224
260 23
113 159
142 68
325 257
14 11
480 419
359 145
70 422
116 8
219 78
252 311
187 431
31 465
210 231
307 163
186 494
5 68
488 299
409 147
159 313
84 423
420 491
413 296
304 490
69 381
192 376
159 321
286 231
315 42
205 496
342 122
42 392
43 348
347 30
195 452
228 358
349 280
76 148
491 114
496 232
460 60
233 40
272 471
14 371
219 439
61 71
315 62
262 104
486 359
163 461
320 182
462 243
244 21
136 390
474 235
147 484
376 435
258 232
103 0
439 272
196 322
236 353
457 11
222 350
312 443
477 238
481 484
5 439
181 225
312 493
329 156
443 311
43 206
206 201
326 146
321 498
351 22
33 57
260 160
103 108
346 72
56 81
372 327
405 413
407 406
62 69
381 236
442 357
410 276
423 1
499 236
110 96
153 202
362 144
104 413
337 317
250 450
129 245
159 123
29 386
456 66
154 443
152 189
465 97
450 62
299 240
336 301
3 409
405 342
107 217
34 9
311 297
42 285
260 441
179 201
119 141
84 135
176 274
223 88
150 494
86 173
326 301
211 423
117 181
398 468
330 224
373 432
69 141
434 416
469 329
470 114
101 89
363 406
494 130
124 438
463 145
446 210
485 289
322 9
330 454
31 220
4 160
301 404
320 74
255 88
202 290
231 226
484 303
285 446
384 479
476 409
472 347
488 274
136 309
264 310
382 466
126 295
199 386
312 279
367 372
162 68
146 421
77 393
191 130
461 362
124 75
274 289
416 96
405 262
72 52
18 21
316 454
192 496
127 368
240 5
425 347
268 254
499 71
201 197
60 190
265 15
304 184
132 39
301 220
124 389
411 225
31 494
490 227
95 75
80 470
317 187
441 5
428 437
135 440
130 130
497 47
83 247
286 301
374 67
456 439
16 498
493 367
447 399
475 335
305 394
82 407
265 474
264 23
316 193
323 251
298 446
46 172
474 233
300 332
124 348
198 256
476 140
40 191
379 423
169 367
274 184
11 251
127 39
233 275
26 443
241 408
81 176
409 287
472 407
107 61
317 96
88 305
349 145
420 480
199 228
264 90
341 474
365 275
402 320
263 450
211 428
104 357
496 292
51 365
426 468
416 158
315 96
93 357
337 16
244 14
104 37
363 361
488 297
118 228
31 391
171 233
442 242
34 276
493 439
407 437
95 420
368 176
33 262
279 461
475 222
111 375
236 431
229 474
55 225
116 199
432 86
180 287
415 375
166 66
3 261
181 425
101 450
212 401
362 486
209 343
219 190
121 172
499 455
32 202
401 406
344 0
140 186
413 24
90 407
168 79
356 93
43 201
102 458
296 107
451 317
7 357
30 170
477 480
183 29
287 362
362 436
122 131
155 2
410 387
318 245
190 78
280 175
485 233
192 234
51 281
139 143
165 58
39 21
402 495
357 74
10 189
320 71
74 485
372 327
424 336
266 191
218 114
199 398
133 203
484 391
387 36
447 475
496 404
399 486
412 250
439 108
180 422
407 111
438 106
294 132
175 362
328 60
311 393
96 27
419 296
332 432
408 158
62 131
469 256
7 314
274 381
156 298
410 454
412 415
47 200
415 206
119 222
467 243
271 282
78 415
348 42
200 262
394 108
216 114
280 363
97 75
374 55
361 253
168 136
188 274
332 216
290 103
199 451
85 258
173 322
216 163
278 373
481 268
382 24
239 50
125 163
70 336
441 499
487 431
205 110
178 176
131 38
341 468
78 182
4 427
442 104
329 220
488 72
96 163
213 223
386 188
376 338
190 308
239 318
428 177
205 445
335 106
426 337
19 176
455 357
313 376
96 398
470 142
305 437
160 419
459 18
209 398
206 335
153 399
76 445
242 433
391 134
323 77
106 318
27 194
70 61
459 340
482 19
456 282
201 288
158 116
14 160
347 367
266 72
17 1
286 195
329 260
189 178
496 4
198 295
357 23
363 269
288 168
450 197
485 244
212 3
15 144
363 78
150 363
216 130
177 167
279 2
180 6
10 321
116 28
403 60
329 325
494 118
316 117
213 444
300 153
149 425
3 315
30 13
143 5
25 246
101 172
178 304
477 281
310 40
100 94
419 213
332 282
251 413
210 0
153 465
242 362
29 303
316 98
103 60
158 311
483 128
285 259
393 13
405 262
208 203
268 357
491 128
393 452
304 243
60 455
169 458
113 302
252 199
111 281
444 208
336 269
381 427
292 473
88 274
329 49
406 296
276 449
254 398
493 22
329 58
16 53
207 499
50 481
262 460
168 161
282 206
485 356
182 163
289 277
326 270
418 118
420 85
335 47
69 174
232 328
233 250
249 101
82 440
252 299
312 345
403 420
129 95
110 389
18 163
285 400
370 197
282 203
102 290
464 469
149 171
422 49
150 382
174 23
175 232
429 427
199 487
434 333
222 328
343 45
297 240
437 128
184 167
310 71
392 286
310 126
175 41
423 84
459 325
410 450
377 134
474 339
172 76
257 408
453 246
487 100
81 102
270 276
200 265
403 432
58 92
134 65
1 234
59 409
359 461
447 469
161 236
165 421
330 333
432 422
374 135
238 419
47 455
220 360
292 247
340 476
41 202
436 326
235 43
4 348
169 447
35 451
225 330
16 200
122 55
42 448
219 497
304 132
492 266
366 25
353 136
339 58
384 394
289 127
475 471
418 145
97 145
327 454
6 174
229 343
143 481
330 123
256 362
481 134
159 100
237 347
405 12
259 76
55 289
112 48
194 31
28 31
337 143
317 355
51 195
176 398
373 194
57 6
141 129
230 38
237 152
17 319
247 494
135 128
176 302
333 247
130 222
217 361
69 319
15 386
136 472
166 191
50 10
491 75
465 43
195 221
40 54
48 64
192 287
90 183
431 221
295 275
489 61
381 13
251 410
382 248
439 388
250 400
476 341
384 241
315 293
348 432
496 207
495 396
80 41
114 437
64 363
424 409
274 53
463 157
405 26
266 197
98 197
38 16
109 74
219 275
207 424
132 67
316 55
448 479
268 248
111 62
324 332
238 387
45 98
476 201
251 302
351 94
462 349
275 390
17 72
348 494
414 76
483 480
311 230
478 432
346 79
264 441
328 170
121 2
55 225
28 449
44 306
155 379
121 6
430 430
277 490
66 279
111 191
421 50
334 423
354 251
192 180
203 118
472 372
98 324
273 380
186 478
209 317
176 194
476 183
173 458
237 253
296 92
494 201
476 69
172 328
360 330
301 364
89 63
239 273
5 187
165 13
182 192
238 226
409 210
169 66
172 435
27 258
459 468
38 21
201 435
118 210
427 413
329 271
396 16
55 68
433 402
94 72
298 116
178 184
250 60
495 347
458 422
243 374
247 269
57 281
343 448
213 175
298 122
490 42
463 194
96 45
469 396
364 42
226 268
180 43
242 477
251 175
49 200
322 494
127 296
96 379
406 323
445 309
204 204
398 288
185 167
63 495
37 155
275 428
323 116
93 455
482 65
118 196
191 31
179 440
171 318
141 275
436 429
133 439
227 492
159 383
230 264
419 75
355 120
236 194
1 178
243 181
377 483
366 213
153 68
239 45
172 176
105 380
171 109
101 238
474 250
15 113
40 204
324 434
481 395
425 60
93 334
318 20
234 471
39 184
230 239
416 278
11 402
363 21
112 182
433 317
282 438
142 300
234 322
69 319
231 67
402 494
14 325
296 72
256 100
340 187
318 338
93 108
481 181
363 308
125 445
383 148
448 259
81 378
197 35
454 150
496 280
105 356
280 11
111 253
293 37
227 303
411 111
292 320
481 393
190 7
8 106
366 74
304 456
343 299
302 353
133 150
358 298
309 91
344 139
28 273
428 137
100 255
428 340
85 392
400 409
367 275
201 260
216 85
385 5
358 412
62 39
337 492
435 272
411 499
272 279
269 439
195 200
392 369
114 475
384 329
105 366
126 251
189 158
164 194
458 426
465 22
366 372
145 302
301 301
433 56
496 425
478 54
423 43
18 222
52 389
255 402
5 9
167 233
428 194
120 331
206 386
259 85
240 424
78 404
312 41
319 11
65 308
351 297
19 340
82 221
123 423
432 337
71 481
175 100
283 351
89 148
85 341
266 200
104 325
219 344
207 417
77 390
187 124
464 281
2 58
482 46
236 126
459 414
366 159
362 486
134 150
491 451
152 72
249 109
453 108
377 320
210 12
136 455
236 249
308 453
499 238
216 142
408 87
98 175
162 275
277 460
412 148
72 268
378 416
24 322
494 183
196 402
357 205
454 184
137 445
35 114
256 489
76 252
279 17
292 175
487 293
294 69
189 399
315 366
40 419
103 192
94 35
92 151
335 303
100 398
13 473
314 135
239 121
490 390
417 19
164 282
203 405
156 458
177 393
312 324
16 69
456 267
270 462
117 400
299 458
283 217
352 164
137 97
339 92
463 128
262 257
14 479
290 466
211 22
198 319
388 23
143 66
28 197
97 413
371 497
214 396
412 6
103 419
363 50
30 443
52 178
157 292
258 418
440 299
118 469
345 139
205 359
56 340
105 86
83 5
402 477
335 298
217 166
216 439
382 432
110 246
391 434
352 267
419 149
119 144
283 37
248 316
156 341
427 304
310 261
90 362
160 64
230 426
365 229
161 299
397 99
385 123
243 288
290 89
233 162
51 261
77 369
210 300
104 85
346 489
351 266
182 437
215 364
93 265
416 432
31 107
230 165
306 416
5 473
487 96
357 238
459 39
339 286
371 169
10 295
414 69
358 362
226 96
213 73
5 171
130 129
295 388
304 213
38 101
49 161
252 26
65 258
396 211
233 256
51 267
188 243
105 317
414 47
472 183
207 479
109 330
218 189
402 256
209 23
36 441
319 110
368 288
0 236
344 264
383 233
328 395
65 71
470 286
321 331
310 443
273 28
218 419
27 343
218 472
265 236
346 255
43 84
172 66
182 395
480 16
264 65
489 309
447 329
160 311
254 268
149 470
242 379
223 367
191 121
210 441
48 457
393 56
475 92
339 66
434 157
75 320
481 50
379 64
375 428
48 391
214 482
213 197
416 308
429 288
82 108
65 139
48 130
74 310
228 23
180 414
86 163
213 107
171 67
347 445
336 399
233 395
93 402
210 446
87 361
469 140
131 169
151 386
197 179
54 226
492 425
440 87
194 78
497 6
451 366
117 196
91 139
42 350
148 36
398 252
244 235
404 219
106 376
407 56
134 155
432 462
401 126
56 225
231 95
313 53
249 182
173 430
132 192
81 215
320 281
16 331
402 416
144 273
181 8
15 404
218 167
293 300
25 119
214 201
254 256
290 380
162 355
399 463
31 295
428 480
163 203
119 296
69 66
426 116
20 102
269 294
94 238
209 414
115 119
375 423
155 221
76 17
480 318
465 328
160 363
66 393
189 324
242 38
154 111
65 168
462 26
116 335
101 56
27 325
100 69
290 402
419 256
426 219
47 252
115 391
284 207
383 34
72 325
288 125
146 226
104 354
41 460
369 220
45 494
63 396
151 145
253 354
73 422
26 179
70 472
31 142
176 206
384 415
392 100
326 172
378 390
351 282
2 419
266 72
468 47
44 329
183 471
394 298
477 108
80 420
414 400
106 464
231 442
42 342
15 475
366 220
2 393
165 69
141 356
255 283
112 461
433 300
98 148
256 179
451 427
327 189
153 366
160 286
128 236
211 203
275 143
389 77
146 130
486 406
189 139
101 242
42 153
301 34
213 492
419 58
99 164
382 99
385 104
340 43
98 13
9 51
481 225
355 250
8 479
119 342