1700
64 258
352 424
86 183
440 426
99 425
130 342
25 464
69 79
163 453
107 143
111 275
213 448
269 157
210 166
260 395
5 355
132 324
359 358
136 218
143 151
493 87
51 126
205 18
324 120
116 368
495 283
231 79
89 209
227 352
99 299
154 487
163 105
315 138
356 22
26 303
390 0
478 19
390 294
414 35
255 214
497 382
462 251
312 81
285 51
350 39
27 385
342 356
495 190
65 157
460 351
203 91
462 202
496 33
68 204
270 411
293 324
75 268
201 107
10 239
278 338
223 360
69 305
348 417
74 416
119 265
208 386
89 323
208 22
227 85
496 277
101 497
117 142
101 28
267 170
9 112
324 45
203 84
2 245
161 403
20 76
315 281
456 228
250 404
489 164
293 329
327 338
332 394
274 444
115 433
397 41
439 476
60 74
319 494
397 62
491 481
114 417
497 306
210 422
86 247
77 51
389 232
126 256
52 73
359 253
146 19
495 256
330 85
79 56
118 2
483 328
97 109
267 449
371 94
194 477
29 309
41 123
231 270
344 20
273 283
303 55
311 419
5 298
206 494
496 436
117 325
286 331
280 214
161 54
383 151
460 207
182 412
35 2
22 413
48 231
286 147
66 351
2 449
443 423
360 60
385 291
474 329
43 24
78 254
257 56
115 313
78 218
72 297
210 113
196 446
93 111
314 482
431 159
435 316
377 227
370 295
476 114
138 345
99 371
428 68
382 357
427 43
341 460
425 351
297 403
14 121
103 242
253 181
497 386
465 188
335 226
193 336
33 311
183 183
104 132
341 463
6 338
150 120
471 199
455 75
48 120
362 321
2 3
389 468
156 352
430 207
395 492
155 123
159 428
412 338
301 263
453 254
226 160
211 103
30 50
170 166
340 78
81 385
353 342
46 322
29 361
205 477
452 424
352 361
199 463
78 265
371 353
365 31
134 449
499 76
243 164
242 22
259 435
277 175
498 112
325 324
153 27
304 31
392 105
69 8
125 443
148 147
179 348
298 13
90 165
182 297
171 185
120 276
452 430
394 249
425 302
181 220
251 78
184 485
346 143
438 105
104 471
320 87
100 135
153 118
267 190
227 335
111 439
369 347
449 415
217 264
336 374
453 251
88 87
82 489
446 434
406 20
107 50
186 78
48 60
102 339
26 167
106 330
29 489
257 328
444 478
353 326
77 280
219 306
147 166
100 301
173 93
143 358
288 133
193 181
372 336
4 295
125 398
240 462
142 155
485 497
323 438
70 338
496 401
419 141
294 143
236 19
230 468
101 232
413 18
207 146
441 286
36 63
377 419
426 276
273 20
310 411
102 449
350 381
22 98
242 269
140 169
137 478
210 222
241 90
236 476
114 300
363 29
300 150
279 240
112 78
342 404
353 275
8 444
42 203
324 382
51 136
467 317
39 188
130 29
5 280
432 218
100 119
122 295
388 400
331 401
157 352
127 173
117 11
66 135
18 11
0 243
60 421
110 467
496 99
380 240
311 2
473 164
312 411
311 95
348 52
404 142
167 6
369 384
371 136
148 435
178 241
163 148
115 238
338 125
217 463
465 70
86 28
439 291
386 398
450 103
97 87
445 207
91 265
401 314
101 314
56 401
49 280
370 71
196 16
332 60
482 413
442 297
440 69
467 381
336 327
266 270
477 434
199 211
25 68
234 100
2 478
258 290
361 403
272 481
393 409
323 104
253 228
297 117
350 194
373 116
238 187
121 491
202 215
135 320
272 79
57 370
12 274
30 168
1 374
283 154
258 394
122 458
75 363
409 271
240 426
113 282
273 478
194 86
406 327
406 181
51 178
305 316
484 64
290 187
341 485
231 425
384 99
314 206
477 311
89 224
358 69
48 54
140 132
459 94
275 46
77 218
34 179
243 382
421 370
207 385
310 262
213 290
496 46
358 27
251 326
395 447
2 110
94 295
389 494
41 405
475 17
196 470
204 9
231 291
176 125
387 438
81 338
385 100
127 77
255 95
394 231
193 151
298 248
243 287
192 40
57 136
106 168
29 105
248 310
287 113
403 276
114 174
126 484
62 351
446 105
336 317
320 341
89 29
168 119
11 332
320 213
233 420
377 426
88 114
227 125
253 375
49 131
467 367
71 27
133 381
51 369
210 469
351 371
342 152
336 371
84 353
125 157
435 169
284 2
127 24
399 363
346 380
100 301
328 314
195 23
392 313
135 246
470 455
107 338
209 164
18 295
452 146
315 495
498 388
264 451
315 477
210 15
168 161
327 162
185 349
162 23
121 77
384 297
135 91
256 491
287 197
343 126
121 91
331 10
462 119
97 95
463 129
290 159
321 131
480 118
493 6
435 495
144 114
206 320
163 132
329 314
440 302
394 24
34 413
33 77
25 348
477 482
141 488
471 120
238 314
320 304
299 231
197 107
427 443
427 255
69 443
245 256
132 9
275 491
69 167
367 160
142 94
82 345
465 135
449 53
357 55
138 121
80 8
304 335
91 360
303 231
340 12
374 48
392 472
491 149
309 461
55 359
56 303
438 489
42 21
76 239
212 252
112 66
401 292
4 416
148 344
357 307
208 340
312 231
380 100
61 304
15 41
344 468
457 71
92 134
225 351
455 20
86 437
81 68
484 339
184 86
245 484
324 393
124 453
405 489
145 356
397 318
286 160
231 241
227 95
299 175
47 452
389 254
174 133
324 322
260 159
495 360
253 6
311 172
161 229
437 217
35 306
466 334
427 174
269 49
224 154
106 68
175 271
256 347
22 349
360 80
441 282
288 208
380 46
276 100
169 393
199 213
400 204
230 17
418 179
186 0
420 494
117 144
492 447
297 373
305 366
148 9
217 98
145 289
241 449
342 273
486 410
466 393
262 238
418 197
49 32
26 456
100 321
269 143
368 444
310 418
279 26
476 311
100 349
150 121
246 341
103 493
238 85
323 421
470 353
385 93
49 371
193 264
259 2
446 314
84 480
6 109
420 215
64 482
456 20
213 215
60 202
139 168
441 150
355 463
408 412
283 93
209 310
312 328
494 468
448 258
367 430
146 306
141 287
159 62
129 97
151 224
392 41
192 143
106 186
98 399
492 366
176 233
414 201
22 488
99 408
191 470
129 318
458 337
251 270
219 117
194 381
422 222
365 438
124 466
218 323
190 222
308 62
264 218
59 222
482 138
460 158
476 173
362 89
359 286
404 466
347 430
153 450
388 121
440 18
194 13
87 10
72 384
454 247
469 188
326 13
171 304
329 287
376 0
286 44
10 88
370 42
492 209
182 23
394 233
98 474
484 88
324 185
285 57
97 278
292 106
410 424
63 315
167 240
136 291
379 306
200 146
355 250
125 45
278 37
12 19
459 376
413 348
405 283
414 198
305 3
279 58
373 67
159 342
133 393
199 295
441 365
467 399
296 148
38 92
464 74
302 402
250 423
59 216
266 8
363 473
31 71
491 494
336 256
149 150
446 321
186 200
452 239
388 153
98 248
323 426
180 62
485 477
193 430
290 44
369 460
383 153
147 400
9 374
377 335
157 158
211 323
62 195
349 163
263 302
80 447
361 86
64 260
43 198
243 109
421 333
339 464
217 157
383 486
174 226
236 260
435 183
378 447
462 498
300 79
378 226
164 233
493 239
438 80
190 36
370 33
497 463
120 209
47 214
292 356
116 73
256 29
476 52
402 135
214 291
17 54
287 93
184 181
262 281
169 122
7 304
267 39
100 5
71 240
448 0
73 216
245 416
320 330
317 73
364 222
129 31
476 233
415 268
401 161
135 29
333 71
462 143
0 452
44 63
415 423
139 492
261 488
170 236
310 81
156 339
223 26
260 285
53 199
212 175
56 455
26 200
343 389
193 340
255 195
118 90
434 170
11 110
346 195
277 33
373 8
35 433
70 96
147 295
322 123
430 360
60 230
471 308
149 255
450 164
254 404
427 420
30 189
236 438
471 229
237 13
298 196
292 272
419 368
492 292
152 93
323 274
83 64
171 294
311 232
488 473
393 417
458 415
205 276
5 195
208 29
225 94
219 7
375 370
162 138
84 219
346 166
82 407
54 429
13 253
78 365
282 353
121 471
99 241
288 326
355 456
51 496
355 81
451 270
260 83
154 113
131 196
456 0
281 213
466 10
227 294
0 44
367 361
454 121
447 319
275 242
91 303
236 178
300 446
381 39
4 413
109 36
388 135
348 65
427 170
316 166
62 154
368 316
437 281
100 174
417 237
392 228
258 8
306 128
19 59
324 188
76 375
362 433
351 464
134 62
228 278
285 303
119 142
423 5
179 409
146 24
104 96
456 38
18 362
273 115
155 37
264 449
235 231
47 126
188 86
216 34
337 268
410 353
358 456
217 333
209 38
486 363
401 165
380 295
262 271
160 153
455 417
0 424
50 190
276 47
81 90
358 492
198 418
227 268
454 56
446 444
160 15
181 285
80 61
185 61
66 342
259 345
270 21
211 111
158 172
263 487
332 240
10 121
242 30
438 89
386 48
63 385
170 46
459 244
305 102
444 144
490 372
245 55
166 260
284 457
296 176
268 47
21 128
10 279
220 115
163 449
186 106
152 226
471 208
310 464
108 128
352 106
13 450
62 98
55 31
207 347
394 351
332 328
107 267
382 342
143 179
286 45
124 181
389 290
254 95
223 51
157 215
165 76
26 22
405 228
75 81
432 113
441 321
89 264
459 400
431 323
221 454
136 217
360 345
292 25
429 466
181 15
443 86
461 199
427 469
402 366
331 354
175 187
451 124
376 116
292 262
217 308
377 13
358 353
230 237
204 150
17 159
98 237
436 313
134 411
277 363
217 37
224 109
85 245
213 27
142 462
270 5
18 359
64 147
385 228
230 146
306 441
178 100
413 256
167 115
330 399
436 444
405 400
497 12
40 491
453 210
216 182
393 75
222 86
167 457
103 459
252 397
349 261
369 431
398 262
162 36
333 80
332 450
463 238
81 329
40 355
389 386
461 108
46 134
91 184
495 213
463 46
160 248
31 312
427 29
418 429
361 441
391 251
341 194
23 206
413 423
309 415
23 154
288 271
307 422
135 231
130 154
402 98
263 290
171 433
214 190
131 89
340 76
122 374
433 182
457 145
413 198
353 266
389 288
210 141
373 48
203 346
296 3
145 457
243 411
101 316
258 457
385 84
311 450
132 359
357 96
294 441
208 270
58 499
141 449
350 269
467 366
221 405
362 115
27 218
386 105
415 480
65 144
95 152
12 228
324 79
21 369
491 470
470 81
382 49
170 463
181 232
137 489
105 402
472 352
309 132
112 358
355 224
229 29
257 450
381 93
314 433
256 254
335 305
206 226
41 218
450 229
218 222
476 440
292 175
307 448
158 101
178 272
153 13
315 259
352 263
196 49
303 18
175 452
30 139
209 381
462 71
145 159
451 181
356 121
421 243
197 16
140 80
93 227
486 293
56 261
310 190
208 105
57 113
104 383
116 440
11 313
473 79
260 157
130 276
372 468
484 52
132 69
296 124
270 77
190 134
324 326
431 0
466 32
267 341
281 70
384 383
462 144
153 209
485 74
43 284
188 357
278 27
4 320
249 426
60 274
452 440
292 384
416 236
77 258
329 183
419 210
206 213
422 381
456 360
496 259
117 499
378 184
356 247
174 234
360 457
249 234
119 313
49 42
152 387
423 478
188 333
46 342
75 246
106 320
432 31
382 102
138 401
148 113
347 494
304 322
409 208
373 53
95 28
267 422
252 100
433 42
384 440
186 332
4 460
343 145
99 436
189 226
339 238
84 338
12 38
246 388
294 421
301 471
245 241
341 421
463 497
289 275
459 200
160 328
473 463
252 3
81 424
14 441
131 420
311 451
339 144
417 409
381 485
227 71
492 126
124 68
195 307
7 413
93 154
118 167
23 66
343 222
163 104
377 357
308 295
291 188
97 0
485 60
131 330
457 212
133 475
283 433
198 328
483 290
310 292
210 453
175 185
289 53
411 190
337 18
58 71
71 128
41 8
338 409
473 172
0 295
228 106
435 283
425 279
71 270
75 87
272 281
187 250
292 414
284 98
21 130
110 343
351 445
354 151
176 189
337 327
286 28
163 65
344 221
343 88
28 267
401 418
20 152
66 88
186 312
442 351
46 59
4 405
408 249
438 358
38 436
464 275
193 324
397 127
68 389
9 240
158 96
248 410
498 178
490 167
370 36
95 285
42 416
165 100
310 450
239 455
231 348
24 203
331 276
17 421
161 399
347 26
436 171
201 95
114 434
322 44
181 484
252 418
370 223
25 417
373 180
381 264
468 456
84 405
327 151
50 101
480 340
12 249
196 416
203 213
109 311
295 25
295 290
13 400
317 165
346 391
155 42
350 227
132 475
126 286
240 311
152 28
277 220
488 16
81 474
137 191
69 191
481 284
184 364
382 347
238 354
396 228
307 393
369 99
385 291
103 347
376 125
197 107
123 5
479 186
229 56
247 468
253 150
15 81
280 289
143 397
477 18
263 392
343 136
427 484
332 228
206 30
137 60
65 255
441 112
169 397
365 171
173 268
201 470
112 188
437 481
351 107
499 266
402 467
451 342
423 330
212 135
195 481
236 202
166 113
10 30
53 187
456 227
50 226
267 9
343 162
269 56
323 194
161 121
315 77
407 465
100 90
71 472
174 148
113 160
190 340
380 123
202 243
469 336
197 252
266 88
145 40
87 36
9 468
45 248
65 324
415 305
129 18
166 338
498 155
347 131
254 40
283 227
415 308
61 105
193 113
5 327
215 190
158 92
193 224
401 56
213 258
276 168
6 342
349 294
425 357
397 196
424 31
340 33
490 339
452 253
80 35
226 310
402 148
224 236
144 95
354 125
293 209
403 482
277 152
9 252
449 54
438 258
291 373
212 278
31 133
169 17
327 463
111 247
483 81
177 336
313 480
189 383
365 459
111 93
345 494
401 120
230 294
167 339
117 22
7 232
101 0
463 176
275 280
361 427
115 259
91 390
273 280
239 280
373 491
337 350
322 219
365 238
77 53
427 385
117 46
398 434
463 70
350 214
141 238
349 63
454 108
388 440
221 79
70 128
330 446
165 260
498 5
410 31
416 428
326 189
123 385
307 225
291 438
29 9
72 284
392 378
171 378
458 132
112 392
338 380
140 443
300 356
239 491
271 210
399 7
392 97
174 374
165 199
208 465
249 194
72 132
11 493
126 95
339 321
201 238
33 30
386 194
185 185
247 125
484 456
405 146
373 376
427 80
397 38
84 487
119 499
492 8
104 482
303 118
209 443
473 357
51 94
280 359
336 88
44 27
26 320
48 301
381 251
141 327
314 131
130 225
233 286
120 122
93 189
133 276
133 154
248 106
318 36
476 380
260 6
179 372
173 286
389 79
407 407
38 30
107 221
359 168
290 192
382 480
256 235
389 15
473 241
129 490
370 291
150 457
329 130
268 329
408 2
409 157
39 167
241 447
467 498
191 100
432 110
345 73
440 40
281 235
77 413
57 262
219 447
430 207
388 400
403 198
208 148
316 164
464 99
98 57
157 431
41 141
214 442
482 239
326 154
419 116
378 403
350 476
35 450
350 280
331 423
72 105
122 391
342 240
297 86
369 440
81 306
248 263
2 147
153 231
347 328
231 73
401 77
379 433
66 437
212 82
187 397
140 284
376 309
247 482
275 173
332 469