1600
436 49
54 220
106 478
322 356
266 171
187 93
192 365
469 70
465 429
295 309
212 415
140 156
406 193
25 496
190 266
167 144
216 126
456 221
77 174
345 278
223 343
60 32
454 416
345 381
42 271
38 140
296 255
300 179
27 54
172 325
321 69
195 339
413 37
211 3
133 342
38 408
293 356
272 98
480 99
371 470
462 22
129 261
440 111
17 430
107 319
388 190
381 429
466 435
438 294
489 30
290 423
280 27
125 83
35 404
374 105
480 258
19 189
300 109
391 312
131 317
359 499
428 372
307 241
387 246
276 98
21 376
403 419
354 301
206 381
338 389
147 432
121 318
280 19
331 421
91 171
170 462
334 450
43 98
197 494
92 283
11 473
244 113
267 267
0 99
488 473
405 338
9 488
7 379
152 289
460 338
152 243
46 483
433 487
481 441
76 130
456 425
38 440
207 200
299 305
130 207
397 140
480 388
267 406
195 487
177 419
15 8
343 329
168 61
354 276
259 149
74 431
371 215
267 465
122 430
489 419
59 105
345 238
145 391
378 464
235 192
52 55
236 250
163 395
24 405
406 18
301 283
350 333
150 24
306 117
388 272
229 147
385 299
190 74
38 382
75 420
327 274
376 127
375 64
321 40
410 251
34 227
60 63
87 236
205 62
187 245
392 94
393 416
343 277
160 436
356 381
7 87
66 184
248 384
276 293
44 69
296 186
101 78
166 209
271 40
285 372
466 458
227 177
306 211
147 70
303 318
257 4
188 311
47 324
117 288
357 323
361 162
92 5
66 314
354 259
131 190
0 139
168 449
12 227
149 326
497 12
16 453
116 254
430 56
344 163
338 48
62 53
58 51
365 154
265 477
167 219
210 248
49 19
99 230
56 62
74 248
201 53
160 442
498 169
332 90
138 194
247 22
73 52
59 157
486 438
9 324
425 153
25 219
449 474
388 124
372 358
411 462
256 426
95 423
14 106
300 280
302 4
57 399
409 376
166 468
292 395
401 176
247 69
44 426
50 197
407 432
247 274
200 170
94 355
462 296
76 108
464 114
366 378
106 373
341 275
170 273
301 486
55 423
349 48
97 99
384 251
26 4
175 131
486 226
374 121
81 300
415 450
181 45
419 281
408 139
412 260
246 430
354 65
114 302
253 203
455 63
420 137
120 481
59 447
68 459
111 434
236 149
194 26
159 417
409 113
226 67
498 173
239 472
126 352
407 205
268 232
369 214
47 188
487 342
153 107
41 55
204 264
291 129
399 251
216 302
222 308
481 442
267 220
424 220
425 245
477 331
398 46
86 347
41 445
52 74
129 194
458 445
75 186
437 101
256 474
282 5
448 478
198 115
336 67
312 474
157 113
11 290
489 55
1 98
172 382
76 405
351 153
191 386
340 278
104 480
486 96
74 238
353 434
353 124
98 41
155 165
307 255
163 166
116 296
30 164
69 140
146 106
345 272
402 337
318 185
133 6
96 304
90 59
183 450
343 443
460 133
240 350
369 268
416 403
419 485
478 447
405 489
113 124
461 250
287 16
374 279
435 420
479 471
273 25
320 162
147 468
319 133
401 240
143 188
25 169
468 63
404 3
127 374
124 369
237 89
220 412
184 112
435 156
33 164
178 60
28 206
339 326
418 199
387 92
261 61
476 265
268 230
104 232
102 248
189 80
344 339
303 409
417 29
45 238
150 303
9 223
401 179
378 200
292 319
233 118
235 405
135 209
294 3
103 91
24 396
235 292
54 220
101 391
129 471
126 146
222 132
163 487
187 123
295 41
11 331
237 28
89 246
102 372
316 383
279 205
350 192
412 367
258 404
227 14
12 239
371 354
341 234
210 34
428 381
212 5
385 291
390 449
174 474
210 344
49 490
34 341
208 251
155 446
312 318
410 383
89 177
411 133
20 282
163 473
330 300
443 376
325 215
190 333
177 499
341 252
93 79
330 375
174 154
472 338
73 338
15 234
220 162
444 279
252 240
392 460
336 83
298 335
21 13
13 340
92 198
129 206
434 186
340 312
150 108
446 164
251 75
89 314
93 471
63 33
493 345
280 307
142 181
195 79
271 15
66 60
118 216
402 195
359 52
12 94
110 361
436 311
125 361
184 25
411 218
415 99
406 256
438 196
127 401
416 133
45 398
466 482
30 163
68 368
314 389
251 80
391 425
138 187
65 368
438 323
274 476
232 354
402 181
434 22
7 29
279 350
185 52
68 246
466 215
104 136
216 133
58 355
395 460
328 196
371 460
436 267
473 146
179 20
43 375
256 113
315 50
455 35
133 0
215 23
159 452
85 172
27 375
187 143
191 274
234 16
135 415
413 22
395 108
335 92
57 438
340 91
478 372
225 295
318 112
64 440
112 477
205 149
144 492
266 392
408 187
102 353
227 395
355 367
311 122
412 190
281 368
93 253
400 260
224 318
110 219
196 288
289 223
67 253
146 285
472 185
390 406
302 427
294 470
444 9
200 106
326 357
462 333
445 419
89 362
81 169
309 200
275 130
383 450
235 342
379 381
288 208
487 270
240 442
451 281
387 184
393 151
485 66
485 355
70 430
452 75
275 3
485 261
212 50
244 221
102 299
7 123
393 390
332 346
128 485
22 136
287 367
433 415
123 124
407 271
346 193
196 359
472 473
375 182
403 36
336 471
94 357
248 195
42 340
177 432
68 22
389 199
115 208
184 175
446 238
431 443
154 144
117 479
13 127
15 344
315 268
126 351
399 261
101 226
10 441
463 279
478 431
139 204
379 445
183 175
119 325
321 466
446 273
252 438
134 459
80 268
471 301
63 206
432 370
163 16
147 294
225 126
183 478
423 216
392 62
240 459
425 363
136 61
352 371
183 241
9 338
140 263
321 332
203 55
71 105
399 366
345 219
49 125
193 28
442 472
431 85
448 34
448 209
80 437
30 152
490 115
230 391
223 482
37 403
8 426
293 109
180 408
385 490
18 229
53 78
16 312
347 485
46 316
105 147
299 126
94 135
378 141
124 176
80 102
28 161
270 88
348 173
15 302
31 85
16 385
198 437
274 32
200 397
44 320
298 306
293 195
336 392
69 172
274 460
474 1
89 154
180 96
399 290
375 47
433 282
219 391
275 131
380 493
313 476
134 276
471 112
356 279
451 159
472 277
278 77
84 446
42 368
10 116
163 441
76 385
129 448
431 295
141 256
84 311
87 454
418 218
350 410
70 275
404 301
231 42
340 183
403 167
135 382
176 413
150 150
99 252
399 131
388 30
342 40
347 472
43 281
192 265
392 393
46 114
8 297
332 129
296 200
82 235
0 283
434 110
362 150
282 33
63 114
154 170
494 257
39 1
119 389
282 83
49 11
160 181
310 409
109 492
79 459
242 43
154 79
82 176
61 368
482 364
386 125
382 489
490 232
122 273
208 109
473 256
437 109
18 485
330 100
411 127
23 409
341 5
34 177
397 423
287 95
72 232
221 25
257 307
80 211
173 379
488 141
250 146
131 425
377 121
248 313
223 140
498 123
152 64
487 32
479 50
282 126
151 52
359 3
66 408
140 291
284 239
237 128
405 35
156 221
34 135
275 256
380 257
173 125
157 32
434 12
138 137
41 216
71 289
50 400
43 138
377 190
170 328
215 115
336 75
62 223
479 222
480 190
315 211
96 5
18 325
462 382
99 156
298 355
107 22
160 348
390 150
330 390
357 412
339 45
268 193
415 402
92 100
163 247
253 407
232 259
142 123
279 46
253 93
467 77
277 360
11 128
370 19
283 193
239 227
272 123
25 359
459 39
287 117
376 123
234 392
15 461
359 228
173 146
76 113
473 141
121 205
225 336
30 491
218 360
483 121
480 490
29 8
477 292
415 168
60 206
167 1
230 427
74 26
491 255
396 150
355 465
153 17
8 432
293 183
304 226
68 128
489 137
429 98
266 318
24 196
49 179
106 43
422 131
387 32
34 413
230 283
153 242
174 384
419 13
240 319
300 76
213 160
258 289
107 494
42 377
408 484
27 91
223 366
399 301
67 110
245 285
27 297
181 398
412 54
225 101
177 4
164 25
314 242
88 275
4 274
110 130
221 264
130 137
291 296
258 381
167 358
155 4
254 194
248 189
142 166
22 474
351 171
265 39
166 18
292 353
483 22
286 254
391 56
205 416
150 34
392 463
467 317
363 400
441 74
92 464
438 83
106 115
6 141
159 371
224 172
46 303
57 59
115 332
100 301
335 172
136 250
419 80
480 455
29 283
247 421
356 122
237 37
178 462
333 95
267 190
493 409
468 165
497 403
204 435
108 449
200 391
471 244
199 471
254 303
76 81
203 353
390 284
246 292
387 421
111 431
192 6
171 456
359 160
448 20
469 415
307 408
4 21
493 130
286 55
136 247
453 362
499 339
131 195
116 97
29 18
376 79
388 73
234 47
67 99
15 34
442 37
410 174
156 446
1 403
3 442
157 490
329 456
151 156
253 313
183 120
51 134
208 60
107 439
39 294
180 27
416 406
432 122
420 326
230 88
383 273
263 85
41 40
48 93
258 44
164 301
288 441
1 216
7 348
142 461
340 398
304 322
296 256
434 236
177 216
341 16
101 60
452 105
50 494
39 0
153 308
101 55
123 441
289 103
416 131
29 283
457 108
216 186
274 253
321 150
19 451
363 163
268 120
115 315
167 170
330 6
61 321
114 431
386 185
168 256
391 302
262 197
235 349
102 478
481 10
313 276
439 0
120 177
344 59
81 87
93 12
185 411
342 7
44 151
259 229
383 212
261 151
352 146
476 497
7 306
82 457
457 320
349 373
284 430
17 194
58 365
276 463
470 95
246 471
200 366
78 358
361 435
433 191
188 65
371 410
367 47
220 306
179 177
459 69
115 316
181 328
291 173
120 310
281 113
331 219
77 333
268 409
101 290
355 202
112 141
189 226
32 331
360 261
330 64
380 319
148 298
323 413
223 291
257 444
163 356
189 88
350 240
30 458
12 303
444 385
463 476
307 485
98 348
264 20
339 429
79 144
409 339
483 402
346 133
489 92
32 361
453 31
489 382
37 335
72 1
477 334
319 36
384 136
156 418
199 0
144 348
39 130
32 405
390 374
318 231
92 380
263 351
85 46
381 252
105 123
457 454
342 434
422 128
398 78
78 431
279 449
79 74
479 170
397 112
343 370
102 215
66 287
333 365
469 152
275 67
373 74
360 232
212 215
293 282
213 111
60 223
297 344
367 140
252 276
498 264
479 447
86 100
317 46
50 272
339 286
212 177
409 64
279 72
207 121
84 424
147 420
117 145
285 444
72 484
248 389
188 423
23 227
125 274
46 193
479 27
204 237
301 44
116 113
87 432
356 175
96 171
168 355
151 213
49 453
342 224
499 297
376 30
157 22
67 2
29 55
293 47
91 234
199 446
379 59
235 138
162 87
443 183
248 330
136 94
170 297
94 478
361 169
44 470
324 370
425 111
10 206
292 70
17 453
13 343
334 248
335 100
135 348
178 278
225 383
32 166
497 247
417 126
448 210
80 313
424 125
183 357
428 287
240 475
170 445
45 105
205 4
204 380
11 340
75 235
401 236
483 107
85 398
108 252
65 386
11 188
46 342
129 46
373 326
123 369
475 43
400 168
48 32
225 104
339 411
499 152
260 93
491 483
87 197
83 100
140 5
347 446
492 38
364 476
197 217
261 487
155 24
57 13
469 56
467 134
286 161
254 467
302 398
96 245
197 241
246 179
478 190
228 445
421 322
40 445
284 471
495 153
166 292
348 404
38 135
148 167
486 325
223 402
0 140
234 319
351 49
239 480
426 181
3 320
265 199
170 395
48 49
341 18
422 66
202 41
61 461
138 202
105 399
40 361
33 457
6 274
106 236
417 246
418 384
84 272
168 35
436 106
476 216
135 130
171 399
360 189
391 84
484 350
211 496
453 376
2 96
332 312
58 460
345 101
374 328
363 281
239 394
462 299
429 216
115 97
286 453
389 327
177 178
174 373
101 240
337 480
292 103
64 21
123 202
382 261
42 349
243 245
396 281
349 205
303 326
131 464
143 89
119 20
246 172
413 146
126 347
303 102
475 270
324 219
480 450
299 206
451 22
155 42
100 199
377 5
321 255
196 8
381 465
137 316
462 127
326 402
4 88
210 481
200 332
282 34
92 180
54 82
476 43
94 62
67 76
183 472
480 240
205 380
196 213
192 195
97 158
98 19
352 454
286 160
194 53
85 68
2 286
181 140
54 479
407 275
247 473
213 91
323 80
293 271
466 19
29 486
357 415
369 127
287 61
114 7
76 333
471 200
192 430
409 4
131 246
219 169
112 231
163 432
203 435
306 308
146 21
437 335
314 3
417 158
166 453
138 31
83 94
24 461
317 275
373 286
307 448
31 92
377 419
206 194
3 432
454 364
199 149
5 243
401 365
170 422
305 67
161 308
269 389
16 38
324 86
386 390
334 131
402 418
464 211
496 460
324 319
321 302
45 375
240 326
100 446
366 410
70 257
146 379
417 191
129 163
405 93
76 15
285 239
303 330
290 102
421 151
453 466
193 242
420 498
296 433
195 372
130 14
394 117
308 276
291 163
109 289
305 48
288 37
368 442
44 443
94 10
329 466
60 47
397 22
308 481
353 45
60 355
473 335
464 306
321 133
423 107
156 430
468 80
22 296
239 188
198 419
237 185
84 379
402 297
130 481
378 210
417 336
171 290
96 390
376 487
95 418
200 151
231 251
47 20
208 105
24 138
323 259
138 113
263 407
240 392
454 393
81 118
409 372
262 105
92 357
127 490
141 187
290 328
200 372
330 337
327 409
20 206
320 150
409 10
403 83
328 149
120 357
229 410
15 381
238 344
334 107
147 366
46 476
200 437
127 246
7 30
89 454
457 27
38 409
492 366
368 441
298 320
82 488
369 380
224 97
57 459
325 58
386 56
345 223
470 439
321 472
427 329
357 410
319 384
102 395
188 163
336 470
458 338
218 418
368 179
139 294
205 277
185 316
40 443
382 30
3 362
191 56
466 282
166 48
295 138
153 120
91 335
174 489
260 49
229 244
391 480
109 368
36 96
39 294
324 76
438 274
330 327
109 482
382 148
286 127
248 178
365 292
133 339
240 39
136 393
225 321
189 27
475 334
128 226
154 14
288 453
132 445
427 470
119 94
73 309
339 257
49 321
12 205
96 183
428 253
74 232
111 154
340 116
194 86
453 469
274 200
145 93