1300
263 479
214 199
173 116
450 427
295 234
215 273
352 470
485 6
276 492
431 287
129 310
430 74
68 371
77 410
320 77
408 24
223 435
403 122
402 396
482 353
478 197
19 197
203 331
323 5
292 332
142 106
33 421
145 424
334 101
30 222
246 6
441 439
413 321
69 196
50 315
365 52
101 28
211 384
389 157
489 386
345 33
307 131
56 378
331 452
26 242
249 362
153 272
445 42
239 418
234 14
66 289
169 99
483 20
177 233
119 225
110 166
149 464
194 417
221 57
300 26
240 247
371 49
443 245
163 316
183 182
323 397
348 101
121 345
78 332
409 298
316 49
366 19
289 466
23 60
86 10
258 323
224 178
423 481
150 168
202 87
336 333
434 378
223 185
369 56
206 153
202 278
149 23
489 68
481 438
449 12
188 67
246 59
40 264
432 21
108 190
375 487
365 445
482 310
218 440
445 351
481 424
299 499
68 130
69 140
5 49
468 370
429 193
457 66
88 321
364 242
81 48
345 239
49 298
238 327
30 119
396 35
34 11
142 195
188 102
3 63
285 193
386 324
242 214
387 195
289 182
83 251
491 370
168 428
108 392
12 258
293 138
2 260
307 328
282 144
59 495
188 286
462 344
410 426
474 56
239 297
49 263
134 322
102 392
284 154
413 62
53 148
408 206
34 55
51 68
63 317
455 110
306 104
30 269
325 216
13 356
120 64
238 414
306 106
260 193
255 443
91 173
380 308
363 352
420 414
83 414
376 335
439 38
307 182
250 322
178 485
401 116
30 150
256 140
185 189
484 369
42 440
101 427
279 274
41 464
231 51
239 124
15 107
142 178
352 174
159 392
8 383
385 61
53 391
80 494
363 238
30 64
491 405
180 131
96 123
26 221
197 179
138 265
296 212
239 280
173 148
383 398
311 181
424 269
263 216
454 4
420 478
383 337
468 264
239 415
488 416
447 265
383 38
250 86
366 179
179 341
240 391
425 415
184 403
120 349
206 299
277 426
263 126
242 12
280 84
352 333
451 120
158 300
386 334
13 261
102 252
144 44
459 342
98 69
418 495
146 218
144 124
103 275
288 260
344 197
31 420
40 48
348 482
168 199
460 234
339 33
77 414
257 483
404 37
384 207
425 174
151 31
306 421
33 106
303 446
366 229
278 186
168 407
458 126
361 188
221 270
184 52
387 299
188 293
0 291
317 72
103 277
199 468
74 262
208 232
462 230
416 75
334 92
218 437
125 144
414 431
483 347
498 98
244 370
13 186
110 244
22 331
151 214
476 73
157 226
308 36
111 471
63 224
161 297
441 282
65 287
486 207
158 401
271 484
22 402
146 137
320 132
198 20
445 471
49 26
63 103
74 357
82 26
324 138
272 95
234 117
325 337
238 220
56 483
385 362
351 430
63 383
256 171
142 113
140 201
304 44
401 55
81 231
369 335
431 257
375 141
330 165
238 52
35 421
283 146
77 272
7 134
157 492
105 115
317 299
195 97
152 473
56 97
284 86
343 425
418 215
233 218
270 249
22 323
469 157
281 305
291 46
38 289
404 448
99 496
445 73
399 295
244 98
184 455
233 28
244 379
98 151
252 329
152 220
230 274
431 121
20 11
152 222
22 410
406 57
482 122
269 352
302 381
189 13
41 338
217 422
425 137
318 167
240 178
304 470
444 470
481 236
310 464
374 134
43 185
159 133
485 377
111 428
441 139
477 300
74 334
324 194
362 499
29 142
465 102
424 186
274 409
225 257
391 84
121 99
84 286
164 280
208 69
60 127
427 1
188 37
232 1
352 364
6 446
400 382
68 323
232 324
81 194
278 309
261 325
463 252
32 345
267 479
106 93
446 327
365 385
238 134
498 449
395 91
325 357
180 147
471 245
439 265
426 404
81 69
321 187
33 45
24 206
299 300
127 483
368 245
232 344
293 107
50 82
439 40
187 375
120 472
89 10
415 411
480 15
203 496
393 154
360 88
240 418
253 159
256 219
64 121
80 340
423 357
250 130
5 214
38 437
448 477
388 127
495 215
63 221
375 50
138 457
227 235
246 230
449 480
453 354
195 13
223 34
164 470
184 473
262 170
499 223
202 62
277 388
109 197
99 193
150 336
423 89
319 229
61 169
375 269
282 14
48 422
392 357
330 213
235 77
152 93
155 234
474 354
404 285
478 83
271 3
445 480
209 194
215 264
33 270
136 91
13 168
25 185
250 258
335 208
301 337
71 339
45 456
93 46
481 301
157 71
51 253
447 102
366 112
234 163
106 252
272 371
56 471
229 297
5 158
495 416
255 158
467 418
464 301
102 60
484 298
403 259
213 35
0 202
365 80
184 234
105 323
295 456
105 161
171 24
441 111
121 166
85 48
201 88
1 401
51 156
267 485
372 454
157 481
413 372
107 374
198 97
53 212
226 345
369 158
121 397
416 162
211 95
183 1
254 412
68 36
21 306
260 188
169 394
118 269
144 82
179 225
438 194
39 84
94 16
265 260
423 216
163 181
34 486
250 198
235 289
95 171
359 108
2 207
477 28
110 473
198 473
19 141
225 488
4 410
170 319
387 270
303 445
431 402
101 338
127 182
205 336
444 74
133 64
92 299
272 462
287 54
195 322
311 306
216 272
443 167
289 387
184 331
233 93
431 468
150 186
22 410
336 355
271 319
470 469
284 363
417 242
64 71
378 464
236 227
395 446
185 179
362 184
277 370
338 448
134 60
322 340
47 9
328 158
480 318
33 298
392 264
187 302
266 308
36 417
364 2
33 431
115 49
271 248
196 245
157 461
301 182
191 480
490 200
370 371
21 470
86 403
205 413
222 274
43 471
325 110
41 407
309 211
459 8
105 432
394 7
189 263
95 47
248 233
104 85
408 470
374 126
391 346
472 431
255 465
75 16
423 80
143 468
477 84
17 102
109 434
49 411
310 299
384 144
82 410
381 488
466 490
336 107
38 210
175 309
177 293
226 103
71 100
37 369
472 400
187 54
317 81
232 236
381 479
390 116
457 315
305 271
230 275
485 493
154 268
62 13
468 183
284 288
157 39
292 173
79 481
415 479
67 396
375 499
468 300
115 117
240 425
52 272
118 470
239 38
403 124
308 153
293 371
262 444
117 450
432 406
385 196
444 199
198 305
105 171
289 166
91 73
345 29
352 496
34 463
88 443
96 289
160 248
192 389
191 274
181 309
5 475
174 418
223 301
472 373
39 329
402 113
495 483
479 99
415 347
290 365
154 355
103 386
127 166
440 295
456 318
294 121
40 461
114 468
193 263
444 86
200 233
216 198
150 195
394 47
412 65
420 184
422 418
84 23
170 49
367 376
498 126
439 13
334 390
5 53
491 27
260 302
0 43
238 328
375 2
67 484
168 139
409 339
214 442
491 345
222 384
10 211
76 72
462 301
354 410
438 467
269 198
241 198
379 122
124 332
316 106
246 44
383 337
279 7
353 98
334 123
334 75
147 197
498 410
173 461
280 205
403 111
309 50
24 144
476 188
147 0
396 145
482 393
252 280
230 261
236 105
180 64
113 70
333 179
140 112
317 6
469 421
323 72
216 278
319 199
51 45
190 466
211 448
228 24
137 463
421 310
226 374
296 453
133 340
304 481
487 125
398 473
45 456
87 73
272 113
10 258
76 324
124 52
76 139
454 352
14 214
88 375
329 240
432 384
366 314
439 236
209 205
14 190
263 106
220 453
63 388
64 230
135 139
278 188
40 211
277 84
460 406
146 217
102 141
455 79
315 320
377 246
436 377
483 243
196 200
88 55
138 111
250 152
340 273
484 380
465 232
138 114
331 277
270 136
215 285
105 225
471 383
112 335
430 260
460 95
151 479
90 400
52 289
62 341
73 244
476 398
12 390
167 466
102 344
129 289
14 170
405 87
274 338
98 17
112 204
183 410
310 115
404 274
467 362
458 318
217 40
431 286
252 81
277 450
240 206
376 259
198 106
296 281
298 472
28 246
156 263
378 64
338 466
180 135
453 157
49 138
424 22
104 332
283 176
235 233
492 375
333 111
245 42
14 130
228 395
10 395
459 385
351 389
24 149
306 32
170 329
352 207
40 447
475 308
393 175
50 210
174 386
428 235
217 419
166 295
190 446
331 177
418 1
2 34
66 294
123 160
367 89
36 327
135 407
82 11
74 29
267 484
220 248
19 47
194 289
235 185
214 236
237 418
453 484
278 239
399 371
460 402
81 119
26 348
360 217
98 109
445 434
34 217
264 17
307 53
90 311
47 394
165 157
141 285
376 118
489 420
174 128
247 302
150 255
324 273
234 362
148 274
343 180
49 182
87 460
271 356
103 30
187 318
455 268
238 180
452 332
312 79
381 478
86 59
184 384
246 262
389 419
451 247
429 232
192 352
209 369
399 463
134 164
432 438
470 89
273 170
249 423
253 85
144 483
367 339
102 329
100 113
360 491
75 403
255 142
363 268
83 316
480 114
404 217
307 264
286 374
149 80
166 36
19 403
94 162
343 238
351 48
391 295
198 64
58 467
87 306
474 421
387 170
240 307
71 291
17 47
479 358
246 167
422 497
160 117
355 368
269 3
299 58
474 160
479 349
155 32
305 66
89 482
289 192
335 329
228 360
70 353
20 207
57 316
433 294
162 217
72 140
199 283
444 371
73 173
58 275
194 80
62 363
408 283
464 351
64 243
96 44
103 134
303 468
114 160
377 236
229 129
412 302
25 428
453 356
484 98
179 11
227 178
313 241
445 487
82 277
173 9
495 31
499 276
437 298
387 466
95 166
468 116
396 7
216 494
444 349
213 52
230 123
217 292
279 43
172 14
375 213
244 345
473 370
21 96
62 262
281 408
24 157
16 101
447 272
121 84
136 392
367 186
478 366
261 84
450 109
323 433
130 325
48 67
163 456
218 69
477 225
234 499
101 353
125 103
187 48
440 98
285 324
42 308
244 115
225 304
89 47
372 400
319 72
28 272
341 483
60 246
98 170
23 147
250 199
99 0
99 289
465 40
200 236
203 8
164 296
343 280
180 105
177 68
340 0
335 57
156 182
204 247
394 254
453 228
80 496
286 52
444 179
267 251
111 496
293 471
251 275
233 488
56 284
136 262
320 249
283 471
70 476
230 487
67 317
313 35
439 148
179 99
203 384
380 447
270 314
442 25
14 373
157 175
437 422
23 145
468 109
85 306
146 39
356 167
202 213
361 21
473 142
378 41
340 176
342 258
136 462
335 284
311 2
424 345
490 101
210 300
106 459
498 148
315 252
318 206
227 18
160 179
72 200
376 38
148 412
226 71
355 136
138 62
407 19
120 415
215 397
208 182
330 321
426 206
264 146
164 244
275 492
192 176
66 348
112 421
492 66
203 339
253 199
218 341
108 12
261 190
373 323
497 470
28 55
201 423
19 293
285 217
393 146
494 329
102 311
230 459
150 446
146 433
126 403
415 216
259 235
410 176
146 484
39 407
182 27
320 241
310 53
200 457
138 204
367 194
5 241
187 97
382 155
410 185
254 9
96 325
354 13
497 358
266 0
27 388
129 300
354 199
156 440
496 54
100 147
388 215
313 458
113 427
113 195
56 24
201 367
232 4
363 55
408 229
117 481
281 287
339 99
391 487
393 347
494 239
454 494
304 382
310 119
167 269
145 275
494 75
80 347
254 226
307 295
128 14
302 276
227 261
249 141
488 118
209 142
488 483
217 164
135 292
62 379
154 302
378 207
406 0
226 310
457 161
175 385
162 85
346 329
322 241
212 95
90 311
146 421
437 78
223 215
95 73
375 285
344 101
102 253
415 251
412 180
418 372
457 439
269 432
173 156
251 91
254 385
307 341
272 252
468 96
169 495
132 63
16 45
150 476
227 470