1900
497 140
235 172
171 122
32 178
127 378
439 235
326 182
256 446
484 55
243 473
311 88
490 320
466 89
173 471
336 128
268 391
63 334
308 355
385 86
465 340
76 364
398 256
54 254
161 154
479 38
478 404
76 290
231 468
440 394
22 405
148 128
314 142
349 63
149 122
463 235
99 466
222 391
145 498
4 129
167 158
63 336
478 498
466 491
386 210
467 258
387 260
255 467
30 201
176 104
191 31
498 139
382 143
493 72
201 379
37 349
185 221
219 452
296 16
226 185
296 34
294 45
12 35
88 401
6 394
425 264
255 49
192 423
348 137
368 37
387 49
270 258
210 424
292 489
27 358
392 370
415 323
358 187
88 279
173 298
63 446
496 99
374 318
308 40
430 222
124 28
286 169
93 394
236 349
207 386
256 263
438 100
139 24
303 148
446 79
26 329
280 9
180 374
266 6
229 340
368 196
365 205
99 155
356 311
49 335
450 63
163 157
33 388
36 154
234 189
18 483
344 112
338 150
156 24
216 456
5 237
442 437
92 222
33 394
229 448
363 434
444 32
420 27
33 477
166 457
292 267
231 36
186 136
13 69
26 343
432 81
18 31
253 375
269 462
262 139
425 350
382 126
5 369
347 303
112 38
158 365
402 256
244 389
459 440
135 109
191 337
220 68
443 209
172 325
464 64
414 434
412 242
111 149
304 417
308 310
176 268
24 466
355 430
370 268
378 166
355 358
426 421
130 75
253 221
285 154
441 69
311 51
52 205
123 423
85 356
124 431
397 261
43 0
269 104
271 266
124 499
272 478
54 50
271 254
409 307
376 408
311 202
407 40
463 364
220 382
165 400
162 197
197 414
19 57
323 318
317 142
120 447
349 89
196 26
185 120
380 105
159 414
454 192
56 418
153 269
169 128
325 318
233 183
241 375
193 104
246 64
364 363
304 218
245 213
186 0
457 430
196 66
258 116
387 150
271 166
295 40
358 441
124 472
347 443
47 217
134 393
256 145
364 498
211 60
61 461
243 397
464 370
487 440
442 74
93 226
266 214
7 240
212 476
272 131
201 412
305 171
317 335
333 413
473 33
346 396
294 386
257 441
381 110
36 96
322 176
242 129
369 440
268 249
232 82
346 40
212 433
268 3
416 381
414 453
350 241
480 112
53 496
106 89
185 287
463 142
272 359
151 205
306 141
75 419
312 38
472 273
276 376
257 92
46 44
138 23
135 248
244 118
207 40
327 350
344 244
455 142
347 468
462 106
377 153
44 389
163 41
417 368
460 291
188 174
49 358
106 326
296 184
225 350
52 3
99 404
47 249
69 54
12 246
252 31
421 389
431 296
164 436
79 348
375 476
335 119
297 424
461 441
144 93
448 38
442 48
149 47
453 341
88 219
102 465
207 340
488 375
311 138
338 152
128 243
214 65
490 463
257 12
105 303
341 253
153 406
305 135
477 303
374 259
76 65
257 476
352 283
273 245
249 15
258 464
29 377
193 473
337 19
174 302
407 294
200 15
3 60
215 358
469 480
397 89
66 45
181 154
251 418
285 454
418 0
229 44
369 448
319 274
76 58
352 494
361 335
396 405
263 216
196 111
53 84
129 445
451 471
241 310
117 202
54 26
422 35
335 284
410 291
201 7
353 339
174 54
311 66
283 70
34 426
10 331
277 439
410 491
154 228
283 151
177 271
158 189
325 100
243 346
353 236
75 445
351 206
124 249
172 14
440 407
239 58
497 302
293 16
96 407
58 447
70 231
421 87
187 81
427 246
482 283
80 280
338 409
159 283
297 462
222 183
241 89
391 461
477 238
145 36
336 425
157 55
494 406
487 78
176 34
317 414
46 159
420 249
32 236
51 79
262 181
270 273
234 3
93 161
49 63
340 90
145 385
292 497
427 492
26 131
398 104
115 195
444 296
33 35
467 476
157 436
209 229
85 279
292 295
210 30
121 341
227 50
400 118
110 371
2 327
283 136
331 252
49 398
434 275
103 82
370 253
482 112
391 79
374 419
450 183
25 436
486 423
41 104
475 386
214 152
288 329
82 497
248 472
99 131
65 34
287 203
167 435
366 121
41 59
242 92
28 343
266 119
223 14
401 307
311 50
380 467
316 452
424 462
445 64
98 23
78 362
297 237
359 246
157 163
255 252
95 251
223 135
149 213
372 446
497 402
221 184
136 229
43 38
454 412
435 488
350 405
142 366
464 499
14 1
105 473
224 121
256 52
265 447
246 257
160 138
174 95
324 381
271 310
74 367
207 226
483 9
227 409
260 477
479 43
16 274
247 436
489 93
392 3
260 254
244 138
233 272
6 270
432 409
128 277
355 6
368 187
96 190
168 95
491 356
482 499
435 7
452 229
84 424
31 345
483 197
469 127
398 69
478 327
457 330
337 459
146 312
355 205
152 243
451 23
22 143
3 286
15 309
234 455
300 452
149 117
244 136
205 118
298 142
325 35
494 255
419 162
219 141
236 274
297 223
367 39
325 171
481 222
29 193
145 67
184 330
318 294
264 428
423 23
410 62
317 248
262 405
398 237
11 481
204 134
173 161
332 423
497 351
44 313
232 27
209 189
483 416
197 27
402 247
310 120
220 312
69 127
364 482
463 319
453 228
389 19
295 479
330 221
387 292
319 374
63 119
388 28
55 398
145 437
409 309
474 455
435 129
111 43
215 299
27 426
445 168
499 416
490 240
385 181
407 377
348 204
233 322
220 236
25 140
302 366
173 434
63 276
171 108
260 26
452 386
407 139
408 250
342 406
440 398
127 227
432 347
170 475
64 17
9 390
108 89
376 311
87 282
242 439
466 259
145 2
494 270
20 52
311 402
300 215
442 251
450 279
254 226
95 120
363 170
112 105
268 323
457 488
279 356
467 200
54 97
368 464
17 48
302 240
307 180
431 454
233 102
328 381
354 340
362 276
233 69
244 474
314 1
209 202
254 94
191 28
493 160
209 411
152 10
190 363
318 459
413 473
206 51
391 242
370 412
333 254
80 103
456 78
132 395
341 166
194 238
398 384
296 39
49 459
323 300
111 91
416 141
192 25
119 123
387 436
42 489
444 221
151 122
369 400
418 283
373 210
95 465
4 271
231 391
43 406
349 54
47 154
179 266
389 239
27 150
139 128
349 69
44 435
336 352
487 413
476 106
423 360
132 71
314 280
186 363
269 357
363 35
153 316
407 395
45 394
23 435
356 37
472 224
77 400
314 160
267 64
425 290
213 42
322 57
272 379
236 8
396 41
209 451
346 49
444 468
403 244
281 467
191 260
12 253
414 120
185 178
468 33
75 110
19 33
412 398
258 291
184 0
452 6
56 245
213 150
394 352
171 117
229 175
281 214
335 93
272 195
80 20
482 92
126 7
257 1
144 390
391 16
374 328
73 343
493 282
134 138
107 240
415 157
224 336
282 196
243 59
431 54
146 175
183 413
266 124
15 440
308 410
90 406
101 35
317 163
153 446
186 304
313 261
97 454
2 37
96 231
285 98
273 27
292 284
408 456
249 58
320 275
33 409
444 410
425 134
433 114
418 79
340 119
425 231
269 289
21 428
26 217
97 306
442 299
108 389
300 351
478 209
470 472
383 12
146 267
381 308
387 431
403 151
382 227
17 328
108 3
73 390
196 134
286 170
411 139
342 246
307 63
36 320
184 277
44 419
227 331
114 277
428 467
46 17
346 163
18 415
305 454
441 91
261 354
345 79
325 25
88 39
359 484
261 124
395 44
227 158
435 475
442 341
359 216
379 340
256 57
363 397
489 413
267 304
235 102
127 464
3 412
396 68
192 215
259 10
20 440
415 338
31 307
23 209
401 242
151 402
152 157
423 15
171 493
95 190
7 407
319 75
143 10
225 216
226 187
127 336
174 246
53 394
455 58
152 429
331 357
366 304
319 335
328 289
332 490
397 276
351 339
349 217
433 494
33 75
263 11
109 13
407 290
348 14
443 215
72 0
304 127
462 290
80 475
466 143
419 264
455 363
432 122
468 304
231 217
228 1
14 347
137 189
56 274
489 485
337 499
478 61
351 494
469 293
436 283
399 435
151 207
329 354
11 83
301 297
298 242
89 381
423 165
439 78
63 479
330 428
341 253
247 309
454 44
328 216
4 242
449 227
434 155
238 130
427 445
39 391
125 77
94 481
59 48
379 33
313 123
228 209
370 154
199 475
43 324
66 379
458 47
202 15
497 392
337 293
184 276
206 229
210 161
209 300
186 269
244 440
150 499
154 472
299 20
345 205
84 343
390 263
131 394
287 93
386 128
405 476
205 422
84 111
263 267
37 145
86 449
449 281
106 88
108 455
12 405
248 305
421 96
342 491
84 52
180 481
458 322
96 437
400 15
283 32
30 164
465 172
453 468
56 266
73 411
317 16
174 85
33 417
408 95
147 376
357 344
18 179
117 167
183 115
499 369
385 318
490 29
497 351
469 295
207 53
422 43
128 376
293 96
191 162
390 54
398 190
369 99
267 417
384 338
208 302
120 383
413 445
296 462
257 262
168 266
309 464
192 90
186 289
303 338
392 229
419 45
145 142
411 288
479 412
214 295
179 39
484 186
148 444
58 281
399 257
74 226
168 60
201 266
104 354
435 5
50 496
491 354
495 47
459 402
198 326
365 25
63 229
25 349
482 63
321 83
162 381
293 395
161 330
37 495
352 118
114 472
179 254
302 105
8 26
352 113
491 58
287 217
418 406
470 164
247 401
134 143
38 261
92 428
275 51
169 481
305 479
233 284
241 484
10 387
353 101
11 214
431 196
102 298
314 350
103 424
67 414
175 237
17 105
157 119
100 144
123 326
462 406
242 357
96 56
9 105
319 449
145 21
171 103
453 100
24 486
400 408
145 92
49 75
195 15
159 206
385 147
405 283
492 199
255 148
253 88
390 117
138 424
27 387
487 309
295 332
240 12
456 47
123 238
253 5
64 170
169 412
195 449
0 75
75 187
128 256
225 180
104 18
405 363
172 132
316 245
109 320
367 57
295 65
422 342
364 48
460 486
287 386
461 156
195 288
396 388
68 323
193 121
336 172
156 451
196 360
180 473
30 305
222 400
94 177
225 496
483 311
197 37
45 122
262 10
398 241
416 158
131 466
490 110
61 467
328 147
120 109
266 360
112 2
31 488
484 207
370 108
145 319
294 67
77 191
284 56
67 475
441 52
14 198
18 431
430 75
36 198
410 402
256 302
142 23
82 287
395 479
150 452
371 41
84 444
1 448
275 220
272 68
118 68
499 287
214 136
186 282
184 103
405 97
472 441
228 400
379 406
210 476
17 29
326 81
29 453
25 327
247 156
224 149
436 365
354 75
357 3
106 392
341 394
335 363
263 313
71 415
391 494
376 281
362 260
65 202
381 243
399 90
240 480
197 123
51 28
383 403
296 408
302 341
205 489
303 489
405 320
315 226
8 148
261 43
97 370
466 326
417 330
310 365
341 9
37 7
411 392
152 421
262 59
48 307
296 319
492 203
430 53
54 307
202 438
160 315
141 299
129 126
344 410
271 291
150 37
281 309
82 413
472 285
92 196
368 373
76 241
146 360
19 358
148 200
367 221
372 161
287 361
271 353
144 483
372 43
204 294
208 5
291 138
186 32
405 383
476 54
414 334
44 123
175 433
6 193
354 43
404 378
83 493
329 27
70 79
374 201
207 126
116 434
318 350
233 303
357 224
410 62
185 124
409 454
499 360
255 416
146 353
199 159
187 230
309 28
81 109
236 35
321 288
138 204
7 140
216 224
138 365
341 126
432 323
35 250
166 432
137 291
302 165
247 336
216 489
451 408
444 298
438 39
243 117
257 77
153 251
468 325
451 291
466 309
59 236
20 353
496 78
243 9
346 299
288 490
250 62
212 91
130 46
164 151
228 374
125 421
247 233
376 445
254 50
138 342
47 313
243 158
20 44
343 486
328 366
280 483
75 431
477 493
144 205
431 141
415 224
309 56
1 14
416 185
379 107
273 55
65 278
322 16
355 85
303 165
1 35
466 436
429 76
133 444
85 425
1 65
473 0
366 310
347 327
434 283
190 78
356 207
224 255
193 31
196 431
466 348
284 197
125 433
377 65
490 259
176 314
315 343
5 149
476 33
316 352
282 411
470 6
114 491
22 46
477 159
7 70
268 444
229 292
357 245
356 106
420 200
395 32
182 87
121 401
105 10
273 437
296 388
231 244
290 262
421 253
323 120
416 428
72 443
41 145
251 282
334 397
430 23
111 229
130 464
474 84
373 236
476 248
492 169
431 207
312 134
106 352
133 487
283 22
167 205
487 324
221 270
294 321
51 151
115 257
341 33
121 90
190 214
236 97
156 182
168 19
224 320
308 275
149 357
414 91
415 317
87 402
75 136
140 233
490 478
12 107
197 183
250 133
83 239
273 486
357 91
412 442
69 81
290 220
311 218
387 205
107 78
66 327
412 34
13 206
314 403
438 377
362 363
103 188
26 297
389 376
170 236
317 301
21 91
162 108
313 184
262 401
228 272
306 180
387 141
396 171
400 53
416 186
227 263
60 371
100 253
341 449
102 122
214 159
119 123
159 376
129 432
56 273
454 358
351 214
386 193
246 99
285 138
401 14
386 12
118 314
115 338
460 459
470 218
193 26
254 89
373 205
478 384
242 429
144 432
125 445
44 382
20 223
238 329
194 274
440 476
314 164
123 407
125 126
153 94
35 171
376 259
143 409
190 206
491 237
182 334
68 468
192 226
408 441
67 282
258 454
118 7
266 424
50 93
187 392
415 55
315 75
484 143
349 458
48 174
361 340
309 230
309 281
222 353
135 69
23 141
0 393
169 493
86 267
11 219
127 126
201 426
69 294
252 185
211 270
111 300
383 72
206 272
477 192
113 428
422 112
357 488
481 422
41 26
97 67
45 52
330 76
370 246
283 399
22 475
127 495
419 485
109 10
54 125
406 86
50 167
155 328
102 259
285 488
56 144
196 234
163 101
200 27
278 33
8 483
330 300
137 136
498 250
227 246
332 405
72 133
313 382
141 80
68 268
412 278
365 476
430 460
339 28
61 482
465 118
270 422
410 148
398 408
6 260
165 477
463 339
73 90
170 276
44 67
197 90
419 308
269 62
90 201
183 460
430 4
278 0
148 53
461 188
300 398
228 467
158 466
56 191
319 232
151 78
168 216
24 348
411 439
492 145
106 353
209 27
28 36
89 487
27 28
279 402
222 328
146 7
50 232
316 202
280 369
85 467
316 300
92 462
107 227
432 84
112 65
454 142
481 492
372 395
150 361
41 3
10 224
456 187
389 60
282 273
240 21
321 219
181 408
487 413
350 141
58 420
414 314
306 12
260 247
108 30
34 410
134 149
336 44
457 442
215 77
98 91
310 308
216 272
37 492
485 204
124 387
201 43
56 390
137 359
390 168
78 246
247 424
320 64
6 84
13 129
220 74
382 112
236 383
375 98
302 273
13 360
255 278
168 66
278 163
331 306
404 168
444 261
325 151
235 116
98 184
258 101
65 170
53 140
238 301
426 428
140 393
171 439
358 396
411 192
498 136
156 243
4 254
405 100
68 330
366 141
94 166
337 124
264 159
460 390
171 354
99 386
178 163
411 123
315 36
24 323
66 165
419 180
280 422
104 324
317 200
367 470
94 411
70 204
446 210
417 382
121 117
281 16
139 151
39 44
367 306
471 63
243 285
208 242
419 375
75 312
283 236
0 442
498 229
440 422
157 445
62 209
77 278
281 195
240 217
375 320
383 459
245 199
441 478
353 453
117 360
449 280
223 400
482 301
223 73
18 274
483 380
10 433
128 60
129 291
463 220
180 357
56 346
176 277
82 349
62 29
310 199
452 11
164 385
310 434
60 387
120 329
262 43
455 482
126 242
315 437
294 89
436 495
124 350
199 112
494 206
257 261
124 156
393 209
495 288
28 203
32 55
450 0
482 146
241 258
195 108
198 56
51 489
339 486
450 27
233 390
4 296
304 342
404 128
269 197
253 399
307 297
297 137
284 109
367 131
240 377
433 62
403 290
128 336
363 242
485 430
227 448
290 489
117 31
81 194
446 386
35 334
323 105
214 184
316 459
336 434
348 408
198 269
105 252
346 178
108 468
268 331
320 187
71 59
105 290
28 152
338 403
8 64
248 161
473 75
361 416
324 309
79 209
313 374
52 184
5 12
343 161
348 125
184 16
306 271
423 142
45 334
250 113
127 406
481 351
267 100
409 342
403 92
318 340
377 69
81 371
384 234
359 276
292 84
356 396
38 450
137 131
245 435
341 387
90 224
324 322
16 210
302 85
426 272
341 472
343 303
37 274
50 227
312 396
292 343
145 20
151 182
118 282
22 396
120 459
134 112
322 296
382 2
274 476
301 160
315 467
241 144
224 204
100 144
339 388
408 245
279 484
267 59
308 397
209 141
105 280
429 343
197 280
108 163
323 472
291 409
54 138
342 385
29 130
18 294
391 368
352 426
337 171
420 471
464 497
278 129
324 70
350 59
222 22
346 458
220 45
35 137
374 274
404 229
23 403
123 274
52 267
290 328
151 389
239 210