1000
450 476
56 490
49 410
127 296
161 132
216 412
93 499
142 65
427 222
62 357
355 349
428 150
39 251
261 255
444 215
43 61
51 394
304 99
248 100
85 431
195 261
112 301
366 289
363 254
463 146
495 425
427 318
421 275
382 467
34 182
96 326
72 78
29 147
100 228
12 129
243 37
338 207
348 355
110 57
203 212
489 73
244 50
177 417
384 165
200 60
238 270
200 296
295 311
39 82
211 395
432 403
111 306
162 123
180 459
171 124
49 235
137 161
430 293
311 314
226 166
436 11
307 465
128 489
71 102
350 19
423 134
441 134
257 34
493 455
79 289
24 17
30 128
274 161
328 460
126 85
448 54
371 414
403 255
209 499
19 326
313 59
194 442
476 106
61 303
93 321
338 492
472 469
483 220
32 246
183 311
217 158
425 131
238 89
88 180
7 448
359 107
49 320
278 405
209 377
199 339
331 154
123 389
462 303
402 106
417 494
153 437
69 487
76 430
110 159
459 164
124 469
289 319
76 173
403 419
258 285
439 102
343 441
97 415
21 305
300 351
288 291
278 305
235 209
369 354
370 197
167 328
499 494
20 308
228 76
213 423
377 486
280 5
420 72
378 377
228 441
232 30
335 16
78 362
216 422
119 447
127 87
433 138
447 127
55 453
376 175
13 268
273 105
178 293
22 193
135 408
438 250
119 219
434 125
399 197
496 150
89 370
9 123
102 23
476 456
131 157
426 205
310 496
290 199
245 340
248 312
415 380
451 38
163 386
435 385
388 62
285 283
406 477
352 294
250 9
166 181
386 233
229 444
144 48
241 371
36 389
121 489
28 451
189 424
162 43
458 124
407 50
379 243
37 165
26 84
265 139
224 45
489 3
403 305
177 485
374 144
486 213
16 347
124 366
409 205
181 286
188 367
462 440
105 419
3 499
490 132
177 120
123 214
20 166
4 27
23 49
262 378
78 9
375 278
483 54
340 285
4 16
456 380
299 467
318 61
45 155
275 309
375 74
93 251
278 247
296 97
327 153
163 58
336 405
459 38
175 171
39 151
31 180
499 495
409 183
338 169
478 454
381 465
216 206
453 474
71 346
0 250
308 398
156 15
53 497
20 467
471 81
113 60
407 354
37 112
281 316
271 227
193 112
318 152
478 261
460 123
373 49
299 460
475 34
383 307
275 380
461 403
315 98
452 74
38 223
39 490
69 172
284 162
166 262
376 454
77 144
45 336
148 303
337 197
4 475
355 220
475 131
229 169
95 291
366 182
24 134
306 405
420 93
208 442
396 438
83 84
272 325
480 480
29 272
247 317
389 386
17 454
475 217
360 99
133 71
205 226
483 9
102 363
157 255
194 162
98 53
230 129
109 370
142 63
380 139
25 241
196 122
339 394
345 171
94 51
277 478
339 151
14 112
368 442
104 171
76 62
191 203
425 159
222 152
143 420
161 454
428 20
415 209
233 119
170 112
443 327
479 447
412 282
224 345
17 280
342 181
236 445
456 385
37 13
433 178
485 181
53 447
156 413
33 468
81 241
69 203
3 24
158 48
393 415
195 383
416 262
60 389
274 4
17 16
195 163
196 303
250 180
445 250
70 258
0 478
182 3
379 69
469 185
100 38
273 214
477 147
36 41
45 37
53 162
177 62
217 100
132 374
476 319
78 78
56 398
402 430
351 90
275 281
171 320
386 227
226 444
485 363
252 262
276 382
445 158
110 454
180 14
334 243
321 8
406 412
194 229
320 308
442 45
217 447
27 113
410 103
319 253
368 247
130 423
81 144
450 427
441 192
287 482
490 275
39 460
189 397
57 85
130 9
309 499
465 347
303 336
89 227
474 122
45 309
454 104
383 479
23 256
239 325
452 162
122 229
126 344
429 311
173 36
35 412
259 482
318 352
79 414
36 259
69 54
10 434
265 375
483 394
71 140
302 222
304 23
219 424
235 282
318 149
61 408
242 354
206 172
87 60
172 286
192 475
261 93
320 202
448 26
166 303
378 19
395 468
244 182
464 466
467 480
240 283
489 380
53 483
395 195
333 492
319 419
12 377
80 81
459 184
488 380
252 478
298 218
400 147
113 43
375 364
499 81
313 115
450 488
36 366
210 346
265 369
247 382
315 130
314 179
411 274
104 154
372 163
310 403
298 124
341 276
209 173
288 340
181 22
241 239
437 217
86 303
185 54
184 185
216 0
127 351
357 128
291 231
486 82
206 454
82 284
457 399
240 143
17 98
189 421
490 258
414 478
32 76
114 451
452 217
420 330
310 431
162 277
359 454
408 1
285 418
317 342
485 95
193 409
182 2
113 234
212 172
101 27
478 244
313 215
397 282
213 233
11 208
162 228
229 222
140 422
264 366
461 310
219 101
103 6
240 402
74 68
447 304
49 175
242 278
412 214
448 140
200 126
206 311
385 362
136 287
153 26
336 252
353 467
473 407
309 308
377 66
222 236
263 324
454 123
338 358
498 367
345 138
301 50
412 51
190 186
64 400
152 195
162 252
160 5
313 488
406 321
409 42
219 128
104 25
383 173
40 442
432 233
283 237
288 85
271 47
447 330
26 188
440 99
104 40
28 452
126 269
312 286
267 35
60 31
56 371
165 295
28 449
186 449
34 163
210 327
157 157
345 157
256 183
76 138
90 212
334 104
243 216
104 146
29 10
381 16
312 85
34 398
347 192
356 73
400 381
38 66
76 57
93 236
374 184
397 169
125 316
385 231
229 368
230 489
357 258
195 463
361 21
214 82
155 60
293 422
488 55
464 184
420 416
101 409
430 294
462 498
81 56
276 347
188 162
272 7
470 46
67 467
401 184
244 133
55 56
463 38
222 396
312 428
189 142
288 413
263 120
176 102
450 196
358 304
311 490
388 482
450 134
318 308
441 203
260 414
452 349
97 75
355 26
20 409
175 45
165 160
263 290
487 193
497 213
55 197
180 161
147 444
252 482
185 317
231 193
394 297
225 184
62 491
253 80
125 83
243 428
70 142
187 6
71 57
107 37
198 127
71 139
473 197
14 175
368 158
308 245
281 115
106 33
113 344
279 359
139 91
85 22
381 210
119 273
310 452
431 78
217 360
409 2
177 190
201 423
20 398
365 361
394 302
498 471
183 359
302 129
151 322
384 240
13 32
337 356
434 175
387 268
123 4
194 296
71 152
402 247
108 91
245 267
239 354
214 95
224 274
448 368
108 228
260 333
189 473
148 449
218 475
479 387
183 193
345 26
273 106
198 248
15 234
88 295
391 106
380 154
23 115
343 181
14 131
105 456
405 55
30 105
493 475
168 362
388 28
135 366
114 161
395 185
480 129
88 484
138 371
339 320
1 13
497 34
490 367
422 454
59 248
75 305
167 404
285 244
110 55
68 272
457 76
57 464
300 289
13 145
466 290
156 352
386 467
187 153
107 229
477 109
266 166
423 404
148 285
340 208
332 110
186 261
77 289
430 244
241 229
19 443
295 59
379 175
180 34
115 66
27 287
306 92
496 294
79 229
289 497
459 272
385 121
262 498
242 462
191 192
136 335
395 62
90 283
169 274
192 270
58 284
228 219
13 364
445 77
426 445
69 234
207 385
383 454
268 469
13 477
165 459
373 1
137 60
186 315
86 306
443 378
97 496
212 171
100 463
408 157
243 26
412 329
283 450
271 147
477 51
362 284
138 142
202 235
51 275
433 240
118 489
337 376
400 67
30 49
58 0
379 290
119 153
103 143
290 402
305 226
362 267
261 19
255 0
275 463
55 158
499 209
437 173
241 336
237 337
190 123
414 295
448 69
212 33
288 403
481 354
474 445
465 343
344 235
51 72
82 471
32 106
132 81
269 322
159 225
348 6
301 201
270 114
0 101
4 334
189 288
85 337
180 15
250 50
474 376
200 301
260 56
489 84
406 392
117 258
264 418
119 317
432 417
370 242
76 432
72 226
63 117
132 157
60 244
472 235
36 34
443 172
257 148
40 432
43 163
81 157
327 307
77 53
295 259
191 447
174 223
341 263
272 237
333 325
60 332
219 306
330 449
97 14
446 87
103 490
499 489
149 36
89 326
85 78
25 236
460 276
391 51
141 153
478 164
348 474
132 391
192 419
433 463
402 141
131 232
73 5
42 131
309 222
152 483
220 395
23 178
81 180
333 267
283 222
49 163
406 131
403 181
496 98
240 188
420 399
404 371
354 494
68 298
282 164
411 221
251 2
34 434
53 332
407 367
382 336
320 308
489 289
239 223
411 338
237 479
203 332
178 493
292 409
425 246
319 74
428 336
123 70
255 462
181 176
13 14
322 415
204 333
408 163
1 296
275 319
3 238
84 330
92 181
280 376
302 17
206 99
22 82
44 329
357 129
143 77
492 222
407 465
128 49
345 315
487 482
72 472
155 490
24 156
384 247
116 156
107 186
268 322
3 129
110 164
241 213
435 253
218 86
487 343
158 199
181 332
156 145
488 253
410 311
410 364
20 294
333 379
53 127
109 453
118 57
270 219
325 211
149 57
400 43