1200
318 251
218 467
407 373
183 9
233 360
304 240
416 227
414 494
74 95
288 10
13 65
290 476
357 439
158 416
477 255
7 138
105 295
20 225
86 364
225 55
295 171
399 381
227 64
159 165
27 153
218 299
276 41
332 360
276 133
388 343
333 106
253 247
324 438
155 274
181 263
434 232
113 329
393 185
350 192
345 404
203 378
419 415
275 479
464 103
446 404
10 205
452 279
70 263
389 277
40 225
457 423
252 326
364 422
114 497
401 214
444 311
226 456
288 215
319 1
405 252
457 265
397 267
383 262
39 467
44 124
47 431
109 353
127 299
296 473
188 241
52 49
6 132
348 130
131 294
398 19
136 389
8 208
470 33
352 391
16 361
144 248
453 415
215 253
227 80
173 363
265 267
251 77
207 123
417 451
470 339
80 167
375 107
492 440
332 197
58 197
445 200
115 202
456 399
331 182
398 35
302 5
82 163
286 53
5 290
481 55
222 327
434 413
353 450
147 279
476 37
237 206
408 421
172 205
387 216
251 4
361 285
300 405
459 443
85 86
141 316
495 66
331 216
166 282
61 185
222 313
371 37
310 312
17 132
200 335
339 256
394 452
357 52
495 194
281 168
336 81
499 274
490 332
114 331
16 156
322 175
64 90
402 45
177 226
61 419
28 378
182 252
304 422
116 391
60 300
233 397
172 248
432 84
415 14
171 46
73 283
226 345
390 489
216 128
400 68
298 277
30 428
350 480
371 186
338 466
216 283
384 71
8 240
254 316
363 275
411 277
122 288
278 137
265 13
433 494
123 165
445 83
63 5
192 295
114 286
422 382
454 330
422 306
122 314
89 176
454 337
478 0
137 428
293 256
102 255
272 226
309 77
83 218
365 224
363 127
9 479
161 285
443 315
129 435
112 417
255 71
71 418
198 85
341 61
316 492
218 295
372 88
158 380
456 307
434 24
355 319
104 296
111 369
304 47
465 93
164 268
186 72
9 235
296 385
229 350
497 464
405 447
179 369
29 63
439 136
307 463
259 147
16 412
311 223
316 172
441 128
52 480
215 479
216 61
263 364
180 445
245 112
482 85
1 424
412 363
326 440
87 220
484 438
161 455
128 147
128 477
309 69
48 32
94 376
240 265
62 209
322 273
358 307
232 156
19 359
152 496
68 197
135 91
47 52
52 148
477 27
96 180
212 286
163 496
113 158
220 255
28 176
483 394
50 239
98 67
64 421
470 102
194 132
37 458
106 93
120 89
121 436
222 216
64 185
344 237
345 30
206 416
310 225
464 41
109 212
485 415
17 25
9 455
413 63
156 46
487 372
308 276
344 460
146 382
472 409
439 342
258 317
42 497
390 420
132 359
126 351
376 117
72 495
59 238
136 338
62 215
492 124
436 222
104 188
97 82
276 428
245 388
237 386
306 140
351 128
479 438
407 477
472 208
446 332
170 31
99 82
58 84
306 91
131 495
429 410
339 81
321 206
92 436
428 59
39 251
189 279
256 370
430 97
429 229
112 376
311 451
35 211
154 369
216 341
103 286
367 146
204 294
83 188
99 148
399 11
291 138
361 441
390 47
128 291
20 171
474 241
452 331
52 9
202 107
393 269
267 157
304 112
300 323
323 387
250 400
390 223
16 41
441 103
395 406
429 69
162 267
98 403
264 115
74 2
271 318
327 319
431 390
213 131
370 231
483 37
112 121
162 226
329 480
386 455
25 76
195 167
70 187
154 293
296 334
4 228
399 419
310 331
463 330
414 375
264 333
306 249
475 376
208 469
424 157
85 94
113 301
341 281
426 183
369 495
76 222
494 225
57 475
158 156
31 372
205 72
321 296
24 12
333 149
306 233
179 109
263 391
24 145
328 104
451 451
173 50
275 379
355 19
175 332
204 365
437 59
355 262
126 258
407 231
316 311
420 65
309 348
493 183
139 333
284 173
223 91
470 310
329 351
35 177
42 5
64 92
206 331
442 271
354 332
495 201
267 171
371 267
303 76
261 364
37 442
385 46
356 113
464 208
385 37
394 351
443 280
463 458
81 149
333 405
107 288
311 328
448 226
154 182
46 251
193 415
313 435
400 79
139 169
59 216
68 24
156 453
264 363
365 120
377 345
485 198
379 336
62 296
478 327
78 216
484 376
164 123
54 297
319 64
281 193
70 378
331 201
64 78
50 95
293 429
480 428
264 278
427 211
38 179
247 405
134 468
443 231
381 298
362 498
43 200
430 495
48 113
192 113
61 113
394 242
22 354
484 226
437 287
466 411
169 327
147 213
297 303
101 91
89 178
230 315
163 132
98 160
273 211
176 290
384 334
40 71
149 407
46 377
140 87
266 12
77 161
464 414
5 226
404 417
85 446
430 486
146 248
459 28
170 272
458 136
59 55
462 351
228 208
147 360
224 220
382 266
180 301
380 346
116 185
483 284
271 201
449 413
442 269
41 260
248 112
167 352
203 307
368 481
193 431
151 367
133 417
219 33
232 313
350 99
235 200
401 333
247 358
480 202
462 41
153 21
225 211
370 173
6 428
211 238
458 200
117 363
248 91
257 188
139 332
32 107
293 227
85 285
487 40
81 65
439 450
13 86
259 164
445 383
474 118
318 156
371 432
375 287
328 472
156 132
92 467
46 189
326 385
277 132
49 314
116 210
296 340
357 129
364 408
26 154
310 190
122 196
335 182
6 350
334 163
131 162
203 426
163 29
13 30
196 440
2 63
255 312
293 299
59 464
118 157
348 437
485 429
463 322
24 320
484 321
483 359
137 467
496 39
69 301
93 10
425 265
429 96
247 32
497 222
231 306
95 115
396 431
106 80
400 211
384 130
341 236
203 368
259 479
132 52
62 328
445 225
173 339
371 374
448 420
78 368
336 179
463 173
105 84
148 69
51 6
242 32
252 393
224 298
350 11
191 356
433 264
455 488
214 107
379 326
47 162
194 458
483 235
171 9
78 89
447 319
204 129
374 189
339 456
320 450
306 41
157 363
352 240
347 112
439 66
81 78
36 338
425 127
136 372
461 96
268 66
47 408
449 472
280 422
372 289
182 452
316 31
271 340
452 20
86 470
48 243
81 19
498 437
309 6
455 134
200 122
30 223
47 248
22 331
472 327
132 246
277 155
495 448
468 400
222 299
43 406
278 123
412 476
335 276
263 73
195 290
365 315
415 225
56 412
91 437
36 381
36 223
171 165
418 383
182 491
250 140
115 77
406 28
156 379
452 241
383 419
235 147
372 100
12 150
440 281
14 455
179 476
493 50
433 202
194 411
52 467
397 296
324 19
399 303
396 480
252 351
499 131
231 339
489 223
356 95
50 281
109 370
272 229
432 103
14 57
377 478
274 418
438 274
429 450
282 189
392 325
456 386
225 243
319 39
134 67
348 27
398 184
266 458
61 22
80 50
28 427
346 309
83 154
456 136
177 12
337 238
125 69
165 145
184 202
269 484
11 170
354 118
428 261
284 120
22 341
268 216
25 50
56 466
454 460
472 12
103 131
53 161
158 80
282 218
202 194
364 52
22 213
327 70
43 450
291 111
179 65
116 411
378 204
164 24
389 184
316 488
1 492
424 369
439 159
205 206
110 141
206 69
139 132
434 33
496 182
248 77
489 175
231 216
92 219
403 247
87 481
325 71
292 88
99 249
456 231
372 304
373 418
51 431
316 365
47 337
415 313
340 147
215 256
327 72
319 308
289 230
154 259
347 115
216 446
178 299
103 172
443 402
185 329
194 346
183 2
167 93
93 450
206 7
79 308
116 33
116 251
10 258
225 122
68 209
8 441
466 98
353 464
293 409
255 38
40 487
432 290
241 207
67 25
334 447
333 146
249 302
412 301
423 111
321 137
79 491
442 181
145 397
306 295
333 438
277 413
203 226
285 210
87 296
96 352
351 421
76 429
230 100
212 488
478 5
496 385
66 57
306 438
233 212
2 464
229 419
145 280
342 432
81 282
135 429
203 177
106 486
438 279
119 188
193 150
387 97
6 41
332 454
18 312
128 417
336 20
300 357
142 333
116 494
424 223
400 103
89 479
258 358
398 27
30 229
179 443
484 417
223 185
350 168
86 241
114 478
188 274
108 266
261 330
53 76
179 185
164 305
15 120
147 274
355 413
356 29
299 34
72 192
361 22
116 274
104 299
73 230
496 292
122 181
257 257
294 27
332 288
408 310
436 347
112 408
437 292
178 320
13 236
111 250
24 226
25 79
309 129
421 98
132 157
267 396
423 241
30 61
224 256
455 438
346 160
304 68
388 136
224 483
233 253
331 335
414 110
91 356
307 75
233 12
408 439
180 0
413 332
440 62
1 489
150 395
315 347
335 454
437 56
161 60
247 23
485 493
201 14
89 76
440 360
299 174
26 349
33 332
246 292
281 325
72 247
447 431
238 240
296 282
342 27
402 457
302 442
456 387
463 4
364 45
72 404
105 16
200 98
242 490
167 446
194 24
307 239
479 493
127 45
425 127
85 322
264 327
215 387
243 220
117 30
286 108
476 189
140 243
233 176
122 382
406 400
492 168
13 214
111 323
451 141
463 36
364 388
127 227
447 431
313 371
331 64
106 100
343 307
335 246
128 429
181 309
478 387
453 173
497 343
484 416
453 300
188 447
174 169
452 315
38 473
390 265
217 369
28 496
94 61
342 363
173 74
461 23
49 3
346 266
183 46
198 183
130 488
9 238
53 157
482 313
78 444
165 372
220 296
209 194
409 314
389 51
74 434
289 202
469 123
21 136
171 4
344 71
309 301
310 353
166 215
159 293
17 96
244 176
370 238
52 453
356 132
418 293
496 431
406 208
196 465
321 280
351 367
20 165
18 161
228 331
476 36
132 387
63 493
231 229
182 286
270 136
429 39
322 188
248 425
242 80
360 444
311 63
80 64
77 332
15 450
486 305
44 491
336 471
200 459
97 420
56 234
273 367
408 337
115 447
28 156
101 209
273 240
156 264
448 353
156 233
38 463
306 142
465 434
394 143
63 17
252 491
359 471
160 377
325 119
275 275
485 205
297 228
493 110
315 454
39 293
109 471
466 430
364 415
410 431
449 258
250 325
148 201
430 461
80 309
84 255
312 207
436 421
31 462
268 281
74 199
170 307
237 183
99 136
420 102
212 361
187 369
422 462
275 335
496 352
460 207
415 81
354 124
86 203
484 238
437 354
162 58
242 107
96 251
353 193
54 16
237 66
380 93
281 159
363 8
215 277
210 323
300 482
185 65
303 386
93 21
80 240
199 255
6 174
219 147
15 212
278 273
219 252
263 10
18 0
277 479
154 86
420 340
405 454
341 458
479 208
300 434
41 411
437 351
499 399
111 156
282 14
119 241
252 1
353 234
213 122
60 482
322 368
322 481
439 227
287 15
449 270
182 439
291 342
242 119
128 142
8 353
95 410