100
487 48
394 334
258 82
419 363
60 407
425 469
173 370
49 315
158 96
191 188
145 476
167 483
385 304
268 130
404 363
411 40
374 392
474 158
21 132
39 245
66 433
156 317
132 240
336 205
246 290
118 27
362 391
47 138
268 248
111 168
208 25
417 374
32 82
67 243
488 406
191 106
423 406
146 347
53 408
50 482
362 299
42 21
159 224
324 441
109 279
304 435
162 317
400 221
316 46
452 467
425 156
63 144
343 201
109 209
44 248
47 159
180 258
334 441
383 191
471 159
446 492
310 275
349 460
7 62
381 17
174 311
307 306
7 89
150 151
399 468
480 46
304 299
92 12
204 491
2 475
320 175
302 300
261 482
396 151
169 120
431 277
435 195
136 91
242 295
115 286
333 493
144 95
108 489
480 89
416 312
339 334
135 236
70 141
145 396
16 466
95 166
213 299
390 383
178 349
135 484