1100
94 136
320 411
408 275
381 477
140 396
260 143
289 403
282 132
112 122
76 335
244 73
144 46
109 366
424 469
365 259
247 176
87 459
87 68
45 496
244 320
463 37
440 357
489 252
227 222
410 101
26 155
201 154
21 171
140 162
273 297
473 5
317 21
89 413
409 256
76 486
23 5
362 39
291 464
38 204
157 370
25 448
455 184
355 226
241 328
125 347
353 14
35 450
363 22
278 476
462 272
130 354
245 486
302 492
196 36
259 340
141 354
38 284
363 448
276 245
92 104
470 253
203 297
319 358
334 67
191 449
303 297
135 321
166 48
437 437
129 214
68 196
332 122
70 458
55 195
299 346
99 148
445 270
128 155
222 117
66 314
463 265
87 222
270 98
387 105
319 59
107 369
491 388
198 440
135 62
260 254
254 287
409 212
367 199
168 389
203 441
206 235
457 167
117 145
250 79
491 5
226 70
310 450
390 217
131 360
466 378
165 392
456 220
272 74
463 175
116 440
27 18
185 174
172 336
268 303
160 422
344 111
61 386
103 6
219 452
182 87
331 185
258 347
273 287
462 30
322 88
106 430
456 350
38 292
447 128
51 158
269 107
345 247
254 331
135 448
35 473
10 317
16 366
5 268
298 289
229 319
249 473
175 335
479 206
334 213
372 278
385 237
485 141
324 230
31 91
416 459
276 418
137 278
47 292
433 494
314 197
170 162
498 63
121 197
263 329
108 308
397 135
128 345
428 234
325 305
264 311
229 93
372 393
185 218
213 271
468 119
133 27
442 491
40 483
313 416
224 303
290 273
470 121
356 271
76 398
209 33
479 340
233 291
361 203
474 271
242 74
453 294
137 375
211 248
164 178
481 376
149 240
213 272
395 119
370 69
455 471
163 431
74 286
489 249
20 436
10 463
109 114
341 316
64 247
425 52
428 228
320 258
382 429
49 33
455 277
248 271
202 410
196 412
13 277
213 185
0 33
499 75
243 109
356 340
245 307
387 133
392 25
455 207
241 126
404 356
127 196
458 4
268 181
458 6
191 281
166 23
451 43
4 165
358 46
354 361
346 103
128 93
301 90
217 435
291 394
90 121
125 418
452 48
54 246
27 262
286 97
492 194
359 89
135 496
209 69
24 341
435 56
146 153
440 88
482 215
336 232
2 72
472 314
60 454
217 378
327 439
133 355
444 171
167 345
414 431
125 377
285 439
444 60
148 283
499 384
468 130
54 187
353 471
425 378
108 265
205 142
497 287
458 338
183 293
77 125
354 450
241 202
262 491
275 185
421 262
244 126
313 390
361 150
28 167
284 138
281 488
275 489
328 130
424 233
210 363
165 1
203 417
260 406
443 317
431 387
13 217
107 175
325 179
198 320
310 205
45 482
472 91
74 320
405 152
15 498
351 467
384 33
439 406
75 497
384 383
100 6
33 398
77 59
231 358
415 127
109 41
485 460
132 81
233 59
409 37
4 101
134 260
18 241
238 425
308 93
99 474
372 260
171 132
342 301
428 402
296 109
421 390
471 281
340 53
442 57
10 249
361 298
39 496
421 379
472 129
456 82
342 423
407 180
482 14
268 101
210 262
152 64
345 483
36 476
385 37
138 330
128 247
243 499
378 20
1 164
246 202
477 457
138 441
307 384
485 120
234 75
492 47
30 239
67 189
227 418
248 304
51 365
217 377
249 294
310 447
2 250
208 409
350 479
364 346
318 9
436 201
101 404
143 428
118 483
254 62
366 197
414 2
231 417
63 483
431 480
83 374
283 433
412 291
137 485
346 128
182 307
211 282
63 135
118 207
269 33
230 372
227 488
257 496
480 310
143 321
47 263
196 226
369 182
19 460
441 358
165 365
147 475
110 376
435 62
95 80
453 205
45 177
174 32
194 154
475 6
269 337
415 374
56 317
277 284
142 75
440 70
45 307
36 440
354 155
236 471
28 450
127 41
425 425
80 153
159 119
309 55
282 280
97 224
361 338
266 375
297 3
163 58
350 343
498 51
22 205
155 86
479 403
328 134
288 404
24 408
316 299
80 333
409 98
288 177
404 270
126 406
465 202
45 141
192 315
372 395
482 66
469 379
14 313
218 298
58 154
453 94
279 226
176 33
63 188
311 465
371 467
21 437
78 188
356 418
314 122
188 228
108 148
461 158
308 474
128 31
125 218
445 81
467 404
93 121
438 30
349 256
45 162
350 223
141 475
97 58
287 307
455 285
295 247
221 269
300 103
322 349
282 426
182 119
240 249
131 127
383 31
193 333
56 428
403 395
306 197
5 0
138 445
192 312
433 433
389 265
466 234
12 211
330 248
350 46
174 422
305 333
166 57
338 498
246 222
272 93
94 52
497 129
293 84
17 41
158 227
313 406
469 124
372 325
371 151
426 74
408 397
307 231
82 426
1 145
238 328
232 273
254 184
268 81
474 47
274 138
396 132
256 87
264 366
17 480
407 488
385 295
27 167
93 44
189 109
289 94
367 280
464 373
306 473
21 85
223 280
264 147
235 471
337 372
204 351
191 207
2 111
278 429
473 381
342 372
318 163
295 131
356 186
11 259
196 162
294 32
180 271
243 58
282 267
470 432
139 487
450 162
443 494
375 229
453 416
431 218
201 271
309 226
338 410
72 321
205 34
158 219
129 237
4 401
333 412
399 327
341 325
319 349
430 284
52 46
116 235
359 484
62 170
80 20
341 400
287 4
223 399
136 445
198 353
117 493
320 31
356 16
217 13
297 27
426 0
235 349
185 42
64 446
467 248
0 496
1 160
59 287
84 76
281 48
41 282
314 398
266 213
226 22
402 484
336 375
76 328
222 71
18 262
362 139
135 337
497 362
2 136
65 409
457 86
369 346
97 350
63 35
409 363
199 141
368 311
491 35
459 296
410 214
205 477
166 272
487 340
477 163
424 489
427 394
240 381
231 296
331 189
53 146
139 241
404 252
288 359
156 396
462 99
428 66
191 167
359 94
109 30
19 336
82 34
267 446
95 175
364 499
497 278
371 417
22 489
200 276
24 162
261 356
275 338
357 189
135 318
348 216
405 244
278 219
17 487
162 46
397 464
243 379
148 246
87 114
242 170
184 288
496 118
308 297
338 123
293 165
382 473
218 141
212 139
126 348
394 230
46 141
20 143
242 289
256 168
191 329
117 350
321 227
25 466
89 129
295 215
189 383
376 29
168 407
107 89
171 146
287 2
497 217
359 159
180 239
421 115
317 223
450 390
356 138
268 327
43 298
181 415
444 232
491 409
350 464
110 98
452 373
91 250
261 302
393 302
269 441
164 314
205 86
225 467
146 413
211 345
260 41
273 244
154 56
20 116
67 4
378 482
84 371
173 321
123 346
287 67
381 392
330 304
123 438
352 407
252 269
163 63
308 364
420 436
405 462
318 292
127 324
195 196
369 211
57 369
436 492
236 197
353 169
108 419
326 476
97 312
375 79
295 112
401 35
349 68
212 306
130 168
216 339
403 325
194 86
430 460
9 482
4 19
438 362
190 464
276 264
195 140
252 151
39 343
411 153
311 388
408 123
315 441
119 125
63 218
30 165
0 345
364 40
254 4
468 302
419 445
437 244
247 466
309 189
195 138
27 72
48 6
300 435
412 363
433 419
436 475
321 315
355 436
440 185
340 110
407 260
356 111
429 344
385 104
242 239
163 80
439 121
57 211
426 239
10 469
297 211
27 446
383 118
155 382
344 175
288 347
310 103
447 144
100 240
331 185
117 195
316 494
58 56
295 225
47 484
48 305
104 344
314 75
309 487
14 321
169 6
109 302
299 331
71 409
94 399
94 254
249 63
120 411
488 307
143 415
73 35
231 191
118 177
16 45
367 428
286 382
37 388
71 395
156 336
235 143
397 102
166 330
93 498
157 286
53 81
469 153
196 478
7 200
98 315
95 23
258 317
57 381
128 295
131 128
271 285
239 218
400 21
371 405
43 493
427 29
182 97
75 248
448 378
45 83
458 398
215 140
373 68
363 272
401 354
139 346
65 24
397 230
136 317
163 269
298 179
128 90
190 332
210 204
139 138
389 108
100 449
370 104
229 474
328 233
432 130
6 319
49 349
166 404
173 37
217 329
271 323
155 345
401 461
452 217
325 392
194 341
297 426
252 64
149 26
8 432
251 81
430 15
419 152
190 449
130 444
119 259
456 402
215 274
343 358
102 19
360 21
299 296
212 10
36 403
335 362
295 45
60 438
442 78
27 331
127 132
243 157
411 246
372 200
410 127
146 215
88 364
161 359
369 387
142 225
87 405
302 477
415 383
313 214
397 358
342 340
349 24
122 438
138 261
240 494
62 400
264 238
97 150
390 277
3 318
76 32
362 442
177 378
445 277
487 490
330 342
367 182
120 180
293 489
336 110
10 33
123 398
400 274
52 221
39 142
175 55
497 467
346 389
166 175
165 291
485 6
188 348
380 352
194 160
270 173
58 382
132 280
54 181
254 32
175 458
13 146
113 202
91 363
390 311
454 109
467 407
255 440
144 7
167 487
160 338
72 289
69 70
104 204
237 476
434 210
356 264
318 300
15 322
133 261
222 405
164 88
28 42
49 420
407 24
363 69
358 420
342 287
492 280
108 298
9 81
197 42
194 217
39 15
128 61
318 25
465 350
244 483
255 345
369 294
215 14
286 232
372 425
205 129
427 364
445 313
208 288
6 142
9 254
316 397
422 137
339 134
117 387
232 84
230 224
239 102
186 297
222 25
6 58
274 428
93 434
74 219
213 301
408 80
330 74
211 224
358 252
492 403
339 328
52 224
178 421
218 143
169 365
275 440
220 175
461 50
121 166
467 36
468 187
261 375
451 298
403 325
80 162
490 395
119 419
192 394
38 150
15 410
202 59
234 142
192 275
441 48
436 166
353 260
488 404
55 466
291 439
101 310
205 371
142 443
190 176
326 334
96 228
139 193
336 151
426 225
273 380
46 367
127 61