1800
232 208
356 80
163 234
414 361
286 362
440 145
78 188
477 171
253 144
393 189
326 441
102 33
368 202
376 202
171 143
351 60
492 255
489 59
421 156
18 403
400 207
247 310
482 478
475 224
414 87
380 220
106 92
294 335
37 474
117 22
82 60
315 320
380 75
83 156
59 301
360 101
264 311
289 108
332 98
185 116
337 98
190 418
253 443
269 485
359 142
202 238
58 442
17 369
25 438
91 100
53 436
247 452
60 169
119 388
5 244
195 157
75 194
489 385
222 328
322 258
496 82
376 24
245 406
345 245
197 270
206 436
240 102
272 305
193 152
397 243
400 50
244 92
329 327
7 85
343 404
338 329
205 191
98 214
459 450
220 295
231 156
110 278
83 324
476 382
478 129
179 373
317 378
58 276
361 499
403 65
247 57
248 241
307 452
403 198
493 118
126 475
254 77
401 236
119 189
318 377
103 449
327 350
126 420
419 237
303 339
396 174
267 50
354 497
195 74
44 257
85 189
266 170
407 191
380 167
396 378
327 51
253 499
272 6
244 231
70 191
218 399
301 319
316 337
264 155
265 363
52 308
479 350
41 170
189 386
264 273
176 86
85 91
97 429
160 357
401 193
92 231
402 471
308 393
401 70
433 72
381 166
368 338
8 360
98 261
34 198
136 362
305 211
492 73
283 254
300 153
236 184
7 392
138 138
208 315
240 391
57 493
331 121
333 277
38 340
390 431
145 424
135 378
451 302
56 128
133 234
270 356
101 369
359 277
445 91
482 419
412 185
158 391
168 244
436 343
274 206
130 178
56 271
73 118
98 359
94 481
190 231
452 216
346 291
234 311
230 291
328 216
107 494
238 338
181 127
185 26
204 307
78 167
285 260
120 3
484 235
318 66
282 174
317 270
433 480
123 51
119 15
10 451
141 78
205 100
127 322
129 390
58 331
444 59
62 195
283 416
482 399
425 101
372 116
97 95
146 157
173 220
24 118
196 35
135 165
340 402
144 262
446 469
381 202
250 390
158 295
194 33
134 492
108 120
215 358
16 57
130 213
331 41
76 6
171 380
134 211
326 363
185 278
333 272
14 66
361 83
468 172
164 56
28 454
313 124
34 95
308 181
222 16
22 492
224 298
361 45
409 358
136 187
311 94
12 469
404 325
349 373
281 372
327 365
490 161
256 492
173 376
392 417
261 247
397 414
459 485
343 258
298 220
314 331
301 109
287 178
52 57
430 136
2 185
347 109
101 344
220 455
372 126
373 112
26 485
470 270
380 337
58 165
497 178
288 224
403 150
207 75
63 307
492 489
98 65
409 191
499 51
29 481
93 223
209 402
24 471
309 179
197 405
83 219
443 194
344 223
150 346
5 403
393 214
131 350
41 343
247 393
374 392
116 276
179 320
291 325
356 55
460 452
171 53
247 396
119 115
313 443
347 122
188 171
21 240
83 171
64 62
455 182
459 291
111 423
248 490
45 254
207 104
10 6
254 378
345 257
201 373
347 11
34 400
140 35
207 55
469 75
258 123
266 276
199 69
59 377
484 447
404 104
110 191
421 414
23 364
90 119
482 224
476 289
177 16
71 116
44 236
359 40
317 154
223 126
355 16
316 282
386 339
382 72
486 349
65 304
275 9
86 7
297 257
273 62
31 326
62 196
88 427
81 421
399 405
274 156
290 255
446 442
14 176
377 329
485 352
213 295
302 260
369 299
214 451
277 142
190 97
24 191
113 278
36 457
465 364
119 162
104 255
283 418
247 470
174 13
308 84
344 387
39 462
266 213
207 105
202 395
87 249
27 78
387 52
416 415
77 352
459 388
306 33
355 242
255 405
489 29
417 63
378 333
398 456
61 144
39 457
206 115
193 126
178 233
149 432
284 447
335 78
112 95
337 493
398 467
497 445
8 239
424 266
222 238
382 322
279 135
102 422
400 485
70 295
79 431
230 219
150 215
310 65
410 262
229 147
92 160
399 78
344 453
191 323
497 418
53 426
200 276
113 7
154 100
383 183
255 233
448 113
30 405
19 258
258 440
100 100
179 202
155 351
174 23
294 199
125 23
151 199
207 325
277 264
300 361
95 161
126 407
164 43
154 157
449 183
283 412
466 402
253 314
338 122
173 280
303 484
183 150
475 307
71 390
252 104
117 223
130 347
242 244
253 146
329 396
160 54
456 465
279 127
101 62
194 469
453 274
424 349
156 137
27 251
355 80
303 131
478 473
69 286
432 73
469 322
376 114
79 482
461 185
99 358
180 62
188 293
142 133
122 464
67 151
231 150
133 274
99 34
172 112
185 168
342 105
219 6
340 71
256 298
8 301
215 355
0 188
174 403
219 142
145 296
298 286
413 376
263 432
396 12
181 435
40 433
439 375
446 259
409 132
433 54
261 270
310 1
256 261
256 484
133 476
114 401
278 431
363 27
40 41
476 111
44 73
448 369
480 336
468 395
449 242
12 253
254 211
324 322
159 11
339 80
334 292
75 305
333 112
5 291
402 225
298 333
202 447
283 98
345 183
277 251
356 147
358 289
463 111
474 34
115 474
266 313
118 449
413 342
133 303
380 270
103 35
334 30
129 158
341 117
220 474
121 470
259 429
40 331
366 74
49 366
179 333
134 167
9 149
305 399
169 494
382 185
216 272
282 216
186 197
171 475
445 406
187 145
328 204
131 227
93 46
231 180
347 124
126 365
116 209
203 431
116 285
410 85
154 184
381 192
168 340
98 405
402 465
22 286
13 230
277 153
185 459
435 8
226 384
93 61
492 342
480 149
86 461
497 242
286 240
80 231
488 306
124 31
317 390
472 146
299 182
141 249
110 336
220 429
490 188
30 166
315 335
148 362
456 253
346 145
228 95
253 426
457 216
458 377
23 126
309 431
180 174
10 302
231 142
330 231
249 222
409 213
427 64
169 57
54 236
331 15
294 283
499 436
166 103
230 458
389 189
216 391
193 421
416 226
309 425
499 246
311 58
474 408
465 239
475 144
11 19
302 158
446 305
261 154
464 112
302 343
234 205
478 18
96 427
204 394
493 406
464 203
111 304
395 439
435 428
448 222
380 446
252 102
108 179
291 365
208 72
129 445
315 442
369 108
354 412
318 74
129 347
4 134
73 241
21 251
474 8
455 321
424 206
385 59
424 384
309 177
474 484
426 438
398 290
202 147
73 253
452 372
6 203
296 308
60 80
440 317
139 386
92 395
306 415
151 330
359 82
66 460
251 333
123 492
492 149
254 177
49 65
120 207
367 56
488 268
86 427
165 428
324 77
344 258
440 482
65 347
160 299
484 131
476 411
412 460
137 468
33 167
226 187
95 6
274 93
373 83
11 212
141 38
148 187
170 337
185 440
239 235
366 345
108 76
36 342
162 20
187 173
212 48
54 265
211 307
242 328
393 436
326 254
441 34
372 475
415 463
198 409
254 7
435 417
111 362
234 471
496 274
322 422
39 209
368 228
408 250
38 111
217 301
336 365
340 10
474 60
469 107
466 24
293 223
437 401
224 257
31 171
445 221
282 205
433 337
87 2
113 341
143 478
343 182
193 331
391 183
142 19
43 212
287 461
214 189
446 224
247 439
12 477
34 193
30 294
296 319
160 469
447 262
444 155
338 290
325 489
8 81
293 320
133 52
241 80
156 347
138 39
16 404
97 150
296 402
221 479
300 445
207 381
389 100
390 3
493 227
309 68
240 1
405 454
35 373
220 498
37 43
447 359
361 405
307 396
375 158
103 28
262 28
128 162
165 3
82 370
438 158
160 243
198 178
51 65
64 85
128 124
335 101
359 76
324 196
206 166
47 200
80 309
471 309
312 208
78 489
147 246
490 369
399 159
225 188
125 303
427 141
94 253
181 114
310 453
472 6
58 369
178 19
180 138
198 2
491 344
90 276
497 490
150 80
268 397
200 227
220 393
499 479
445 314
120 180
186 255
124 92
463 244
234 155
9 143
487 432
61 352
342 77
158 58
307 492
71 278
24 359
190 291
458 23
55 135
391 78
22 242
338 367
374 485
128 73
5 383
235 115
44 66
477 430
274 202
333 284
144 346
137 357
232 334
322 447
377 287
381 213
432 399
236 220
145 159
394 216
183 150
69 482
412 228
282 46
182 186
384 115
472 178
13 374
321 56
344 187
252 199
450 225
297 184
195 187
255 442
445 90
72 439
19 14
412 336
22 301
417 94
273 259
133 241
298 138
325 454
5 494
219 77
113 456
495 369
311 309
251 102
41 108
122 323
159 60
214 386
481 33
292 131
224 106
96 277
84 22
16 421
350 89
397 88
309 463
124 244
347 472
81 375
50 388
301 55
442 209
95 367
350 275
381 387
165 74
449 477
250 249
190 317
257 100
415 88
332 66
39 40
267 31
272 120
27 318
27 73
292 469
244 122
362 142
216 477
454 379
480 17
335 56
156 170
110 92
159 424
464 295
326 50
22 83
401 98
23 49
19 281
255 315
457 115
93 117
348 26
43 399
456 328
499 378
323 464
388 461
256 334
384 204
288 83
33 406
307 189
322 57
224 178
294 78
47 182
208 239
490 396
76 251
482 298
263 427
389 305
139 3
208 497
432 23
281 496
37 466
375 440
119 212
290 99
133 265
4 189
437 341
445 346
145 14
293 279
84 260
263 182
180 223
98 323
171 112
430 231
171 209
273 305
405 142
407 415
104 38
232 263
110 42
408 29
308 255
367 201
236 392
467 130
454 268
380 417
0 125
186 163
468 171
314 311
226 225
116 221
485 331
225 348
229 447
54 485
38 37
281 421
403 274
42 248
17 209
187 275
438 17
40 225
37 258
484 354
428 263
446 100
300 265
64 23
8 29
418 118
39 47
173 199
299 442
152 68
343 316
333 191
416 133
391 373
80 453
217 227
179 360
477 15
39 331
212 41
159 47
446 130
329 50
492 120
188 128
296 496
187 383
368 129
355 456
409 259
339 287
147 478
494 18
350 124
17 33
432 414
45 176
226 231
351 374
355 70
419 391
126 151
133 458
414 494
105 488
275 176
154 444
315 274
250 148
33 17
431 267
295 318
49 476
203 373
295 252
495 410
413 66
377 121
467 46
386 291
467 424
221 13
287 474
474 36
405 389
8 360
178 188
17 155
28 227
479 220
482 176
242 474
447 395
442 471
263 266
190 328
342 82
408 411
299 481
223 383
243 204
393 231
387 273
0 410
482 267
295 331
157 464
211 390
361 456
222 5
334 476
411 412
176 28
361 319
54 475
32 84
168 149
422 425
187 407
26 422
105 21
337 322
212 262
70 48
54 425
402 292
57 240
120 165
484 85
60 481
418 391
40 92
369 438
345 315
89 408
429 371
45 195
309 118
167 109
35 380
172 73
313 289
306 81
166 285
118 142
33 79
23 36
326 426
241 245
153 171
395 330
25 435
53 292
402 335
67 72
145 289
430 91
173 310
447 236
378 191
270 66
454 412
338 146
391 281
304 79
261 396
331 199
492 287
474 237
161 246
35 41
484 159
469 465
53 9
201 417
335 431
343 323
469 289
70 33
464 360
109 375
426 226
365 292
29 270
16 339
232 191
350 403
220 68
78 171
440 273
205 279
102 275
65 400
434 424
136 487
362 250
328 245
38 141
411 193
384 419
462 280
35 468
37 312
336 256
29 115
246 128
404 86
487 200
124 321
308 273
375 113
358 23
164 204
397 248
168 427
59 134
102 130
295 95
351 139
106 131
111 232
171 352
53 367
188 158
283 29
142 349
372 158
214 353
101 388
167 112
98 269
400 227
322 200
192 195
178 25
257 150
3 141
9 428
438 408
289 197
398 73
84 432
285 270
10 298
262 386
8 178
257 360
413 408
455 79
104 105
255 485
126 213
494 110
370 135
185 432
358 160
92 83
206 442
240 229
467 68
98 3
215 475
235 355
286 128
85 42
27 242
456 193
303 6
493 302
86 174
186 178
114 444
386 130
359 320
240 127
482 178
6 339
194 49
178 241
136 333
75 115
308 15
21 383
185 112
138 367
45 272
68 324
454 11
183 455
434 165
195 424
263 268
317 201
295 309
142 347
463 431
446 218
453 271
235 320
187 491
115 373
49 84
96 183
138 355
20 279
203 72
340 216
417 466
276 10
357 212
495 270
340 320
92 442
114 294
285 179
53 301
385 252
435 454
310 333
113 74
498 330
398 168
135 191
201 168
232 263
385 58
231 228
22 226
372 323
2 136
437 9
261 407
362 174
8 196
270 172
354 473
141 121
312 253
421 128
391 365
423 5
233 129
355 154
329 255
243 227
236 184
443 180
207 497
45 305
329 67
40 168
289 36
289 181
310 453
318 62
67 53
182 241
248 153
408 389
116 429
465 4
184 204
53 409
66 243
310 99
267 396
432 350
384 56
361 73
487 194
99 179
272 54
59 282
23 372
302 320
324 492
196 267
28 360
104 102
201 95
343 414
117 320
228 127
200 1
47 89
268 39
445 146
280 392
265 5
325 304
296 67
186 149
9 344
446 215
310 113
380 499
319 5
132 349
202 47
136 184
223 249
395 256
149 168
25 28
184 414
333 350
351 480
176 19
86 361
326 123
122 396
253 58
407 294
341 385
69 109
210 478
234 144
313 458
486 235
149 190
41 170
2 334
354 392
105 178
153 440
189 284
342 128
422 442
180 102
63 263
93 249
394 274
232 180
415 59
101 218
240 417
251 142
387 242
272 105
398 344
128 426
54 439
233 323
425 476
91 413
15 488
114 185
365 261
172 346
64 132
49 273
268 156
250 153
110 7
351 23
301 8
299 332
7 355
183 33
298 432
272 126
163 313
74 387
233 380
13 246
20 150
158 414
67 288
295 409
432 178
38 498
182 233
440 338
223 189
473 475
101 21
187 246
485 265
145 261
360 70
72 10
425 380
20 231
140 344
22 167
17 424
9 413
103 200
389 449
424 326
199 363
461 377
494 386
0 446
368 140
2 360
92 441
24 427
272 464
483 16
440 146
59 0
200 449
250 14
340 442
305 26
403 392
130 118
416 398
390 130
342 284
77 392
172 286
250 101
117 296
442 233
86 409
358 354
368 138
80 108
134 61
305 237
355 390
140 435
418 271
56 30
274 112
399 485
87 446
94 149
235 204
114 389
243 321
459 324
285 463
376 392
129 271
161 181
469 337
108 153
183 239
351 16
2 310
108 102
104 441
145 203
92 339
12 111
288 187
2 323
215 73
344 379
412 345
182 358
11 233
324 142
11 47
357 176
130 13
454 317
20 234
73 451
415 464
151 437
261 203
128 154
385 476
173 472
182 149
383 355
350 46
93 207
235 361
226 302
119 366
100 32
335 492
456 26
463 250
453 460
466 224
201 81
406 351
0 374
82 440
486 383
443 284
145 79
233 178
396 223
255 353
197 497
23 90
341 153
465 486
63 146
80 431
282 264
490 338
278 135
370 424
208 265
196 313
344 353
76 282
487 240
237 183
274 184
189 112
451 467
465 155
86 14
130 45
235 221
356 472
397 14
131 226
392 105
311 179
461 236
476 239
275 300
484 66
30 49
368 174
181 481
347 333
231 119
192 329
302 466
332 400
479 51
156 315
347 371
459 319
411 308
461 435
353 186
87 445
471 384
217 455
140 4
124 417
246 371
338 168
69 48
99 22
338 48
419 108
279 185
345 230
17 42
80 306
252 371
107 167
474 75
80 176
93 115
486 56
224 340
240 176
199 293
341 192
152 37
222 112
342 283
326 419
226 360
83 406
426 330
405 42
218 400
15 337
393 164
4 354
30 118
411 96
140 229
118 105
69 292
76 192
112 412
124 254
160 190
20 59
101 86
487 277
467 319
483 354
208 360
330 339
288 91
320 242
199 428
221 291
483 268
32 149
403 95
285 156
215 415
2 157
287 316
488 341
195 254
466 323
163 256
347 297
391 451
231 19
162 90
210 304
453 146
93 243
399 208
124 379
388 467
135 478
319 27
133 123
447 366
122 100
249 462
265 321
193 492
82 496
153 355
353 292
387 458
167 447
178 287
106 291
269 66
446 241
217 440
306 79
31 164
478 281
454 132
124 95
443 499
207 58
203 96
55 60
7 90
229 222
365 185
104 335
77 486
426 50
481 294
310 84
365 13