1400
151 418
290 491
283 421
353 100
256 404
347 26
264 359
201 102
354 423
19 325
172 174
89 189
86 304
280 106
76 236
154 360
203 79
0 297
397 338
242 205
84 153
12 90
44 348
271 65
242 250
425 142
331 414
218 14
472 269
358 351
63 49
480 364
161 118
457 333
38 410
415 51
493 122
470 428
345 389
140 93
88 440
354 417
283 419
189 425
128 256
157 47
411 43
13 137
470 425
335 470
374 361
483 251
31 367
257 306
251 228
168 249
166 339
111 375
152 301
57 152
51 132
175 66
56 314
239 188
11 26
239 427
178 237
456 75
381 209
289 213
314 484
176 458
185 332
134 287
291 337
469 43
110 342
8 496
184 166
44 248
175 47
284 284
211 205
266 241
306 444
428 55
365 473
305 456
95 50
239 291
335 386
80 60
56 297
463 89
337 93
492 359
495 364
69 277
370 206
150 187
242 176
149 79
35 108
10 307
98 131
369 250
162 285
82 450
39 219
164 45
257 228
444 156
285 252
459 365
52 155
184 109
40 294
254 185
492 428
411 265
367 443
228 280
230 29
100 311
208 121
201 264
273 465
70 145
362 58
214 29
138 414
61 250
435 31
459 167
284 280
223 370
150 151
33 303
466 233
206 133
250 27
344 408
405 375
433 414
443 268
34 499
249 434
317 95
115 185
317 276
146 399
403 40
195 148
233 436
421 162
189 440
348 23
398 33
300 105
373 332
331 243
29 260
207 433
470 346
474 322
222 287
179 472
121 125
61 374
388 354
146 334
358 77
463 346
452 256
440 263
358 177
437 124
57 240
438 145
467 27
314 413
385 41
166 345
219 358
65 79
414 108
37 211
410 124
232 0
115 362
39 173
297 326
418 329
474 206
233 356
121 293
335 399
244 359
217 1
433 315
423 134
198 347
323 313
313 108
322 55
228 281
459 361
42 377
83 377
233 16
310 168
419 207
66 497
498 15
331 283
270 431
130 106
419 468
428 305
361 85
218 250
463 441
171 177
406 6
374 106
275 491
198 36
33 46
414 264
400 32
315 97
55 170
490 298
103 475
412 418
168 316
258 482
11 483
489 429
35 417
408 364
400 162
61 459
223 434
318 475
72 475
497 485
283 127
454 487
405 239
55 218
52 425
409 165
94 63
480 250
114 482
496 241
52 367
153 409
384 127
103 323
308 308
288 100
88 444
35 94
165 345
271 90
256 217
281 32
282 202
36 113
206 249
468 33
442 258
386 121
296 179
339 489
441 104
400 127
74 29
227 435
378 239
308 350
382 134
188 89
55 16
117 225
110 113
372 85
58 52
83 110
451 354
311 423
402 392
274 63
499 476
67 1
203 229
363 376
317 437
305 403
128 372
486 423
360 238
143 210
320 271
477 226
149 123
15 288
204 52
380 141
494 55
284 448
176 197
486 499
402 493
218 292
215 383
473 56
118 427
198 116
343 290
413 176
316 344
248 280
422 372
427 129
429 268
466 211
62 457
302 452
96 465
200 20
428 163
91 173
290 398
188 141
169 485
181 453
234 486
210 282
263 8
276 138
201 192
149 94
47 264
81 303
324 495
159 281
306 104
355 250
391 448
285 43
497 61
399 467
101 83
91 109
99 364
56 367
462 301
417 57
360 361
356 498
131 36
493 15
117 289
238 348
243 9
422 375
194 92
175 321
282 295
159 266
486 382
35 67
476 300
13 452
302 189
77 369
237 285
74 422
270 354
215 164
40 366
458 137
310 234
30 134
252 93
327 41
109 90
242 362
314 437
126 255
125 116
253 204
126 214
68 327
344 249
115 284
421 384
470 425
411 84
177 352
394 164
106 4
366 355
292 349
104 32
0 271
475 81
295 253
432 453
54 216
0 276
12 169
447 273
357 483
187 358
374 386
242 433
288 481
182 460
492 433
204 138
220 344
97 31
336 367
83 30
158 391
412 435
61 171
6 359
218 418
157 193
127 92
425 251
212 267
52 107
246 56
401 108
491 318
37 498
380 328
219 121
408 39
210 483
343 469
240 216
261 413
5 397
148 240
360 283
242 212
269 412
373 340
158 170
20 364
192 48
169 401
440 263
99 77
47 2
218 442
207 287
36 331
72 64
347 36
249 284
196 90
430 18
188 421
286 441
489 60
461 330
446 10
439 401
255 45
487 338
477 325
157 46
110 13
50 81
365 458
400 151
169 413
335 182
475 209
269 473
303 464
326 83
484 249
294 266
456 240
65 133
179 434
447 74
155 142
100 349
0 372
286 352
34 21
82 473
446 10
326 352
435 249
351 5
271 271
363 145
131 227
13 281
207 310
452 461
162 363
87 404
256 15
36 373
346 143
5 119
323 144
394 331
336 110
233 245
242 459
39 97
230 373
36 52
365 437
152 488
245 28
395 240
465 353
496 283
402 164
308 1
185 77
39 54
299 373
185 273
222 394
267 224
128 452
389 303
144 494
374 394
134 241
94 269
52 99
263 443
296 307
384 72
126 481
207 276
49 278
24 392
116 271
223 291
447 244
90 464
358 443
184 464
233 344
444 278
221 138
445 59
131 370
351 181
457 110
240 410
302 6
129 264
407 270
367 352
169 206
149 457
274 379
224 185
316 359
497 168
227 389
259 442
124 211
173 463
373 433
292 413
29 28
298 421
126 288
495 17
327 295
26 496
182 101
460 250
418 498
387 458
252 498
61 499
462 376
162 234
499 335
363 454
375 28
316 14
31 1
148 311
160 358
311 175
425 342
192 272
82 196
46 431
430 334
63 107
341 244
80 225
179 340
220 295
161 406
260 36
200 193
403 408
435 360
54 215
339 213
261 246
29 421
255 307
266 460
204 318
395 459
151 136
284 426
333 371
259 445
490 93
353 311
23 246
313 141
354 77
175 152
73 467
126 205
17 180
351 392
203 73
62 246
173 354
77 198
495 358
303 188
352 338
84 156
149 375
305 397
401 355
322 480
37 474
6 448
192 406
332 357
456 247
101 394
444 481
339 30
71 439
277 142
150 423
298 213
110 152
7 103
436 11
337 182
130 325
232 344
53 175
422 64
310 9
490 376
258 254
45 181
323 329
252 323
36 326
478 51
6 499
362 485
167 442
268 52
396 150
177 352
268 301
163 451
327 430
36 153
335 438
267 81
256 10
188 20
423 145
144 166
4 429
224 358
410 171
173 344
196 158
460 202
154 316
98 475
128 333
271 134
67 315
178 391
411 324
469 366
385 186
115 465
175 389
412 339
35 86
244 438
140 83
399 56
31 294
480 497
483 12
179 103
494 51
375 209
76 257
443 196
13 461
202 59
250 40
126 114
52 138
221 223
131 193
339 473
470 15
27 171
275 306
357 58
268 269
27 84
132 196
9 470
381 497
37 211
325 484
122 164
239 230
275 343
316 370
237 114
286 139
445 116
175 413
182 154
238 295
491 61
32 222
219 0
211 265
101 256
272 388
118 223
419 11
234 393
360 87
78 471
440 498
411 375
29 115
410 93
155 119
341 253
105 39
156 60
169 168
56 258
333 441
305 27
272 104
44 39
362 132
482 122
350 302
269 393
339 231
351 31
284 346
237 44
457 241
409 393
3 126
419 318
345 337
293 224
115 469
454 337
312 330
132 436
330 14
245 254
285 21
367 448
345 422
163 104
349 302
280 73
243 353
42 199
276 88
57 335
25 391
221 11
300 189
203 206
460 482
3 300
249 97
19 370
326 94
248 35
460 175
28 28
79 203
143 422
110 207
99 52
416 135
324 172
230 216
198 379
179 190
140 201
423 280
374 11
46 249
424 474
354 358
61 305
227 286
493 56
109 189
324 92
117 25
241 0
379 347
390 291
492 411
191 382
393 415
16 418
392 292
150 440
97 99
385 64
120 177
366 378
323 229
106 43
43 292
139 199
490 275
186 381
263 482
249 229
147 9
301 265
58 392
343 451
15 7
184 228
458 488
69 403
446 281
73 176
227 341
468 65
298 218
52 154
236 414
423 302
419 235
127 224
27 329
337 470
50 395
383 373
276 9
142 304
480 74
416 68
485 208
278 236
391 283
197 330
484 479
214 472
196 404
233 194
16 224
119 422
296 67
76 354
158 424
499 70
138 491
51 267
3 123
407 329
11 246
225 456
429 496
252 292
486 477
53 337
260 2
69 24
378 408
332 497
68 37
380 183
450 206
182 431
260 306
404 441
397 123
119 130
274 178
8 223
413 260
262 61
86 25
433 184
33 316
353 265
301 101
160 233
16 251
409 194
135 276
252 314
296 384
63 371
447 70
330 423
484 360
385 444
480 422
239 318
435 14
467 444
30 236
340 479
173 46
175 101
415 308
45 427
150 211
281 108
383 97
457 463
260 219
142 194
364 240
106 233
177 152
240 74
405 59
106 80
34 79
239 281
208 449
13 284
244 210
308 294
110 127
199 117
312 370
462 341
426 28
180 69
495 455
15 421
353 400
331 121
254 387
189 71
207 314
24 202
496 304
283 332
302 458
180 482
323 466
494 143
64 101
57 175
448 59
459 72
45 153
41 291
214 299
113 230
432 421
225 137
322 280
91 9
491 124
442 271
266 167
120 436
463 330
389 177
249 411
65 349
492 294
445 458
40 206
479 58
48 472
104 205
66 222
198 195
319 409
428 140
428 85
416 49
226 392
155 305
6 328
474 220
30 498
56 420
330 70
394 36
93 230
452 499
46 159
420 2
142 217
303 201
250 71
315 71
228 328
156 470
43 235
85 483
403 73
144 494
30 233
316 390
241 123
134 268
271 140
357 406
107 265
188 160
83 357
38 3
474 312
399 194
177 369
442 336
330 432
18 438
329 360
335 334
454 70
210 321
228 77
343 420
80 335
45 383
387 16
328 83
129 213
82 227
63 159
443 376
315 246
106 461
147 496
418 294
467 102
179 481
401 195
383 374
110 333
349 280
215 349
62 177
256 344
355 496
224 172
418 299
112 39
387 376
22 260
362 306
139 490
185 393
120 392
225 420
200 230
79 427
456 267
464 493
341 213
237 319
470 65
457 155
383 83
343 344
2 406
396 57
302 493
385 433
206 422
4 463
390 258
26 83
428 346
411 490
161 269
335 148
155 132
67 144
340 39
297 262
319 195
188 193
478 473
248 426
389 184
443 252
188 279
477 321
311 116
386 241
389 472
456 73
69 397
288 23
285 409
104 85
130 456
282 145
71 460
145 30
282 312
443 440
261 470
87 420
161 424
396 325
250 403
152 205
80 319
228 440
377 366
174 185
182 359
319 456
338 105
417 316
256 121
443 360
280 369
293 382
59 294
49 42
99 309
128 53
493 179
397 209
246 222
81 424
232 428
33 252
69 71
44 450
310 177
399 487
222 442
88 192
86 281
91 489
42 185
365 71
280 387
109 114
38 378
306 42
295 271
342 339
141 216
245 386
225 303
246 144
189 447
81 186
28 275
313 172
95 70
310 30
144 376
254 419
314 183
306 413
252 461
29 148
386 246
49 274
419 463
411 147
186 108
235 492
16 214
284 48
430 111
339 94
366 75
110 446
359 32
493 416
416 463
209 22
296 154
117 111
258 67
27 28
372 444
158 263
163 240
352 295
241 94
21 43
489 107
139 131
399 200
164 484
358 167
321 225
336 7
74 438
319 95
391 454
217 43
284 50
345 232
178 488
31 86
46 199
182 373
73 37
22 433
100 89
315 232
239 421
212 151
98 166
120 31
74 490
392 189
421 210
198 237
175 100
151 82
455 73
111 334
267 28
118 485
217 368
141 285
436 309
475 353
236 387
377 95
136 311
21 121
358 409
9 72
154 385
459 161
347 109
489 422
407 114
334 459
244 476
285 328
181 33
420 260
207 270
81 149
270 343
253 454
378 480
217 114
127 32
493 176
98 474
441 483
442 357
334 127
455 187
72 119
380 489
259 492
493 439
135 192
498 115
95 240
354 377
409 312
341 334
308 403
238 291
149 101
229 180
219 335
454 184
25 291
135 186
478 136
328 128
243 113
353 327
204 190
355 59
393 465
220 196
339 54
155 458
491 340
175 384
421 210
2 482
20 298
435 137
118 498
111 263
442 213
404 316
376 498
464 259
307 121
175 36
495 498
339 183
67 486
196 366
348 340
491 50
40 221
219 426
41 10
223 183
351 484
482 127
238 79
201 298
335 397
396 228
411 182
168 87
305 331
171 216
119 6
227 162
440 159
169 446
481 482
466 244
224 333
412 300
99 462
212 113
342 286
468 460
47 105
436 136
204 352
358 108
122 323
334 437
236 63
397 355
100 217
50 363
15 324
138 315
280 466
252 350
310 474
80 220
208 209
414 16
476 265