200
330 145
241 320
310 474
63 201
365 142
477 480
68 204
197 112
360 491
309 194
360 228
27 405
288 425
274 270
254 318
463 262
82 84
411 56
257 392
387 326
158 122
178 364
328 227
70 376
70 40
268 379
284 283
208 147
417 424
94 483
97 24
108 410
466 179
72 371
198 76
198 311
175 356
435 377
105 355
395 5
237 27
310 15
14 21
298 371
206 432
456 244
6 303
482 416
288 325
401 406
217 338
194 451
328 244
451 482
339 285
313 198
213 76
450 123
346 228
12 100
344 52
355 468
236 351
176 338
96 24
362 77
28 314
410 409
243 209
346 362
60 82
11 159
135 126
206 461
61 481
34 218
38 257
108 241
431 274
151 136
65 28
194 13
274 446
7 104
318 17
452 353
13 379
357 463
276 148
481 63
281 189
446 367
109 319
445 407
395 392
420 96
110 461
407 466
71 236
254 414
119 241
472 58
373 132
132 329
392 149
190 466
333 173
344 136
395 294
187 290
238 291
252 107
74 200
437 11
277 497
90 43
101 396
381 63
392 474
475 13
479 285
310 165
153 165
459 7
149 49
192 146
254 387
88 444
307 180
29 377
420 84
332 119
182 373
347 213
79 427
212 174
339 410
75 374
233 344
393 387
33 382
122 437
381 139
171 62
439 40
476 200
172 211
84 309
374 206
133 283
457 305
68 197
424 148
492 495
382 157
392 238
175 416
407 366
428 409
301 79
131 219
430 278
439 155
362 14
297 313
471 347
397 106
254 39
34 321
330 98
188 417
185 222
440 364
125 92
23 220
439 426
56 7
162 221
235 495
161 376
224 384
342 132
171 121
294 96
47 205
474 124
199 235
451 159
104 139
360 76
355 479
486 151
373 411
407 1
377 460
197 68
52 453
426 39
488 223
280 220