2400
234 76
330 445
88 122
442 369
286 324
0 441
19 224
481 297
76 437
151 460
124 295
484 307
441 387
281 120
390 279
355 371
316 476
98 38
259 256
81 393
334 45
121 433
230 205
143 103
63 159
454 146
305 39
279 290
262 247
26 60
431 4
481 234
272 99
355 79
324 383
280 288
222 11
216 401
4 452
463 211
209 420
311 269
60 15
262 90
2 174
179 140
374 433
384 160
91 498
381 240
28 416
279 161
63 102
55 495
59 419
191 370
140 120
135 3
93 52
226 249
390 96
381 257
417 116
467 266
6 9
277 200
214 386
489 56
403 129
400 396
266 314
435 92
95 258
162 70
172 188
136 241
498 62
30 18
136 416
277 349
50 494
380 54
462 116
245 221
117 365
32 145
237 236
346 467
389 184
225 9
250 61
475 361
231 100
16 358
207 219
213 145
51 109
225 446
167 13
231 470
468 137
225 263
230 57
242 71
432 471
33 319
32 34
135 360
218 264
483 3
149 426
35 49
495 52
66 261
83 162
151 149
412 51
461 376
300 494
465 55
374 84
471 350
211 406
170 106
461 429
355 6
407 462
15 243
4 402
416 433
82 439
343 68
296 346
340 304
359 448
33 157
8 233
139 4
462 71
0 162
20 275
90 208
303 427
181 105
390 307
98 97
17 324
170 441
245 314
114 10
19 456
41 147
3 379
450 33
195 317
445 303
11 67
346 35
492 314
473 27
476 382
206 423
365 494
160 376
238 462
419 274
274 109
489 312
345 129
447 439
242 40
459 392
279 105
271 157
36 271
153 96
20 13
359 211
439 237
199 371
497 177
138 470
283 271
253 127
419 128
21 52
296 13
119 332
490 75
346 242
339 26
39 499
210 211
448 250
121 1
178 499
470 119
242 168
296 105
85 495
399 215
80 106
439 195
270 199
294 281
307 116
467 485
196 199
301 29
30 496
495 423
394 60
229 317
274 488
336 25
92 360
318 235
431 172
224 109
390 201
318 370
355 50
101 285
167 403
399 402
177 197
258 246
416 423
412 487
364 190
50 248
335 456
480 369
478 266
320 56
426 221
271 490
127 281
36 372
274 294
492 287
34 304
227 250
89 450
492 139
239 453
261 43
264 75
193 241
298 94
315 13
355 76
210 438
162 483
277 246
34 289
93 269
371 420
222 320
460 460
413 214
109 51
478 174
268 225
172 24
389 66
142 487
278 245
228 352
451 440
229 5
127 485
257 322
495 498
311 479
45 307
358 224
251 155
232 189
213 19
85 404
244 102
199 79
284 22
314 427
285 235
72 396
70 264
262 329
160 65
372 73
150 205
212 231
272 401
420 297
201 485
439 357
288 445
319 139
66 424
159 486
382 203
467 83
264 452
18 82
155 424
482 390
473 157
58 194
491 245
82 330
39 45
342 22
161 328
104 14
0 79
283 264
199 234
38 250
332 464
388 56
299 340
349 222
417 124
222 260
442 260
157 304
326 482
162 0
14 339
419 266
382 366
100 54
156 82
398 138
47 341
181 286
361 198
322 382
142 278
390 396
201 85
67 48
400 379
71 81
347 414
132 490
396 82
164 232
222 52
393 62
200 269
319 426
309 61
191 142
38 451
388 434
334 91
323 307
388 234
0 394
236 88
170 484
68 132
184 186
100 290
412 430
356 152
214 231
225 17
469 257
43 116
59 209
17 229
315 382
276 405
493 167
151 12
144 15
201 219
362 181
111 301
454 274
357 319
337 20
129 435
51 158
367 25
254 110
345 236
142 70
237 121
134 487
3 241
460 130
163 56
358 322
448 126
298 164
184 158
93 135
145 165
190 144
106 364
101 297
367 451
425 95
82 456
197 411
41 437
494 10
184 57
183 204
368 133
291 481
468 404
421 384
380 113
330 112
409 338
142 431
26 128
436 67
478 460
398 134
144 371
428 244
448 328
313 464
445 168
72 456
192 266
379 493
457 72
263 61
492 218
198 257
324 370
183 135
269 154
377 81
177 265
445 306
270 125
293 111
67 67
333 217
62 260
184 65
126 372
442 299
56 471
193 141
276 232
386 376
309 397
14 264
422 486
463 311
422 44
463 108
177 342
102 297
214 240
464 138
438 192
163 406
47 346
79 209
85 175
72 465
81 247
85 438
250 355
399 49
9 24
366 363
12 187
279 320
311 226
418 243
149 249
95 434
143 49
224 26
492 80
179 149
87 425
281 265
166 337
362 180
395 175
214 80
401 407
485 493
88 212
313 256
190 90
139 260
287 185
117 363
12 131
56 297
414 100
289 189
222 432
459 3
84 117
25 174
19 337
401 362
118 108
198 214
326 160
345 337
52 113
244 315
464 417
369 153
342 378
162 158
14 64
182 121
295 98
287 59
421 315
275 188
402 392
52 473
162 228
194 398
65 214
483 438
443 29
259 352
11 286
350 421
42 25
475 384
295 190
357 262
450 69
461 132
457 204
284 13
263 119
185 330
121 180
61 169
21 64
350 320
93 384
261 53
289 488
30 88
350 437
6 387
19 152
208 319
184 476
447 345
175 300
480 484
153 296
361 42
214 27
263 63
468 160
148 25
113 110
47 178
417 316
320 405
224 436
264 29
374 260
60 211
195 401
198 393
435 201
80 411
326 1
161 343
220 147
257 161
339 186
354 156
61 256
44 174
203 137
249 160
223 429
331 310
203 419
472 381
144 490
491 52
247 322
469 5
166 468
6 78
234 358
466 360
34 147
136 11
171 90
371 386
48 395
166 54
287 103
93 490
394 431
254 436
441 141
461 75
154 108
318 467
327 240
388 284
295 214
156 24
262 319
66 27
434 310
413 84
74 221
5 358
295 468
109 111
186 88
48 423
390 340
81 366
151 70
136 321
345 298
469 292
171 108
270 35
471 105
327 184
42 45
365 332
443 189
278 327
250 481
174 178
397 492
62 107
428 48
198 198
342 125
85 20
407 14
119 356
392 379
276 298
130 434
476 142
469 425
407 106
284 71
63 81
188 181
81 478
28 468
93 132
152 371
237 31
387 59
438 356
155 131
417 215
209 137
415 393
499 30
101 322
255 136
169 16
346 295
115 251
235 375
98 60
91 387
446 335
191 330
461 237
304 198
188 379
124 365
395 103
277 124
112 348
216 384
179 281
32 63
438 146
206 267
6 388
223 298
480 305
394 266
465 294
173 198
63 153
108 297
273 310
10 385
269 385
167 226
289 300
446 51
171 79
319 4
302 177
334 42
309 135
429 228
426 126
131 454
251 341
3 239
476 377
114 13
240 245
397 281
185 381
313 343
199 356
385 132
27 2
489 220
448 336
314 418
372 227
420 445
36 475
204 424
437 12
257 319
452 29
263 6
201 137
345 428
60 400
254 231
303 439
275 243
13 251
330 441
386 385
213 251
175 422
286 417
236 464
494 395
401 189
178 257
185 102
3 24
255 97
37 109
353 58
161 164
106 366
104 492
243 344
119 317
86 270
234 405
301 323
364 228
337 202
157 42
66 374
324 12
121 173
83 213
377 474
193 245
237 335
32 297
466 332
102 151
56 52
227 336
417 209
264 443
338 106
481 421
433 256
430 157
370 54
381 13
110 99
435 74
223 199
31 319
470 189
241 485
174 378
88 321
264 91
49 352
125 102
359 30
39 58
112 141
6 409
9 345
419 117
316 296
115 142
183 200
185 437
315 425
98 359
302 255
459 214
169 352
234 84
142 28
21 274
35 107
452 27
496 396
44 224
366 165
365 159
448 50
327 402
262 116
371 277
491 416
268 331
415 160
40 355
129 58
17 61
441 164
413 469
45 289
454 457
469 264
166 319
74 417
33 493
122 188
104 405
88 113
126 373
80 3
413 166
80 209
225 430
252 373
162 138
448 149
413 469
140 417
186 79
424 214
402 220
477 46
12 7
232 65
420 138
156 312
373 186
468 88
313 450
441 72
222 328
297 389
306 135
215 289
4 492
64 139
38 258
265 393
310 50
40 349
13 231
269 48
489 386
189 237
310 302
130 130
19 32
19 279
69 177
21 234
226 425
183 438
331 264
166 301
2 142
225 58
106 16
254 494
231 95
250 443
73 393
277 380
12 444
473 297
31 433
358 495
433 109
225 393
194 116
258 391
301 49
65 483
329 408
355 171
115 413
306 105
338 40
337 84
381 350
283 310
157 264
374 493
386 442
59 451
343 433
482 169
153 144
404 399
70 334
247 260
217 37
430 54
490 55
257 267
429 371
487 392
385 87
29 361
313 124
409 440
110 8
4 243
142 115
449 261
373 64
102 197
103 90
498 384
151 93
316 255
148 80
19 303
17 385
361 401
341 182
42 122
365 451
418 398
159 359
276 368
417 384
475 378
114 372
317 325
80 265
197 133
288 80
318 217
118 305
339 179
154 311
115 233
132 19
231 33
253 143
28 7
237 22
394 355
180 351
116 211
196 112
45 165
234 485
142 363
394 204
16 482
215 48
420 483
16 199
343 151
158 122
144 223
78 395
246 391
102 110
222 214
379 299
136 119
482 114
318 278
112 229
129 186
169 180
379 49
200 38
12 74
297 358
105 8
399 375
485 203
417 354
5 60
179 149
115 141
271 14
243 285
324 384
416 372
274 493
383 147
222 474
185 395
404 371
99 142
346 303
9 436
496 115
264 14
7 28
42 231
369 279
15 137
361 193
186 431
78 135
462 70
317 300
24 147
289 221
377 123
59 487
103 386
253 56
436 219
451 260
39 478
467 320
365 54
337 180
316 51
473 416
68 278
277 143
364 92
215 418
406 93
332 275
183 9
80 85
345 119
449 383
55 237
143 416
96 420
472 481
397 264
394 297
440 465
58 171
90 157
102 125
400 348
209 434
19 83
202 289
173 217
454 151
419 228
149 97
78 368
484 473
122 475
293 379
50 415
424 203
328 492
340 26
461 229
164 49
191 480
197 367
370 364
444 3
101 142
362 445
270 31
359 346
225 245
160 4
207 128
120 84
110 35
116 313
214 423
404 281
0 405
121 453
309 222
364 66
363 262
293 78
425 134
379 4
8 2
130 391
475 215
103 103
268 437
361 219
352 482
388 117
422 352
427 9
427 231
345 291
370 291
277 491
495 147
149 156
47 4
71 132
235 374
163 174
246 3
485 376
493 450
155 225
87 268
351 82
373 366
157 197
188 95
94 434
442 183
39 244
376 341
67 463
489 463
466 231
107 235
38 303
381 453
221 193
275 320
186 424
121 0
448 344
130 161
197 42
286 73
414 236
51 14
477 334
65 41
128 295
451 24
477 166
359 184
4 50
475 134
487 190
386 96
110 435
477 17
442 307
395 116
482 208
42 447
488 312
459 107
132 116
283 410
446 461
12 494
481 450
493 487
435 468
403 379
248 45
204 232
348 190
251 100
47 331
495 293
253 387
3 454
217 385
198 138
133 163
466 210
197 114
434 459
190 485
382 337
69 439
481 87
39 270
453 232
26 86
325 448
402 279
16 180
319 119
135 214
425 304
418 101
60 474
311 352
41 250
41 194
133 462
84 23
255 172
110 37
337 281
412 435
115 240
211 428
495 434
90 198
299 272
98 8
212 359
462 410
456 105
68 3
26 89
113 4
42 282
415 223
10 379
471 180
460 125
412 35
233 455
79 2
363 33
244 178
440 427
33 58
62 248
189 453
457 440
74 302
377 351
231 342
22 387
12 54
89 482
290 276
279 175
60 369
399 494
421 304
363 339
439 306
259 277
217 128
282 69
272 292
134 159
46 355
410 156
490 411
187 351
26 280
150 318
312 86
243 49
241 234
40 458
235 180
161 152
73 452
96 443
103 345
201 230
238 1
412 463
314 81
361 100
418 193
131 363
265 83
317 226
184 6
38 209
213 419
224 199
495 286
484 320
403 98
99 185
0 493
74 364
316 166
359 288
151 86
169 343
69 268
126 338
48 106
25 165
216 261
48 249
422 211
161 384
421 325
318 113
477 421
87 245
33 293
231 299
142 36
305 401
239 63
169 283
448 139
401 47
296 17
80 301
185 218
395 242
355 106
27 66
311 332
477 466
265 196
84 208
461 259
323 241
25 53
192 344
391 325
342 93
246 40
258 275
17 431
389 6
72 372
56 268
235 235
431 385
445 352
112 367
109 259
312 287
131 134
311 4
450 23
63 6
281 196
128 173
179 298
22 369
138 103
338 430
315 225
77 121
489 112
371 189
476 98
84 183
188 108
483 395
401 490
186 398
423 34
332 166
36 455
58 206
136 26
251 249
370 303
416 328
18 359
309 287
323 346
306 393
141 11
353 141
39 394
429 39
206 463
270 113
320 94
120 328
77 308
112 371
51 300
11 380
167 421
268 321
66 490
353 74
68 207
454 206
98 107
422 383
348 304
250 192
373 168
329 370
93 450
102 441
321 496
418 114
287 340
183 186
112 353
413 36
95 180
140 367
102 193
349 62
107 450
119 99
321 480
282 300
241 266
262 385
351 414
254 180
218 138
491 289
326 183
363 256
123 273
318 355
270 225
28 167
118 377
209 499
299 291
57 491
228 40
306 319
352 79
69 412
202 70
253 413
169 380
153 469
324 293
370 323
342 94
323 398
397 460
103 32
376 48
88 160
331 104
36 246
159 183
254 457
370 213
93 7
328 40
185 98
421 153
99 407
158 115
75 423
307 407
456 178
190 183
140 44
143 21
205 28
485 154
367 311
170 356
396 312
410 499
152 433
340 183
298 251
26 498
406 225
255 334
17 362
258 445
466 9
37 253
407 23
334 23
379 274
86 5
4 127
60 348
31 8
111 252
103 181
406 138
324 9
223 13
458 193
203 333
87 277
152 240
263 494
121 339
344 494
121 59
408 200
60 33
286 291
325 171
161 389
250 83
97 337
31 325
158 55
184 86
326 97
444 337
176 442
288 417
476 372
424 410
295 236
380 484
7 433
174 205
288 169
358 424
101 385
293 389
475 260
209 329
18 154
448 153
70 46
418 236
498 399
135 194
178 294
227 367
72 38
207 402
178 213
450 417
307 280
392 243
425 134
288 101
107 443
342 236
473 29
280 112
307 471
117 268
135 337
375 197
99 208
273 434
352 129
261 223
319 159
145 153
107 244
39 434
22 66
95 381
346 347
171 228
496 153
490 288
485 131
191 218
152 436
418 464
188 4
15 179
185 359
455 161
447 144
210 494
228 321
169 157
385 74
79 340
480 381
365 69
287 466
254 56
373 292
148 172
352 61
272 164
177 389
33 227
73 476
149 243
400 153
227 318
10 138
371 158
80 491
309 236
293 219
11 63
88 166
79 160
176 440
329 203
430 205
181 362
457 3
9 330
1 209
347 88
247 11
354 71
307 327
46 15
79 452
470 58
70 19
459 49
104 246
451 140
354 34
390 484
166 163
372 399
487 167
31 72
143 234
413 237
253 302
255 460
370 184
203 225
127 440
38 14
6 231
118 341
325 360
23 8
259 343
363 247
319 98
185 394
483 314
117 98
58 236
272 224
449 280
220 327
341 428
12 110
451 347
59 130
490 128
324 434
182 249
347 187
81 353
168 32
131 416
5 137
361 41
322 277
105 162
443 394
357 298
498 455
85 160
141 57
492 75
176 465
152 174
379 23
408 85
1 47
36 391
284 6
136 249
264 106
353 93
391 207
14 62
222 389
299 99
26 363
180 291
317 202
225 332
417 48
96 485
376 271
129 484
86 161
119 265
210 350
409 324
386 454
195 423
22 461
176 494
137 48
250 357
189 306
355 327
165 459
82 303
139 41
54 211
329 225
75 174
350 39
493 484
407 237
50 41
35 281
181 226
83 25
331 431
111 125
84 38
341 276
169 18
229 481
206 224
250 410
450 134
118 100
189 295
336 378
159 239
466 224
101 341
124 401
26 432
323 87
215 462
480 16
497 385
109 62
472 56
42 211
311 274
70 12
390 1
92 258
334 402
243 410
312 435
220 219
307 190
5 43
59 374
259 337
399 409
317 220
431 372
498 359
371 95
448 420
31 114
16 40
451 365
153 111
330 115
157 373
268 489
364 162
0 179
88 475
48 251
475 257
116 479
426 474
394 340
454 374
415 425
143 470
433 218
185 296
21 263
105 342
357 289
468 321
148 209
460 409
166 196
28 436
262 135
475 454
329 156
434 281
251 96
166 77
373 36
299 203
45 394
35 256
429 402
463 3
412 78
274 424
360 431
66 154
109 474
130 393
174 290
238 64
493 425
313 404
107 218
464 112
221 4
259 499
355 2
80 222
146 119
50 207
361 358
184 116
9 322
112 315
231 183
460 350
106 77
295 273
238 65
422 260
259 311
313 181
255 114
234 246
305 254
464 136
105 18
341 149
464 466
2 305
8 47
124 314
440 114
32 272
32 30
341 454
487 143
110 6
104 242
496 196
332 409
428 461
110 437
404 121
426 426
325 258
72 286
253 450
74 12
42 285
239 106
249 383
242 226
320 211
407 346
108 317
130 240
29 388
9 240
18 285
43 287
74 343
145 116
128 327
464 219
177 171
406 55
281 279
490 0
347 453
270 398
490 307
195 252
492 19
157 56
195 362
58 200
316 121
300 203
275 297
320 264
319 452
231 226
79 452
406 74
472 278
85 28
281 462
333 132
188 125
488 490
43 383
357 46
101 211
8 157
422 376
181 328
407 241
46 264
338 486
116 452
480 310
124 201
185 261
387 310
152 373
108 227
125 195
407 465
123 226
455 267
96 397
490 488
252 355
193 36
340 91
253 309
362 321
434 230
392 47
272 173
252 44
240 232
198 377
104 499
266 173
422 411
399 214
69 412
449 151
94 114
423 141
462 200
430 137
36 249
422 174
218 308
41 175
404 310
309 91
116 360
271 428
142 38
450 22
26 64
178 251
393 120
172 454
443 207
456 454
128 480
288 231
258 347
9 181
272 162
375 171
99 388
426 146
21 93
157 229
332 47
19 188
142 225
433 192
146 437
417 241
324 275
474 58
239 82
97 483
154 364
104 324
470 105
199 383
112 343
390 208
396 444
22 262
306 390
328 307
48 452
79 245
155 225
307 405
389 395
111 256
80 395
1 215
98 403
98 52
260 62
359 341
103 9
399 381
40 409
213 227
325 88
313 145
50 480
227 473
81 291
39 338
406 14
269 392
444 4
419 367
208 56
65 278
11 311
72 465
44 51
491 138
283 221
202 157
482 185
477 281
472 63
429 16
408 378
382 198
66 204
260 153
431 126
290 326
143 294
345 362
0 187
261 337
346 135
321 315
96 328
243 298
166 68
446 173
371 426
482 181
334 289
268 242
420 118
264 58
420 415
103 110
299 273
408 216
31 145
325 81
231 127
48 68
241 397
175 494
27 465
106 157
252 214
184 374
432 172
88 448
58 205
478 43
259 209
206 238
172 290
269 31
100 403
301 317
164 193
158 328
486 191
257 265
139 238
262 441
390 424
129 202
245 300
10 459
49 356
498 68
100 221
125 268
437 52
245 278
106 453
497 256
21 444
34 254
196 12
436 297
499 438
238 417
376 97
453 100
21 426
499 304
424 121
25 124
254 213
167 122
378 361
157 164
418 251
264 192
341 466
256 52
470 340
289 495
447 346
124 95
399 468
441 124
100 175
388 466
441 355
68 55
219 319
71 225
269 490
308 187
239 110
303 65
412 209
408 92
39 359
180 32
156 438
113 121
440 109
464 2
409 381
52 32
109 129
471 123
162 379
341 279
344 402
463 144
89 256
116 371
404 128
419 148
269 412
21 384
238 61
442 337
221 148
277 347
322 331
62 248
379 485
387 255
252 224
480 350
74 193
173 448
96 478
242 92
329 218
279 116
453 67
215 74
421 27
210 344
444 95
80 124
379 324
48 319
22 131
324 380
181 96
426 350
442 129
347 168
136 271
191 479
53 442
469 406
251 326
421 179
303 47
371 354
173 34
18 271
4 195
291 194
44 185
314 217
238 487
110 14
493 374
316 301
60 398
76 137
168 163
210 349
203 323
358 82
205 377
72 228
422 209
246 216
433 467
306 413
427 23
398 268
70 272
22 66
56 482
145 98
299 224
48 355
289 3
232 258
486 347
56 304
372 408
227 155
68 306
329 33
302 347
119 79
498 224
58 141
91 54
278 203
410 242
245 178
436 52
399 477
134 274
35 307
314 6
164 262
148 382
229 346
425 302
26 348
341 423
477 436
139 284
27 108
286 401
305 124
454 75
201 56
216 88
446 236
499 30
413 463
309 499
301 142
343 86
10 179
115 36
173 339
299 106
7 52
28 86
13 165
221 482
422 214
303 437
320 369
332 154
153 233
227 493
79 454
133 422
311 441
281 100
206 484
388 80
18 65
230 416
399 383
98 304
93 173
42 253
407 413
498 226
71 60
366 226
0 151
92 499
451 311
147 373
306 157
222 35
304 176
60 305
461 55
228 10
263 54
468 123
201 170
82 466
44 273
424 448
299 45
208 368
94 250
259 356
243 400
428 333
138 399
454 488
498 99
6 35
10 113
283 326
144 211
336 217
17 189
86 112
481 316
418 294
2 75
327 177
11 98
497 255
96 1
453 304
191 94
208 311
137 201
264 343
61 281
322 101
213 78
247 408
55 46
473 17
195 409
7 300
408 58
411 357
13 4
450 216
379 204
257 158
354 16
298 21
474 267
197 472
381 40
438 444
314 288
197 412
64 361
271 57
266 472
328 182
251 279
335 279
289 130
499 444
317 143
410 149
121 292
184 108
404 2
142 122
34 218
431 340
249 99
423 202
385 15
294 252
383 488
470 481
425 172
316 469
118 94
238 78
38 240
94 422
397 295
365 237
429 431
382 297
499 178
193 158
410 236