2100
193 82
483 403
24 425
349 174
412 339
255 346
332 29
196 186
136 442
405 41
378 317
491 95
290 154
243 407
448 37
471 459
362 141
418 455
481 238
429 268
114 245
274 37
223 298
241 322
363 211
29 498
93 94
248 20
279 383
273 343
302 227
220 244
199 16
106 139
259 180
425 388
425 373
24 52
374 0
212 117
115 90
184 241
113 208
443 284
479 393
472 216
461 134
2 193
184 12
193 461
349 443
316 470
374 274
274 192
309 249
191 338
79 424
484 227
363 193
438 428
496 342
476 410
455 309
322 331
292 139
434 15
337 141
267 251
295 64
313 393
232 105
29 356
83 163
356 366
146 446
140 146
409 142
452 117
448 216
356 274
141 92
233 290
393 330
394 352
245 189
146 59
415 329
493 27
393 350
296 201
200 39
34 289
406 109
325 486
112 206
150 33
176 253
435 383
87 421
462 330
389 184
14 108
136 157
7 359
412 29
421 156
445 112
73 455
441 203
261 399
284 53
158 411
146 460
382 445
275 233
269 344
453 17
26 135
494 441
470 385
41 259
371 391
346 338
41 445
196 139
44 154
417 480
293 54
0 63
148 27
371 127
496 418
53 176
117 22
408 400
159 440
183 301
140 382
179 382
21 33
40 227
60 418
472 457
373 353
380 324
452 21
291 103
132 448
323 197
449 101
41 83
384 108
342 225
459 376
410 374
101 480
250 302
259 13
218 75
399 132
6 98
54 203
152 149
346 38
139 327
410 295
255 33
110 146
23 450
324 69
401 285
87 277
291 152
227 198
183 9
460 126
330 189
338 366
404 334
13 37
184 395
428 275
421 292
242 38
459 296
81 418
195 361
365 20
219 338
200 92
70 402
443 12
378 252
438 133
22 134
381 451
226 207
499 310
200 148
296 93
11 160
373 378
250 58
249 238
182 469
223 301
313 252
5 18
4 43
29 295
247 26
233 410
72 325
325 84
29 273
285 122
0 40
451 158
248 102
72 52
353 430
34 147
18 166
61 391
187 22
48 90
352 434
111 134
70 425
50 437
59 100
492 335
345 411
13 295
347 445
375 437
437 200
218 409
301 455
329 131
73 340
274 377
363 426
203 385
174 434
386 253
440 233
496 378
174 137
82 10
299 373
74 309
218 236
43 144
276 371
211 372
102 349
127 337
75 465
251 330
83 249
335 137
368 23
160 331
341 394
267 94
403 493
229 193
338 474
345 125
497 466
315 409
98 99
65 443
125 173
275 168
158 209
84 110
441 26
272 97
191 135
128 391
85 95
421 209
334 275
241 266
27 184
283 408
203 126
151 200
369 329
390 426
36 27
405 474
423 330
465 177
68 115
62 445
154 5
280 483
101 341
25 373
134 481
459 160
361 337
18 110
37 82
461 408
235 425
255 218
247 158
125 72
17 167
173 39
374 24
217 305
31 328
309 242
254 165
2 120
230 115
49 373
281 119
397 10
228 368
27 152
77 475
143 4
44 446
470 168
325 270
98 39
281 356
21 259
379 36
3 376
249 462
81 53
415 382
251 478
483 496
323 130
134 412
358 318
338 30
153 329
368 164
20 251
363 2
390 42
418 242
204 245
150 19
401 138
468 418
414 4
134 303
215 89
408 121
3 74
255 246
410 156
260 475
329 431
325 123
365 219
317 95
114 422
412 467
237 15
20 380
184 151
241 6
479 251
325 1
247 483
491 80
408 10
293 251
374 237
309 118
213 92
366 126
445 327
194 278
10 183
186 66
425 46
298 279
280 404
387 123
56 380
390 231
482 464
53 183
153 357
301 362
340 218
397 167
297 138
321 91
10 307
354 359
139 435
191 4
479 419
299 431
162 387
203 41
76 144
353 257
471 229
447 154
173 312
450 344
288 470
130 123
482 150
437 336
340 121
393 128
59 171
59 44
86 221
218 262
19 162
244 71
78 491
155 43
240 103
426 105
80 380
30 408
244 62
184 467
447 436
107 77
121 7
80 166
281 59
74 150
74 152
495 170
65 4
107 150
107 305
37 385
293 187
250 67
386 37
325 286
215 186
45 433
451 188
248 125
128 84
237 174
344 202
206 232
235 409
67 165
51 342
30 104
24 344
234 132
418 262
448 59
344 485
173 493
471 148
232 273
447 99
153 321
54 143
53 211
376 289
483 472
76 427
124 365
497 452
215 210
121 267
104 15
9 318
466 278
403 332
283 50
372 351
346 288
499 278
419 399
371 375
155 402
268 300
252 131
341 117
237 319
335 314
132 341
471 196
28 450
1 375
78 163
451 225
3 424
176 450
177 422
176 399
199 332
463 296
414 304
123 156
471 3
196 310
6 103
54 168
395 386
49 407
132 473
249 0
302 487
409 277
177 480
312 437
234 228
32 128
136 0
3 8
318 459
415 199
219 177
63 321
228 114
439 113
465 212
199 41
318 268
100 460
397 495
76 264
244 131
131 460
468 381
340 486
38 139
316 107
428 257
224 379
344 156
368 15
56 310
430 419
379 375
222 382
146 277
260 298
259 391
124 244
230 79
218 316
424 120
230 386
118 352
361 454
321 462
272 81
1 378
105 54
436 380
9 179
478 435
326 270
14 89
20 302
118 96
217 91
477 42
247 299
105 95
58 108
189 426
156 182
89 42
275 261
441 377
312 136
406 271
212 138
440 272
221 84
175 411
453 290
89 5
100 200
160 194
120 10
45 202
244 277
390 486
363 371
8 183
306 176
166 266
39 18
103 459
370 260
50 130
135 175
228 491
185 88
450 388
442 305
434 495
333 39
410 325
8 197
225 270
37 315
185 391
350 428
188 140
271 72
248 90
81 258
346 476
364 118
423 297
144 159
198 210
35 478
27 108
379 43
210 252
143 268
196 396
388 346
418 236
326 11
270 166
494 259
229 116
265 211
370 4
214 410
240 68
28 249
145 267
371 259
27 355
103 366
212 223
459 492
3 483
1 137
248 273
242 496
207 477
482 7
269 77
497 196
446 361
480 25
285 443
298 351
218 312
36 254
246 282
117 347
485 101
227 119
115 233
211 321
180 174
251 45
241 450
163 248
125 39
482 144
347 410
75 281
387 417
52 111
310 133
86 169
288 295
29 165
486 255
429 92
137 167
469 32
132 230
270 132
128 258
168 104
237 328
245 95
58 124
257 149
319 369
164 196
361 459
67 45
489 348
367 496
381 126
209 336
320 13
271 331
435 449
129 292
239 173
297 374
24 298
167 407
103 195
6 331
229 316
164 73
422 218
197 383
219 303
316 406
237 40
341 440
84 172
345 470
196 323
473 495
402 72
267 140
324 5
321 126
199 53
271 338
221 121
424 468
226 293
333 93
385 315
488 26
348 321
496 185
180 44
469 470
110 434
439 88
214 434
339 113
303 414
35 111
431 24
169 312
405 10
325 354
380 290
111 165
203 80
477 107
77 235
170 446
386 40
326 461
74 101
367 166
277 377
254 402
66 60
422 423
278 471
113 248
265 10
91 76
36 468
204 68
366 465
5 226
187 252
205 332
498 262
491 72
327 127
39 97
373 393
217 462
62 151
13 330
407 327
148 456
376 295
260 204
430 242
347 266
450 117
231 52
477 300
427 75
172 304
49 318
132 45
48 266
97 194
22 414
370 356
151 22
226 247
341 263
29 8
125 40
445 479
131 209
284 422
78 58
229 308
206 127
394 361
56 254
20 343
51 430
452 391
490 54
317 30
38 183
76 347
178 15
224 21
295 162
220 360
21 373
352 301
163 227
333 246
441 71
1 354
97 492
46 305
335 87
122 364
63 225
240 198
71 93
255 317
177 366
91 328
481 50
277 296
394 144
67 111
317 336
328 420
225 414
353 227
443 412
489 475
174 358
303 230
47 245
464 411
91 76
127 407
203 72
69 256
219 98
434 136
57 36
450 114
193 134
399 303
131 136
346 388
470 305
402 150
413 369
446 218
126 4
76 425
33 329
427 145
282 253
141 213
328 191
325 92
247 373
362 224
465 230
35 208
210 435
305 290
8 123
127 103
380 134
316 56
201 413
18 243
309 335
26 160
104 137
10 352
428 351
434 372
433 245
181 469
111 143
119 338
293 472
458 98
154 173
438 274
370 208
43 457
117 179
168 422
126 221
424 30
403 406
152 358
180 188
183 185
375 291
115 302
253 168
193 74
348 259
467 131
88 218
249 363
285 205
278 417
448 411
169 203
61 203
391 321
358 93
237 74
229 233
401 352
426 482
93 94
226 275
345 61
276 166
224 95
12 61
324 2
205 460
15 493
167 119
64 406
333 25
259 301
154 62
396 12
107 80
207 489
402 185
351 53
0 178
91 427
430 364
325 267
113 487
458 192
99 280
157 23
324 432
346 268
281 330
411 94
435 240
425 470
375 190
368 128
56 375
240 312
79 338
325 417
109 192
324 284
307 60
344 334
102 483
314 42
136 383
123 77
399 424
114 400
381 275
2 334
146 289
127 94
363 78
122 452
88 325
385 447
133 247
83 82
124 235
471 397
326 113
389 94
347 225
352 3
189 228
17 355
301 188
266 144
448 165
490 388
187 389
136 227
161 320
408 219
468 286
251 379
325 146
372 140
495 172
400 224
431 184
372 269
265 233
250 490
379 214
103 92
171 418
91 91
163 333
471 499
378 483
130 222
214 203
228 354
78 209
245 480
250 362
447 118
460 15
81 197
141 339
110 36
128 312
497 201
52 143
126 468
190 282
337 108
462 256
465 65
46 393
255 211
181 296
163 54
103 141
333 245
281 244
408 295
348 261
404 406
226 400
182 383
343 269
25 19
437 306
51 491
54 483
131 306
212 87
80 146
391 315
411 265
60 173
286 171
77 408
308 43
426 156
425 342
214 121
427 450
293 151
486 478
136 199
286 469
115 200
15 367
132 7
32 426
98 45
453 318
361 27
35 114
308 139
261 460
263 22
25 40
371 56
256 11
480 359
60 394
113 448
455 75
354 98
143 339
9 304
183 448
62 223
362 219
31 371
245 475
368 294
203 271
134 239
450 459
205 467
415 10
438 319
417 222
413 144
300 60
360 422
145 335
54 423
146 8
335 438
232 243
366 203
294 435
246 1
320 245
255 304
123 87
309 45
189 392
304 222
144 489
325 164
439 142
2 231
21 85
181 337
393 254
41 47
400 187
432 140
296 220
307 40
85 419
163 468
42 127
468 467
483 187
181 293
377 423
360 183
20 398
4 41
441 413
453 398
390 341
414 237
129 186
457 221
42 215
194 120
439 84
123 162
308 422
345 304
487 37
287 206
99 360
125 292
42 40
382 78
168 432
470 148
221 297
364 427
47 263
348 58
73 338
260 323
128 381
418 106
164 467
179 205
349 263
156 305
235 391
175 390
38 403
53 145
424 259
375 417
328 323
161 223
398 401
282 422
380 378
346 52
257 396
11 25
182 459
350 167
57 418
173 378
375 447
59 78
496 300
123 434
9 324
225 285
59 407
286 359
411 291
187 484
361 20
479 198
218 44
314 182
60 127
75 339
418 287
87 134
420 266
90 63
200 429
336 167
378 259
50 474
310 289
309 89
287 172
68 141
323 5
485 234
73 235
22 60
46 343
109 110
25 466
395 51
70 225
484 83
410 448
89 386
475 220
244 251
392 114
472 312
46 215
302 457
369 472
315 324
286 415
233 277
328 311
36 480
415 251
199 372
258 325
398 141
392 85
52 142
455 136
203 24
333 353
325 5
329 202
469 493
270 468
279 202
182 450
201 316
40 449
127 253
394 151
236 25
19 286
274 288
164 474
180 477
482 497
199 5
350 163
131 168
222 120
71 411
79 256
206 124
377 119
270 333
358 123
261 359
499 377
204 35
12 164
161 236
241 494
158 213
381 444
64 289
52 456
212 487
112 131
103 418
103 341
465 225
436 461
191 226
262 436
100 247
483 274
121 113
326 76
20 131
420 60
16 437
424 325
308 80
499 388
230 411
489 102
416 47
273 425
361 459
206 387
14 313
427 41
469 135
266 105
165 490
279 38
363 33
114 203
444 24
287 465
419 174
73 276
54 187
146 346
234 415
81 204
245 248
235 8
465 215
57 1
391 483
368 336
391 107
131 482
299 187
361 418
195 219
406 434
133 249
16 405
109 219
319 97
457 207
274 54
407 275
258 183
371 298
405 126
461 262
450 388
307 112
183 163
450 354
455 442
347 435
154 323
273 456
15 473
27 82
357 289
472 434
84 115
94 343
458 342
230 407
19 260
275 389
243 203
145 77
12 50
374 492
300 18
491 147
229 316
457 370
156 87
54 282
477 93
435 0
407 287
47 17
407 427
130 175
252 2
53 275
119 117
135 427
74 419
87 479
201 155
242 397
179 210
303 149
149 156
444 90
107 57
484 343
18 14
17 466
93 123
92 70
349 212
483 227
58 275
430 71
320 112
322 25
174 499
7 477
67 175
84 451
147 26
393 420
386 17
140 410
332 479
191 232
312 33
308 27
450 222
334 238
263 270
269 8
485 289
465 128
432 404
431 401
322 79
96 176
86 208
40 89
173 270
303 231
110 485
208 463
201 60
330 394
255 317
458 451
80 92
497 275
177 12
91 280
456 499
59 39
128 394
16 99
183 302
139 171
134 293
354 199
446 187
356 184
488 201
293 315
442 68
432 142
274 119
470 23
414 82
476 30
129 395
49 344
15 312
458 40
240 1
41 312
348 38
239 249
64 336
256 384
27 359
330 188
63 153
236 301
331 478
225 64
409 312
477 126
166 276
130 435
99 406
444 171
420 447
136 35
420 337
48 244
433 299
304 378
179 348
178 40
457 362
27 403
29 218
494 4
291 196
454 476
499 390
189 251
138 272
461 177
422 410
61 9
387 207
55 366
258 419
133 234
137 215
433 160
16 19
67 280
108 307
197 21
124 108
232 239
416 263
173 193
202 338
45 235
453 441
212 101
187 211
279 346
358 324
195 212
344 375
182 262
136 453
413 232
471 260
375 145
338 387
78 401
488 392
185 475
428 441
4 398
96 115
292 283
348 454
329 487
102 192
497 364
96 238
350 410
55 67
306 78
479 393
137 236
212 319
260 323
73 140
108 116
400 169
475 400
239 248
292 305
21 341
431 290
52 117
36 134
212 108
353 194
431 43
362 343
166 495
135 122
90 91
112 243
495 490
90 87
244 235
428 235
25 265
234 360
346 429
37 122
317 58
101 243
86 100
95 463
437 104
195 82
326 27
370 307
246 173
408 312
47 491
256 189
401 424
354 343
465 247
305 243
486 282
234 258
73 424
28 329
412 362
241 75
234 90
263 111
424 481
472 24
213 471
396 80
423 466
213 102
345 241
375 370
128 184
108 110
439 53
415 489
416 203
145 156
120 151
132 261
285 396
367 456
388 350
316 115
69 164
405 29
251 415
451 280
242 379
432 59
400 34
237 199
207 317
320 235
496 327
223 304
260 281
483 443
410 0
164 151
32 480
247 421
54 283
14 198
109 296
330 446
497 10
179 420
155 204
32 499
303 151
284 107
50 415
267 119
270 461
293 432
205 154
437 40
238 259
408 451
249 347
209 90
362 246
302 388
387 17
20 334
442 42
457 156
275 344
305 77
9 397
51 98
490 66
178 340
143 228
428 86
176 244
490 137
26 39
408 293
479 413
308 281
437 273
118 117
194 65
462 275
226 55
122 366
58 216
297 300
238 202
446 225
362 266
305 289
434 388
154 66
347 265
39 462
79 284
201 9
284 126
181 164
382 10
79 303
455 440
494 376
101 193
460 293
434 463
204 117
35 368
133 358
172 382
19 24
33 251
229 220
236 170
32 411
66 118
411 111
339 22
67 257
50 440
256 379
349 484
204 460
318 384
267 190
66 342
93 138
358 100
122 175
86 447
417 154
118 152
26 328
438 457
250 446
325 340
177 6
318 174
411 233
423 488
330 178
316 490
442 275
450 26
473 64
218 36
41 391
71 188
146 419
365 361
202 248
106 43
69 231
464 424
412 480
10 388
230 242
17 178
205 172
236 320
356 30
273 306
347 249
169 197
58 345
93 34
429 112
343 199
123 499
331 308
48 387
129 342
372 278
302 498
318 429
460 390
196 27
276 85
282 395
240 297
184 193
305 333
384 113
464 1
161 359
246 148
490 61
339 227
78 214
144 493
383 248
275 456
41 431
327 404
201 324
369 67
253 385
499 26
27 137
349 315
463 40
101 95
175 305
20 440
433 253
353 164
120 168
100 129
385 161
337 427
494 86
472 58
85 99
89 323
138 464
5 438
385 454
259 106
399 60
165 279
295 184
353 19
0 267
281 453
380 385
471 470
29 226
326 295
470 114
78 267
205 461
415 83
42 90
3 174
306 441
125 20
39 453
221 330
283 391
276 354
324 15
242 100
395 353
319 420
39 366
327 398
333 244
186 94
120 375
168 41
62 278
232 146
476 453
345 305
159 260
275 473
73 483
189 369
141 321
39 8
258 180
276 218
164 92
319 463
4 284
63 340
486 418
372 147
452 462
222 69
394 463
298 350
71 320
141 487
348 65
245 32
102 106
50 374
337 266
50 222
62 193
464 465
112 48
10 188
257 416
379 85
287 151
471 30
369 358
423 464
348 217
176 21
395 450
68 226
300 84
129 119
84 362
262 93
281 49
465 273
210 390
394 197
79 497
207 217
34 448
166 483
4 382
185 194
272 251
187 253
224 73
435 168
114 309
210 50
175 247
138 27
224 385
382 384
101 155
104 441
424 135
18 122
316 280
383 55
308 88
161 70
91 33
194 449
499 205
452 404
283 174
411 442
326 360
15 145
86 280
415 119
241 11
291 285
340 409
498 175
97 1
34 11
312 40
245 228
484 163
189 50
344 267
127 100
245 23
303 143
114 332
195 70
356 208
117 486
13 48
49 467
331 111
151 435
163 143
159 249
151 499
119 348
301 495
18 246
241 46
230 173
244 356
64 425
264 452
352 33
353 277
388 402
189 184
179 392
493 205
204 338
187 144
139 323
422 340
238 10
35 163
371 469
246 131
83 287
173 10
140 436
190 26
210 380
272 379
84 389
228 117
261 141
316 267
107 253
115 238
254 345
166 150
282 477
265 413
275 217
153 290
316 267
148 195
427 26
415 272
390 11
4 495
262 151
404 321
411 221
67 19
22 17
495 233
498 304
21 112
402 126
393 27
74 218
96 393
166 1
13 363
359 56
59 369
190 473
195 316
187 454
471 114
199 209
365 466
430 50
176 239
118 332
402 421
315 192
194 498
214 333
389 59
428 73
398 300
116 471
425 93
59 304
365 248
67 259
161 231
322 497
182 337
110 440
484 436
287 277
110 178
89 1
426 351
4 18
341 324
270 120
276 118
366 329
440 142
225 285
283 101
290 47
339 317
253 401
30 323
2 392
393 493
344 91
461 319
496 200
321 154
272 266
95 97
91 491
276 36
489 316
363 411
80 280
33 202
26 186
78 63
56 380
323 324
143 253
453 137