2000
192 116
186 17
76 16
390 388
198 150
195 236
226 418
44 82
311 100
4 300
74 186
453 479
307 126
368 243
306 459
75 107
476 498
366 113
1 404
54 257
493 51
470 101
183 71
172 14
315 494
180 28
7 241
368 486
229 315
126 236
195 35
385 53
166 171
75 252
9 19
422 129
230 354
426 392
259 265
259 98
126 74
315 291
277 485
152 35
123 359
246 278
183 318
489 132
384 201
72 416
397 245
99 495
387 479
244 377
475 498
72 355
147 453
291 240
127 276
487 443
74 251
421 234
218 257
459 263
179 454
199 383
378 77
56 150
28 118
116 153
8 355
161 41
133 7
136 452
247 260
363 123
357 321
431 285
48 427
381 242
125 79
8 80
83 4
122 417
70 463
318 90
131 430
438 479
283 264
25 74
49 31
352 388
25 259
186 283
25 425
5 68
0 3
7 365
282 83
46 481
71 204
135 217
48 203
467 73
499 332
215 344
85 48
159 67
203 110
388 346
414 80
83 245
110 266
350 442
423 393
97 248
317 495
50 84
9 366
50 369
214 8
409 265
184 299
261 68
266 387
320 1
246 32
299 255
198 209
454 1
249 473
320 51
488 419
285 370
240 497
358 335
100 306
457 119
187 284
24 70
72 306
338 196
451 170
379 137
138 1
327 333
237 240
159 147
370 225
222 296
483 462
268 80
199 83
219 225
147 239
397 95
291 219
242 235
373 95
448 121
307 363
455 275
275 44
121 466
262 145
107 343
276 245
180 227
304 327
418 400
347 451
23 315
51 139
86 265
238 276
139 34
162 45
441 447
413 437
434 62
258 176
421 41
120 34
213 454
354 424
227 132
447 53
192 250
367 350
126 130
17 458
3 118
65 179
116 297
359 478
6 50
443 117
3 280
234 415
339 217
349 440
493 418
21 148
499 38
20 388
346 477
447 37
216 202
499 12
343 184
86 210
328 201
481 29
444 183
400 67
359 135
54 101
102 353
243 75
315 453
430 263
301 14
216 378
242 369
54 67
277 437
139 140
22 457
141 472
40 466
454 393
495 251
104 8
435 97
402 199
315 250
264 332
62 116
337 332
399 305
242 391
32 29
486 233
206 54
372 479
373 98
349 326
186 220
169 306
357 121
224 71
403 172
140 488
173 318
123 478
369 424
453 217
451 253
307 292
123 9
107 32
358 496
216 308
114 397
18 385
308 324
496 94
83 64
382 137
115 256
32 357
426 336
90 486
130 377
238 249
281 253
102 197
6 492
241 318
56 472
296 259
206 364
428 145
282 289
397 162
19 249
85 429
267 446
175 27
277 397
3 266
463 410
254 105
275 321
146 495
107 331
48 294
439 313
102 328
491 73
322 351
132 362
160 260
287 400
149 336
102 416
327 4
461 417
239 81
429 237
420 237
31 36
349 468
149 323
396 303
6 492
354 219
331 138
390 367
203 118
35 392
396 157
74 214
147 358
447 165
402 76
112 367
188 286
109 461
116 189
181 5
76 122
261 387
254 407
378 3
395 309
466 265
331 144
354 393
410 478
55 153
20 313
451 19
333 60
249 60
417 449
424 430
170 494
253 37
40 424
234 483
248 288
284 52
297 79
410 490
143 208
373 465
336 15
76 324
384 169
471 325
256 153
499 395
432 278
202 105
88 324
464 288
193 337
268 248
90 490
198 178
495 233
249 71
395 184
353 325
2 131
137 176
71 110
388 136
241 355
32 91
231 330
19 496
245 424
267 139
170 187
421 465
389 17
201 22
199 284
268 407
83 201
312 405
393 155
362 200
143 135
317 394
391 227
3 188
327 488
175 270
88 497
15 448
470 477
113 68
475 169
223 381
138 59
66 387
439 384
371 428
175 83
162 188
376 418
258 165
288 55
405 285
86 376
353 272
340 56
78 466
200 316
227 153
40 190
74 293
73 479
414 297
485 100
18 76
94 213
121 128
266 382
110 26
298 352
260 463
281 490
158 338
491 333
376 385
30 383
363 302
100 104
56 277
354 85
151 427
55 300
34 272
150 321
173 144
459 300
290 434
124 240
426 301
38 468
351 302
104 69
25 214
344 204
142 81
8 50
350 145
269 416
89 384
380 419
71 263
49 339
431 213
14 25
345 209
11 53
474 197
263 468
24 499
432 459
9 18
163 441
209 359
95 284
203 298
413 327
18 274
488 314
340 450
159 354
259 185
234 23
491 233
232 350
309 15
386 165
458 319
30 401
186 19
317 478
305 241
368 231
45 324
126 208
62 237
423 137
160 322
55 9
359 3
371 140
157 21
340 257
158 467
486 222
52 344
438 303
386 358
34 306
14 284
21 12
149 428
102 296
306 162
165 10
150 17
390 36
293 307
274 82
305 304
148 112
415 357
67 86
244 154
438 453
317 110
39 459
108 467
129 141
151 266
135 146
183 153
312 26
108 328
132 438
50 265
123 133
71 318
472 42
348 316
426 262
73 165
484 317
311 181
447 113
112 462
468 83
109 147
475 280
219 69
335 460
93 269
87 458
352 164
332 411
173 200
218 111
428 247
280 202
168 91
54 228
163 280
427 374
154 124
193 402
214 373
495 28
338 307
324 434
346 191
243 8
119 371
118 461
164 400
491 399
479 332
464 397
271 142
266 391
145 426
151 459
488 360
19 146
433 178
369 343
352 279
150 465
426 471
223 121
372 442
274 215
112 351
345 238
481 236
14 463
274 127
339 165
164 114
293 358
202 97
228 162
479 406
229 230
351 406
348 453
20 75
426 475
65 484
220 123
86 399
26 234
252 361
475 217
75 268
217 268
283 129
35 297
27 262
20 117
422 231
306 221
196 442
426 85
208 113
12 499
85 147
8 390
107 189
457 335
104 35
164 26
323 239
1 52
21 351
434 22
243 443
385 240
325 291
256 163
162 386
33 269
11 100
289 393
228 471
6 99
125 332
71 22
426 301
4 425
299 447
390 438
30 42
185 127
291 208
94 441
62 305
405 479
372 74
397 47
498 100
285 403
425 123
276 356
133 352
299 280
70 432
326 42
169 101
309 11
305 460
118 255
234 219
145 375
422 458
58 42
445 420
396 343
52 223
427 172
305 37
470 78
120 375
476 296
160 290
102 137
244 317
36 72
448 330
288 182
224 222
495 199
42 22
97 391
415 446
484 24
102 72
448 306
102 75
217 276
266 114
431 171
244 10
341 320
2 44
266 481
180 78
452 261
4 223
21 49
425 420
492 357
163 380
455 292
69 266
232 24
195 335
197 16
336 291
335 38
372 190
268 102
215 52
127 73
122 220
492 149
6 48
280 484
129 170
288 235
111 198
385 20
388 158
450 434
325 224
414 137
91 197
249 35
108 307
27 377
378 82
482 19
355 384
406 262
349 484
34 46
419 460
119 271
206 307
32 421
410 31
228 298
333 2
309 477
206 441
24 336
207 84
321 6
121 62
399 227
274 470
431 285
57 45
352 402
175 115
146 384
183 85
87 226
55 368
310 248
436 262
198 186
44 143
58 19
99 165
136 309
94 225
270 419
173 3
118 122
359 200
137 116
194 394
262 77
325 250
364 424
110 262
257 62
82 7
172 167
476 33
258 160
431 423
426 28
150 456
156 397
13 361
255 146
223 208
310 18
442 48
162 174
88 405
264 272
439 170
55 288
449 268
191 313
341 232
189 117
366 344
205 197
343 232
292 461
331 66
467 102
128 125
382 481
253 216
239 146
435 45
313 294
108 236
468 4
473 301
497 9
207 340
72 203
16 402
321 364
318 199
324 140
121 446
162 59
205 227
272 253
48 492
228 437
441 8
309 49
58 266
106 307
362 117
372 30
394 378
77 193
185 64
10 253
312 158
385 25
278 370
362 9
446 326
334 443
492 239
6 496
303 402
372 464
495 165
395 244
289 241
306 324
429 474
132 316
341 242
464 370
379 472
298 326
269 178
269 485
481 113
16 275
240 136
301 388
484 87
328 48
372 273
247 134
303 301
395 231
101 144
468 359
38 333
363 267
104 159
273 132
260 85
221 141
381 352
439 374
422 365
138 267
402 146
299 237
320 205
201 195
406 274
107 170
289 444
104 322
306 393
478 229
370 66
418 51
425 251
116 357
125 199
345 106
343 379
84 144
339 15
289 137
159 246
42 248
70 448
341 146
375 377
295 171
222 245
348 214
423 147
198 316
422 48
279 43
40 117
133 215
353 379
477 422
171 12
313 372
18 93
470 154
178 246
343 118
332 400
400 192
8 255
156 98
494 283
400 435
3 34
265 33
308 356
220 95
467 331
424 33
40 337
83 247
365 218
118 279
323 49
304 370
469 331
466 312
100 315
349 367
252 103
311 114
209 60
391 31
417 176
14 168
415 457
27 449
228 132
181 145
368 51
235 337
150 189
4 53
420 102
205 353
467 25
437 368
251 29
57 329
349 168
477 423
373 264
396 4
2 453
357 77
266 370
411 444
497 416
370 415
268 270
295 427
295 87
468 232
413 47
67 26
449 262
378 397
401 174
480 126
55 255
477 337
133 322
238 388
303 130
400 461
388 423
363 47
280 184
83 331
209 45
308 2
399 159
185 38
165 153
408 165
354 220
42 238
126 487
470 133
94 430
205 370
270 334
370 68
252 50
447 305
308 461
472 255
146 59
212 158
175 311
383 473
211 30
369 426
411 337
119 339
62 357
191 177
245 332
382 62
367 349
311 329
437 27
87 283
293 83
246 151
124 469
351 129
407 187
377 220
60 318
175 348
25 474
306 219
281 123
472 40
369 0
28 283
419 158
93 115
266 64
385 191
321 243
430 236
309 80
399 307
156 221
195 426
145 33
156 1
41 278
279 129
264 262
273 307
274 35
100 366
58 392
135 485
74 231
311 418
77 383
104 62
489 233
119 151
152 486
265 275
256 45
307 396
55 373
408 80
299 329
73 8
346 209
292 209
479 420
303 103
166 56
142 259
262 7
493 261
388 414
311 110
6 145
18 470
403 61
242 426
287 202
263 316
377 133
405 55
10 356
412 60
319 28
35 54
167 81
347 381
343 56
201 10
480 350
263 71
349 383
85 358
26 136
121 200
255 255
111 26
86 266
294 375
282 257
190 182
415 449
5 389
399 258
460 206
277 380
263 76
434 479
115 201
253 312
67 89
467 9
127 178
405 406
15 421
455 187
137 206
447 370
129 142
201 347
79 89
165 330
309 194
395 451
263 277
218 149
10 330
360 185
443 137
410 266
305 459
17 366
236 294
289 464
311 217
159 490
172 390
437 176
128 334
463 332
333 243
426 181
218 195
184 286
404 14
473 95
313 62
356 490
306 401
119 145
487 118
360 130
306 12
346 297
482 286
382 309
342 167
215 308
446 412
426 399
346 203
265 399
241 159
61 473
119 48
18 32
162 458
470 230
380 320
107 316
477 214
233 341
149 319
232 448
200 447
150 158
410 46
206 267
241 3
403 267
151 212
170 273
4 165
485 141
457 236
450 444
285 287
106 35
484 286
234 190
201 184
230 236
4 463
318 288
407 97
309 222
347 58
223 479
120 203
439 61
5 430
217 241
277 143
429 175
218 113
149 15
252 271
86 231
20 108
205 404
478 427
338 14
345 326
29 61
474 466
248 321
62 480
123 317
344 191
156 404
420 414
185 305
37 24
132 271
28 409
336 189
203 6
332 174
88 48
366 214
35 62
394 466
283 449
141 369
126 480
394 149
455 46
422 80
203 344
253 406
95 231
238 441
468 150
198 422
136 408
470 417
383 23
473 217
438 19
499 466
115 64
110 393
325 422
266 384
290 29
112 371
313 385
35 202
125 133
41 86
355 113
137 363
80 238
109 462
280 19
83 108
354 395
170 46
430 179
60 288
160 73
458 173
375 325
458 346
432 352
466 499
214 139
377 455
269 295
166 339
447 49
296 101
499 301
333 466
255 282
355 393
66 267
92 313
11 294
146 402
253 443
82 112
419 467
114 312
3 188
237 132
234 450
104 34
352 233
15 437
182 107
374 222
36 249
43 318
72 399
343 189
154 325
293 277
441 425
114 259
392 444
247 351
237 126
211 203
492 90
49 79
301 174
423 276
94 189
89 318
360 167
344 284
413 366
291 137
249 207
3 405
109 141
119 250
305 198
288 182
113 297
472 190
466 415
456 247
66 60
79 45
181 278
144 424
413 95
154 287
193 162
155 157
260 154
204 126
309 65
363 345
35 422
189 187
434 1
413 146
43 352
130 493
269 225
172 126
414 182
197 178
335 459
465 352
479 95
13 169
14 140
62 228
415 49
402 252
250 349
202 316
309 293
370 184
163 430
112 394
72 77
388 309
162 260
207 205
374 493
133 220
448 241
142 47
151 363
65 45
361 401
47 119
303 22
452 269
16 318
247 416
226 440
200 135
340 240
85 408
480 67
308 218
265 429
144 302
347 417
170 61
180 208
82 69
339 336
154 386
303 355
147 402
389 29
121 348
108 82
149 206
424 88
369 309
111 41
310 366
427 311
371 333
402 460
296 454
340 93
300 450
204 495
376 448
296 94
176 497
203 256
196 177
338 479
373 418
284 301
112 35
368 63
23 484
290 271
364 319
122 482
478 17
465 326
272 354
204 113
369 448
477 407
239 417
335 315
117 464
499 471
35 81
417 368
491 410
82 59
42 207
224 204
382 372
226 189
154 155
455 282
190 375
293 433
248 281
245 128
452 217
151 244
464 487
249 68
128 455
163 331
387 22
394 239
281 270
425 472
255 435
311 380
165 297
78 456
436 414
483 175
271 388
227 134
55 236
191 477
160 35
57 206
298 48
318 303
275 79
14 95
327 382
179 177
133 493
259 109
136 70
458 94
81 408
144 38
15 136
23 187
246 175
75 432
235 44
123 393
340 362
245 489
167 20
13 276
238 300
222 124
218 374
282 33
71 299
287 278
466 438
465 162
94 64
108 41
434 181
396 83
72 127
147 493
269 239
392 12
136 7
382 114
147 206
358 16
295 70
8 145
160 113
177 474
15 106
288 137
220 301
280 184
29 144
236 427
439 298
158 480
94 427
134 392
408 94
16 492
489 203
316 25
351 149
256 345
482 366
19 396
432 54
199 300
227 461
111 287
267 19
298 269
161 213
307 432
276 422
125 176
201 118
267 294
139 404
270 375
123 122
28 141
441 55
368 227
14 21
392 480
101 281
347 190
475 115
37 6
182 251
221 162
456 235
139 341
216 448
422 261
403 192
247 450
30 196
217 468
448 44
178 461
4 401
16 25
31 479
82 53
68 66
301 304
145 24
324 441
202 213
405 246
197 457
154 153
121 227
123 223
185 421
322 153
30 189
20 339
244 414
480 102
406 312
189 281
74 51
117 13
260 129
86 22
27 309
388 240
464 148
421 363
369 1
190 96
287 399
165 210
164 31
344 497
131 71
474 33
46 205
334 91
114 158
319 421
161 493
494 59
423 477
478 415
11 292
43 20
82 298
182 61
58 247
170 26
59 189
395 144
88 457
468 81
2 54
47 139
199 16
345 41
309 474
118 176
196 172
323 161
74 279
378 5
31 133
322 48
44 442
251 69
151 132
38 219
359 5
373 86
479 410
384 219
395 288
461 2
15 443
222 284
141 90
223 452
0 172
466 45
467 45
29 217
437 118
123 68
6 148
58 497
68 485
126 442
296 463
406 439
75 311
253 481
433 216
240 476
374 286
331 206
423 341
311 212
280 360
360 434
283 286
124 418
212 351
166 102
41 360
172 425
258 116
184 277
254 43
329 424
130 480
173 12
225 405
266 484
270 357
144 478
249 54
257 120
222 461
174 424
201 115
231 346
475 459
2 267
191 229
61 184
196 173
78 234
70 273
131 196
175 341
247 127
99 424
237 4
280 321
436 411
109 481
292 19
138 85
166 147
331 329
354 80
166 379
5 284
481 237
78 136
115 8
284 177
181 214
387 373
137 314
147 175
46 98
35 292
439 184
365 202
134 270
1 219
3 300
37 6
494 336
196 467
144 461
27 332
206 178
344 414
89 343
293 343
135 135
171 329
383 74
196 36
255 17
317 198
56 111
299 207
26 403
364 496
180 23
53 392
158 386
81 397
240 100
87 375
204 376
302 259
295 87
456 499
49 51
14 273
332 105
360 313
161 359
382 225
469 342
228 435
184 127
227 162
389 424
152 315
74 93
32 455
306 369
272 488
113 355
312 286
452 446
157 25
250 113
455 39
326 71
50 36
50 10
286 278
445 439
384 291
98 371
92 268
108 404
111 217
3 221
19 275
300 307
421 176
67 402
473 228
116 393
403 24
154 18
457 42
333 451
322 193
461 431
335 266
483 69
143 298
73 339
146 14
191 374
276 419
148 110
4 250
126 116
135 259
301 280
231 444
490 134
65 405
171 451
373 252
50 155
346 368
382 476
350 492
412 425
36 478
80 412
380 392
151 206
338 367
312 453
439 421
326 302
105 357
109 350
357 330
198 12
340 203
47 433
358 190
168 459
223 246
138 249
307 104
471 290
95 146
67 135
289 34
391 246
96 247
77 353
217 305
8 128
61 57
99 55
367 271
18 267
368 90
46 8
150 176
174 18
5 245
132 241
487 295
394 375
80 435
240 471
451 297
354 100
156 364
136 453
73 23
465 6
366 293
321 12
382 17
114 495
89 387
34 98
474 428
364 428
252 54
352 456
57 203
68 58
364 213
88 56
62 289
82 405
417 428
297 404
251 151
39 412
10 340
269 73
2 336
391 133
89 254
309 95
5 146
211 377
433 369
10 151
57 347
128 93
349 326
478 425
189 100
441 369
442 52
388 210
195 296
402 131
226 136
283 212
441 84
305 346
498 227
426 316
409 407
85 54
332 110
210 63
432 21
425 3
213 227
375 314
445 260
397 278
342 24
108 32
378 135
362 265
81 228
487 289
195 490
452 73
488 27
401 163
166 273
0 326
140 232
492 375
5 438
314 389
273 199
335 274
39 152
232 49
190 121
463 72
145 386
265 416
79 485
258 166
493 97
329 110
338 485
275 174
415 195
395 89
363 189