2700
60 47
456 333
492 417
92 300
203 280
369 187
264 471
495 20
33 55
26 208
355 99
408 168
266 89
416 462
458 250
149 246
432 18
287 457
258 276
57 380
419 313
285 426
298 35
90 132
340 331
430 468
136 48
137 338
152 402
4 405
151 111
481 153
462 435
212 269
1 220
386 269
47 420
455 171
155 345
177 397
217 347
395 459
150 353
255 384
141 302
265 111
264 293
228 99
220 226
299 440
61 221
493 185
208 108
306 300
49 363
210 335
294 266
119 458
194 296
451 226
337 336
481 216
167 453
31 61
2 387
460 182
219 415
24 305
105 279
494 182
17 6
272 57
15 163
460 243
321 61
249 411
127 10
315 230
292 147
34 347
381 146
61 347
152 101
232 437
119 258
264 227
284 488
152 389
132 151
212 112
23 306
316 314
44 2
149 132
331 188
334 36
383 212
165 248
37 35
145 398
477 9
497 262
151 261
412 149
261 135
441 476
142 136
491 110
94 187
227 492
380 425
489 414
162 263
151 7
257 51
60 296
58 234
347 58
59 209
197 111
439 173
309 138
100 82
121 152
497 194
471 348
262 377
141 461
320 276
328 292
440 77
163 240
150 499
60 10
121 210
383 257
248 60
494 44
49 348
395 115
464 46
423 366
179 78
207 416
60 499
428 35
127 1
352 91
453 278
488 412
22 426
487 371
267 270
470 333
449 316
362 217
84 265
343 138
54 115
467 50
437 467
468 395
339 417
195 172
436 292
219 183
406 458
80 58
391 25
342 51
120 192
457 56
194 204
172 153
55 101
68 139
34 493
262 388
60 225
18 457
492 496
455 89
499 250
275 35
438 242
435 469
26 59
115 392
397 220
321 139
278 453
298 241
129 165
390 60
17 189
38 260
201 9
111 345
232 200
295 386
356 23
434 230
474 382
454 49
189 372
325 128
369 319
484 123
183 351
392 375
487 52
61 430
275 189
389 172
410 8
31 184
266 118
0 465
366 241
465 307
287 407
227 290
265 156
7 63
438 448
0 252
182 278
467 413
437 310
170 208
245 199
318 53
18 11
104 170
477 236
496 69
211 264
273 75
138 476
276 132
384 429
207 128
41 419
229 174
234 330
30 399
452 479
343 348
18 322
410 447
369 348
464 406
333 80
57 237
222 472
253 185
314 106
25 460
486 207
38 106
357 72
52 420
120 309
483 395
194 138
338 394
152 63
144 303
392 486
310 53
238 114
221 63
375 52
260 98
57 213
285 150
70 414
224 189
84 190
180 59
305 279
194 19
174 458
296 338
391 66
181 106
21 130
34 254
204 248
313 146
296 261
176 450
140 218
408 252
311 76
207 441
312 117
427 402
240 486
404 223
181 484
466 437
191 54
302 352
499 248
9 115
417 295
14 37
141 57
486 274
215 453
422 193
447 379
217 349
424 40
24 122
59 457
11 342
194 103
203 165
132 193
489 64
102 49
459 355
481 243
48 445
138 49
428 470
171 86
126 146
120 447
404 2
344 31
486 267
432 38
84 189
254 416
466 425
280 208
451 425
370 261
162 352
174 360
298 91
89 198
145 424
278 61
92 402
21 122
13 431
120 454
222 97
22 226
434 188
465 154
267 238
90 187
48 430
21 264
462 346
123 462
23 460
214 401
376 467
398 235
41 389
338 371
449 264
304 360
14 384
474 270
309 133
63 416
180 357
56 436
398 495
307 31
284 273
93 21
256 160
401 343
66 298
62 239
451 16
252 366
488 317
451 226
142 298
7 14
451 174
21 415
446 201
475 328
349 231
391 420
263 458
256 145
384 330
346 170
388 336
153 450
176 377
27 104
471 170
196 34
302 274
475 218
398 248
331 302
222 100
58 75
220 486
168 166
188 104
292 14
464 76
305 298
254 492
14 332
219 225
499 62
280 21
121 327
129 31
131 453
380 204
190 41
207 100
56 210
224 395
323 349
147 40
384 129
461 401
479 250
312 32
53 478
305 445
476 27
480 287
491 107
0 360
312 33
243 59
454 368
69 319
359 129
258 68
470 95
345 72
104 301
131 9
454 10
37 437
76 430
389 369
229 67
100 389
448 393
261 343
162 254
384 331
251 373
320 494
66 73
374 17
26 23
33 6
295 481
411 70
439 371
438 153
42 20
413 390
85 343
449 26
209 99
472 333
180 461
34 144
161 246
121 409
267 187
168 154
76 62
433 432
85 367
239 223
113 479
322 4
31 198
297 124
309 92
53 121
117 489
88 440
201 278
317 209
216 468
30 338
270 292
12 315
38 207
38 251
256 151
201 213
337 139
231 498
471 146
136 137
429 88
218 224
285 130
450 35
373 1
294 332
147 495
202 158
409 185
188 93
306 17
156 389
239 143
289 240
229 210
150 277
353 158
140 368
255 139
140 442
274 129
476 286
444 421
106 31
124 206
223 294
35 430
73 380
472 274
484 214
492 201
211 486
206 345
484 203
145 461
442 477
263 419
340 419
450 60
266 298
444 74
4 489
221 479
253 77
291 193
246 89
75 135
481 309
364 133
94 465
442 9
280 37
456 58
118 472
270 406
480 236
77 66
45 336
413 299
344 150
239 56
192 91
252 166
299 173
490 117
478 246
283 285
343 111
83 91
497 313
401 206
272 329
165 478
277 170
320 430
338 122
65 412
78 30
55 169
138 230
476 398
183 117
228 111
202 378
43 163
369 51
232 296
274 494
164 397
179 404
378 484
396 17
400 295
464 327
409 455
205 103
72 237
200 388
118 152
167 402
305 13
309 37
31 37
286 84
488 47
31 465
482 218
13 280
459 234
190 477
432 368
457 247
488 356
360 157
411 106
472 28
417 216
105 281
217 448
347 391
356 205
275 378
10 190
425 288
118 321
189 467
214 402
259 498
155 54
161 471
499 66
134 133
266 416
216 239
130 484
41 63
294 338
381 317
105 156
478 158
125 223
126 19
18 191
246 237
60 173
92 259
244 60
328 226
466 362
346 397
312 448
139 388
57 458
115 20
178 162
238 445
464 155
198 216
305 334
8 296
407 365
277 452
178 3
366 106
355 496
445 212
452 19
478 84
456 9
24 445
242 486
141 262
330 206
41 191
488 135
0 401
205 395
251 278
236 383
232 117
181 443
462 29
113 134
495 292
89 421
407 19
133 331
38 400
91 463
98 431
184 431
327 451
229 389
124 78
47 317
112 356
385 228
214 74
219 350
123 210
81 308
140 30
430 215
178 30
313 374
305 129
80 349
90 484
414 161
330 214
423 461
42 442
368 160
363 256
318 87
396 338
369 400
115 36
418 151
377 145
274 231
80 183
167 206
367 170
236 82
395 197
139 11
24 437
46 8
447 239
77 364
116 343
231 298
450 83
229 149
232 327
362 355
62 164
186 382
316 429
479 423
286 211
1 470
478 310
401 47
263 426
121 479
277 380
463 353
354 79
259 44
252 439
103 121
3 314
95 290
65 319
383 74
45 351
14 236
135 375
153 415
394 398
130 127
332 24
103 446
342 186
477 362
336 94
408 81
223 339
11 356
282 288
491 246
482 179
55 5
421 469
367 60
187 167
191 350
148 19
58 147
9 490
85 35
468 345
37 345
201 191
331 400
498 484
163 323
180 332
301 70
131 453
121 20
370 170
190 164
311 18
9 100
487 173
370 446
291 456
499 259
159 493
329 331
6 9
341 492
63 186
140 142
163 46
216 261
277 385
404 258
358 441
114 265
63 346
154 484
244 354
199 153
336 255
265 28
21 342
29 458
101 436
334 169
282 116
1 50
309 411
352 405
22 19
217 318
303 85
292 371
377 399
6 491
372 213
408 123
82 245
181 437
458 35
151 15
417 92
355 152
410 78
98 208
26 284
222 167
391 181
432 14
357 268
333 291
414 229
474 241
30 348
383 7
22 340
284 34
39 292
370 140
348 449
85 320
488 226
260 307
321 231
499 192
483 179
260 184
426 250
98 235
242 308
149 334
368 117
409 285
425 259
60 131
452 125
204 146
453 292
23 464
156 127
306 374
58 140
390 66
153 336
145 340
174 396
365 146
431 395
154 274
405 209
334 215
213 209
1 38
2 166
293 376
250 11
3 451
370 309
145 393
85 23
271 142
288 260
155 136
410 72
281 161
228 168
377 467
6 441
460 231
107 360
371 253
205 358
19 374
119 427
450 164
307 57
317 222
358 447
19 324
337 121
141 300
120 66
359 18
101 126
338 319
425 209
419 62
288 482
409 438
454 260
317 359
433 113
61 486
162 144
265 432
85 499
417 406
276 205
183 277
448 378
439 21
435 373
355 358
296 224
484 264
476 102
216 153
491 409
53 277
61 153
4 170
76 146
351 422
51 205
83 34
408 499
225 374
232 343
67 80
197 380
482 403
408 25
286 198
327 399
52 340
362 389
387 57
331 291
496 239
273 234
85 431
305 181
377 310
243 389
269 296
52 292
317 103
154 460
212 103
295 333
222 116
25 158
449 462
201 356
90 297
80 326
360 176
338 385
126 237
33 81
373 247
350 437
398 42
146 4
338 462
78 293
451 412
374 104
312 252
401 427
254 403
431 481
218 114
203 121
203 196
443 236
174 428
323 294
150 424
386 469
114 340
253 316
420 418
22 479
259 233
488 424
257 13
479 271
392 476
172 182
270 447
228 468
262 444
220 51
372 412
105 458
275 486
404 358
189 47
280 427
203 448
313 120
391 460
288 292
474 136
435 313
281 245
41 163
214 395
159 114
72 438
425 264
474 199
247 181
460 164
464 27
0 163
476 278
422 243
379 116
429 397
494 167
330 62
309 35
149 397
335 469
233 74
273 112
294 208
224 20
400 106
122 40
170 252
495 98
214 93
342 227
394 496
410 336
223 224
473 220
189 225
151 309
421 274
334 424
297 67
174 58
451 49
301 296
246 121
66 148
375 312
160 408
96 121
346 71
143 172
249 171
480 184
458 400
176 254
321 293
203 325
374 347
495 154
128 27
176 241
406 194
455 403
25 66
489 403
427 223
394 132
168 176
428 227
333 479
272 457
282 6
354 327
334 9
388 201
295 314
360 416
320 201
267 315
71 197
272 109
93 498
27 18
97 262
241 307
264 430
437 365
192 399
408 143
344 378
192 296
213 139
192 53
220 385
434 460
421 291
142 58
76 14
276 21
328 174
456 369
234 93
492 393
388 279
9 252
400 233
224 202
107 465
350 417
229 179
323 136
194 150
164 465
338 123
149 293
162 166
111 105
351 249
28 455
207 239
324 37
91 108
73 49
318 198
230 276
264 47
49 53
370 311
434 213
358 208
374 83
40 373
122 486
441 391
483 150
187 1
461 307
208 131
181 386
162 26
73 411
464 279
90 122
188 334
42 376
311 398
271 269
255 351
95 393
43 48
401 78
237 83
214 362
249 446
324 395
159 263
394 398
372 123
458 484
212 412
311 352
121 23
375 82
328 228
129 322
252 371
306 30
245 489
287 372
120 346
461 112
362 279
402 356
192 86
499 212
65 405
428 162
96 186
267 155
477 424
148 396
278 229
71 454
179 23
369 358
322 299
78 331
187 184
123 480
193 231
136 474
136 110
148 65
72 84
361 415
163 402
131 9
315 442
465 54
265 494
293 335
18 439
124 371
204 57
288 99
73 249
359 425
342 61
145 359
275 266
168 6
367 438
380 152
206 183
29 198
385 323
263 175
398 403
312 239
338 454
203 100
377 411
472 414
274 71
338 469
476 401
191 6
158 195
230 424
122 365
40 260
287 7
262 303
42 185
140 74
26 380
143 195
110 256
327 115
437 236
137 165
172 413
460 328
104 182
399 191
303 226
85 440
243 90
127 199
125 138
370 119
315 152
408 14
481 277
13 235
253 418
183 150
330 277
459 144
187 287
13 211
151 490
80 451
150 246
236 59
179 276
280 107
473 494
123 188
275 454
225 136
138 28
157 260
404 320
107 469
180 443
433 473
424 183
429 365
425 74
202 166
125 456
302 482
22 98
404 425
61 298
178 129
390 51
371 188
157 146
90 479
452 189
372 23
241 376
302 301
319 166
474 357
191 296
394 276
201 214
364 299
280 114
165 394
82 170
317 36
15 91
280 259
134 319
47 152
306 375
393 202
59 125
274 367
143 102
316 168
319 344
310 32
427 100
270 475
12 9
101 439
198 379
51 381
386 333
60 98
152 192
169 454
321 63
166 443
112 317
161 334
367 431
383 324
299 294
155 154
445 163
43 256
490 496
181 446
44 228
420 241
195 49
112 89
33 369
186 278
465 497
280 199
23 332
126 164
170 323
338 281
390 467
463 381
179 232
460 496
238 224
125 380
321 285
6 237
368 206
203 192
244 333
165 336
352 119
442 143
276 22
341 133
14 166
250 305
153 194
270 210
442 243
29 247
484 116
322 387
432 204
389 378
214 176
295 406
49 66
440 90
223 326
344 281
438 89
135 95
157 92
335 257
4 452
68 216
456 341
397 242
120 388
64 287
193 186
104 211
301 243
421 44
178 376
318 117
64 468
412 453
211 222
26 100
316 67
408 446
188 272
12 158
445 161
347 76
140 138
233 452
348 293
170 6
124 378
347 488
293 188
262 259
359 356
424 288
86 28
152 184
342 127
288 165
93 287
278 487
291 233
27 363
370 492
370 49
37 494
182 217
329 182
39 445
85 188
68 463
499 172
299 221
386 342
481 439
278 479
65 111
475 70
414 92
141 345
339 284
354 30
212 373
318 183
223 251
66 404
428 144
365 418
112 227
18 103
82 93
57 296
366 147
91 32
377 132
417 84
114 68
441 123
158 179
282 260
16 233
377 201
119 444
23 242
345 231
176 41
337 280
279 233
265 56
188 223
307 494
62 457
80 274
453 4
116 238
472 235
288 132
428 349
444 407
138 451
492 141
273 167
400 181
89 405
128 166
12 278
235 435
209 75
79 316
406 14
102 195
179 230
80 390
298 107
410 376
17 288
455 254
435 143
48 208
226 377
155 176
463 238
313 242
410 25
39 244
291 317
47 141
32 470
429 479
355 182
470 191
445 225
368 278
486 233
110 416
444 212
302 117
359 407
432 116
360 270
439 324
317 4
326 486
318 201
383 108
299 173
250 206
484 97
182 118
386 322
386 292
261 330
90 188
156 120
242 374
198 369
373 181
20 368
69 199
307 338
363 453
159 107
56 114
84 495
317 238
382 471
301 55
243 143
115 243
118 400
269 358
391 168
36 494
193 411
101 106
59 353
312 465
431 70
65 368
106 15
486 234
141 488
483 140
383 384
136 98
308 1
22 257
251 200
463 58
164 297
150 65
382 75
145 462
330 313
328 62
296 288
128 315
307 437
174 111
61 190
44 162
272 370
422 66
476 23
172 385
302 141
216 322
284 184
349 362
276 466
254 178
345 73
362 234
345 152
194 388
403 407
129 90
8 175
50 403
140 485
126 223
45 443
479 194
408 182
0 329
359 185
110 107
341 204
356 324
65 39
446 402
493 468
495 427
330 353
338 45
268 470
265 316
11 166
200 97
426 271
456 200
159 285
341 418
95 1
40 49
451 160
480 338
117 296
150 475
20 447
269 488
157 141
307 35
132 20
291 359
59 410
47 100
370 219
72 388
437 465
125 112
302 240
37 105
80 419
218 39
379 453
94 487
374 36
56 253
112 358
268 200
300 171
242 167
55 170
488 166
130 344
437 113
219 432
351 474
365 151
104 69
409 244
281 198
451 283
142 189
389 63
87 262
430 41
64 181
348 337
182 52
17 478
263 119
445 88
240 466
36 162
406 196
247 297
80 39
229 198
114 74
337 470
364 53
86 267
104 280
184 286
117 138
109 201
290 380
346 406
68 382
78 234
31 475
14 325
376 464
38 95
418 342
247 227
494 134
414 333
120 451
441 98
151 237
469 51
457 293
175 167
402 26
1 106
283 285
101 367
315 11
353 492
219 233
219 452
286 66
369 133
83 258
495 310
361 234
28 316
483 171
197 203
161 237
23 50
269 297
308 476
468 84
169 14
466 188
106 388
373 252
362 475
285 456
191 357
25 499
170 219
274 9
98 219
269 288
85 121
450 38
475 393
259 418
458 496
237 226
330 416
391 110
67 193
402 29
28 258
329 280
289 50
269 455
243 387
361 390
280 328
74 311
81 107
104 333
411 392
308 341
303 94
287 52
81 370
480 41
321 461
363 161
117 462
350 484
374 360
41 63
226 154
262 115
300 159
403 218
59 212
306 212
116 362
85 445
486 49
362 65
79 160
122 225
209 196
56 324
387 435
89 449
64 465
477 203
421 365
429 380
92 332
47 235
180 60
109 132
49 18
178 471
196 128
176 301
125 257
192 85
34 365
182 134
189 451
316 159
40 111
295 245
332 484
45 194
178 12
382 6
478 228
208 61
214 26
136 237
322 191
408 180
314 208
159 91
102 4
467 475
72 494
331 114
309 404
268 228
234 487
67 3
64 212
91 128
365 130
321 227
407 39
247 230
173 74
430 407
234 127
122 397
11 159
415 453
33 172
160 184
187 267
332 227
355 103
233 275
2 72
111 406
136 261
187 359
118 161
289 117
366 204
363 263
68 378
50 279
315 101
220 62
290 354
457 52
327 497
70 42
448 181
295 33
244 437
450 482
100 362
67 91
354 466
196 282
61 422
375 99
161 376
230 96
148 303
301 39
81 328
9 223
256 382
171 304
139 353
215 121
213 91
57 134
417 419
194 106
57 330
207 69
165 218
374 289
181 166
494 27
102 114
496 355
12 358
63 19
493 151
94 279
265 206
125 151
109 34
365 171
241 166
237 424
65 258
424 111
490 246
361 270
478 92
302 357
229 342
345 366
497 222
428 439
442 262
149 405
77 52
70 14
290 170
428 307
270 355
102 205
327 260
352 463
172 305
147 155
373 401
123 492
431 370
132 403
161 374
278 133
147 90
260 348
8 437
145 188
245 278
39 247
210 73
378 243
250 382
284 378
370 123
493 259
163 154
380 478
111 324
414 10
210 111
400 26
66 218
497 45
292 312
385 388
483 354
89 115
493 234
357 225
484 216
222 351
181 499
323 454
464 292
403 89
115 26
245 156
201 34
346 94
482 346
200 83
198 465
199 141
366 44
112 409
260 351
350 334
140 293
85 26
467 456
482 341
497 435
469 227
321 50
396 315
250 155
121 449
90 300
344 172
81 309
160 456
142 193
486 362
240 134
90 424
117 208
143 425
152 114
16 112
279 326
481 413
214 29
329 454
479 156
465 26
334 412
106 477
192 329
463 444
220 432
492 406
331 337
303 135
99 335
161 320
85 378
259 495
301 299
307 441
319 280
193 125
102 153
334 151
447 146
79 150
56 168
357 71
59 239
74 161
481 158
389 88
435 418
69 148
441 236
17 376
1 260
266 62
65 456
102 100
102 12
32 33
457 10
249 390
403 16
26 176
116 236
154 415
64 51
139 223
451 357
118 156
70 305
113 236
188 135
0 67
101 291
301 32
274 410
426 403
79 177
413 304
220 47
98 419
494 136
493 237
246 446
103 111
199 168
156 216
283 388
179 156
188 236
146 332
235 315
492 424
229 166
213 258
177 449
85 163
253 172
470 430
394 351
19 73
141 93
481 175
183 424
13 12
345 372
187 159
436 80
99 31
141 17
318 312
328 319
343 403
185 433
284 165
90 79
173 155
183 231
7 6
19 366
90 20
32 364
296 129
161 468
337 395
60 302
473 155
410 240
173 168
185 95
175 457
464 275
358 348
206 147
366 366
386 225
441 456
86 270
90 238
485 99
253 427
82 397
137 79
247 492
88 162
471 285
60 115
315 436
435 271
137 21
247 301
110 375
146 188
278 196
147 88
16 116
13 400
479 98
443 3
17 79
364 383
498 489
277 276
47 313
334 64
218 36
412 433
474 328
24 410
350 252
220 23
423 366
317 86
441 255
334 260
495 458
299 50
326 493
306 76
493 226
262 492
426 211
39 26
288 400
4 415
438 139
5 225
163 361
116 174
286 104
62 302
352 281
274 362
290 179
257 432
277 283
494 19
46 55
307 385
300 186
325 311
388 90
304 183
209 51
155 272
75 496
129 70
284 427
458 256
188 74
210 215
87 465
372 56
442 485
171 179
491 94
185 349
32 231
135 489
261 241
89 142
212 188
116 219
475 496
423 426
494 15
333 485
41 81
66 205
385 335
430 89
438 228
459 467
308 322
416 94
89 421
110 5
224 301
150 78
4 51
67 425
410 350
431 400
105 451
139 349
291 490
218 69
388 229
404 30
476 196
469 320
325 65
219 79
157 402
453 221
146 14
364 372
272 56
359 148
497 230
72 498
419 140
370 291
173 307
355 126
446 149
67 325
256 123
377 286
359 414
280 183
55 5
413 144
292 180
410 272
123 142
282 482
125 42
202 4
130 298
448 409
86 428
52 367
153 343
109 281
464 12
369 389
33 20
52 282
406 178
172 462
444 381
424 306
163 422
220 478
387 145
74 20
387 326
169 478
259 392
256 278
167 224
96 125
259 52
82 148
462 18
399 106
413 258
180 175
153 76
221 253
273 393
219 147
125 13
257 240
18 237
461 14
491 37
89 409
409 103
121 24
130 371
129 372
48 395
471 162
415 53
298 45
44 188
53 17
257 170
407 311
177 127
164 220
481 20
123 106
130 390
113 96
321 260
156 94
256 369
274 479
376 171
212 73
442 421
443 265
428 52
31 202
274 105
126 196
302 107
497 101
198 284
396 462
56 19
240 52
384 313
484 366
291 112
385 196
314 234
138 328
382 94
52 169
217 156
263 178
131 371
155 112
426 181
52 52
456 483
296 292
11 192
305 132
181 302
388 190
371 495
89 378
48 105
114 141
171 117
489 377
342 155
336 144
48 268
103 389
33 5
49 251
384 44
199 354
397 65
412 439
318 120
225 353
347 218
335 339
69 370
25 324
321 263
383 362
103 369
226 487
238 488
33 276
482 122
39 84
23 379
499 451
157 341
59 77
416 4
374 247
71 485
248 252
466 244
466 132
471 69
57 192
320 209
184 442
378 303
34 223
27 402
95 386
463 184
40 155
254 379
217 266
18 177
422 317
301 484
405 388
432 272
482 315
109 105
408 18
241 488
390 442
180 120
156 485
492 143
23 196
315 246
424 92
409 333
170 198
438 211
483 427
242 370
475 317
335 352
340 235
30 429
401 82
419 210
354 58
106 264
362 229
321 421
107 286
336 82
145 277
56 274
497 129
298 299
3 324
412 134
415 195
129 442
152 316
226 48
312 358
439 333
254 175
313 112
195 361
490 2
276 340
321 47
198 125
302 120
106 53
100 214
156 373
189 229
129 160
371 416
101 294
321 310
423 355
69 134
488 470
162 411
458 117
242 484
456 8
61 396
110 414
287 13
242 118
131 476
244 224
18 2
164 345
53 339
325 439
409 122
33 314
283 424
408 344
204 25
274 216
130 118
131 384
3 417
245 226
450 134
488 342
187 468
159 152
92 240
214 484
150 353
277 100
296 433
311 37
253 0
118 85
469 235
4 250
476 324
310 250
92 426
246 298
303 131
224 405
389 247
100 290
390 392
325 378
415 186
187 136
221 21
256 305
407 43
219 261
363 383
161 30
180 307
438 407
312 335
82 14
305 54
446 183
61 195
234 271
260 328
349 273
430 481
376 458
71 338
73 96
478 286
93 235
494 158
494 383
398 307
361 76
111 203
250 159
430 24
353 336
461 190
24 54
364 392
82 400
348 435
221 155
242 326
337 166
50 237
44 183
259 300
355 257
416 223
247 105
294 198
241 100
7 255
499 265
17 371
159 81
237 366
44 232
399 331
68 381
64 301
101 464
221 176
399 456
413 489
40 146
99 207
315 281
46 106
329 314
396 415
133 488
221 485
316 178
411 472
273 237
201 328
356 374
330 275
116 107
105 95
155 156
437 204
162 470
136 335
251 492
332 384
221 236
266 53
377 390
127 30
358 150
24 180
455 66
173 206
154 424
80 278
335 309
131 370
205 349
193 267
4 308
45 26
431 225
115 163
193 309
311 94
275 51
469 336
394 82
6 142
273 48
209 87
309 460
161 340
460 14
175 355
233 464
41 72
235 16
177 157
103 429
332 489
177 378
461 302
296 423
324 319
406 421
233 33
226 67
82 247
102 186
2 109
181 187
55 43
52 268
197 233
74 156
386 382