2300
421 407
6 288
185 482
365 341
258 29
170 328
203 100
169 194
470 198
135 435
236 300
46 66
458 148
212 494
406 320
227 496
137 179
13 234
75 174
203 378
207 185
285 374
68 262
313 307
94 391
191 448
366 183
183 237
83 176
497 247
244 342
21 224
310 233
407 35
265 237
422 111
337 472
87 60
219 257
148 400
348 313
348 339
428 215
391 31
279 364
206 240
465 375
108 227
262 127
217 367
330 28
352 491
51 167
425 439
339 122
436 425
117 40
107 136
168 45
409 498
239 299
174 467
195 56
35 134
1 309
337 252
244 184
351 42
333 147
270 128
406 25
65 58
194 23
420 172
22 214
13 330
149 113
169 187
173 344
154 205
309 27
211 343
237 53
201 414
395 71
96 471
29 301
324 161
185 75
290 244
426 207
321 155
195 76
272 342
399 368
395 278
122 209
262 458
373 359
282 315
138 268
69 378
391 19
95 245
341 428
136 237
392 120
196 309
3 87
308 320
99 403
112 55
14 73
284 226
394 387
155 67
297 32
52 76
173 189
117 499
88 14
134 105
266 332
420 182
3 270
25 80
135 102
175 489
215 149
36 311
378 461
494 43
119 176
217 398
249 292
159 186
292 337
169 293
328 410
32 441
21 331
285 57
46 157
158 312
123 114
75 195
90 2
30 421
319 62
206 247
433 68
257 365
159 77
488 427
220 487
170 372
430 242
251 307
119 328
442 409
456 94
96 18
439 47
461 478
225 111
31 167
33 159
236 289
68 44
383 76
301 288
30 405
212 231
59 133
395 331
425 354
372 203
102 374
352 163
126 63
231 78
89 158
447 116
160 177
106 15
303 43
448 407
138 186
171 12
343 49
403 66
122 120
494 127
143 224
140 347
277 269
427 371
487 218
395 226
241 499
394 1
408 397
435 194
206 398
300 106
25 401
21 203
183 147
223 16
215 326
95 363
86 344
62 375
101 425
424 457
311 343
92 170
364 71
470 27
133 422
323 270
325 10
9 345
213 8
186 233
448 280
124 134
9 35
312 38
347 110
305 89
259 158
230 249
276 476
398 52
174 262
272 74
419 499
360 282
367 484
264 398
32 315
202 240
278 41
4 15
104 125
136 161
411 215
43 366
270 39
153 442
16 444
295 278
412 287
271 7
406 279
446 387
127 438
332 149
16 405
30 188
349 472
187 166
384 112
4 231
25 154
450 157
435 393
32 98
105 347
478 303
42 11
302 425
74 169
74 134
174 442
414 456
123 375
488 101
184 359
366 344
353 61
454 316
414 289
488 338
141 372
235 467
244 183
204 37
23 170
112 278
235 197
73 26
479 210
69 413
109 164
225 287
456 462
251 32
370 222
94 92
411 364
399 330
219 155
325 104
234 243
292 437
463 469
31 217
482 442
458 453
240 91
54 36
420 196
271 157
249 142
358 365
47 12
167 258
214 267
362 344
281 300
122 154
372 96
391 153
106 354
446 201
237 199
247 352
9 9
152 18
236 111
475 10
120 283
50 143
487 186
487 412
419 121
217 109
262 291
497 460
162 221
272 295
499 399
261 19
390 361
324 413
275 126
409 299
294 396
434 312
224 134
255 421
382 495
138 324
285 497
218 136
283 447
198 342
361 283
496 459
224 103
229 320
119 0
248 139
303 414
48 182
456 379
375 155
479 338
335 13
1 116
415 405
247 285
420 114
425 461
64 416
236 2
2 146
285 207
473 102
136 440
319 21
28 92
283 194
208 360
476 118
376 61
198 244
210 123
436 118
386 135
489 1
147 474
34 491
445 284
224 7
381 82
174 395
90 409
269 309
428 150
211 98
342 304
279 410
380 404
391 216
69 267
93 381
224 68
204 127
135 170
252 280
175 16
277 278
88 265
267 399
497 368
24 479
389 191
447 303
371 269
388 338
219 292
360 482
461 444
114 416
196 96
464 218
348 224
341 242
493 436
156 109
88 342
385 180
336 329
98 332
170 59
352 339
173 390
186 64
481 134
83 152
370 29
253 47
141 218
7 95
56 134
476 163
196 144
325 361
193 32
91 275
114 216
458 295
360 287
274 144
148 193
74 357
404 370
440 328
275 398
384 447
463 183
327 361
74 159
43 152
279 120
188 486
282 394
33 146
142 142
187 307
164 290
160 261
441 421
171 100
400 216
399 55
268 363
374 78
82 343
315 269
255 362
108 3
1 37
31 141
301 143
433 218
480 465
238 445
45 273
342 409
317 297
160 241
172 85
280 386
155 106
320 95
450 411
300 428
422 451
446 332
402 223
40 379
176 234
8 279
40 74
371 350
443 357
443 32
270 115
74 75
23 426
189 394
175 473
277 489
173 97
320 223
455 76
310 360
491 483
57 170
20 32
241 429
313 464
431 36
112 83
361 357
252 135
460 402
392 427
376 89
165 417
345 196
408 472
455 8
178 252
284 13
442 51
15 377
414 255
338 298
156 26
13 52
454 260
39 325
267 198
116 267
463 432
404 461
469 223
475 359
224 0
51 111
489 166
421 418
216 255
133 112
16 224
336 146
323 470
169 227
494 90
374 137
98 309
33 278
490 420
420 360
324 214
233 323
241 313
68 154
118 309
386 201
199 134
457 222
302 374
465 126
263 296
458 191
470 213
485 491
203 312
378 257
80 27
192 111
118 173
483 112
165 88
223 369
443 216
91 32
158 245
394 408
99 273
338 352
195 421
85 324
433 250
130 464
75 14
187 322
287 193
282 22
391 452
21 357
241 187
284 112
372 399
24 30
382 323
245 214
38 429
180 182
146 472
338 310
484 74
267 377
400 271
76 401
110 143
330 97
61 351
102 115
145 433
256 478
193 380
161 353
36 83
407 193
3 34
108 245
475 340
111 228
129 375
18 39
136 92
443 349
316 197
482 46
24 313
45 239
444 69
153 207
400 332
367 412
10 256
448 475
203 485
360 411
451 185
277 230
431 439
137 220
118 99
413 119
210 495
416 310
369 7
339 69
334 122
230 58
386 344
329 178
89 441
126 41
271 392
332 255
328 55
154 469
440 446
293 419
230 3
362 210
131 99
73 53
112 465
161 303
481 498
291 342
383 423
315 418
173 7
62 147
468 1
300 68
488 261
116 445
155 218
169 478
383 139
456 95
398 495
345 118
460 232
155 137
407 196
203 322
322 432
286 117
185 142
255 438
383 173
243 371
201 391
30 265
360 85
432 338
456 110
342 130
119 269
465 349
24 26
458 20
137 346
340 96
34 322
348 96
467 418
309 91
208 21
458 191
29 420
31 242
372 338
107 225
75 491
369 424
444 451
297 180
276 81
255 137
233 311
81 103
47 53
426 242
285 255
28 236
478 314
4 59
284 351
194 111
35 211
162 64
244 331
412 311
301 20
183 168
123 386
291 264
358 170
278 217
453 143
310 306
217 284
135 314
278 353
65 329
245 165
497 79
243 489
362 409
429 44
282 45
162 53
75 74
143 20
164 353
11 449
233 474
140 228
82 368
49 418
84 499
78 295
136 81
342 173
69 498
396 272
177 352
426 410
430 252
458 421
370 446
272 469
198 103
323 265
183 132
131 225
372 267
200 61
235 8
359 43
167 304
156 255
17 196
300 434
356 447
246 258
228 226
182 370
135 278
410 5
230 171
438 41
454 102
463 491
386 189
494 322
429 405
101 2
289 446
245 401
160 497
75 343
214 240
370 257
115 201
372 132
25 345
300 163
154 479
169 263
85 392
297 15
369 366
312 398
151 10
7 409
253 311
403 435
192 319
372 125
257 307
5 245
260 134
114 305
68 266
158 135
2 5
223 455
205 371
234 35
296 356
20 241
176 401
220 275
401 221
380 93
190 10
145 385
190 302
68 111
246 110
467 226
33 248
471 190
77 90
446 205
299 374
275 318
94 327
400 348
293 347
209 281
166 483
137 354
317 209
319 205
283 415
15 139
329 168
258 487
44 407
133 56
227 195
375 408
256 321
20 275
56 401
236 229
436 75
284 373
78 253
169 455
94 213
381 184
23 424
183 491
400 420
467 316
76 127
300 342
470 185
86 320
49 26
101 323
196 337
91 237
193 127
340 112
148 287
63 74
65 24
444 98
414 465
444 263
106 491
28 244
64 76
454 114
437 466
155 408
145 486
113 98
210 338
478 453
379 211
235 41
140 445
262 31
294 406
249 207
303 252
328 277
392 220
186 135
43 181
167 341
440 40
379 280
86 2
213 357
250 465
262 300
331 242
1 377
84 126
378 250
28 239
459 59
194 272
305 145
339 89
129 473
105 131
485 360
69 43
9 51
351 320
414 123
0 183
309 415
18 436
176 39
98 398
170 135
133 144
85 327
300 324
307 215
427 258
301 292
195 497
169 162
138 47
82 83
351 138
75 243
282 369
267 103
238 233
229 289
116 371
47 315
382 269
379 354
499 309
306 32
195 194
93 475
411 333
323 175
418 262
483 250
353 53
286 102
391 92
315 15
182 359
128 215
69 64
374 7
40 420
467 180
8 87
272 60
88 419
33 447
198 358
411 16
118 51
495 49
417 361
220 163
378 99
164 201
208 299
220 390
70 100
39 187
99 78
349 311
259 39
398 382
250 309
360 161
211 368
81 356
371 480
431 302
3 249
48 447
337 63
16 120
159 408
338 55
219 259
298 188
70 330
139 48
210 321
41 351
207 273
253 475
277 430
179 36
484 132
47 80
200 321
81 63
119 360
471 420
108 190
20 121
170 30
203 159
10 232
5 97
72 70
0 110
498 201
185 32
112 482
156 232
296 164
24 237
157 267
309 347
321 117
0 329
340 343
75 55
152 202
124 432
394 76
129 477
9 392
375 314
399 473
137 31
120 47
166 162
361 130
247 475
304 182
25 99
155 496
198 452
384 159
88 323
300 130
23 69
236 161
134 250
133 135
34 271
285 253
383 200
175 147
181 483
82 331
179 59
11 89
101 377
52 248
378 189
110 204
217 401
3 346
481 351
475 136
390 367
67 260
259 273
256 94
277 293
352 191
280 456
186 363
463 381
422 90
147 342
95 33
231 364
68 99
235 65
432 43
155 477
251 0
446 415
208 359
50 224
180 60
275 183
64 218
309 91
433 339
224 308
172 380
331 455
20 240
135 419
396 453
305 291
206 147
359 251
475 266
178 409
92 8
78 305
396 9
200 239
47 181
62 276
83 220
312 245
164 104
409 448
239 61
60 66
317 297
415 419
181 145
5 93
398 125
134 83
323 147
328 186
462 370
442 242
488 46
2 107
407 152
65 263
181 146
295 126
397 350
495 210
155 78
204 352
436 405
52 190
377 111
333 381
475 191
89 128
235 463
468 443
206 142
140 385
11 387
238 287
349 409
339 85
438 4
409 43
86 226
189 462
195 463
6 374
2 170
486 96
39 89
83 306
191 98
337 223
362 55
316 427
13 211
215 155
51 303
381 477
439 137
452 422
296 486
156 458
54 151
240 494
152 446
44 324
399 344
251 381
309 114
325 67
74 174
329 393
370 125
262 210
132 161
147 214
173 280
431 155
150 79
25 24
348 154
350 421
155 99
213 101
20 464
490 391
284 95
72 319
29 154
167 335
401 13
293 314
469 426
358 77
101 471
126 235
157 301
400 476
430 312
128 466
209 450
397 118
289 493
499 470
305 318
183 166
332 58
485 328
405 301
273 195
430 6
307 251
227 439
251 60
26 9
460 231
201 87
80 357
327 490
160 431
449 484
395 343
172 281
434 232
427 429
436 59
310 357
297 243
155 390
399 400
484 33
120 359
69 185
176 52
483 248
85 336
32 284
65 480
212 56
485 352
411 491
348 421
17 222
112 497
250 172
206 363
75 234
271 178
231 144
244 299
136 66
351 329
161 20
76 268
120 373
364 413
187 32
106 65
414 204
228 218
433 16
102 286
465 8
4 374
173 48
114 249
430 161
181 317
86 92
465 109
23 58
442 182
99 210
266 48
118 365
382 346
133 52
60 484
210 450
498 417
166 384
397 112
282 96
188 431
392 368
278 6
40 415
477 221
121 139
356 95
442 240
144 238
75 427
377 204
473 285
21 375
339 139
88 271
202 473
341 276
134 446
362 472
45 174
165 191
139 166
406 22
260 81
8 50
107 187
325 237
464 80
72 198
469 155
129 160
288 23
470 322
294 423
97 184
227 339
6 263
137 366
299 264
167 397
437 307
396 126
206 262
460 360
16 130
290 282
157 145
467 431
354 479
15 114
453 303
418 243
461 311
76 55
305 261
420 95
221 242
4 317
29 279
410 316
450 45
42 52
483 108
87 362
476 189
493 103
198 281
445 263
319 159
272 373
468 124
218 193
362 189
468 74
390 391
437 230
283 193
301 331
193 266
308 240
195 21
155 301
416 245
405 100
325 235
211 177
222 293
334 281
355 84
476 302
33 98
291 265
96 168
286 444
36 142
15 94
247 84
329 22
474 164
251 234
264 299
92 463
96 338
423 426
81 452
50 251
16 466
134 193
489 464
458 420
15 25
109 474
348 262
278 439
25 323
122 30
345 141
480 67
345 441
393 255
6 278
244 295
340 22
486 378
151 329
207 445
271 18
132 316
107 119
294 411
441 133
126 269
336 286
79 106
213 33
312 473
120 219
241 56
287 461
142 80
377 290
308 349
166 148
119 292
203 125
110 414
35 496
134 237
195 371
256 214
39 409
128 68
477 159
472 222
302 116
406 115
464 31
179 66
358 482
108 150
416 62
410 218
307 451
174 45
111 355
116 431
351 150
309 244
318 180
296 282
397 472
3 202
268 213
196 34
185 127
41 156
226 453
257 451
348 386
241 431
214 459
461 357
453 66
98 271
405 272
96 395
449 154
367 100
134 218
197 415
71 171
477 90
393 298
184 234
165 94
53 277
134 380
298 15
138 439
211 396
143 43
49 308
260 93
163 416
332 246
418 360
302 255
405 395
129 195
289 441
218 146
378 195
62 204
144 28
277 52
447 207
367 420
365 496
412 127
374 28
240 96
352 144
391 42
90 109
51 20
18 231
426 269
326 397
425 340
392 470
177 54
475 191
187 45
172 340
221 452
48 398
42 461
4 252
362 433
305 446
177 265
386 324
73 456
296 212
182 498
405 41
232 360
257 380
72 420
224 429
180 293
107 272
377 222
8 463
409 91
356 313
489 86
394 242
307 62
413 191
84 489
201 318
50 168
440 458
240 474
268 164
289 420
494 375
190 166
109 2
168 99
37 465
59 157
220 432
475 366
208 485
303 59
227 409
220 205
179 168
184 460
380 299
26 473
139 374
229 216
315 100
417 397
54 353
137 477
195 126
463 112
171 255
17 118
323 250
270 237
197 355
154 455
280 429
155 181
397 420
372 384
281 65
270 290
267 188
166 407
19 314
422 130
100 42
144 439
176 424
279 415
222 373
154 285
466 2
274 309
194 216
281 147
437 327
367 51
310 56
222 386
368 329
371 144
83 468
244 15
282 111
336 375
161 4
359 490
300 479
195 133
132 346
25 328
231 69
477 245
131 41
222 200
344 351
319 93
461 280
391 64
291 95
100 80
70 452
432 311
444 222
420 479
160 77
498 298
43 391
285 476
176 26
377 7
453 372
4 48
464 266
361 396
476 256
208 313
124 398
121 492
324 69
498 393
191 484
227 496
324 86
112 364
224 0
225 341
390 177
295 229
477 354
110 156
470 453
204 171
15 94
15 177
70 191
27 365
214 262
348 255
471 38
391 313
154 195
224 116
345 396
251 19
176 323
128 213
236 498
92 332
9 252
295 460
177 80
194 323
78 391
430 394
207 401
97 321
437 362
258 173
193 134
457 361
427 221
219 86
270 163
267 163
475 280
212 63
386 153
44 406
300 316
217 326
499 360
74 166
192 288
423 184
46 385
458 380
318 325
488 177
192 89
221 108
171 168
321 433
191 409
225 217
396 343
203 294
313 395
184 277
462 5
242 107
339 360
185 200
229 10
451 25
133 421
441 172
457 156
65 114
332 148
343 142
437 228
475 47
176 102
459 159
118 138
350 201
253 310
320 387
413 334
107 123
295 398
55 49
163 104
104 120
115 347
75 447
494 404
6 51
62 171
161 465
18 33
343 364
251 123
457 15
490 164
415 64
113 285
241 470
442 129
476 345
292 57
461 404
307 287
310 319
284 369
254 323
187 154
277 97
464 439
455 86
3 454
91 370
340 468
97 332
177 283
192 74
478 322
109 154
473 285
6 271
94 110
116 261
210 282
73 246
332 27
481 28
399 335
304 425
109 91
226 401
327 139
461 419
425 157
442 422
193 250
212 301
62 287
421 329
75 124
151 494
23 259
95 485
262 274
217 251
4 371
10 444
215 184
341 471
393 140
242 136
437 438
78 455
284 351
475 351
346 211
470 479
464 221
347 417
20 226
449 64
8 25
209 460
283 223
215 402
38 29
467 458
265 475
178 397
249 401
112 6
485 95
168 434
352 301
379 15
79 372
249 328
288 440
15 310
65 424
453 231
41 103
431 272
170 306
207 109
115 419
366 171
105 452
253 34
401 309
34 132
461 480
272 135
446 101
25 288
371 11
466 330
103 412
70 397
359 273
192 129
300 326
279 58
444 257
67 32
17 345
177 101
236 478
431 450
90 34
397 309
139 461
225 216
465 242
367 147
276 324
3 59
469 428
185 282
166 265
110 252
205 183
13 140
442 294
180 445
254 32
345 430
146 393
488 70
217 463
288 355
267 345
273 291
425 88
354 458
63 91
275 316
456 120
266 140
85 398
282 299
229 191
437 127
49 227
190 425
132 266
111 330
473 399
340 384
195 398
342 194
362 110
230 469
109 171
69 349
148 195
238 204
331 377
456 175
452 381
499 146
329 85
336 463
199 302
53 176
222 394
356 395
364 85
256 439
288 473
20 177
381 436
165 259
434 65
298 121
267 239
176 297
112 96
251 12
41 312
58 304
199 263
348 415
354 415
388 456
134 142
430 261
20 367
284 95
216 306
45 82
232 335
284 221
86 344
8 35
191 127
242 67
482 390
157 443
399 188
182 397
158 385
253 112
207 178
337 37
472 275
110 234
308 204
400 394
281 394
373 409
476 472
214 115
410 310
350 371
269 310
47 32
496 279
310 300
190 55
330 147
233 14
70 292
187 41
287 470
231 320
293 160
128 59
221 359
231 38
200 71
455 352
131 248
400 303
358 441
440 442
456 40
333 174
67 26
349 372
192 355
367 80
140 485
197 495
386 361
285 428
132 86
186 240
44 115
409 87
29 254
295 349
375 338
364 128
0 443
298 213
146 192
30 165
13 286
499 79
7 251
337 284
25 491
106 376
463 421
175 15
217 344
182 470
98 444
239 399
464 450
495 389
55 110
248 377
456 420
171 248
32 315
306 360
236 409
330 264
132 51
248 6
328 201
145 282
181 279
229 237
126 146
108 76
453 33
453 357
105 261
76 124
337 137
47 234
499 425
477 229
235 483
184 225
359 64
195 181
418 41
39 424
353 45
78 147
356 306
420 384
360 461
451 496
83 197
123 350
79 434
417 452
29 315
231 101
134 388
429 426
202 53
450 320
320 55
214 28
264 176
490 134
482 125
322 441
291 65
351 297
249 370
37 268
221 278
167 120
398 356
261 448
269 453
8 211
91 441
117 74
60 356
481 107
400 395
312 155
453 191
62 164
432 202
481 451
72 6
362 0
448 322
275 475
38 69
10 136
210 129
337 480
439 123
18 170
326 340
31 330
494 279
333 445
249 279
285 166
18 173
495 499
474 467
388 271
407 12
493 251
83 469
444 331
1 22
362 462
145 179
310 246
43 139
418 144
162 292
465 55
54 181
0 461
84 28
392 240
491 343
164 386
217 426
449 109
71 70
250 163
261 68
208 60
56 305
449 478
34 219
252 267
80 440
469 252
492 164
7 361
99 336
114 23
132 316
387 415
79 56
124 489
49 192
349 184
163 106
177 151
418 49
341 429
33 498
162 162
376 377
213 21
44 475
292 180
95 29
85 31
20 26
219 209
246 421
27 420
71 261
310 56
485 489
487 151
314 370
248 1
374 42
17 313
493 271
300 309
192 89
115 385
446 212
134 186
107 192
453 13
70 178
168 115
119 407
130 7
361 285
327 378
191 235
6 344
6 185
126 306
43 50
263 93
280 342
386 249
114 387
417 192
307 36
444 437
445 278
415 74
304 306
393 94
291 495
32 252
410 149
199 10
104 454
296 314
63 384
271 182
374 178
214 40
478 34
164 10
436 423
81 432
378 240
88 326
78 169
318 120
483 489
295 370
184 87
471 443
125 100
278 94
134 352
238 344
207 112
387 254
186 143
236 320
147 65
86 324
296 77
66 257
127 279
366 213
156 163
263 189
283 282
486 41
238 270