2500
76 339
320 145
317 47
368 97
43 485
416 487
79 282
204 306
101 173
262 101
385 319
116 191
369 119
277 467
56 62
253 39
184 132
31 425
22 2
339 400
387 418
200 255
62 318
343 256
358 15
334 106
297 95
214 302
270 19
433 492
31 326
310 187
112 68
70 342
242 487
405 409
17 481
299 105
361 79
94 142
100 71
166 281
83 398
269 233
77 353
31 202
389 460
28 342
36 2
489 450
212 278
111 246
351 229
308 262
256 64
136 254
35 357
107 154
239 471
324 376
78 316
277 208
402 320
322 157
108 290
68 163
409 320
49 31
293 112
176 209
315 401
258 164
319 203
174 217
93 410
227 350
58 24
344 356
13 312
102 18
33 473
293 22
405 294
406 194
403 198
452 434
99 71
274 210
428 270
180 448
298 373
397 259
115 209
373 93
463 481
454 328
350 496
290 248
294 256
306 48
483 50
121 258
321 82
352 395
195 101
326 384
144 345
406 76
169 111
92 280
108 133
481 399
499 310
418 272
320 293
343 77
187 303
237 464
211 360
461 441
326 258
104 288
364 322
433 10
142 385
370 378
129 102
265 352
124 128
273 183
112 296
100 117
433 300
12 189
131 497
255 474
114 457
279 359
222 330
67 64
294 364
319 438
290 275
403 84
119 266
62 29
146 232
384 14
204 431
428 396
222 335
144 36
395 188
18 275
339 469
334 86
376 486
261 153
89 166
284 17
46 208
440 346
361 44
475 176
73 417
252 256
292 147
336 396
171 39
9 354
292 362
200 195
200 20
186 462
331 289
497 470
169 377
273 290
466 382
299 100
208 391
39 403
151 0
392 375
81 174
36 253
448 226
246 237
51 148
437 285
107 234
463 286
76 276
10 236
336 43
286 309
64 45
397 325
52 215
389 141
394 134
360 278
367 342
490 458
243 270
4 279
66 351
479 467
55 142
37 490
151 391
288 324
1 216
283 38
179 54
40 173
303 74
268 252
210 170
440 111
390 454
157 444
263 308
303 136
126 318
61 340
16 130
346 202
240 18
424 481
154 271
345 464
216 457
479 114
225 278
84 419
215 467
276 241
230 330
0 79
271 208
338 62
116 288
158 36
18 208
479 82
398 24
482 177
143 114
244 313
85 220
187 329
70 152
483 315
246 300
361 483
397 370
158 199
236 365
73 168
250 254
278 53
82 148
114 112
426 225
445 358
187 11
15 484
152 110
262 498
334 250
120 123
323 83
449 278
298 411
165 22
427 400
400 295
408 9
86 14
225 186
49 383
368 264
374 64
415 372
122 489
464 249
332 243
373 139
50 281
156 172
72 67
363 83
445 473
339 123
161 31
415 64
329 62
126 135
7 55
396 393
142 481
224 361
352 327
108 98
122 403
470 116
200 194
19 185
160 497
28 359
275 321
383 295
282 456
364 362
107 289
123 260
473 250
77 347
297 326
81 37
6 419
466 403
89 58
55 337
48 101
423 435
83 324
132 158
372 365
7 496
109 480
82 130
329 82
260 11
400 127
398 341
245 406
464 216
54 186
287 371
307 102
278 62
73 390
255 411
259 445
277 262
244 368
451 211
222 74
201 63
405 123
381 451
168 2
188 198
69 74
28 475
390 228
118 307
70 463
260 226
340 329
198 38
249 85
11 1
416 324
299 64
15 321
175 180
230 35
109 363
191 300
28 490
149 81
44 499
77 71
400 304
194 269
354 450
303 296
120 217
281 220
393 419
451 149
184 69
284 182
334 146
488 475
408 214
213 137
208 304
461 142
412 460
263 155
451 118
336 418
490 423
342 469
118 384
305 146
328 155
153 441
417 14
228 493
130 177
482 294
436 190
2 443
450 348
319 265
184 254
177 155
476 174
410 372
18 95
102 67
9 198
212 107
100 278
455 292
86 230
272 289
84 375
75 274
392 35
141 394
49 76
102 318
190 26
473 365
432 60
258 427
34 293
71 322
115 134
216 379
168 53
428 488
114 105
140 4
398 6
434 133
451 300
178 389
254 494
54 3
430 38
332 165
339 464
98 403
282 454
360 166
154 303
408 288
144 268
127 400
33 395
195 61
302 484
330 225
228 56
447 237
402 10
474 279
34 241
48 424
90 317
472 408
48 96
216 380
132 193
440 343
257 165
1 135
212 59
468 332
69 440
302 415
46 323
416 276
52 80
249 464
224 142
90 221
453 273
318 306
2 85
102 258
245 259
170 104
288 457
249 490
257 209
384 51
179 303
236 300
265 231
225 485
59 341
114 315
473 364
302 284
42 475
86 404
360 139
96 109
99 0
61 197
100 357
12 445
98 279
362 248
86 215
56 87
254 145
9 23
307 228
55 311
68 202
341 494
103 280
281 290
339 54
263 342
140 440
71 276
24 238
453 286
373 110
107 361
384 480
60 469
132 192
246 115
461 200
481 439
81 64
119 114
456 421
213 382
10 448
38 136
422 387
349 491
353 148
128 457
278 89
133 40
7 410
111 379
319 469
33 444
58 252
173 4
239 366
315 238
375 249
488 353
197 149
297 338
147 402
491 277
317 425
335 125
356 325
294 298
242 27
280 179
184 152
19 453
44 275
376 186
391 271
420 365
55 440
342 218
347 202
479 186
311 165
490 314
465 19
47 136
167 59
212 327
132 203
478 83
269 176
299 355
72 12
453 220
290 127
181 295
481 137
302 160
474 144
164 144
132 291
351 63
390 300
3 63
498 22
51 334
41 267
279 350
422 113
92 84
380 212
202 273
433 213
210 4
1 259
51 226
289 485
285 402
317 179
53 141
475 167
434 456
307 16
481 65
2 81
294 73
346 382
447 496
352 279
390 157
383 205
191 441
195 172
203 328
321 364
31 257
213 148
164 317
235 372
454 497
70 237
471 100
448 268
47 418
428 152
210 290
231 311
336 401
81 279
143 39
148 403
51 27
196 214
438 68
417 283
20 244
344 488
256 343
114 144
149 156
446 42
205 359
112 29
308 393
433 193
448 304
183 433
147 352
272 379
163 86
182 189
29 35
231 27
23 286
294 345
387 172
31 92
121 444
338 143
189 282
438 123
56 489
193 473
204 56
494 465
7 219
255 176
55 36
174 486
183 79
103 468
412 70
366 487
130 386
168 204
327 171
13 458
431 236
292 206
24 135
355 138
166 31
67 462
300 222
153 242
62 483
405 256
243 475
361 271
476 226
249 381
191 155
391 262
321 474
461 35
25 345
376 168
130 192
414 295
37 282
265 67
175 452
427 22
294 271
497 140
373 122
277 98
361 64
38 21
408 34
379 499
168 434
126 107
402 150
433 40
459 292
244 50
73 486
257 23
163 367
341 106
205 36
100 470
491 418
452 490
489 400
186 183
290 9
160 312
204 192
484 445
495 15
1 228
251 420
139 111
69 266
154 480
451 274
44 254
96 294
46 348
31 438
447 232
44 173
366 459
256 100
467 202
283 252
24 321
432 386
153 164
144 1
128 307
414 447
242 24
373 10
448 288
21 256
430 248
59 417
370 148
350 316
420 337
158 133
20 444
108 90
444 25
184 105
52 424
448 98
461 294
83 173
282 261
361 456
373 212
212 421
89 243
433 62
48 9
453 91
34 420
445 414
19 330
254 481
80 71
366 54
80 393
154 449
405 362
426 368
289 130
226 138
52 378
239 159
250 100
20 192
106 284
466 317
299 125
49 220
127 231
124 415
216 207
421 130
498 121
103 347
337 139
369 329
488 389
490 108
153 91
227 362
180 111
89 194
414 331
62 138
53 41
100 38
20 269
242 21
220 371
362 345
175 409
299 232
192 15
106 141
3 345
309 334
28 35
218 398
36 294
188 132
170 441
210 288
162 43
414 304
149 234
144 276
360 176
192 443
436 53
250 150
336 439
327 59
309 364
159 397
30 345
138 347
487 52
95 348
4 1
236 361
138 154
182 380
175 498
403 226
377 111
402 154
65 213
430 81
479 375
72 441
140 361
413 211
411 479
481 361
222 416
422 217
449 360
211 456
183 124
87 114
120 412
477 341
423 38
265 407
200 402
115 337
400 340
320 28
389 164
432 301
370 112
324 206
162 171
147 35
2 345
257 234
75 474
12 235
494 350
104 277
467 195
387 219
248 219
383 207
360 489
453 167
373 82
253 278
165 36
233 400
486 19
494 491
78 414
264 6
136 424
119 369
440 103
174 7
66 188
30 58
77 427
9 483
113 451
339 115
367 131
150 72
63 354
268 144
3 493
418 384
105 491
446 37
396 46
86 120
30 463
242 116
452 108
59 103
70 65
48 398
470 438
292 199
195 386
231 412
148 198
189 149
39 254
300 487
108 435
250 238
355 138
98 344
300 159
76 9
407 370
308 125
324 230
468 452
364 19
70 199
201 365
119 111
99 240
27 271
9 59
49 130
474 216
227 148
157 274
145 304
281 417
147 453
258 457
328 467
18 122
339 398
362 219
459 458
81 313
372 487
117 91
159 421
69 443
218 387
43 79
496 215
20 324
281 495
462 278
253 109
360 480
200 92
403 222
35 11
350 484
427 259
180 467
263 87
326 102
181 333
48 369
193 177
172 420
51 326
435 486
318 304
248 147
369 18
382 151
136 256
15 232
52 63
2 48
150 315
148 328
197 183
360 48
320 242
68 384
370 371
27 356
355 188
59 276
279 77
333 441
173 267
183 201
249 77
392 185
366 251
434 392
292 63
158 146
30 113
336 78
286 252
292 216
492 142
219 351
144 123
391 52
105 170
247 74
259 206
457 492
384 477
41 243
389 29
494 51
129 271
23 182
398 416
58 168
371 390
14 277
181 16
38 257
331 287
345 137
129 442
420 303
46 366
395 313
364 288
59 241
423 493
261 435
103 322
64 319
448 326
194 430
187 482
121 232
370 370
313 466
269 351
69 85
250 168
456 316
57 114
459 367
302 481
155 221
392 257
84 219
150 341
323 278
363 189
60 296
262 85
288 225
162 384
52 358
174 412
26 8
227 232
65 337
58 382
139 220
291 303
496 75
206 293
483 171
467 421
6 43
120 229
113 146
4 282
194 165
25 179
263 72
409 105
487 180
252 320
123 126
54 395
189 119
290 112
33 172
67 109
338 391
37 39
321 304
469 42
73 367
439 347
304 188
220 200
20 291
269 324
219 495
466 323
287 408
432 108
217 320
63 351
390 56
360 101
495 63
430 181
380 420
460 221
422 184
475 32
356 294
290 97
420 427
188 256
365 60
380 120
324 82
490 296
397 66
482 202
384 244
16 412
486 116
153 476
8 408
54 128
225 216
143 344
453 498
410 331
304 170
104 290
86 480
46 447
149 335
79 28
293 385
2 95
423 279
39 155
135 283
499 93
290 213
63 495
178 95
117 473
115 482
314 221
168 54
389 361
241 170
55 321
268 34
165 409
64 44
327 56
2 52
265 179
26 144
239 180
153 204
39 356
429 268
322 353
214 450
120 64
237 308
194 175
85 5
49 360
268 1
53 229
260 270
414 170
350 286
490 5
361 3
124 29
235 143
93 298
362 301
109 213
240 451
457 304
164 177
31 358
439 284
55 436
107 199
485 321
327 309
165 476
357 40
183 289
439 92
394 276
341 154
105 355
159 434
463 414
273 175
460 494
431 64
264 367
188 38
347 249
77 15
56 12
153 287
231 239
368 93
247 477
333 61
495 204
119 344
20 459
453 244
308 332
199 236
274 72
174 387
255 474
338 103
242 311
402 344
437 326
303 122
184 36
240 488
333 31
490 359
455 353
185 296
32 264
188 236
123 159
485 214
170 378
41 175
19 412
238 296
418 308
344 394
382 454
486 437
148 215
420 328
476 104
220 457
45 361
372 408
475 169
399 357
32 145
57 293
89 404
212 148
42 359
314 409
198 276
344 300
480 346
302 116
426 457
318 374
283 471
492 42
399 110
255 392
37 283
39 164
312 126
485 252
13 206
335 151
303 211
409 179
147 284
93 64
438 73
45 263
305 73
183 37
281 56
191 438
103 318
296 231
483 267
474 134
285 496
59 309
340 89
225 468
32 487
413 318
433 323
396 458
347 238
146 80
370 481
151 337
68 325
93 448
82 403
399 67
228 219
308 310
279 420
407 385
55 163
486 172
482 488
78 235
167 182
163 224
62 37
215 314
114 130
34 308
227 196
416 285
96 455
227 76
314 227
242 486
159 369
210 81
316 141
323 288
13 335
224 486
153 427
409 439
247 267
316 443
81 474
281 84
12 29
108 8
495 326
196 350
431 154
147 406
46 99
434 471
309 59
338 11
450 462
82 248
43 198
24 250
334 476
5 306
166 346
173 113
316 161
167 221
127 99
51 315
138 25
437 337
348 447
262 275
23 299
349 196
446 419
395 225
383 132
478 253
218 50
63 3
76 386
486 83
398 55
81 389
226 388
335 18
293 75
226 449
145 169
88 427
152 443
75 335
440 36
438 406
261 159
45 1
436 338
393 383
272 186
74 474
492 499
426 262
211 286
307 4
283 209
152 247
82 287
175 80
486 23
34 113
467 99
437 79
463 403
90 331
305 87
86 164
278 298
436 364
368 490
51 243
490 151
291 55
135 424
299 466
80 473
73 333
265 399
302 362
193 80
167 244
261 499
149 106
470 39
381 437
180 191
194 432
488 22
298 485
452 475
301 98
283 384
283 226
88 400
480 437
34 134
133 0
458 295
334 134
71 428
471 68
0 103
125 166
3 340
168 275
373 307
43 321
47 9
409 326
116 487
121 242
94 150
297 106
92 52
480 483
51 163
266 304
322 404
244 243
19 325
485 264
85 244
253 28
207 484
324 15
257 323
325 445
404 203
255 474
457 496
12 235
391 9
413 278
374 213
391 9
274 245
489 376
404 211
48 95
462 111
286 372
169 71
274 463
437 425
422 29
116 395
404 434
64 8
221 169
178 290
35 112
340 304
368 377
324 245
356 416
140 286
357 495
458 161
87 483
12 396
291 9
295 128
488 47
216 211
2 62
26 246
403 389
266 367
112 271
187 442
228 320
315 179
340 437
420 126
22 427
288 432
413 165
64 435
147 401
315 132
378 1
390 342
209 281
404 9
303 321
141 91
122 32
321 309
435 463
242 94
378 309
326 31
318 291
45 390
374 317
318 360
202 104
238 61
422 411
84 142
86 225
109 78
239 208
23 283
377 174
335 266
149 255
399 13
255 467
137 296
156 129
233 455
368 211
474 323
466 142
220 59
489 52
112 181
464 228
254 136
254 193
449 89
454 403
222 200
496 209
338 359
167 4
215 423
247 387
382 42
101 213
117 102
135 90
170 81
69 100
145 424
365 323
78 446
146 319
28 153
364 494
499 218
141 383
271 214
256 388
453 5
107 209
151 422
4 94
46 321
97 73
397 192
138 462
133 475
128 137
131 161
379 493
376 130
197 373
261 499
4 305
15 67
489 463
58 18
192 493
67 456
148 289
104 316
143 139
276 237
251 124
117 407
390 482
355 345
197 87
392 469
36 53
369 259
278 25
19 279
235 322
111 438
254 384
375 67
157 397
21 151
410 408
242 490
188 300
387 98
67 237
290 132
391 103
128 11
290 21
343 499
437 26
262 307
226 191
89 489
140 383
143 462
453 50
203 386
336 493
230 90
74 403
358 20
32 466
339 486
486 174
200 35
194 423
467 314
303 420
156 56
370 295
198 299
37 323
316 401
343 373
276 46
419 418
236 134
473 303
477 427
462 311
86 30
196 8
429 53
461 0
147 437
236 332
155 345
246 274
499 324
222 442
360 128
114 141
296 448
375 87
250 274
304 338
346 337
390 0
352 127
64 352
36 352
197 153
279 191
367 296
238 278
406 90
83 450
398 21
460 380
6 273
463 211
400 162
14 162
141 290
494 219
71 58
63 30
74 120
416 342
472 293
383 6
308 231
104 319
51 58
184 64
127 57
71 147
161 27
170 85
304 155
213 16
47 375
496 276
470 473
266 264
123 442
25 2
173 431
490 129
194 224
133 174
173 173
201 56
141 187
342 223
239 446
173 407
183 138
463 169
286 5
299 230
84 409
192 325
454 257
333 34
208 0
174 318
374 234
421 227
450 367
165 115
22 41
180 339
360 57
62 495
77 146
407 361
38 161
270 100
134 493
345 455
125 195
429 371
98 351
219 202
317 400
294 384
75 191
248 326
321 436
434 310
23 399
60 342
442 62
407 183
138 428
123 252
124 116
467 404
106 74
475 38
423 275
466 121
447 350
286 66
228 268
167 221
63 252
166 80
263 357
285 73
177 253
221 409
313 153
228 189
79 272
399 55
176 2
205 366
284 123
391 491
212 13
117 411
491 127
336 283
208 106
211 122
383 237
391 433
474 196
320 471
26 53
408 220
438 54
177 113
104 222
235 420
183 169
148 352
487 174
132 485
107 195
433 344
129 490
38 176
147 103
156 359
431 173
227 416
29 369
91 256
28 486
155 179
31 212
386 155
140 19
66 371
215 99
441 351
27 196
299 480
191 174
199 307
224 122
343 278
34 253
91 434
465 63
127 98
254 497
368 365
236 246
346 286
138 303
499 139
471 165
192 298
106 162
136 391
170 182
435 479
266 56
471 379
477 231
80 98
464 231
478 300
439 200
4 176
315 77
94 3
154 287
301 286
30 260
294 438
269 52
108 81
460 387
471 80
178 438
169 403
56 142
343 499
175 495
424 199
202 343
130 18
157 356
468 431
221 39
91 114
196 343
82 199
279 156
94 53
309 310
452 116
115 365
212 147
346 291
134 136
6 401
109 116
399 15
54 430
44 473
316 145
197 240
397 398
304 328
138 343
459 113
330 443
90 75
218 42
178 289
190 204
320 36
52 299
229 71
44 106
104 274
14 212
463 153
481 263
107 267
232 472
415 66
493 414
456 357
146 211
415 486
22 188
340 87
159 426
33 69
195 55
268 489
142 62
177 231
350 475
447 284
203 82
496 362
72 196
408 304
142 218
259 175
115 16
443 99
168 274
181 328
317 216
130 449
180 311
286 307
92 30
464 234
448 147
343 312
468 20
91 103
279 110
127 350
449 394
20 422
250 469
185 201
3 419
230 167
475 35
66 16
102 419
66 382
195 51
71 261
365 15
126 162
12 496
242 105
379 313
283 262
315 129
48 320
488 170
206 130
498 463
382 124
6 101
152 300
61 53
69 75
238 426
274 47
4 102
416 16
278 383
364 51
371 446
468 264
394 359
322 174
298 392
493 56
208 157
210 497
73 270
48 131
178 163
117 323
339 34
417 33
84 470
268 133
397 308
167 88
263 291
36 342
398 413
70 29
27 459
81 281
264 452
115 129
304 295
329 232
118 496
318 99
232 54
362 438
26 130
273 30
372 141
55 309
191 122
81 125
258 218
170 162
144 23
318 137
369 300
148 499
450 487
42 466
256 183
165 256
286 135
276 438
248 158
133 331
457 439
9 214
377 67
90 31
168 373
173 260
112 389
229 322
140 62
245 123
379 397
32 262
201 166
176 160
492 301
92 309
376 301
368 101
484 105
478 311
423 4
393 3
325 35
98 122
245 318
67 195
458 125
143 451
111 11
312 171
333 455
256 256
357 209
166 477
288 193
197 144
499 211
99 442
65 177
495 49
244 162
139 62
365 54
65 134
306 476
432 229
485 139
200 40
17 194
387 366
362 157
369 436
379 361
38 320
369 296
310 385
299 465
20 302
436 164
141 437
19 242
233 425
465 356
51 433
299 483
140 290
79 161
23 361
33 458
106 413
299 402
368 416
218 98
263 240
29 7
249 256
33 48
405 483
268 498
333 308
450 68
81 326
39 29
487 456
370 73
475 445
214 21
119 195
287 432
439 234
342 317
217 41
376 375
226 474
134 144
64 59
385 85
114 146
102 277
350 454
399 324
345 325
373 113
398 317
403 12
329 189
82 246
473 399
225 458
455 199
259 360
445 19
17 496
125 411
365 472
296 475
153 265
230 494
311 26
38 128
170 66
312 220
471 252
211 286
485 196
408 18
37 96
445 353
117 407
379 70
398 482
99 27
21 51
429 330
310 184
251 319
39 480
85 415
53 362
59 148
166 391
339 467
173 55
462 284
207 142
124 341
221 105
8 224
406 94
279 437
256 68
401 382
149 148
10 486
134 203
446 421
241 152
207 285
422 266
408 22
215 129
86 32
108 436
31 94
383 366
435 162
396 139
287 336
322 45
100 150
71 308
312 46
332 312
78 19
41 254
235 338
371 257
45 173
119 331
198 76
238 354
493 133
469 486
32 133
135 143
303 484
31 206
371 115
486 215
321 301
140 380
137 408
433 363
194 182
111 52
406 244
377 201
188 251
236 198
193 220
56 371
430 496
463 87
154 153
454 450
330 475
383 446
309 319
353 316
220 356
100 464
166 478
82 330
380 206
278 318
42 74
422 334
422 472
125 386
188 428
404 431
378 370
189 139
308 39
247 394
359 380
359 200
30 377
83 441
111 410
336 361
47 153
477 259
497 321
250 454
386 37
407 6
145 116
7 448
342 305
186 255
455 53
282 397
190 337
99 217
430 153
159 288
47 478
299 136
91 396
433 49
55 329
445 192
492 53
210 304
59 186
240 248
497 366
55 374
444 187
193 7
295 374
204 352
488 194
90 4
405 431
260 375
419 313
218 57
214 411
97 428
177 125
492 189
416 174
214 399
406 360
234 407
259 53
247 291
295 99
31 189
416 52
365 143
53 335
98 83
364 267
392 48
237 393
67 236
488 5
365 133
392 246
300 452
243 151
103 399
89 390
442 486
481 5
193 308
243 34
153 291
191 107
0 398
486 281
286 420
405 474
221 152
456 298
301 373
272 199
89 404
242 361
219 31
191 224
110 264
407 435
42 264
14 99
380 395
315 0
327 166
170 220
370 400
273 126
177 172
428 45
259 266
150 171
395 330
94 193
128 5
121 353
452 23
270 135
488 184
351 437
157 315
215 373
352 380
52 488
385 29
148 480
3 496
178 150
343 398
256 272
478 472
347 377
13 430
115 117
54 1
168 318
43 63
295 383
223 395
425 347
180 108
457 425
75 35
434 135
260 418
242 42
419 238
168 441
58 284
137 135
305 464
380 305
188 201
96 175
375 263
372 373
298 407
442 329
316 373
144 228
270 76
314 386
328 190
326 335
322 238
55 464
121 480
181 435
462 310
425 129
3 337
244 297
478 153
27 39
267 295
223 171
409 38
228 38
373 89
328 406
370 195
27 383
170 492
154 208
338 132
322 79
229 341
494 418
457 59
206 373
396 225
115 430
468 158
247 195
101 193