2200
291 139
257 126
224 416
259 353
241 167
484 387
299 230
10 347
402 231
417 43
459 280
160 496
320 15
120 335
472 315
307 426
52 116
32 64
269 128
296 291
178 10
93 280
479 329
61 103
499 381
13 478
326 458
325 25
361 498
166 298
224 185
301 473
389 276
405 185
476 159
169 53
333 7
188 114
218 312
46 101
432 69
379 59
85 258
109 56
354 298
483 275
248 78
207 285
470 137
148 112
165 299
158 170
284 350
14 198
300 354
423 60
472 232
490 154
211 409
59 99
226 417
496 42
179 474
464 203
167 2
153 112
282 184
34 163
361 67
273 48
461 161
393 197
203 285
46 236
187 414
332 105
147 414
240 180
235 179
33 204
169 402
438 186
349 303
222 324
224 62
224 496
45 185
322 117
205 248
15 368
325 393
307 199
379 473
4 399
104 466
220 389
75 125
428 158
482 276
338 151
147 206
244 414
32 192
440 418
287 89
482 307
6 112
437 141
41 385
351 293
182 497
122 71
81 109
237 50
201 63
122 428
342 200
244 366
136 226
316 37
344 423
388 298
292 351
88 177
323 333
330 292
363 5
467 452
354 297
212 204
132 408
108 334
52 475
201 205
242 189
464 369
168 86
437 204
382 460
145 26
318 205
62 475
279 33
330 29
86 485
393 395
229 218
45 354
59 282
323 99
468 301
387 287
492 488
300 177
203 226
431 445
272 373
258 345
227 51
37 441
336 313
31 282
136 65
199 429
28 47
348 22
310 348
337 88
265 154
380 137
83 320
45 163
8 355
259 303
244 87
400 148
430 432
498 284
213 419
466 49
72 93
441 315
255 234
388 278
268 20
192 268
431 203
58 237
392 291
379 169
317 137
69 131
415 248
167 419
469 480
73 485
300 393
479 367
497 407
427 367
487 265
468 471
208 270
413 379
48 101
90 292
424 366
466 11
283 191
172 485
470 104
497 97
464 123
30 476
195 462
227 310
281 182
304 196
427 342
443 217
362 475
193 385
248 286
329 11
496 31
135 1
99 319
442 484
312 415
377 472
134 7
41 105
153 416
258 345
415 432
407 53
290 277
415 453
464 38
70 244
98 461
132 57
42 49
464 74
398 354
214 342
299 33
301 107
453 304
236 59
464 220
497 495
448 254
144 412
156 413
226 214
272 106
155 358
284 166
372 120
314 182
67 86
194 113
269 368
279 499
219 5
0 95
349 68
480 449
214 494
60 488
95 292
150 184
202 102
222 286
320 75
13 36
1 388
108 207
58 270
127 388
483 129
197 128
429 185
31 29
370 495
287 443
128 465
67 289
75 330
257 142
30 395
135 271
330 384
154 244
484 241
370 282
262 319
356 420
301 191
186 239
183 171
488 325
114 163
345 408
50 189
436 103
374 432
316 424
168 56
297 323
105 4
175 20
292 367
410 32
271 93
117 448
273 306
469 457
365 387
428 315
270 267
200 216
140 144
52 368
191 160
16 350
370 296
15 192
76 162
107 277
77 199
6 224
182 350
89 475
142 399
167 369
438 412
56 219
87 78
91 109
311 131
279 107
151 181
195 147
424 227
427 302
379 2
204 433
260 413
164 146
15 403
315 331
402 453
384 224
185 342
473 475
434 496
29 252
399 86
165 224
378 176
30 92
377 109
374 86
232 138
41 39
222 100
405 356
432 125
319 289
116 117
113 144
396 403
489 142
218 148
176 6
99 449
58 206
292 328
466 433
472 25
477 359
68 46
23 382
172 0
118 342
486 140
43 231
226 235
383 384
391 444
393 59
117 342
170 304
89 409
286 137
348 413
459 115
498 416
269 483
325 170
162 387
470 164
399 206
90 48
345 134
45 481
323 90
394 162
423 494
483 335
248 62
177 183
452 208
43 175
197 221
460 220
384 360
418 430
331 283
417 8
342 176
118 314
476 17
363 13
348 400
314 198
382 449
157 491
19 334
55 52
272 68
428 367
149 157
292 198
207 480
8 62
376 401
418 127
492 353
105 282
480 192
141 271
262 214
48 150
202 133
202 455
174 475
484 482
181 324
304 276
338 240
141 313
292 67
420 411
45 284
476 377
148 378
92 470
120 262
396 493
300 175
150 98
432 475
299 486
262 113
353 103
268 453
20 346
258 60
196 292
21 303
181 173
495 21
283 126
119 115
290 31
481 419
394 292
278 414
27 45
1 393
346 233
79 121
34 218
362 189
493 230
255 383
404 26
152 250
366 39
71 271
43 8
301 404
318 289
335 431
324 198
431 336
457 22
240 362
52 491
74 102
337 397
275 329
432 93
485 428
51 298
158 56
312 446
236 311
243 131
181 423
111 67
90 112
326 68
412 182
137 230
479 338
167 326
420 255
35 99
249 257
313 438
385 260
71 125
108 473
396 314
234 289
253 7
427 176
358 432
162 191
29 347
174 494
101 197
148 446
203 136
426 250
10 368
345 311
136 81
248 306
95 32
391 482
158 201
133 319
10 368
216 147
493 40
89 242
188 94
82 237
487 243
463 9
172 349
431 308
114 309
193 179
13 62
263 85
404 171
391 248
395 414
306 107
349 389
335 395
485 389
484 418
279 324
174 447
108 451
112 457
488 222
136 158
243 1
24 251
499 499
265 415
23 247
488 72
467 224
466 323
93 304
129 302
250 372
176 303
260 358
432 140
298 248
101 421
172 41
392 125
40 24
271 158
230 415
492 111
434 49
354 310
112 380
252 483
138 362
72 280
421 398
498 5
426 219
113 99
224 450
474 5
163 116
384 97
208 245
147 376
186 495
375 1
336 150
13 479
260 474
224 85
442 181
252 74
173 220
171 217
75 249
217 145
243 90
336 101
477 303
298 483
336 15
166 25
5 24
498 31
116 117
150 74
148 411
131 402
472 173
422 302
300 47
137 139
93 395
198 325
308 70
438 349
374 496
20 104
135 231
348 370
444 103
14 498
253 444
117 498
300 225
124 391
383 452
347 261
87 476
398 398
247 247
244 336
440 473
205 116
487 427
31 405
404 283
228 397
395 157
234 197
441 48
0 358
471 324
152 348
98 58
158 50
239 345
170 402
370 31
459 375
281 357
493 342
239 37
46 221
270 487
35 132
490 211
387 35
235 313
224 39
442 185
30 382
136 181
212 53
428 6
216 23
365 61
450 209
282 457
444 496
128 52
116 331
218 470
284 355
247 306
491 8
242 189
222 22
427 378
236 286
310 355
269 452
13 27
336 71
68 295
200 280
463 48
19 316
23 182
488 155
15 270
311 479
353 257
487 33
172 280
488 223
28 334
213 109
180 41
337 50
330 248
149 389
57 146
328 168
175 80
351 316
147 190
299 162
48 1
281 286
361 72
406 121
230 389
283 119
169 411
11 472
361 352
498 160
180 418
350 178
494 355
45 201
216 141
494 344
482 264
188 276
249 344
85 94
65 480
391 220
44 87
291 254
415 405
175 141
319 95
451 26
79 165
158 348
45 295
411 153
281 27
223 451
45 30
10 161
233 463
50 253
8 278
35 341
482 275
370 211
89 153
318 173
22 20
168 476
481 419
298 431
383 262
145 22
35 280
243 7
261 268
398 145
338 121
248 434
497 320
325 118
144 86
458 143
472 166
85 126
410 453
68 235
257 293
73 213
220 144
265 169
314 333
306 163
97 153
325 54
25 94
32 3
146 169
187 491
469 470
276 124
359 379
172 344
409 469
113 98
119 129
315 230
394 285
438 473
380 343
438 116
471 405
74 322
313 117
440 113
237 135
14 216
412 96
65 39
489 321
302 31
261 108
393 117
443 7
351 184
152 323
228 141
463 123
92 154
119 129
264 384
100 356
304 130
21 12
185 222
253 362
470 488
457 366
226 216
252 400
223 77
70 256
231 303
309 33
14 175
60 428
284 130
113 12
377 89
163 134
349 62
50 268
134 319
387 8
408 212
141 491
99 484
287 211
97 330
6 97
25 111
94 66
430 162
251 207
193 307
370 266
34 42
214 272
280 20
233 453
445 41
25 374
86 44
227 312
261 183
146 233
151 287
449 240
299 81
241 52
318 493
35 111
383 204
224 249
55 16
409 457
184 0
396 434
98 122
157 123
208 360
499 303
396 359
293 300
204 195
188 34
145 374
78 76
177 380
248 154
112 232
84 157
443 148
270 481
456 42
254 427
82 165
24 105
405 478
26 317
203 461
335 214
142 348
81 413
67 320
52 181
339 31
31 489
322 282
176 301
80 278
443 282
387 163
493 320
489 144
105 19
86 193
393 440
205 228
400 326
8 125
8 305
294 347
481 40
193 116
394 10
292 274
289 190
10 180
324 134
154 351
44 282
222 92
320 290
116 280
405 221
26 124
323 413
305 172
288 157
167 499
125 182
224 459
139 266
400 234
438 316
98 406
498 482
272 172
452 171
244 241
365 209
475 122
294 41
198 280
131 82
116 365
176 108
374 341
427 168
484 127
33 365
200 434
106 384
55 324
65 411
120 151
273 283
324 95
228 67
149 374
91 211
320 265
458 267
435 46
173 386
103 271
205 59
443 303
128 164
75 350
1 45
328 47
495 274
341 4
378 75
286 342
459 469
89 106
153 418
156 24
296 326
237 259
415 353
17 180
382 43
88 444
492 383
9 269
273 339
414 202
44 4
325 200
307 356
126 414
291 312
490 282
393 87
440 228
260 308
203 310
254 143
26 144
413 246
85 36
90 186
42 499
52 135
343 368
282 211
23 469
103 73
12 13
93 348
157 305
115 354
497 212
356 369
468 375
263 121
308 53
405 354
341 202
70 309
20 184
5 205
130 43
408 108
456 143
448 354
208 465
30 63
432 57
432 386
8 252
306 196
402 168
222 63
224 243
279 293
498 244
287 284
244 128
123 47
401 200
18 423
486 461
18 48
286 271
23 303
351 294
314 181
96 253
348 37
182 320
64 127
263 32
12 203
103 7
207 136
59 4
318 77
125 398
21 188
491 412
58 44
78 342
447 225
114 174
347 295
274 296
180 263
467 37
44 192
180 70
426 104
181 240
490 96
285 159
71 11
55 276
471 481
206 485
160 418
214 320
468 359
122 488
378 148
193 89
11 422
378 373
465 290
386 412
71 455
466 23
300 142
475 374
359 271
41 182
354 371
230 255
96 323
323 353
294 474
248 16
242 158
300 127
39 207
15 38
62 110
104 481
207 362
485 79
113 419
142 26
134 468
143 373
78 230
204 318
187 224
234 304
431 429
488 34
73 322
284 3
337 135
349 240
172 44
315 334
212 285
105 458
183 346
76 248
67 113
337 132
437 254
35 424
458 220
43 23
27 383
18 179
420 216
260 219
53 444
229 76
386 266
112 187
435 69
182 41
25 354
460 371
295 462
35 347
371 106
489 430
109 250
466 360
79 381
325 78
6 485
251 407
94 392
461 215
108 381
88 495
367 134
448 400
248 162
268 483
265 471
221 110
470 227
108 39
117 401
386 286
45 476
368 489
57 491
372 182
177 165
151 312
213 44
59 100
435 461
432 179
289 201
428 5
396 111
365 388
26 365
341 251
93 71
62 62
244 150
167 287
99 273
318 319
419 312
125 229
408 206
407 409
414 50
13 187
428 162
28 378
482 454
378 369
431 75
225 292
79 27
301 392
63 31
195 471
200 334
41 321
82 460
362 300
488 497
159 376
106 268
74 39
409 88
15 452
245 192
220 240
485 176
207 21
492 400
235 403
76 44
4 276
76 158
7 367
95 416
184 19
58 201
142 259
63 319
12 157
250 160
337 232
105 87
487 396
151 449
493 222
498 227
238 349
68 427
343 245
116 163
217 380
139 175
494 359
16 54
215 6
90 118
205 404
300 47
496 193
415 452
31 341
191 266
45 269
367 259
275 388
268 483
10 492
351 259
314 357
215 219
338 29
433 306
353 43
88 85
389 202
43 356
474 421
42 234
346 19
407 261
97 121
113 28
139 107
316 316
387 453
334 32
190 77
473 119
205 395
97 61
269 94
367 493
227 243
262 410
23 425
46 22
402 120
80 11
179 41
347 396
280 67
144 181
301 470
218 469
31 358
304 315
308 152
396 24
434 388
313 10
32 309
430 212
223 286
328 10
258 255
322 175
208 39
361 318
288 361
219 79
247 171
323 376
400 407
147 71
82 186
495 313
25 466
253 277
139 100
355 433
460 398
289 29
200 168
382 150
82 340
363 453
329 181
88 186
110 81
267 88
401 192
10 115
392 426
378 115
400 32
282 234
115 360
381 71
73 315
155 263
216 7
188 18
57 46
127 129
217 19
211 247
362 470
248 73
189 106
490 126
212 89
302 272
195 328
495 183
446 121
128 151
21 14
412 169
150 430
449 392
139 219
189 12
86 353
459 437
415 127
68 302
74 128
308 370
53 122
243 303
306 351
366 223
392 180
110 130
22 394
113 60
424 161
366 154
443 10
489 326
128 359
339 58
428 54
176 499
302 334
37 271
495 461
141 255
386 239
134 103
163 408
422 247
402 88
450 288
466 345
56 440
498 446
1 395
394 278
112 29
301 49
362 150
257 296
387 3
106 143
52 21
121 122
62 474
262 23
220 364
304 229
175 277
24 154
285 28
410 271
172 397
399 211
359 34
37 157
152 246
120 495
469 204
30 241
116 31
248 145
374 336
465 404
59 401
282 342
113 344
93 192
255 285
171 345
354 466
212 208
55 6
63 184
425 25
408 93
238 41
230 156
61 464
218 195
389 472
168 0
44 354
139 113
458 299
265 162
370 312
319 329
14 278
155 234
327 291
333 63
72 66
382 63
110 485
309 100
452 0
206 477
90 496
147 198
360 401
213 264
446 83
361 384
118 312
103 16
431 298
364 288
203 3
340 98
199 314
166 149
126 151
0 372
70 69
470 499
116 431
14 35
272 414
226 227
95 242
40 181
470 26
382 256
355 173
339 222
224 54
57 357
82 202
271 409
261 152
435 93
481 229
143 301
380 253
495 221
402 475
2 388
144 224
250 236
458 499
405 441
299 34
237 315
76 381
385 360
454 189
418 173
474 287
40 413
134 355
182 387
275 389
465 184
272 420
271 215
157 231
117 29
344 456
189 354
215 272
462 74
247 21
308 380
294 74
281 200
87 280
169 463
0 215
487 135
202 272
355 258
287 211
19 473
179 483
256 208
135 246
267 218
98 234
308 427
479 244
25 441
257 67
134 46
33 109
233 121
379 88
299 89
414 19
2 319
379 445
192 258
476 14
249 311
239 427
23 409
203 218
137 48
447 460
421 271
244 332
420 154
95 124
143 220
391 361
307 145
256 270
137 499
310 232
11 386
147 401
472 35
435 350
162 109
233 234
67 83
90 477
453 487
59 185
47 448
446 450
73 354
205 202
286 210
448 367
269 298
333 95
298 241
202 120
355 312
396 287
265 422
261 486
23 70
19 321
123 70
276 465
167 196
258 481
349 453
251 206
154 470
63 436
409 452
264 265
53 264
38 12
350 170
240 299
472 374
296 111
76 96
144 73
406 95
49 403
461 107
77 152
441 115
67 140
258 350
114 184
196 311
333 4
303 399
273 425
37 276
224 421
346 113
61 220
475 253
212 110
114 437
52 290
282 407
257 472
156 40
203 223
227 204
103 388
314 383
159 228
150 351
316 235
455 496
101 377
339 431
220 314
456 306
213 124
96 238
131 471
46 104
161 186
75 274
9 116
345 389
92 168
255 347
195 260
138 210
493 297
463 329
135 213
190 419
9 349
172 286
243 492
179 218
344 404
20 106
347 353
373 217
64 439
199 480
191 260
409 189
371 36
102 372
143 6
207 292
430 4
497 231
302 173
429 28
134 498
204 302
19 333
272 77
58 436
48 323
365 101
489 457
181 236
94 91
383 176
180 154
385 166
191 177
205 39
38 121
275 191
24 242
171 294
82 148
324 81
34 130
439 41
129 24
115 472
148 223
229 351
369 329
358 467
6 60
181 416
459 44
138 456
103 336
484 310
391 37
20 160
201 278
302 311
284 330
406 269
472 284
465 135
454 341
402 176
92 461
357 435
244 403
239 496
158 199
236 76
236 401
179 256
68 290
472 481
103 204
340 378
366 75
417 306
334 172
133 171
458 278
181 343
339 202
401 273
349 497
398 138
246 437
79 430
411 314
370 52
282 14
442 211
369 0
173 211
234 203
333 306
1 192
395 14
287 340
189 148
286 488
278 440
370 385
199 357
409 281
148 422
133 44
44 442
153 354
409 69
228 387
79 242
108 229
70 326
475 396
236 259
199 113
498 14
372 421
55 50
324 133
29 203
497 309
163 74
143 150
389 424
166 371
101 320
499 274
22 23
134 474
439 111
125 186
107 290
192 349
335 162
217 16
177 364
290 214
216 192
116 286
9 457
278 134
260 110
485 277
103 135
246 120
158 394
184 223
73 265
280 228
96 408
124 349
416 273
465 415
201 132
90 433
67 210
173 220
497 328
463 10
482 452
346 61
284 140
258 383
111 209
469 390
239 60
185 94
9 155
140 3
436 62
124 230
302 356
184 297
308 299
103 499
412 290
283 449
332 196
406 41
431 296
356 375
321 22
178 41
396 182
244 318
400 333
189 369
18 202
353 225
76 178
321 456
405 488
184 104
497 90
386 442
170 280
302 94
487 343
26 332
2 384
69 270
491 402
104 258
483 362
392 457
413 59
399 213
169 171
261 435
378 18
150 499
445 400
243 305
137 432
168 269
392 140
394 237
347 235
449 499
308 182
93 342
55 74
97 492
428 77
95 210
209 158
410 98
403 6
290 153
275 40
32 459
48 19
106 427
278 396
430 56
398 438
364 24
16 305
382 461
171 444
454 330
428 232
238 364
370 331
223 29
340 145
16 108
387 240
136 122
178 17
455 67
91 428
234 172
133 459
256 116
298 157
241 210
75 226
409 480
361 445
442 133
241 53
293 310
432 480
497 282
201 463
391 452
124 144
103 125
94 110
119 359
422 392
471 360
192 349
146 380
13 53
458 88
398 106
86 252
34 182
145 83
388 235
231 389
14 364
474 334
46 460
205 445
306 468
317 176
408 498
404 463
403 422
380 362
466 153
187 319
402 352
439 333
74 142
7 170
5 88
401 333
279 403
371 106
134 437
435 40
355 42
316 191
406 110
263 197
16 372
77 302
487 270
413 16
187 61
2 272
105 44
447 403
361 236
173 170
210 495
389 461
152 65
175 206
255 58
283 290
444 123
245 360
228 432
493 158
282 415
311 495
398 240
476 258
428 111
458 2
463 490
407 348
406 115
26 82
224 13
136 161
21 21
453 381
392 249
17 446
294 174
414 328
439 192
156 243
245 367
358 114
462 60
175 265
200 220
233 53
214 276
297 369
103 87
189 102
49 495
21 206
386 343
387 288
31 325
45 395
10 128
188 255
372 324
45 215
269 424
201 130
0 335
423 350
453 455
450 464
170 354
49 323
111 408
234 288
184 494
122 279
34 194
370 310
378 406
331 267
398 147
334 384
86 250
205 257
73 391
97 7
330 243
152 498
287 442
436 238
17 323
369 411
73 403
161 239
7 451
450 344
228 405
155 285
394 167
410 212
219 468
211 8
6 49
343 215
453 145
468 132
43 322
225 337
77 116
420 239
83 436
341 370
155 312
331 348
60 50
18 241
101 279
180 81
149 108
253 24
8 454
277 222
411 51
19 354
93 488
424 439
310 177
341 117
317 465
367 24
265 229
360 385
319 367
327 393
417 468
422 432
6 277
328 51
406 418
406 199
139 351
380 183
152 301
118 73
97 322
403 486
223 215
434 264
157 394
362 261
193 426
203 137
188 52
470 383
82 446
298 228
263 73
226 178
104 268
90 345
183 201
416 493
109 258
153 350
463 118
44 367
4 9
61 99
482 45
491 31
111 417
342 141
172 375
143 69
266 276
477 85
430 301
59 246
96 392
10 64
432 412