2900
466 430
7 388
476 296
481 203
69 401
442 427
454 103
299 455
1 24
118 369
132 276
148 161
426 326
189 430
85 263
193 211
99 403
199 201
256 75
476 33
460 325
428 419
226 414
290 80
301 228
356 409
422 434
112 4
434 348
112 153
364 372
275 157
210 463
390 327
360 466
144 367
138 172
86 424
356 364
444 377
138 158
444 300
156 60
408 56
61 443
315 372
30 426
241 442
121 92
59 132
351 333
5 55
479 341
57 92
321 336
346 2
154 459
371 290
198 311
254 131
4 259
37 69
363 386
478 279
263 485
318 389
296 466
159 324
268 128
316 216
70 441
252 162
304 225
36 123
106 2
113 290
211 110
348 151
282 426
411 179
420 397
363 82
258 217
197 22
90 378
319 13
175 161
386 71
46 479
333 422
64 152
115 446
97 127
53 463
494 231
128 317
399 267
336 343
365 9
387 33
46 308
469 206
129 73
52 355
129 175
327 237
183 45
172 442
258 133
364 77
246 104
371 345
188 497
6 207
92 406
214 393
451 138
211 183
390 80
255 115
204 19
416 435
229 388
373 440
17 487
444 89
434 116
113 315
375 475
381 120
365 467
106 447
130 317
397 169
137 372
243 5
440 341
81 159
99 169
9 454
44 468
84 453
120 330
305 50
170 495
463 38
485 35
204 421
442 467
339 102
107 431
125 82
93 399
68 58
13 44
365 429
382 409
239 301
351 3
498 397
435 373
261 313
86 421
388 465
419 29
312 80
14 378
277 437
496 108
4 198
127 361
122 369
171 10
365 361
258 374
248 215
29 194
467 361
326 115
496 355
287 246
124 161
450 302
410 254
452 446
159 266
136 79
89 281
495 159
385 306
22 105
151 485
346 403
370 118
326 173
271 367
380 113
415 247
1 330
129 177
444 453
385 288
422 432
443 326
133 269
374 328
314 155
58 26
496 12
185 428
147 174
140 308
408 27
210 407
85 409
215 339
479 381
165 100
426 401
22 460
288 59
66 397
275 454
467 476
405 123
298 4
165 404
432 438
345 73
334 142
333 282
15 49
1 312
66 32
492 428
339 88
337 133
439 258
234 112
88 258
263 491
396 386
176 280
353 180
174 373
8 187
89 7
171 375
408 90
370 237
178 400
385 62
320 15
480 325
83 406
398 68
306 198
478 294
326 482
207 183
223 0
359 215
91 312
254 30
120 351
103 477
39 298
313 489
314 211
117 145
213 249
448 15
161 19
353 426
462 487
487 61
128 185
349 198
229 71
422 455
432 349
147 26
367 323
34 312
458 181
282 4
371 23
395 230
9 33
372 248
161 471
8 212
410 142
65 357
164 139
488 488
366 97
272 487
152 85
118 307
163 110
485 400
131 34
67 380
481 140
463 292
4 142
136 471
180 414
54 202
42 196
293 394
234 408
345 418
77 386
348 463
363 240
274 333
66 494
486 194
486 47
189 301
272 490
256 178
380 304
1 310
57 422
182 146
416 291
29 27
490 493
233 377
62 205
200 360
54 128
175 38
340 392
234 217
395 464
121 490
153 275
49 474
472 62
353 231
110 389
382 234
111 100
305 116
476 173
154 357
248 382
126 329
398 88
404 360
350 145
272 25
351 355
417 321
52 324
213 122
356 14
114 95
63 319
345 272
129 391
125 499
180 229
317 251
111 79
224 74
451 314
21 497
170 303
127 439
413 75
89 192
287 270
441 204
328 203
446 286
285 309
39 72
323 466
397 208
282 287
453 473
322 234
37 474
265 493
68 16
208 179
301 157
213 347
402 242
381 41
351 349
421 166
484 242
450 96
235 233
207 233
319 40
15 29
22 208
224 132
163 90
100 284
131 316
411 313
355 386
235 292
458 58
300 8
456 295
28 250
335 192
84 87
117 6
214 99
84 139
82 290
74 247
64 182
347 58
444 475
267 54
464 31
39 77
224 264
367 495
39 105
192 54
61 124
75 309
301 275
418 159
259 235
269 344
254 175
150 116
171 198
81 269
198 135
252 120
468 275
380 471
25 7
483 72
382 438
66 411
70 35
270 484
180 181
356 39
155 435
133 358
479 178
166 67
187 178
305 270
241 7
15 185
257 118
409 350
261 491
26 475
311 184
217 296
187 491
426 74
284 343
373 412
479 264
294 39
161 18
26 99
284 402
373 393
95 393
385 282
109 357
393 263
412 272
263 110
36 99
442 42
306 321
85 168
207 137
155 231
182 369
123 33
278 318
211 348
482 374
83 448
212 91
215 476
86 124
75 479
373 123
296 18
38 179
316 233
464 97
318 323
357 146
316 442
142 135
361 27
328 125
68 444
420 392
368 284
115 359
334 443
313 488
19 130
363 351
449 187
10 179
177 267
61 219
207 493
372 204
181 68
13 200
444 249
385 285
496 312
256 0
340 330
460 421
273 211
398 175
354 74
341 409
480 31
24 255
311 39
108 397
449 492
93 473
110 394
58 479
331 107
437 314
88 24
235 250
425 361
287 134
395 280
311 128
235 227
267 188
437 46
390 227
200 386
132 484
315 162
269 191
357 498
22 59
309 445
158 110
96 234
366 445
426 343
70 178
218 161
60 189
416 155
393 450
286 468
131 378
421 101
452 252
311 278
76 326
436 120
207 234
32 384
227 73
103 458
471 150
339 321
328 31
334 256
224 222
452 120
74 355
460 373
151 26
204 271
244 79
314 493
377 451
376 346
156 457
107 480
153 127
11 446
202 482
56 345
465 279
486 8
233 39
417 446
218 236
316 474
467 462
265 130
328 196
153 141
473 336
463 260
207 127
461 326
171 261
40 17
377 137
28 379
325 110
346 298
272 43
357 162
144 91
287 474
468 324
12 441
53 441
420 476
154 112
374 381
250 326
315 266
145 479
89 343
493 471
366 288
302 265
208 76
402 299
475 496
437 370
164 488
316 490
103 84
318 470
296 329
447 68
48 111
307 93
416 489
129 152
270 134
62 432
83 478
474 465
335 58
46 411
254 351
436 362
185 209
390 106
174 481
445 337
282 74
64 104
256 50
185 193
477 26
5 99
64 60
119 479
243 252
103 17
232 497
58 391
497 417
250 448
137 24
98 195
299 420
470 14
208 56
434 7
107 37
98 439
419 23
275 69
438 162
11 231
474 170
87 421
221 472
496 190
385 358
130 446
461 37
445 101
460 21
58 379
319 419
443 8
429 90
104 218
301 368
38 115
388 276
100 478
168 109
467 448
394 405
294 450
51 207
228 239
471 363
283 139
499 290
380 226
296 429
149 484
451 98
226 39
369 191
300 326
274 389
295 119
69 20
228 441
181 472
188 308
299 152
294 471
49 299
80 26
10 345
295 229
120 313
4 21
199 490
379 156
275 473
494 26
468 197
21 74
382 1
5 209
180 182
333 299
325 229
427 413
494 187
352 74
96 466
456 208
364 147
473 188
214 491
188 319
393 34
35 210
271 275
309 40
339 452
33 142
407 16
55 460
35 401
368 407
115 483
130 176
364 479
323 455
274 431
465 11
73 167
295 1
393 345
149 456
99 85
453 182
495 358
112 9
416 382
217 332
8 384
215 199
155 225
156 38
402 429
449 473
326 475
172 96
52 220
157 173
356 3
362 110
119 203
437 474
306 36
272 154
353 166
391 487
26 360
290 399
373 428
255 91
187 199
271 428
101 239
243 428
39 309
364 457
431 158
46 301
455 89
107 318
306 161
21 499
250 184
112 163
254 123
175 219
499 441
181 446
375 453
262 276
233 266
424 479
280 16
105 471
141 88
101 212
63 299
483 122
286 166
141 447
167 40
334 316
115 166
119 15
143 342
108 234
213 376
392 384
355 345
285 349
413 349
148 386
9 329
495 132
79 147
39 136
305 246
413 373
240 272
114 384
118 383
111 74
458 331
29 355
56 166
15 314
201 470
151 163
147 62
61 146
134 79
177 100
326 291
63 90
327 418
154 29
103 445
129 265
473 414
80 158
472 29
351 447
462 25
439 2
0 110
41 0
453 135
278 218
161 279
49 342
223 488
433 203
469 179
93 414
72 294
323 25
472 397
274 175
29 434
396 214
214 30
17 437
8 167
298 295
489 169
157 348
51 213
392 442
357 372
166 485
362 429
178 342
369 334
120 453
167 398
280 17
306 233
401 297
93 314
483 51
399 82
147 492
435 451
175 39
376 292
73 194
36 238
72 104
57 405
155 45
62 76
309 436
233 220
35 62
114 178
261 370
363 365
168 260
300 150
442 344
38 28
267 367
471 74
331 191
236 380
308 486
274 150
371 470
384 8
38 258
128 498
216 151
412 343
493 384
80 212
240 287
155 118
44 359
51 478
211 227
66 139
290 371
341 340
200 161
419 226
76 239
390 399
243 144
29 302
366 236
376 109
80 459
318 383
213 124
352 221
361 276
148 418
110 3
164 341
419 311
402 435
186 348
492 292
447 429
18 21
483 165
124 394
129 63
187 295
368 342
119 391
161 229
232 267
460 124
435 248
35 380
228 337
481 222
3 220
94 280
446 21
267 77
140 422
69 396
239 179
423 438
19 210
477 84
60 252
352 437
169 495
184 388
110 397
470 18
298 113
487 64
493 96
371 106
3 133
312 292
230 94
304 87
24 250
354 133
422 84
432 58
446 92
341 116
134 408
374 163
227 285
233 213
319 220
205 456
249 174
268 370
457 479
81 72
57 481
66 287
346 480
424 498
466 144
405 265
429 453
238 131
344 8
81 323
280 163
338 286
8 29
360 458
383 466
299 294
81 440
420 217
215 279
276 196
462 34
487 181
312 243
103 77
252 8
171 184
323 32
61 361
320 331
297 274
68 55
495 449
166 1
281 268
464 234
268 409
90 426
21 107
36 254
262 125
161 288
321 285
147 484
316 234
8 319
374 465
414 428
430 221
489 433
167 63
472 454
232 435
394 414
168 106
231 430
218 282
67 392
229 391
126 66
237 397
362 486
415 463
185 129
414 345
408 174
480 81
368 380
294 213
319 262
192 314
96 402
146 262
154 15
82 375
272 280
118 171
135 487
468 33
378 320
346 382
463 286
18 327
392 183
445 164
330 211
465 489
103 426
294 111
339 257
389 376
47 463
450 8
41 34
354 270
4 272
58 201
28 467
2 429
445 420
483 447
288 276
202 300
263 392
149 348
224 102
66 391
399 124
10 368
491 292
64 365
418 495
315 475
256 446
218 317
117 201
477 53
353 405
297 32
380 468
71 299
42 105
81 489
209 293
85 91
308 200
196 2
477 226
24 11
180 233
286 94
147 297
203 264
296 352
321 352
3 176
133 244
85 397
190 66
10 146
347 128
130 318
397 395
258 459
44 421
16 438
236 330
94 15
220 291
495 390
419 393
489 351
248 52
119 74
220 291
419 129
447 419
314 401
360 344
118 424
363 256
438 134
1 451
242 385
275 221
114 89
292 194
99 103
29 41
332 218
347 102
21 103
4 146
491 188
112 216
324 461
447 327
278 262
147 448
22 372
314 275
321 488
444 106
499 420
138 473
427 331
286 337
484 301
489 142
358 327
288 453
281 182
297 87
35 411
136 444
71 57
398 450
56 393
165 342
315 56
239 156
493 95
396 378
20 329
156 237
190 379
413 296
383 323
87 210
7 419
328 223
173 430
175 226
68 81
489 341
497 236
331 81
459 342
172 227
464 479
358 328
125 6
182 124
186 360
131 269
344 45
476 460
38 17
450 151
344 459
47 440
21 341
184 378
457 332
311 356
36 273
131 22
146 161
374 313
82 184
230 5
465 426
295 58
61 356
167 98
390 406
247 214
444 263
95 283
139 401
26 406
428 28
189 157
471 426
111 415
421 405
184 193
251 238
94 331
281 312
218 261
327 171
434 318
101 271
24 29
288 93
121 50
60 216
495 162
78 383
288 458
151 499
237 324
8 254
66 184
297 289
461 137
307 125
396 247
277 408
353 421
323 417
485 474
489 383
266 480
438 67
418 407
83 89
343 7
191 91
381 262
251 489
114 194
441 58
318 10
283 70
487 172
498 459
194 473
453 487
406 461
220 244
333 324
332 155
247 29
143 23
364 480
174 246
304 478
341 467
38 474
146 476
435 377
350 497
484 130
443 156
400 391
215 15
170 85
466 399
275 417
249 461
207 139
118 275
243 363
338 311
287 281
158 336
333 75
205 361
17 170
61 0
15 269
354 128
28 185
455 173
134 303
442 204
480 194
57 412
223 75
356 247
84 363
438 366
79 269
439 495
495 96
217 0
481 362
47 424
97 361
164 354
411 83
277 458
223 243
318 335
434 298
161 26
244 370
140 451
298 324
272 79
432 293
7 490
414 265
126 55
261 11
94 142
452 24
267 224
411 175
326 437
463 345
216 339
291 208
384 356
287 89
235 156
146 71
336 242
149 60
423 314
456 263
287 370
94 409
436 55
492 5
202 262
454 308
368 418
126 245
186 252
408 266
337 273
16 407
319 26
192 17
280 243
113 149
410 68
475 59
64 198
313 319
127 266
37 267
364 347
451 163
281 50
176 360
119 471
349 44
61 438
181 41
190 194
114 146
57 452
151 89
260 121
240 316
83 240
87 129
144 299
349 39
251 426
397 377
421 370
160 246
139 483
177 194
192 330
134 291
232 250
223 137
453 492
84 463
444 388
187 172
63 89
367 389
266 314
36 116
214 188
23 48
242 353
35 52
195 435
185 170
159 279
123 408
224 113
353 208
380 168
109 41
282 443
109 328
444 400
440 497
45 158
12 463
367 288
75 47
69 62
193 260
20 229
194 317
25 96
265 399
292 257
52 226
55 74
475 161
10 499
10 267
231 55
195 374
273 450
365 270
382 343
424 58
375 255
351 470
369 252
9 468
47 14
88 61
222 102
453 415
183 232
140 315
189 266
216 335
458 463
158 433
492 192
299 434
256 219
472 151
471 125
139 481
43 18
472 80
347 117
202 426
93 382
148 342
29 283
98 217
2 339
384 108
42 494
214 183
186 298
275 38
19 158
176 267
199 414
32 1
279 398
281 234
428 372
155 281
350 309
149 105
213 353
199 33
68 107
257 413
303 255
413 385
4 323
89 441
442 55
453 121
207 221
446 234
16 135
445 453
59 218
71 446
331 124
232 271
36 399
154 341
226 340
15 67
361 82
137 104
78 155
377 91
177 285
273 323
276 193
412 70
16 187
312 335
106 199
98 396
237 143
335 253
172 316
398 350
306 385
41 388
479 384
22 270
445 156
202 295
217 221
261 466
301 85
284 425
321 260
255 382
487 410
226 90
292 160
45 477
365 450
187 438
208 196
204 209
4 153
227 406
224 221
306 488
413 26
138 442
324 86
496 393
335 312
324 75
404 479
281 221
160 121
317 468
177 368
22 21
280 33
106 249
89 4
382 264
206 354
440 20
265 31
195 288
215 452
283 19
240 471
92 65
33 252
121 261
135 63
96 143
244 415
271 203
467 185
39 154
26 174
57 331
119 144
448 252
123 187
158 232
149 215
468 103
364 34
97 89
84 499
266 194
249 180
365 38
192 216
242 404
235 70
214 151
255 206
245 163
247 378
446 404
7 396
430 414
355 223
75 28
74 291
471 341
379 323
391 188
92 423
494 486
137 179
237 60
75 393
123 483
239 322
70 69
335 246
321 353
233 190
333 396
90 307
482 304
492 469
245 225
211 436
467 91
3 201
94 57
40 79
253 69
139 279
377 176
29 474
17 198
447 262
421 202
7 37
358 403
128 351
140 103
46 192
393 459
16 50
481 339
408 56
187 234
262 47
374 64
115 291
405 243
445 62
451 326
229 304
8 309
265 210
254 0
459 311
213 147
486 476
384 194
281 394
294 424
488 43
335 168
263 455
369 92
419 208
365 320
482 0
62 373
373 99
262 316
463 184
160 476
170 301
196 397
321 303
347 342
10 161
469 34
126 125
185 338
11 45
398 50
275 345
296 460
277 148
333 58
34 92
394 345
94 57
360 442
284 267
429 59
93 146
271 250
440 72
469 456
359 303
148 367
328 134
283 444
355 457
49 468
165 389
298 295
89 260
27 11
70 373
371 308
58 164
88 494
451 499
302 57
425 162
296 303
99 105
62 431
399 454
196 463
111 65
177 494
5 200
426 204
13 428
92 149
144 423
274 32
89 95
257 77
232 14
119 405
337 183
138 33
349 236
153 186
32 460
12 330
387 390
318 290
440 252
175 262
294 84
31 450
379 383
250 288
45 463
146 221
255 382
471 136
322 104
416 124
307 207
97 280
71 194
446 267
29 11
95 121
423 175
410 126
266 302
265 160
382 311
194 264
400 489
445 165
141 75
282 213
493 300
494 231
498 64
75 292
266 379
406 170
148 189
344 316
329 414
226 461
225 63
52 272
289 126
53 349
62 282
83 335
66 407
472 77
222 416
147 47
70 488
177 53
369 218
485 373
335 50
113 63
335 412
38 17
366 476
258 443
278 280
188 341
271 196
464 12
59 493
481 111
164 481
52 10
384 386
436 37
100 71
483 50
67 287
115 374
317 286
418 373
67 448
144 106
118 190
183 461
72 30
363 16
378 237
475 267
304 262
185 411
313 256
395 169
43 233
19 10
236 360
160 289
396 303
493 305
266 366
248 28
44 190
279 112
379 274
37 254
18 36
144 222
243 183
416 40
402 138
351 287
77 138
441 11
316 325
191 286
314 434
477 292
256 210
485 256
11 135
23 374
448 381
64 168
60 44
182 333
120 314
453 33
45 49
374 246
33 213
0 418
210 199
262 477
233 466
453 99
473 96
329 477
497 273
317 394
227 409
223 0
33 199
249 28
275 430
144 123
41 160
359 144
121 103
69 473
72 206
155 375
204 397
171 484
378 53
462 340
340 457
157 37
66 226
156 406
381 341
1 152
148 275
378 212
186 269
328 300
175 258
156 483
467 379
432 179
19 198
155 246
283 212
290 312
70 349
42 298
451 304
79 395
460 99
221 457
257 146
256 49
384 284
163 264
443 351
49 95
193 463
27 57
221 477
178 317
115 144
448 73
320 66
18 27
336 280
278 239
140 446
230 35
299 24
227 394
341 95
410 129
38 35
364 437
254 259
403 42
467 369
288 203
230 288
68 158
397 419
365 347
234 389
265 95
341 385
480 492
473 183
70 390
179 11
123 434
328 433
155 378
82 148
436 295
453 164
83 356
55 202
443 448
44 289
175 208
52 385
420 7
250 378
389 342
128 429
215 364
243 309
457 370
17 177
341 393
101 322
24 277
225 157
446 467
27 121
359 473
481 79
457 131
474 231
12 199
63 102
411 227
449 158
335 368
113 466
140 29
306 215
224 16
335 383
357 170
496 362
442 216
347 329
60 251
302 173
276 424
152 366
376 39
260 101
420 64
445 373
440 60
77 103
486 164
187 412
127 343
411 183
364 421
172 111
284 276
200 475
193 412
452 352
306 421
485 64
289 226
286 430
33 82
246 215
480 372
67 285
320 107
28 479
442 184
460 52
27 226
491 161
365 72
494 295
359 171
397 479
262 148
230 36
103 147
19 329
466 83
190 87
418 287
323 70
123 360
438 284
297 2
427 429
224 162
334 421
252 435
436 83
119 366
14 166
347 75
158 33
472 314
453 201
123 242
454 276
412 246
101 393
174 61
224 28
301 251
186 410
345 405
272 122
141 317
392 286
171 488
154 50
103 496
238 107
236 227
325 193
438 148
62 426
306 112
215 138
48 107
13 402
376 245
62 137
423 369
358 454
357 446
442 364
324 460
39 33
226 60
60 365
291 16
128 122
260 450
409 344
98 160
406 274
411 326
196 468
275 334
133 406
270 132
444 75
460 94
6 484
349 186
54 67
189 492
442 183
379 302
462 204
478 329
155 220
189 390
76 203
109 316
300 209
137 232
178 244
80 97
136 185
252 429
274 190
225 293
447 68
272 456
285 410
130 251
141 293
348 171
339 69
279 458
42 139
384 268
365 220
405 316
98 353
44 9
155 372
292 121
78 102
364 65
168 215
360 347
370 161
230 209
19 210
349 361
129 61
133 85
402 347
200 39
400 0
224 96
218 55
10 16
433 296
11 374
73 101
262 224
433 444
154 345
206 304
365 355
293 188
35 498
389 47
399 87
184 290
197 123
491 402
198 59
286 425
378 61
137 359
303 493
338 70
374 309
17 396
436 91
90 310
357 471
411 331
473 256
231 95
497 171
82 222
499 47
460 368
228 378
223 98
168 383
45 61
309 395
338 62
224 246
69 280
112 433
41 480
427 85
108 272
346 424
471 191
59 198
428 284
382 139
23 151
64 402
297 420
482 373
471 136
416 58
491 393
225 380
466 32
304 153
77 426
469 2
200 401
185 29
20 128
279 67
321 395
315 343
69 119
107 149
207 392
285 375
256 198
230 363
16 74
352 386
389 445
346 322
203 89
70 383
302 223
119 349
45 124
95 434
84 466
210 54
429 291
342 348
211 37
463 72
311 227
24 316
138 200
141 223
106 341
416 211
413 261
237 35
322 310
128 332
238 258
401 338
186 167
57 243
168 397
476 20
188 479
31 1
224 178
371 172
236 182
443 288
175 1
163 180
364 349
107 291
481 102
122 361
456 168
417 31
403 476
455 246
247 92
270 338
363 323
5 142
282 99
452 301
333 309
159 115
258 50
152 118
479 239
407 126
157 288
264 177
423 61
5 72
410 22
345 275
269 273
224 202
3 403
213 176
143 189
239 372
490 401
141 243
370 322
110 400
429 379
292 374
298 352
374 297
425 209
482 71
274 46
450 207
235 129
170 15
387 379
132 409
5 229
403 273
26 227
106 13
240 455
160 251
48 38
99 386
458 473
20 82
141 84
65 322
337 228
459 236
497 76
157 92
217 2
229 61
426 243
51 188
439 166
57 211
97 487
313 8
90 407
491 185
359 83
164 57
293 196
124 123
215 290
145 281
342 433
28 374
414 269
287 79
142 205
45 196
205 92
499 358
395 147
83 343
252 254
302 247
370 45
187 426
207 438
223 184
411 402
171 251
183 325
31 310
7 325
269 76
286 64
211 269
464 181
287 146
393 216
113 89
15 116
54 300
337 74
476 277
380 248
73 499
310 63
241 456
384 169
85 10
131 22
203 296
443 95
311 342
431 188
304 424
77 298
225 210
339 414
14 53
53 220
135 87
396 215
384 376
239 280
155 469
117 370
318 358
53 412
453 129
406 336
487 257
320 335
101 212
265 159
231 115
54 318
385 367
95 302
435 269
90 334
57 90
300 60
324 375
356 353
190 277
387 114
301 177
241 207
218 402
369 6
177 450
169 424
226 62
184 264
451 161
251 126
38 8
235 404
257 363
492 443
410 447
476 379
86 211
466 69
76 305
107 335
111 105
19 276
40 190
203 55
34 343
203 307
211 72
287 438
234 468
268 280
11 144
355 96
166 98
255 321
157 94
51 214
490 120
310 70
478 382
226 14
173 364
288 429
220 384
352 76
208 454
98 472
69 219
169 305
127 87
181 276
490 136
108 232
154 480
363 419
285 484
348 441
222 458
194 137
65 442
248 398
371 125
344 346
4 292
231 366
142 483
119 412
496 133
113 227
498 2
487 328
121 135
445 187
176 344
286 139
38 93
218 35
233 261
405 415
281 89
72 136
48 423
56 43
123 396
398 22
350 121
109 237
277 324
168 54
46 305
399 306
341 84
197 469
384 427
368 102
238 165
441 441
484 138
386 497
371 107
81 136
226 74
398 190
244 3
160 66
372 142
226 59
381 66
345 275
229 265
283 213
154 467
457 224
73 139
246 343
332 445
19 327
369 58
61 417
335 466
108 221
133 207
273 187
462 14
131 470
184 192
11 266
342 338
329 321
164 416
213 428
107 496
406 84
353 477
443 319
41 188
247 51
238 26
392 373
343 53
97 23
142 27
218 108
429 484
252 47
475 446
294 317
401 435
412 201
20 106
146 355
258 413
291 246
119 349
402 183
59 462
342 499
459 201
37 60
459 241
187 290
107 287
222 333
34 361
319 134
341 407
320 466
64 451
300 464
499 183
497 54
405 58
111 339
251 365
106 1
291 211
498 145
478 250
111 72
58 365
272 283
249 399
202 444
408 165
348 3
409 260
318 345
37 315
32 282
283 288
351 490
487 426
176 201
273 465
182 140
423 331
82 454
251 24
189 285
140 11
271 37
234 49
216 442
76 271
412 100
442 359
137 263
465 429
247 313
305 238
422 429
236 228
252 4
141 487
498 293
330 281
183 122
64 417
40 399
352 140
351 452
216 294
224 488
153 33
123 471
252 459
39 45
402 488
327 292
437 395
177 178
300 268
37 212
463 216
356 77
30 315
110 59
47 98
131 334
157 52
363 254
152 261
250 403
47 406
301 77
107 484
104 330
42 407
123 141
219 6
173 331
390 101
199 283
469 289
342 182
436 478
240 57
460 440
346 490
419 7
492 148
478 27
286 448
90 373
231 262
445 161
114 404
188 336
477 165
347 157
488 171
229 135
76 228
70 189
49 422
422 489
368 41
489 253
126 7
121 431
444 357
261 66
402 58
223 301
311 232
403 70
206 299
27 132
174 134
408 97
438 223
116 331
84 159
18 457
241 62
419 139
205 185
244 32
334 460
192 467
390 497
296 447
80 448
82 175
124 106
181 342
173 62
73 149
106 109
23 91
230 347
385 294
327 436
396 129
448 13
10 440
387 190
138 158
333 319
277 72
415 457
371 458
107 440
50 445
36 66
413 73
368 119
55 150
279 47
412 303
95 80
270 274
432 482
154 409
481 117
74 431
390 248
189 297
94 497
63 239
164 131
102 329
479 384
283 9
312 111
43 195
469 259
241 313
74 253
370 395
327 408
156 296
94 69
418 345
436 188
171 482
163 453
337 125
134 494
457 121
168 298
57 0
314 138
391 299
46 388
148 114
410 225
294 305
150 356
397 213
47 87
392 68
194 210
56 229
202 180
479 14
366 223
361 36
335 32
273 104
70 234
459 421
226 481
337 254
467 377
316 234
155 366
428 208
289 201
381 484
350 344
67 360
397 217
101 280
236 84
318 374
296 307
288 130
384 22
251 477
64 203
69 419
479 219