2600
240 427
162 472
316 268
328 332
317 470
401 166
359 491
409 482
42 206
79 219
296 248
30 328
486 411
106 350
43 85
13 59
31 136
256 175
360 199
21 84
251 29
20 423
405 462
168 281
0 299
48 100
428 148
411 430
281 266
203 17
429 176
164 68
244 312
12 420
5 456
485 33
308 108
70 5
138 66
365 239
339 139
139 265
196 119
237 51
420 477
5 292
361 349
162 170
90 105
413 26
59 447
55 398
403 368
434 126
217 41
32 151
417 408
379 24
75 113
442 468
260 347
197 299
469 121
78 211
237 412
359 491
389 148
368 267
245 144
38 302
306 462
222 422
446 223
188 101
69 373
221 130
429 329
303 270
333 251
15 381
225 70
218 374
493 466
463 87
241 238
52 1
275 47
122 274
375 222
447 310
292 444
126 20
290 74
325 429
162 475
45 340
66 387
206 116
55 60
150 169
170 148
48 203
477 297
371 170
481 205
149 319
339 125
199 127
56 482
457 376
68 71
310 355
323 487
399 16
185 378
26 49
104 207
5 74
97 82
139 228
47 430
55 140
268 239
73 107
483 176
247 382
237 52
39 410
426 60
290 290
339 464
23 169
95 444
378 28
109 192
474 17
157 156
247 30
137 277
454 320
203 472
376 53
463 292
205 415
57 242
206 495
16 397
193 229
110 112
156 423
292 219
227 131
161 301
79 475
147 150
122 385
290 350
495 499
266 254
348 200
47 176
73 406
487 64
28 118
393 449
168 184
315 185
486 248
75 328
330 417
154 222
425 305
156 445
199 420
120 274
450 399
305 19
83 23
493 292
242 463
148 386
423 262
10 315
496 262
31 437
160 326
131 186
131 85
5 287
62 182
81 477
496 364
388 386
30 432
395 233
472 272
387 395
211 247
9 249
187 207
385 41
227 347
432 369
8 210
392 289
266 422
287 473
211 114
46 27
260 241
366 294
189 84
332 253
2 252
311 193
234 41
388 49
418 313
23 172
313 426
349 267
240 431
46 488
15 303
397 444
90 127
212 115
220 132
384 396
89 74
116 48
97 176
341 4
29 367
293 217
484 342
126 494
334 77
380 172
468 349
477 129
244 59
191 41
437 464
39 427
327 26
54 155
11 276
143 396
113 392
87 289
135 97
26 213
237 470
319 407
388 205
264 148
189 133
449 307
235 126
5 340
347 414
191 59
455 211
103 334
123 420
370 42
255 259
81 396
155 492
50 400
49 44
29 314
474 238
217 478
319 209
475 222
281 166
229 166
1 89
361 333
375 476
235 231
128 483
475 168
69 135
179 377
192 470
208 208
39 166
227 277
499 210
228 202
369 133
74 458
143 222
198 435
19 18
353 286
454 499
134 181
58 23
345 314
374 102
268 406
183 265
327 347
402 183
168 56
366 123
197 242
29 9
379 395
33 48
47 233
414 488
363 182
348 472
75 209
115 74
192 195
395 298
333 19
75 149
124 353
95 441
450 321
68 477
25 330
415 102
90 425
459 329
153 305
14 307
233 228
276 481
132 425
445 23
172 317
171 372
166 296
469 266
243 468
150 37
491 121
46 65
246 433
239 5
164 400
480 105
439 249
175 256
131 71
388 472
196 303
451 411
178 362
331 272
162 273
246 481
47 153
87 144
1 293
45 326
283 165
415 26
134 222
293 442
414 266
69 34
445 110
473 373
145 475
101 156
489 159
313 199
344 388
182 400
78 345
363 79
105 213
436 278
220 92
358 81
467 486
448 279
152 265
92 273
429 150
309 193
393 419
307 474
226 89
434 341
273 156
370 297
427 378
470 158
91 499
337 180
460 59
324 286
59 464
466 268
462 341
112 128
102 207
148 271
113 329
337 82
232 386
116 207
217 11
11 439
119 309
368 200
486 431
396 44
312 398
239 214
342 126
185 203
474 297
478 333
268 87
325 315
375 352
363 294
233 92
401 226
427 204
136 121
17 265
163 384
98 330
308 254
457 293
90 494
327 432
371 420
235 447
299 197
343 110
55 15
241 428
132 456
430 20
286 120
4 447
277 449
56 455
248 438
432 13
445 190
110 111
411 317
366 197
308 210
225 209
137 215
171 319
339 121
242 453
401 477
279 98
53 30
468 335
348 153
195 252
364 146
315 157
355 127
337 33
242 15
230 415
86 231
204 253
207 277
255 298
397 108
138 34
221 302
308 107
211 421
67 3
13 75
54 382
415 368
383 392
159 9
92 465
218 245
22 149
447 425
385 129
15 196
499 24
483 236
158 159
14 194
122 77
312 27
395 176
420 79
441 130
95 431
176 385
34 314
91 51
180 334
30 477
353 196
284 381
40 188
234 294
224 55
82 208
237 36
115 330
460 157
89 408
294 56
222 117
168 180
14 313
142 201
249 45
278 347
35 33
180 319
374 122
330 404
440 308
138 67
77 407
316 451
7 18
135 462
142 81
246 156
209 9
406 241
88 458
343 184
3 476
98 23
427 229
38 428
348 219
479 28
479 425
295 147
109 338
271 282
438 103
112 18
259 147
457 18
203 347
175 301
324 58
288 273
54 104
323 178
206 402
179 302
449 38
228 474
256 410
14 0
370 47
46 478
349 129
328 4
305 52
462 4
129 481
437 250
280 183
85 113
267 487
377 264
238 217
479 457
457 347
394 345
324 327
308 440
444 173
77 489
345 101
435 39
142 474
158 372
485 422
261 95
360 253
322 138
96 450
297 153
499 405
85 191
484 175
200 393
234 280
382 129
168 79
54 169
41 162
85 64
159 379
484 346
337 19
322 158
311 285
190 471
15 162
337 127
373 499
279 389
18 107
187 13
182 39
201 93
157 76
455 286
133 316
188 291
449 322
107 10
333 112
275 149
277 348
347 464
354 150
109 127
492 372
411 148
241 175
251 465
251 250
419 58
349 236
58 107
469 150
262 17
167 302
151 37
2 296
298 350
477 208
432 259
408 470
497 344
161 1
252 248
158 412
1 23
130 359
9 411
429 451
253 123
161 448
244 256
107 15
223 394
153 436
258 155
351 413
415 255
355 364
277 19
42 365
224 130
41 24
475 85
209 470
270 80
189 222
89 366
260 296
84 164
319 266
179 343
450 23
387 94
465 158
23 16
146 7
383 100
185 188
10 358
291 246
468 281
147 480
276 57
73 260
26 212
55 393
268 205
152 358
16 7
376 117
477 39
139 22
62 360
71 177
423 425
206 362
342 244
153 205
465 470
182 227
472 343
49 90
448 92
99 201
170 316
207 327
350 147
360 199
376 264
189 431
293 151
395 247
453 487
457 49
128 270
114 491
81 100
192 15
68 381
197 143
471 238
238 405
456 173
289 98
381 332
335 479
78 174
13 231
132 383
154 470
313 260
212 120
135 395
128 256
399 203
293 178
435 222
395 31
481 391
75 185
16 362
388 410
141 94
478 401
223 125
237 484
456 37
284 449
205 443
498 264
442 105
327 291
175 377
268 75
260 8
371 195
106 128
222 111
13 247
225 52
388 88
125 462
412 344
287 261
26 469
426 137
429 468
198 106
181 456
464 318
14 293
421 187
151 120
219 495
48 16
104 444
259 288
133 82
343 23
492 272
410 369
190 419
377 191
499 388
206 58
203 315
355 72
192 476
471 6
374 264
60 371
12 478
60 319
342 497
269 256
477 335
106 31
74 19
407 483
393 73
241 466
38 448
424 96
454 83
347 247
471 328
306 407
79 483
480 219
327 421
108 101
133 156
176 214
49 59
485 83
401 294
242 226
174 292
227 166
266 128
456 426
185 237
220 114
185 264
186 52
153 364
21 146
361 138
50 197
132 262
57 35
113 34
178 151
318 287
267 405
331 436
173 223
189 16
281 245
149 227
91 319
465 302
293 464
161 178
293 343
378 294
180 350
1 491
130 358
263 171
459 397
472 446
462 132
229 13
240 95
266 230
33 184
148 232
262 178
21 310
456 55
405 251
94 136
494 259
282 224
121 109
55 242
226 445
458 369
465 308
38 199
235 231
315 423
101 383
45 78
133 122
373 1
137 391
2 467
191 483
92 284
378 164
109 499
369 105
265 68
119 186
269 303
227 354
89 437
15 328
303 135
136 0
243 28
496 126
109 245
382 39
56 54
53 112
217 165
85 274
312 334
138 56
410 434
371 217
397 352
487 238
238 52
81 123
249 334
431 77
468 211
265 313
426 24
42 170
445 495
182 127
36 109
43 172
389 298
150 414
4 138
191 137
113 95
429 272
201 214
425 360
26 169
194 42
213 304
151 236
215 10
119 333
5 251
402 15
281 246
237 52
190 286
381 428
200 155
369 310
22 253
422 147
189 48
204 468
204 402
264 356
41 272
375 236
251 399
497 277
182 32
318 234
162 224
379 51
361 214
467 248
247 236
136 242
210 437
191 341
49 415
39 456
192 442
341 266
44 295
327 339
73 78
302 498
49 88
154 181
281 263
351 122
364 29
318 487
180 74
341 9
317 229
172 232
499 361
156 365
56 395
473 336
186 482
70 275
308 87
350 224
198 89
470 53
41 414
341 288
150 221
303 34
267 467
181 327
192 118
13 337
173 101
83 338
465 359
447 153
229 273
214 149
203 428
342 37
177 96
169 183
218 327
147 472
299 337
455 328
17 344
445 320
158 43
402 28
33 123
248 201
203 262
190 462
499 258
206 385
68 177
356 375
200 138
475 355
183 499
195 282
102 201
244 492
372 260
235 498
52 405
168 483
298 107
365 210
447 149
178 71
298 16
6 35
390 498
498 334
116 426
479 45
38 219
331 75
425 410
168 419
254 477
84 188
250 52
54 301
224 198
214 232
267 23
21 72
406 10
436 371
417 23
94 267
342 307
69 277
196 267
97 237
277 451
355 33
335 28
226 409
494 59
82 292
364 261
123 456
327 123
498 411
178 244
403 92
221 20
140 325
62 418
221 237
122 192
220 428
338 457
369 298
90 332
445 303
259 306
429 421
332 87
183 427
371 11
383 439
264 93
363 375
464 178
370 84
364 87
396 442
240 202
386 117
421 330
137 184
105 32
471 418
198 289
152 7
446 69
14 388
263 210
240 377
313 80
167 111
53 178
232 415
33 146
476 471
155 454
338 465
384 112
401 310
317 82
3 54
442 263
325 18
247 57
137 65
28 413
91 156
72 434
80 175
146 105
411 408
226 153
117 249
411 110
44 371
277 228
343 399
417 71
128 168
86 17
430 118
274 466
252 21
48 198
303 184
93 47
200 66
168 319
281 170
41 79
308 177
76 318
389 151
172 346
363 369
487 110
428 293
166 114
312 181
365 66
113 468
34 310
481 166
336 202
134 114
291 229
47 294
297 220
66 288
9 469
431 281
426 497
111 360
393 444
10 275
243 258
69 124
290 278
332 402
17 478
207 318
112 308
380 106
246 410
231 446
79 255
104 163
375 5
449 215
343 268
378 312
436 86
216 447
350 78
56 49
219 367
27 115
221 332
242 408
206 467
74 325
488 138
143 179
246 215
483 445
109 89
176 362
161 45
475 392
293 363
82 383
498 13
197 462
370 71
390 439
264 428
66 464
143 105
320 62
359 390
479 156
370 468
365 7
400 31
395 340
223 45
58 329
291 73
144 255
46 13
442 34
350 163
120 360
422 494
236 292
448 133
101 215
75 318
202 318
10 475
372 449
278 85
158 431
38 70
83 154
40 437
100 377
238 391
385 72
364 12
146 121
188 165
483 99
270 115
90 37
486 280
366 315
246 265
187 376
31 136
73 122
0 71
462 25
449 90
454 199
172 314
479 452
404 213
328 314
352 174
454 271
86 190
455 172
49 184
320 494
117 80
3 246
123 469
411 318
17 73
239 365
318 42
255 70
384 222
248 83
354 88
279 202
227 440
476 86
81 276
208 297
395 50
371 211
29 18
443 282
147 399
441 182
252 317
391 196
131 489
429 139
194 338
278 208
147 421
197 107
404 80
130 257
468 151
169 353
135 350
101 465
147 134
452 394
442 252
93 343
335 73
411 22
83 29
302 42
149 230
310 499
256 405
56 292
145 76
278 77
42 132
266 231
125 42
294 70
266 67
141 239
261 101
482 404
298 344
426 284
135 447
352 88
232 243
171 260
338 229
361 450
181 380
422 480
50 159
226 68
307 168
269 219
124 69
265 103
387 422
222 192
132 374
117 426
187 365
94 289
91 377
257 456
436 124
283 32
100 338
7 10
81 260
181 128
84 205
480 446
490 471
198 54
480 123
488 315
456 19
396 434
390 47
24 6
38 178
369 307
169 490
250 376
356 251
308 283
230 440
264 288
194 72
47 462
129 27
46 35
470 438
485 295
153 212
243 361
169 43
33 112
340 338
89 136
419 196
489 398
38 1
74 253
67 85
112 121
9 48
486 10
305 331
395 324
185 310
353 138
102 354
45 239
375 442
491 134
384 146
148 480
85 275
360 74
47 4
52 472
482 408
91 39
363 140
450 487
477 400
255 156
395 80
374 300
286 122
268 365
197 23
298 268
194 282
286 158
482 242
2 191
230 316
308 94
81 445
345 259
267 410
490 452
104 162
284 365
82 391
266 404
173 280
62 64
74 367
461 201
244 408
224 464
58 326
271 33
144 491
401 468
273 411
425 244
109 377
120 61
465 191
323 386
302 490
358 238
439 228
136 171
135 183
9 213
98 45
36 132
452 94
357 290
34 225
455 282
343 495
38 427
166 160
151 362
100 320
49 361
32 391
426 37
102 20
417 287
419 200
294 306
96 223
301 151
285 482
477 108
35 480
141 367
229 201
22 292
153 181
72 423
460 37
409 498
285 63
115 327
133 56
132 262
413 81
63 433
41 51
31 392
259 428
130 172
316 341
22 4
279 321
359 447
297 239
154 120
447 83
491 122
384 432
365 123
408 149
200 428
172 301
230 84
108 284
125 212
68 425
246 499
446 347
86 457
430 244
179 93
215 377
162 22
498 99
248 27
308 406
60 301
385 332
116 290
354 493
270 241
93 422
269 369
178 39
135 207
152 108
338 314
337 367
318 0
379 335
93 419
72 187
372 153
295 457
302 488
82 149
71 73
294 175
66 192
400 472
81 202
16 404
272 419
419 205
392 442
213 150
190 486
491 285
94 62
50 287
288 397
322 484
159 360
404 116
88 226
280 156
61 21
440 296
354 333
127 211
362 246
84 341
126 52
114 76
215 221
470 16
1 3
215 144
260 12
90 120
276 200
222 370
19 337
22 14
226 373
119 150
343 440
492 56
132 321
42 458
326 199
202 364
8 179
192 270
390 120
321 134
5 18
208 395
261 376
249 230
232 339
279 220
276 427
249 123
433 260
311 291
8 260
439 366
136 16
137 483
118 378
396 310
57 475
351 104
187 318
158 452
172 271
199 437
413 301
413 448
91 346
106 225
91 99
116 398
381 79
457 105
415 499
474 205
310 472
142 325
277 349
120 300
90 302
455 319
267 355
201 220
445 211
310 160
58 388
467 278
383 439
439 276
482 150
474 413
91 144
493 469
121 220
22 113
285 211
418 329
50 52
263 120
280 495
236 426
56 338
277 55
332 292
442 68
334 166
310 269
238 425
145 303
268 359
423 20
349 53
106 341
313 399
247 221
499 445
283 335
390 56
348 413
333 74
240 142
263 167
92 50
353 353
65 90
110 122
175 340
181 459
359 133
207 347
292 458
293 58
114 428
193 183
110 314
309 26
194 350
401 424
278 138
228 106
80 343
183 338
298 108
93 216
63 9
319 152
211 208
136 112
147 177
344 181
207 257
460 153
77 253
392 213
319 207
50 472
311 252
212 233
302 461
322 305
458 217
425 141
253 21
198 413
446 252
10 42
47 154
259 322
35 477
184 3
476 206
458 235
320 139
452 170
328 474
192 274
267 286
159 117
383 20
124 357
252 329
335 134
308 299
276 447
450 343
50 461
48 278
269 360
31 220
195 221
347 211
349 387
356 114
486 8
365 239
421 111
97 469
269 256
55 406
249 397
210 6
136 299
12 110
331 406
479 43
106 26
265 327
293 455
463 121
213 280
391 180
150 134
242 488
246 271
168 298
156 496
147 231
341 144
402 159
54 172
50 234
61 160
467 315
289 206
486 430
463 2
488 229
70 465
236 82
232 316
164 256
487 240
385 312
323 181
353 139
373 230
390 256
71 286
493 210
140 360
214 479
61 455
420 54
137 131
447 8
265 221
462 464
128 104
285 199
190 451
181 491
247 64
350 424
134 170
31 343
175 126
434 97
152 236
219 206
215 141
214 18
482 332
436 28
227 110
414 74
65 418
334 447
223 164
334 184
380 209
188 217
315 407
495 122
328 319
312 214
84 395
227 26
55 67
29 16
90 134
404 295
243 7
171 238
423 318
28 357
75 155
62 216
190 242
61 57
123 18
266 373
251 207
126 493
9 306
441 156
303 451
458 345
84 46
217 481
339 359
14 245
313 414
8 428
485 3
373 421
294 108
315 139
133 45
204 442
450 494
446 145
342 253
152 404
386 426
137 369
114 77
343 3
431 427
282 351
272 416
376 155
295 418
315 44
486 280
274 19
16 288
393 220
477 359
137 45
266 215
292 275
278 380
159 135
338 210
478 293
449 462
380 355
399 96
376 195
67 237
377 2
223 83
442 270
316 200
415 80
207 82
315 59
46 485
47 326
120 384
346 378
85 421
17 78
273 484
73 245
247 192
276 302
72 322
374 70
2 240
323 141
200 209
47 490
168 98
482 446
324 140
61 180
258 409
245 430
27 384
76 170
472 127
449 204
275 45
285 176
169 129
191 460
302 370
320 238
36 471
463 303
483 361
122 25
307 242
478 220
390 335
462 54
259 215
260 263
291 386
15 397
210 461
183 206
296 12
335 3
306 333
46 299
176 142
236 20
240 483
170 214
120 483
198 484
100 379
265 310
207 391
352 133
191 417
282 387
391 488
173 469
268 49
43 71
91 296
132 131
345 184
167 302
139 466
197 217
27 239
482 315
300 86
356 187
74 491
479 138
459 317
367 4
75 80
376 262
394 19
203 8
163 91
409 222
291 302
393 107
274 318
404 375
62 74
65 112
102 489
306 397
401 62
142 173
436 329
348 370
231 182
273 403
125 394
48 183
290 268
86 441
168 416
490 342
455 231
220 55
304 409
471 26
52 206
35 113
336 340
22 383
138 67
461 295
330 115
383 361
302 120
388 321
163 470
53 378
286 470
380 125
152 90
148 203
169 56
248 183
418 5
72 270
417 56
171 33
394 248
220 54
375 48
370 109
339 391
213 424
49 125
68 445
149 53
461 216
400 318
323 209
331 170
79 247
132 101
201 102
9 378
426 273
234 236
127 148
424 74
51 193
490 474
379 119
336 139
309 193
402 88
258 484
231 86
187 189
292 363
241 388
13 301
37 19
168 248
322 17
210 92
418 225
345 200
192 150
343 181
269 353
338 97
183 27
217 421
285 222
462 361
162 378
398 476
76 199
68 418
362 250
475 130
183 281
283 320
1 375
80 126
75 270
150 418
340 111
333 219
80 477
207 148
124 94
293 457
375 200
450 214
344 238
371 425
98 27
254 154
132 99
222 335
105 59
170 372
443 297
274 4
152 23
117 482
439 128
180 262
476 167
257 482
407 173
52 128
134 5
457 307
494 266
325 179
51 99
397 348
352 494
369 171
5 356
336 338
100 297
316 16
498 429
454 73
201 257
115 6
313 335
453 72
103 307
259 130
478 6
352 156
179 182
38 221
59 37
186 374
242 11
292 2
75 240
350 98
105 276
463 465
389 270
430 268
398 492
498 189
197 229
411 350
423 376
265 302
28 334
197 451
453 271
363 342
440 28
156 213
30 45
168 119
239 419
263 98
139 138
367 113
315 336
64 130
432 238
424 330
281 313
84 122
464 235
115 299
13 256
154 272
243 395
315 322
272 483
473 430
44 411
99 192
322 359
450 163
345 107
420 374
496 479
66 356
155 312
69 181
305 20
416 223
397 49
32 83
13 169
80 5
197 409
269 31
46 371
478 219
93 244
223 250
106 442
106 289
322 262
282 27
250 128
29 198
133 147
168 61
418 147
56 100
131 467
190 177
396 178
422 21
271 342
136 497
138 378
140 242
270 460
440 274
325 372
372 469
382 458
105 40
141 152
119 14
191 124
302 162
183 440
282 76
425 454
332 270
12 63
24 324
99 134
359 464
286 276
234 231
271 168
321 192
206 264
389 292
454 249
189 43
472 137
444 323
445 397
461 276
453 310
444 485
301 404
180 303
386 87
256 266
458 10
274 429
221 16
118 163
59 28
165 307
483 31
428 461
90 428
238 389
226 43
299 35
190 380
467 331
97 77
87 75
4 408
424 213
229 78
106 42
202 288
319 123
85 37
465 99
341 175
70 56
443 67
447 369
200 133
62 267
194 297
205 1
215 199
129 482
376 444
232 87
210 78
115 403
354 147
322 433
341 195
263 244
113 136
121 62
181 165
315 184
185 376
427 372
354 252
196 56
143 231
161 280
35 205
353 129
414 390
85 27
272 255
391 200
115 385
403 364
48 296
172 218
90 86
338 99
7 445
28 387
167 2
208 41
170 203
93 413
440 84
191 30
231 212
450 434
299 346
142 353
423 347
285 167
118 13
310 124
11 126
480 190
232 30
233 40
453 402
339 178
209 394
458 30
465 292
138 408
113 264
463 132
151 36
402 249
373 270
248 64
255 236
266 228
269 487
241 352
382 74
468 80
111 443
87 279
39 76
192 225
210 153
41 155
404 361
131 295
360 129
365 231
460 115
454 484
188 81
155 195
276 422
218 476
255 239
315 305
383 294
299 7
14 93
306 193
488 419
48 290
21 200
315 266
102 333
414 269
317 290
64 422
250 93
332 282
88 357
3 499
358 471
64 155
348 372
291 222
12 188
389 192
458 386
219 56
178 60
202 486
260 495
440 266
49 10
367 124
123 137
460 370
25 333
205 24
98 225
266 349
393 111
497 155
63 351
263 68
54 241
88 317
83 314
176 28
4 484
473 43
266 479
312 433
309 143
369 370
71 408
371 487
142 464
167 368
288 57
151 282
99 343
9 239
120 34
19 186
229 124
456 344
278 347
491 268
490 439
347 212
199 61
25 218
438 193
250 44
326 227
422 253
493 425
312 431
117 465
441 183
27 199
46 397
18 157
97 389
453 8
70 444
15 152
197 447
492 453
32 300
53 318
96 454
238 398
215 408
443 355
406 157
406 470
128 305
194 276
285 77
21 0
4 207
154 388
342 202
354 498
169 226
33 407
158 265
25 271
478 373
382 468
290 385
190 141
417 418
347 236
88 54
261 369
257 93
147 268
266 451
30 1
260 435
52 63
186 418
144 77
397 164
49 378
19 188
458 91
180 289
343 306
27 268
213 105
225 136
440 360
361 491
279 470
385 474
244 331
261 71
235 388
267 158
346 137
80 138
427 157
463 112
233 271
228 490
126 446
307 453
296 66
388 20
346 75
259 273
344 91
331 20
30 80
69 450
89 229
386 149
262 368
491 201
191 495
293 71
24 169
88 452
473 173
100 476
250 171
262 359
231 446
26 94
44 114
343 447
97 485
354 81
282 211
206 345
417 325
494 499
452 293
318 82
59 277
300 419
130 161
107 63
9 214
328 486
433 53
391 23
104 382
445 245
442 386
63 151
3 211
357 57
492 307
436 175
94 403
416 236
151 225
439 23
361 160
66 119
142 147
381 457
54 246
484 327
330 496