2800
36 251
174 347
167 184
458 350
384 425
493 191
438 110
148 427
388 392
431 2
45 421
189 487
220 450
458 239
473 146
397 344
44 9
193 423
274 63
340 151
195 10
472 185
112 485
230 120
474 352
273 161
148 371
321 463
54 220
366 131
476 27
388 115
39 20
435 81
85 165
175 275
461 132
469 147
119 425
278 199
361 445
316 403
218 361
434 138
269 272
299 152
268 97
469 39
121 159
324 404
180 58
42 351
350 493
418 11
211 321
266 48
452 424
285 82
72 170
295 71
224 194
291 446
486 492
3 261
17 107
17 327
30 49
42 411
422 380
53 313
361 485
409 319
253 165
336 47
118 326
20 131
77 342
186 163
276 63
22 189
368 294
195 391
302 398
130 90
403 77
62 183
354 116
282 472
19 108
286 470
453 489
332 306
321 382
298 18
208 98
244 172
64 76
327 439
29 218
295 457
493 284
401 210
182 347
307 35
357 53
42 93
251 310
192 226
245 73
171 342
15 305
381 267
206 431
149 60
18 88
372 297
7 363
62 125
160 41
446 370
315 17
179 340
67 67
140 224
66 312
469 163
430 433
364 350
411 488
76 366
163 281
496 301
426 22
415 58
280 87
456 361
201 96
163 136
360 268
432 155
170 278
212 401
104 100
440 76
294 367
0 17
170 457
331 496
54 96
35 246
107 335
431 344
480 161
281 446
453 192
470 214
467 123
75 34
111 423
290 15
384 405
215 142
138 406
3 398
145 45
380 390
234 104
117 163
461 214
258 399
465 266
389 81
115 432
356 316
183 78
336 498
141 420
326 403
301 131
176 181
72 298
403 408
423 306
373 372
271 236
2 483
64 236
21 243
59 180
110 377
227 243
15 446
349 220
352 341
23 3
301 380
289 447
253 56
429 64
301 478
462 200
289 155
399 378
410 310
39 458
53 21
319 266
339 68
262 169
24 191
423 137
84 325
382 64
129 189
168 311
363 282
437 482
360 152
462 336
147 271
292 1
120 200
121 463
484 459
2 383
20 8
334 425
490 104
145 68
379 471
253 313
147 94
247 42
231 8
131 61
415 378
430 275
238 35
346 51
286 223
231 348
125 306
262 417
485 115
438 408
73 216
311 43
86 221
81 410
323 317
47 212
487 238
125 477
381 77
300 471
171 167
326 384
301 149
116 88
348 287
3 55
98 422
495 166
76 36
353 76
140 252
490 252
230 127
204 468
291 463
130 357
241 315
464 308
397 42
181 80
135 97
19 185
203 86
122 366
442 132
384 328
80 82
61 226
194 162
125 118
475 486
301 108
416 68
462 265
197 165
263 144
181 333
271 282
149 384
368 393
221 443
378 252
479 154
316 439
409 25
363 294
402 236
304 164
281 318
484 267
263 479
164 99
233 444
180 435
180 382
178 49
153 254
408 56
347 484
10 224
18 257
345 225
390 420
91 150
269 23
354 427
26 384
180 370
157 259
494 360
261 338
92 24
80 267
251 0
76 279
388 113
339 95
367 234
236 81
456 310
237 5
241 311
181 115
227 421
133 339
29 221
97 395
162 121
473 29
308 265
379 49
144 197
283 70
3 364
174 19
376 459
270 264
379 117
38 304
143 458
179 23
418 172
145 128
157 432
198 118
167 466
15 429
351 164
28 298
169 354
313 54
318 45
14 436
240 50
8 404
427 235
259 40
168 198
130 404
22 326
144 180
461 41
205 11
161 312
18 85
140 330
227 332
268 310
360 93
497 360
95 221
261 276
474 354
258 281
459 457
137 132
25 103
114 451
263 83
20 275
457 134
466 160
323 184
277 86
298 35
256 126
403 393
247 369
151 229
186 357
341 110
66 176
127 218
301 180
308 390
24 322
334 265
302 342
280 9
45 431
58 78
323 301
23 313
42 422
279 26
488 81
257 472
191 54
87 384
126 344
18 247
12 3
197 353
362 166
98 330
408 259
61 8
173 84
6 436
462 67
148 138
462 450
357 405
141 153
350 296
43 268
123 368
73 407
74 320
150 288
47 24
32 411
495 460
396 57
124 353
491 210
13 273
30 454
459 370
166 172
292 161
30 61
468 415
87 455
243 42
418 238
1 143
103 302
359 496
349 352
414 484
109 193
499 427
149 139
163 458
120 167
80 455
222 2
309 49
443 310
400 53
48 362
164 401
397 3
207 376
360 98
143 122
401 321
460 142
101 403
422 124
431 73
427 3
52 6
316 236
141 347
209 216
117 189
193 226
102 366
316 400
374 314
135 460
102 276
31 447
423 55
128 453
456 355
213 407
144 360
208 29
97 285
327 269
347 66
432 20
272 449
115 100
60 147
275 250
198 163
70 306
259 473
328 51
458 68
280 393
422 102
240 488
110 371
437 67
439 457
259 221
322 211
358 374
477 382
397 485
291 27
0 468
19 51
471 181
74 477
432 251
92 497
220 24
91 202
11 158
379 30
93 270
145 201
84 304
289 122
149 333
301 81
484 149
330 172
150 455
58 257
254 434
458 150
204 326
484 49
431 216
486 364
417 24
180 483
457 353
187 470
51 458
460 340
13 387
342 142
399 163
449 252
403 5
332 407
308 107
175 316
32 91
467 162
497 450
155 148
118 455
265 342
183 21
408 225
368 196
211 102
206 267
273 160
419 109
69 105
273 79
170 244
258 158
108 137
285 256
63 263
458 255
128 328
54 493
41 388
342 274
41 252
264 49
158 166
123 35
114 79
324 249
407 284
273 434
42 367
482 411
166 105
286 440
285 147
35 192
466 326
78 378
427 359
378 194
229 437
369 353
102 195
479 45
479 9
228 105
16 22
479 211
3 34
181 117
161 289
115 217
447 479
339 46
92 226
15 69
422 174
369 384
429 377
238 201
306 261
283 467
30 322
356 114
84 33
322 38
107 245
225 290
336 54
280 416
485 428
454 295
32 259
488 324
25 461
222 227
46 183
5 357
324 76
109 213
103 408
153 284
74 210
116 378
294 262
42 248
396 131
243 497
321 428
241 231
458 198
381 316
25 4
80 238
303 349
257 42
326 259
469 263
141 400
162 438
186 288
271 204
201 82
362 14
246 374
424 104
272 56
61 305
395 297
147 493
387 51
310 256
19 213
465 131
69 13
153 127
184 108
42 424
439 237
464 257
361 185
93 388
46 133
282 154
0 293
344 429
38 387
453 154
138 57
422 418
398 59
167 75
0 434
171 62
319 291
328 135
376 32
17 421
428 422
215 299
81 428
167 412
66 119
28 120
391 56
116 451
378 289
223 135
197 230
21 246
234 368
400 201
123 110
32 417
69 403
331 99
11 150
269 350
323 430
486 297
100 214
355 454
90 479
209 430
176 139
360 83
284 410
372 112
382 407
310 256
356 451
101 493
196 367
149 222
371 371
85 136
442 472
303 292
222 384
24 12
95 398
161 236
348 380
139 385
142 230
181 302
147 350
217 134
356 195
66 219
355 80
52 3
295 149
34 355
219 17
268 410
146 167
399 281
166 494
77 390
192 160
10 258
245 192
239 80
299 453
33 306
309 6
155 437
144 457
474 189
99 364
383 94
227 97
444 282
172 246
406 21
131 217
409 269
349 376
182 0
306 0
6 67
5 468
425 13
203 1
217 251
198 154
104 100
382 425
23 48
421 55
272 282
51 52
281 33
33 252
252 315
382 192
160 110
123 239
241 437
188 178
333 458
59 238
164 289
337 293
200 187
321 258
162 324
209 372
476 295
110 95
287 228
190 493
84 299
236 314
492 325
136 276
15 177
466 47
340 31
70 155
265 41
365 392
116 280
75 75
170 93
173 38
383 309
460 364
178 467
293 196
324 22
52 429
476 191
74 18
26 168
61 497
389 291
423 427
354 357
450 499
37 376
37 476
340 272
239 497
45 370
392 384
165 221
413 444
315 493
162 339
336 193
336 223
2 77
435 260
259 208
436 237
213 148
272 325
322 405
275 11
396 219
441 20
316 413
407 206
45 483
176 69
144 382
459 13
273 499
59 394
484 384
384 496
321 197
103 156
167 496
215 230
102 415
329 156
362 419
254 88
157 260
142 431
296 153
4 101
348 69
305 64
60 332
381 189
197 233
81 336
67 216
132 297
305 21
440 313
401 20
280 195
478 410
415 274
375 274
195 420
484 75
259 352
41 396
481 141
329 238
306 63
212 396
270 290
103 17
389 210
257 356
266 169
443 87
361 34
454 171
98 408
260 290
186 358
351 153
243 19
82 180
429 50
340 294
164 199
261 296
152 53
75 19
458 271
305 370
393 172
80 111
401 492
350 193
346 439
458 53
233 442
492 41
187 14
213 184
480 203
109 475
346 133
256 184
406 304
476 413
24 300
292 409
102 425
364 494
47 300
242 174
67 132
147 234
419 255
310 360
187 251
236 419
455 33
190 492
405 362
162 166
427 429
206 454
300 29
330 422
97 347
331 72
159 16
123 478
191 430
181 434
353 378
264 418
410 309
23 454
472 168
449 185
491 400
429 156
430 291
490 111
36 379
396 321
300 195
477 19
305 491
221 158
76 11
172 485
439 339
359 195
380 264
164 308
316 223
14 445
409 247
478 4
177 445
492 374
246 329
320 469
479 51
62 42
379 408
99 86
281 319
435 458
266 13
236 99
396 83
182 250
106 305
250 160
387 284
465 94
415 133
36 286
180 395
303 451
37 59
230 402
360 319
332 165
116 478
61 421
171 13
170 95
256 130
266 421
367 143
128 231
369 283
178 16
467 401
313 333
87 5
176 43
61 299
277 360
281 29
394 191
286 305
287 65
338 394
37 53
136 205
340 17
34 6
407 370
203 353
210 72
116 142
441 238
99 29
410 219
410 232
389 305
370 196
443 28
433 60
265 332
350 70
428 106
328 236
89 187
260 384
26 300
38 228
109 468
187 489
74 19
176 449
497 315
344 46
106 440
273 277
347 224
182 123
211 275
315 10
394 300
452 75
303 273
241 491
332 412
283 428
377 406
222 460
358 374
167 418
195 317
41 440
415 395
170 75
437 126
426 337
412 184
457 231
222 67
479 198
478 406
165 263
75 207
433 239
157 433
250 100
40 352
247 143
70 455
81 270
107 8
192 360
91 372
439 1
51 165
423 419
34 29
88 88
327 109
394 21
474 484
189 145
140 14
322 436
58 211
219 255
467 18
390 263
116 410
75 329
100 167
48 499
439 486
447 136
157 267
103 342
339 483
498 292
81 479
190 172
279 491
9 261
376 247
157 399
81 492
159 85
436 181
168 207
343 375
494 115
457 353
336 98
242 296
128 186
210 175
167 170
432 490
89 176
428 160
153 246
183 9
190 164
224 119
495 210
326 419
124 489
439 135
284 461
499 34
209 412
82 62
52 376
405 366
379 493
91 333
342 32
48 275
394 384
95 272
192 241
231 421
408 316
129 22
56 192
456 481
43 266
494 391
257 447
440 399
84 136
20 31
306 426
163 69
193 53
294 258
31 385
54 377
400 439
484 35
16 308
74 440
331 411
358 421
320 441
429 150
34 405
183 302
371 192
245 346
456 416
154 392
269 339
131 208
95 21
330 115
407 112
375 256
177 239
32 86
236 350
107 461
115 122
315 290
489 338
255 412
156 297
137 409
469 426
299 268
235 64
28 129
238 142
233 404
490 267
117 265
79 78
53 76
219 194
33 368
132 208
357 288
49 289
67 494
114 18
82 366
348 349
344 111
367 438
205 77
195 357
287 175
251 274
320 340
60 470
30 205
345 45
334 388
234 394
264 253
471 201
50 347
310 171
109 246
324 177
386 167
342 19
145 173
14 445
416 317
23 426
471 446
186 368
115 305
410 273
474 379
78 382
53 376
123 388
65 15
182 299
318 303
477 376
321 315
132 343
269 89
388 155
376 241
398 74
199 343
222 309
43 173
402 153
41 448
463 25
324 459
262 497
225 494
309 91
434 47
136 441
449 204
445 376
303 177
20 195
4 2
28 94
247 47
496 430
307 141
100 311
161 483
477 214
306 386
285 138
431 92
296 274
150 380
409 93
289 453
456 429
24 145
193 336
266 271
412 41
204 73
408 364
431 365
104 237
375 89
181 389
15 158
391 330
423 166
471 300
230 64
210 279
115 254
377 255
148 381
306 142
6 352
70 66
303 289
378 26
267 30
189 60
390 283
449 80
232 165
230 272
52 462
68 292
47 167
401 446
88 195
399 59
126 446
236 321
347 429
460 114
26 115
250 1
81 268
434 199
471 313
128 16
308 375
43 196
494 207
254 296
355 434
381 153
327 481
263 469
435 174
141 223
224 314
82 391
442 157
322 368
236 266
141 450
499 396
103 36
332 493
280 357
363 188
21 13
482 190
216 284
7 269
83 358
101 83
92 166
386 44
162 415
217 123
19 155
192 216
62 475
332 24
64 342
355 47
89 86
370 189
458 306
16 230
165 42
60 117
13 258
25 298
421 175
331 242
311 293
268 375
399 373
67 452
352 316
254 422
111 441
247 476
206 69
463 263
381 224
334 375
174 394
422 211
453 447
240 105
480 116
489 360
313 231
47 56
330 165
458 301
278 441
363 206
469 336
412 178
54 202
449 98
309 80
27 223
328 263
379 120
480 308
39 221
129 145
162 439
92 460
253 121
327 222
59 468
499 148
351 323
422 405
485 152
375 231
346 364
484 203
363 78
151 465
110 254
193 280
92 273
394 286
360 346
166 221
221 271
95 165
70 424
76 369
100 407
272 451
6 299
377 256
221 369
124 28
160 184
457 169
307 253
451 351
424 168
439 117
135 497
422 34
403 57
465 498
302 356
155 89
345 160
382 384
264 419
103 358
27 424
177 412
115 187
355 128
98 391
388 294
181 233
290 310
161 436
292 107
196 315
327 299
183 394
165 209
419 447
372 120
32 299
486 401
30 147
38 341
487 128
213 278
441 168
105 3
463 454
269 249
49 11
405 448
10 84
384 70
190 429
228 108
9 74
221 214
407 391
19 111
242 395
415 84
440 183
137 372
122 403
414 258
206 23
459 172
242 68
498 343
451 285
211 78
145 313
204 285
396 52
299 76
160 490
173 215
87 100
3 162
420 61
436 270
442 479
47 248
91 36
173 397
476 395
60 385
170 121
25 264
340 418
409 325
40 353
453 434
97 479
41 309
79 369
348 329
77 373
409 248
145 21
268 83
320 473
94 328
92 342
260 120
445 285
138 21
308 337
316 443
252 405
274 209
39 183
56 475
223 468
489 466
401 220
194 257
85 221
63 140
112 30
315 175
49 409
246 305
248 357
262 63
124 1
36 388
215 163
132 93
411 290
11 473
83 312
385 57
49 20
50 300
327 162
71 217
22 376
233 170
85 123
476 347
88 209
225 12
457 303
446 209
182 368
32 309
366 117
138 417
69 267
429 188
258 397
125 353
23 132
255 211
58 460
169 231
96 498
302 246
455 53
422 248
57 490
107 306
76 275
42 245
286 145
394 324
177 44
176 20
231 52
12 432
15 141
140 33
280 463
17 294
394 235
77 291
97 303
430 185
282 25
171 472
148 68
112 417
437 325
229 289
73 20
14 93
127 440
404 6
152 407
494 273
416 398
201 72
257 365
391 131
455 391
460 414
331 104
281 72
213 121
493 363
456 138
431 7
365 83
342 187
460 369
267 337
409 228
93 468
451 18
409 336
250 259
215 369
294 434
55 496
211 359
350 48
408 168
103 281
468 125
495 446
283 280
8 262
83 44
414 453
142 34
293 323
45 244
178 8
357 191
402 233
134 420
88 252
33 394
19 44
490 353
133 366
129 125
21 493
299 212
98 435
258 441
185 244
104 155
198 364
449 313
234 101
353 435
329 174
218 239
444 201
67 60
37 78
71 48
112 58
493 370
163 211
307 104
111 349
65 411
225 310
411 366
302 459
133 116
207 483
36 204
116 152
82 456
4 154
64 5
228 117
180 58
14 391
92 487
398 125
287 157
376 475
434 198
167 30
13 420
476 226
378 50
6 92
246 460
466 362
331 311
221 194
437 11
350 87
212 30
39 101
76 0
50 415
445 363
283 69
296 311
213 111
203 174
487 219
433 302
113 305
499 265
128 186
273 436
318 479
432 337
189 358
273 8
223 240
161 71
382 358
469 457
484 95
166 173
475 323
128 99
216 440
478 479
267 345
176 251
440 86
444 460
320 130
222 69
492 44
402 383
193 374
321 224
397 29
352 339
291 224
16 480
459 7
204 494
97 78
164 232
192 37
19 460
382 365
409 241
477 374
101 163
387 170
199 422
114 136
212 51
383 405
412 228
74 194
272 469
201 23
413 289
249 246
111 432
174 131
358 372
35 151
173 459
233 275
263 372
275 347
252 476
56 10
56 17
486 131
154 328
117 39
285 67
352 219
350 396
120 26
29 208
19 156
283 54
426 253
100 46
22 53
415 205
74 79
62 471
299 60
451 216
136 269
488 237
485 488
366 190
251 106
114 247
301 270
23 397
443 79
484 476
33 318
397 399
370 107
19 311
379 21
142 470
59 15
355 482
173 45
3 73
320 424
46 117
366 473
52 422
398 161
479 388
287 283
242 228
39 9
383 261
83 419
286 25
8 143
40 494
67 33
309 43
12 240
213 355
277 230
391 118
6 27
162 371
451 294
155 404
165 491
262 38
64 249
244 48
42 424
457 284
179 462
202 266
473 191
421 415
385 251
130 164
35 392
38 293
197 339
330 193
232 215
464 444
344 148
72 60
344 239
201 29
147 23
66 255
170 120
223 339
3 408
300 354
147 391
230 338
31 344
59 412
356 115
263 375
435 52
291 187
68 131
154 344
99 215
188 72
411 122
30 411
265 267
158 330
20 264
109 240
152 403
19 20
248 360
412 134
322 183
167 56
400 242
458 173
246 352
474 498
409 9
276 4
186 27
291 434
174 58
461 400
273 178
38 332
467 21
56 303
211 141
383 223
397 463
315 193
191 495
4 289
145 101
480 281
67 183
241 271
24 94
272 203
35 297
170 163
318 354
347 226
302 381
344 231
424 51
46 160
301 468
421 402
183 299
482 401
172 103
197 224
279 196
345 321
336 166
21 15
94 6
387 368
451 396
299 232
244 228
196 345
247 45
344 117
18 283
238 327
403 42
91 287
460 34
200 288
156 297
155 73
294 250
498 43
127 245
325 297
494 371
416 21
490 93
376 113
440 360
255 114
253 195
229 346
134 214
363 281
355 290
392 18
61 149
246 242
39 40
411 72
445 385
479 180
293 288
148 355
322 85
132 403
101 75
141 361
142 88
378 4
23 349
498 123
365 436
477 245
169 257
142 240
420 466
254 121
477 65
150 255
158 151
78 282
495 112
200 220
224 490
339 430
53 99
36 338
435 419
176 365
457 456
422 318
440 378
295 177
432 269
272 446
80 442
406 350
422 428
418 106
37 499
98 257
447 90
361 486
203 382
190 389
208 161
391 113
142 0
121 186
484 74
368 393
95 65
493 275
233 18
17 411
20 270
213 467
306 468
202 426
316 361
22 393
6 376
376 413
452 0
426 497
242 436
1 294
421 337
207 346
109 155
277 76
396 130
98 342
121 202
63 152
45 437
313 438
203 403
403 41
390 155
92 329
476 132
321 93
292 397
404 29
457 401
31 34
228 353
55 481
134 349
286 471
409 31
435 451
344 464
120 338
20 234
218 212
157 496
245 392
273 449
351 150
36 230
84 382
216 264
466 491
314 350
381 104
56 75
40 168
359 252
339 160
372 379
375 57
301 29
479 120
122 74
157 182
416 10
127 241
84 132
334 93
197 399
474 68
236 105
358 14
174 95
326 197
106 398
428 201
174 260
334 259
441 296
159 491
84 209
342 286
231 169
68 28
96 428
386 42
409 185
132 96
145 83
482 459
160 103
363 262
373 186
335 198
41 166
375 494
280 478
147 69
98 363
143 67
109 194
231 29
477 18
454 364
323 122
78 288
402 335
22 441
491 275
293 357
203 385
363 168
238 483
198 10
77 336
382 341
371 38
409 114
478 200
323 215
3 153
488 401
194 405
32 362
71 186
71 325
345 274
257 434
296 83
271 307
149 225
115 154
120 20
72 24
91 98
103 247
148 94
351 443
306 195
381 235
60 377
152 304
90 406
341 261
69 386
463 113
119 218
90 78
455 239
189 162
410 46
141 292
87 410
457 344
80 393
123 190
494 492
250 127
388 436
174 92
57 309
379 137
216 176
415 321
336 171
217 456
248 98
360 210
407 335
81 318
8 487
331 204
183 355
291 82
174 71
233 466
103 83
259 112
286 171
194 174
130 122
220 412
474 230
417 80
250 381
220 350
406 259
114 52
486 89
13 257
223 12
95 246
210 179
350 354
380 496
470 45
309 362
444 190
123 135
369 361
64 373
484 89
493 470
60 450
208 479
343 73
319 431
462 438
144 381
378 313
210 24
238 348
391 371
6 182
396 366
91 375
317 460
430 76
378 162
494 490
415 86
370 337
128 86
468 332
497 272
149 198
398 207
78 387
422 289
7 437
164 318
130 99
175 481
144 412
255 53
492 490
327 170
257 362
194 455
228 77
275 192
251 377
116 173
315 182
119 38
208 322
273 283
117 338
251 448
354 113
103 358
28 346
60 282
238 137
214 106
150 318
47 341
15 402
436 163
54 182
356 55
190 262
453 130
430 159
272 56
414 136
482 227
10 294
432 394
1 100
270 146
488 151
405 317
332 355
389 341
248 238
353 97
79 439
450 306
214 10
146 75
302 480
274 481
227 164
264 206
205 228
232 34
203 45
252 489
331 388
126 493
90 431
222 479
137 170
32 173
248 351
331 30
11 402
67 458
164 239
319 331
218 221
118 403
393 273
161 370
363 76
7 288
267 306
476 82
255 405
108 360
390 355
257 292
250 254
345 324
8 266
488 164
68 78
351 458
329 313
389 13
301 44
350 248
330 420
177 178
38 437
292 286
430 429
183 50
226 180
446 28
44 234
312 286
245 464
277 16
29 426
470 18
267 182
454 321
499 449
387 132
270 390
319 179
81 200
380 354
234 308
394 178
317 278
243 59
75 414
340 372
243 456
138 162
483 362
311 444
76 335
77 50
82 346
398 396
102 163
323 130
309 336
114 218
277 478
392 209
434 204
160 84
246 177
39 150
94 82
269 202
253 23
221 346
242 335
350 120
250 196
32 174
244 411
389 498
60 373
77 133
217 494
23 89
91 464
46 62
116 37
60 315
161 369
56 282
254 255
451 407
433 356
268 335
333 177
50 9
495 393
239 479
420 212
28 262
324 11
48 74
241 293
162 109
243 254
9 71
478 349
205 312
147 263
440 325
187 481
226 342
173 182
394 466
228 93
104 423
349 405
198 152
113 91
197 212
283 356
205 207
371 113
376 263
88 19
352 316
10 275
457 430
396 183
276 204
479 477
382 380
385 180
123 432
144 498
207 321
380 280
393 264
27 251
122 270
438 116
243 326
257 449
484 53
109 5
482 261
493 88
268 216
148 378
229 392
213 145
277 288
52 445
196 170
440 80
48 319
497 231
180 143
196 254
260 16
277 305
245 94
311 123
353 14
258 311
308 82
370 323
268 85
256 423
355 316
487 48
279 255
398 485
239 311
328 447
104 351
446 457
80 350
216 109
420 434
368 326
149 229
314 239
14 269
85 422
323 221
328 73
58 102
266 226
25 149
353 446
403 130
332 299
260 336
122 400
226 180
409 490
81 227
348 76
350 447
20 433
358 173
276 348
427 268
270 394
192 452
434 123
274 95
283 266
18 34
214 257
248 96
323 476
404 181
481 171
457 254
428 1
350 167
436 56
450 277
81 206
181 142
89 16
134 455
489 225
482 5
101 55
383 82
116 425
448 287
42 97
450 257
277 322
378 152
281 213
271 180
174 363
231 452
259 115
192 217
222 100
155 175
109 176
453 39
178 77
174 401
11 220
394 477
129 288
353 272
304 411
126 476
428 478
446 209
278 39
139 138
165 1
29 146
37 275
352 482
235 216
288 379
356 246
386 183
307 337
100 239
67 112
442 78
287 347
386 388
27 66
419 377
24 192
319 448
430 61
129 172
403 165
264 418
453 111
448 2
94 260
224 401
479 161
9 167
55 119
37 395
273 434
127 456
256 149
210 298
470 38
203 340
110 225
336 319
322 63
175 137
38 416
77 400
67 369
488 438
334 474
409 25
333 459
108 388
186 89
127 170
362 9
234 183
354 324
387 423
60 176
444 415
315 450
319 22
312 234
60 160
37 146
457 321
209 371
312 65
88 248
257 440
475 450
275 343
266 329
358 14
281 178
128 302
176 448
34 300
460 489
487 95
416 497
220 445
362 478
226 33
473 302
253 335
178 300
481 380
246 297
475 339
494 28
328 456
256 170
11 363
458 68
65 499
296 226
204 286
319 10
313 282
469 144
296 418
298 148
297 277
469 396
276 272
228 463
485 105
468 336
404 497
348 278
4 322
108 496
6 61
195 279
275 319
237 165
165 71
200 387
284 462
86 169
132 412
17 167
3 118
467 337
115 260
82 167
163 120
33 42
173 21
341 228
393 448
371 430
318 410
372 71
93 454
218 311
478 225
195 236
73 333
93 14
181 41
161 27
69 196
218 46
274 242
42 411
193 20
430 413
337 363
169 155