3300
283 495
379 82
194 339
276 65
289 233
323 140
21 439
487 243
208 288
396 362
418 344
376 386
72 358
53 228
460 457
452 198
280 95
435 184
101 474
60 63
203 242
181 383
478 224
364 21
235 186
383 260
499 153
364 111
191 423
380 417
115 151
98 185
221 248
74 385
448 322
65 134
369 4
80 98
471 348
386 445
57 207
360 121
232 408
331 224
493 423
426 64
101 461
61 25
262 174
496 135
270 63
67 413
12 139
339 499
444 483
42 78
199 354
262 403
479 432
207 446
362 325
286 134
11 463
489 347
482 125
188 485
251 104
96 255
255 263
98 287
365 51
257 141
396 65
349 372
318 227
52 56
42 180
495 338
37 405
31 484
321 372
328 219
327 72
187 424
212 434
337 138
131 429
346 95
467 379
106 195
104 137
169 159
349 498
256 164
0 387
111 287
358 173
98 439
364 185
471 137
275 428
209 309
256 258
137 56
103 75
212 96
255 59
58 381
397 456
195 314
453 249
274 306
246 311
349 372
10 110
390 172
333 137
248 99
7 89
164 237
333 111
170 228
109 440
397 80
394 358
107 92
399 199
11 234
106 145
107 212
384 468
458 349
300 218
159 206
443 308
419 324
52 129
69 441
22 14
224 318
411 268
468 332
66 162
159 331
395 24
493 118
319 279
349 303
9 119
279 9
185 304
433 50
492 237
103 355
173 366
486 328
12 436
98 306
137 430
306 109
227 384
164 151
454 46
18 365
374 315
120 297
348 59
149 405
260 340
58 104
432 434
222 44
351 296
78 173
282 340
225 385
36 362
260 241
106 343
158 278
428 333
392 278
184 276
468 393
498 444
230 26
70 282
431 453
126 273
114 9
394 260
122 339
80 283
126 383
13 38
371 284
63 441
217 264
9 99
395 37
63 7
142 126
431 486
259 73
82 57
317 373
64 329
112 292
175 144
35 90
374 40
482 406
22 289
240 51
441 32
391 136
262 356
342 33
106 193
102 454
327 189
18 271
63 244
388 482
72 90
131 275
182 298
88 465
368 204
236 180
316 309
166 480
13 430
475 360
314 120
161 77
349 494
238 31
13 412
3 478
254 437
235 486
451 436
492 175
356 171
333 81
61 172
103 499
211 74
46 78
8 26
372 207
238 209
473 110
440 103
40 476
314 194
482 276
451 117
289 327
408 159
332 122
473 321
247 287
217 36
62 294
353 77
286 286
248 444
47 260
88 189
235 440
216 403
20 70
249 19
179 161
283 157
330 363
2 108
145 77
223 219
297 59
198 429
373 435
195 446
487 272
212 284
187 75
145 428
300 59
221 394
403 331
194 356
317 85
162 48
267 314
373 238
167 416
352 71
370 40
312 399
183 357
432 25
305 222
134 429
323 105
288 207
415 78
163 482
30 232
46 178
416 150
418 272
343 435
475 122
22 213
423 139
16 57
132 355
285 322
279 266
473 460
391 68
402 388
473 54
84 285
287 19
143 0
287 57
180 487
52 262
254 54
463 327
183 270
444 95
361 320
280 224
144 186
427 171
78 398
183 400
271 162
15 322
380 415
254 302
417 412
466 158
486 171
293 429
377 21
341 238
314 90
277 473
145 458
356 204
456 75
89 392
66 227
142 104
259 446
210 248
407 176
199 28
310 393
414 492
230 187
277 255
80 396
354 54
110 225
152 63
307 418
146 242
198 373
172 140
389 457
485 382
411 148
41 184
29 221
260 307
414 111
8 37
444 494
72 214
129 406
325 224
318 436
162 323
463 17
326 186
68 204
204 312
348 331
404 97
404 377
341 16
54 170
165 201
415 350
256 89
165 45
333 81
256 484
1 347
33 220
276 327
491 454
285 333
430 340
69 42
58 335
5 410
111 464
314 22
111 379
276 71
4 277
261 461
309 261
333 114
293 342
296 461
294 137
477 434
328 225
412 398
161 386
203 269
292 124
3 17
440 403
32 131
93 297
410 145
259 402
96 243
56 405
42 245
179 203
280 371
269 359
245 192
461 430
407 448
318 253
9 410
42 258
407 41
187 487
389 317
412 298
55 337
82 469
24 449
320 113
472 304
496 442
224 70
370 309
415 131
394 188
299 424
317 288
275 206
24 356
155 16
353 288
109 62
12 288
401 133
437 332
126 374
296 285
95 203
334 166
355 10
286 228
368 154
212 103
460 143
159 88
377 467
29 365
5 486
472 41
226 406
132 409
47 204
407 428
95 142
4 242
322 302
308 142
97 191
186 20
461 57
376 198
415 338
176 258
299 420
326 148
410 377
82 311
239 457
451 341
435 186
488 307
449 110
153 296
317 46
456 339
37 278
468 184
442 452
372 496
145 94
471 51
362 55
364 405
99 453
140 167
474 34
144 128
425 275
173 297
489 94
224 129
314 26
331 192
40 256
350 55
106 185
92 174
431 320
274 308
475 30
65 414
42 449
76 61
211 467
413 250
379 200
226 137
181 45
154 409
465 222
259 356
30 423
244 352
160 314
344 18
432 488
289 261
323 474
294 366
116 386
86 207
197 347
245 164
74 230
452 399
255 391
314 64
416 138
452 58
76 428
268 148
410 8
335 58
424 85
471 481
40 392
91 57
221 237
468 336
235 147
38 272
336 343
481 353
411 104
385 285
433 340
348 153
211 343
280 35
16 487
379 251
160 57
146 323
159 382
381 466
239 395
238 420
273 427
32 71
356 36
376 269
422 289
485 77
112 134
473 265
369 481
390 205
28 29
411 36
3 187
434 293
65 94
21 24
95 338
226 405
174 303
445 455
32 97
83 430
47 496
477 408
113 416
446 367
256 141
181 209
354 259
353 115
140 419
109 226
132 87
391 336
291 158
107 336
118 175
171 190
99 165
434 1
220 64
206 380
89 476
87 239
354 444
363 292
19 346
434 473
161 3
13 325
13 304
479 121
163 131
148 150
3 114
179 82
314 224
52 237
476 404
200 140
432 182
29 415
240 303
158 463
140 401
205 172
145 5
136 184
187 308
423 136
71 190
414 102
191 385
141 319
459 167
349 341
257 243
399 378
193 349
251 57
81 185
190 308
345 226
387 178
315 32
74 310
264 238
123 341
160 455
474 265
458 119
362 323
54 67
417 113
171 99
285 168
328 104
183 475
154 173
57 70
232 321
59 132
473 348
303 34
299 133
104 129
452 258
325 318
432 358
458 242
262 455
59 95
70 443
116 94
164 76
249 174
158 248
96 160
195 131
116 251
380 346
456 220
38 185
43 282
376 322
277 353
448 491
434 337
283 371
299 402
428 448
48 49
209 438
421 145
248 256
103 37
109 481
166 59
193 0
322 61
267 422
265 100
289 215
438 51
453 72
372 238
139 234
172 421
418 348
457 94
483 18
499 60
471 93
93 17
79 17
439 267
367 346
413 56
107 8
433 352
442 412
146 157
78 81
281 171
117 348
219 238
150 100
45 218
88 474
491 490
258 19
217 282
338 477
338 130
334 445
357 271
428 276
357 356
379 359
59 139
229 496
448 278
349 380
354 346
336 437
456 197
479 94
424 25
155 317
262 262
385 342
470 471
327 313
24 328
319 58
54 436
214 400
132 355
201 415
204 486
183 389
336 160
185 14
331 260
22 193
387 93
417 259
424 357
37 244
303 449
385 208
109 209
416 451
367 241
80 469
359 71
84 115
130 195
455 121
166 461
407 329
88 405
263 324
420 12
313 300
361 75
137 50
354 470
63 53
23 73
496 143
259 234
429 432
54 241
54 236
417 72
478 313
137 357
221 93
245 410
337 35
437 106
428 474
28 291
364 492
487 403
137 361
293 98
339 418
154 199
124 394
207 423
280 102
47 197
459 1
36 292
399 296
271 326
117 179
171 151
54 334
47 159
257 43
313 340
392 449
343 467
390 16
470 402
451 22
23 17
161 410
59 412
238 412
92 330
333 207
41 263
274 239
282 88
281 32
481 95
414 173
41 176
430 156
178 11
380 234
496 201
465 41
306 55
237 203
411 398
13 70
309 304
393 288
172 91
38 174
199 5
33 304
460 240
103 463
197 490
44 483
376 194
101 9
65 182
432 339
409 328
132 446
234 219
162 25
51 258
263 53
357 102
342 296
111 170
160 445
280 309
355 204
66 9
43 308
147 131
459 476
422 57
128 91
469 8
266 142
195 372
475 29
177 405
75 169
467 288
449 87
292 247
108 156
465 210
341 152
480 112
21 152
95 402
262 1
144 416
289 28
409 339
244 116
285 86
226 171
259 252
352 176
332 403
113 460
464 297
262 306
458 444
198 283
285 405
322 312
192 281
120 463
79 101
39 217
240 364
469 266
442 499
254 173
485 126
424 367
25 450
246 186
321 335
241 445
257 458
239 63
26 450
403 212
281 457
173 295
61 21
373 142
315 355
481 127
347 153
103 257
295 372
208 349
146 117
75 449
364 256
58 315
27 242
199 461
256 160
181 372
367 169
376 54
182 34
187 210
467 29
253 142
492 263
232 461
262 490
246 307
474 478
220 304
118 353
13 271
496 226
248 195
101 363
249 124
186 135
16 289
431 154
269 270
83 423
266 1
160 198
176 12
169 135
340 249
20 139
365 354
401 368
231 113
90 2
490 333
122 276
282 6
128 53
329 403
404 212
410 95
459 417
404 438
187 480
471 244
450 60
428 337
302 351
206 12
345 244
21 196
54 319
372 155
59 183
247 53
0 315
232 9
447 312
144 488
233 487
47 116
305 35
387 475
339 107
352 445
493 184
355 225
380 47
82 80
133 439
107 329
190 486
298 339
328 490
477 294
410 413
448 376
351 215
175 187
132 43
79 27
104 125
25 435
15 336
128 107
289 0
486 235
74 479
321 136
431 254
19 298
174 193
409 468
7 378
421 84
463 492
117 352
287 67
255 494
102 154
155 383
118 243
74 493
130 45
299 396
46 413
106 319
139 73
451 367
451 498
490 224
428 266
185 460
454 216
370 441
324 408
151 25
371 295
340 226
122 1
266 491
162 20
93 224
92 153
152 396
472 43
162 142
454 401
117 347
288 409
317 339
365 465
260 321
47 88
441 100
443 21
41 207
431 106
259 135
31 23
419 411
406 4
405 81
280 360
121 374
213 69
386 291
112 430
18 146
98 159
32 459
18 41
499 73
60 302
177 111
374 444
300 448
381 280
493 57
431 162
83 466
257 496
427 469
467 369
380 297
257 65
458 264
190 127
429 310
421 250
46 107
55 295
428 346
403 437
99 273
239 186
183 182
3 497
218 110
407 470
387 451
215 16
144 345
7 405
8 73
32 428
76 54
401 88
25 4
277 304
491 476
10 16
365 26
136 13
483 84
35 395
264 370
67 102
8 408
333 75
355 16
70 366
306 431
287 323
480 183
159 416
285 323
349 169
182 150
86 485
232 17
239 473
76 496
256 306
233 436
304 90
308 89
372 374
198 114
297 12
428 178
1 308
477 213
216 202
187 11
380 154
128 271
268 119
425 56
344 24
466 11
452 148
22 274
240 324
188 72
102 389
197 117
182 455
157 174
37 398
53 196
468 417
388 33
441 88
464 166
177 285
433 283
409 129
305 307
232 150
39 494
463 334
142 237
263 145
44 299
348 153
422 449
334 168
108 311
477 275
60 72
207 6
487 345
4 117
119 292
138 236
423 10
99 101
247 65
216 363
368 143
92 416
84 290
453 426
53 192
117 282
288 465
162 324
293 275
420 166
403 412
423 58
160 178
95 22
237 259
402 311
80 105
248 346
124 164
209 53
336 177
494 326
2 124
252 156
322 296
60 172
230 77
255 483
358 242
1 350
14 447
405 255
101 446
110 153
206 225
254 319
497 394
371 248
404 352
148 123
295 79
156 208
44 377
120 264
466 402
201 473
229 332
278 106
259 182
260 241
412 318
64 366
467 410
262 435
58 371
302 262
322 205
83 311
427 366
120 55
380 393
78 322
428 109
144 208
449 40
210 404
122 362
124 274
62 89
313 238
352 120
178 115
278 174
393 261
168 205
451 365
39 48
10 29
237 320
212 154
410 39
253 422
48 32
122 377
467 110
83 435
402 319
345 261
374 181
386 238
456 42
442 337
218 495
167 452
106 456
347 379
153 368
401 100
329 202
164 375
310 296
467 99
212 212
393 164
255 86
480 132
469 211
58 423
375 188
496 226
105 334
202 343
295 111
313 455
330 124
272 329
281 492
57 91
255 493
80 302
434 362
73 60
335 256
296 484
210 211
397 292
487 167
278 451
259 134
258 443
125 89
434 382
325 406
399 491
145 432
295 479
392 80
188 368
352 79
290 484
128 414
82 39
343 467
101 212
156 102
191 211
93 133
39 477
320 270
202 438
270 466
46 497
218 14
93 86
70 70
337 236
127 198
17 271
483 470
72 118
329 491
124 116
93 274
44 15
306 414
380 98
96 76
442 278
364 314
236 35
123 286
336 73
344 251
221 353
471 180
171 294
410 152
278 148
163 355
269 174
272 469
397 1
279 220
386 339
227 495
281 123
48 202
453 117
322 245
277 175
321 145
297 300
448 83
438 427
101 464
285 60
61 226
446 183
374 193
188 333
308 453
156 322
291 208
305 461
488 114
259 82
235 309
244 409
336 183
499 35
447 438
164 285
320 360
53 462
147 46
0 94
268 455
16 8
469 59
173 321
256 458
119 285
194 491
26 364
251 382
320 26
163 198
58 336
151 483
381 464
58 298
254 233
241 326
237 122
295 63
21 263
48 51
394 140
356 94
476 273
151 107
157 149
485 314
149 216
180 136
435 382
116 90
268 41
15 357
420 5
268 310
214 293
286 168
262 108
233 142
102 91
240 384
50 259
475 225
214 51
434 7
97 1
394 50
259 217
223 409
219 32
325 343
364 433
394 111
106 478
69 479
364 208
319 309
387 266
318 147
154 453
454 104
154 104
321 200
109 265
297 396
92 180
114 475
86 456
434 360
339 44
104 4
165 55
322 424
71 52
5 140
244 77
33 311
11 250
15 207
103 120
301 165
140 47
3 267
127 78
123 290
146 318
374 227
3 311
216 196
188 74
4 73
385 284
386 37
96 396
369 253
418 200
99 22
141 58
137 103
245 120
438 260
339 243
54 312
360 343
269 122
196 400
184 273
163 81
329 422
176 259
311 50
72 94
153 411
366 213
333 142
254 463
206 124
288 93
436 112
235 149
401 58
183 283
364 438
360 198
310 45
96 36
131 121
384 20
234 136
130 102
417 419
395 384
329 123
88 184
333 118
176 175
458 86
24 359
58 174
219 385
421 368
341 167
188 404
392 78
32 274
193 22
258 450
425 89
125 88
206 13
188 310
396 234
93 146
172 421
306 3
371 392
59 79
336 65
495 247
373 228
103 27
477 67
8 213
153 403
268 485
295 359
93 457
455 191
112 39
42 128
372 270
350 266
183 283
383 38
266 178
205 256
175 221
435 35
438 183
20 440
300 58
15 315
7 245
136 323
303 471
242 179
297 175
458 444
482 480
158 341
98 100
174 363
250 125
161 461
401 40
99 181
497 53
299 466
289 4
327 435
466 444
119 69
365 263
243 430
123 199
300 253
469 73
199 474
287 219
260 360
41 188
242 359
325 38
394 41
328 115
411 222
143 147
410 31
313 9
208 6
259 288
362 360
186 228
448 413
125 473
162 208
67 166
57 256
297 244
211 303
25 477
124 123
6 21
382 387
393 319
459 442
303 4
233 321
86 341
315 33
241 211
230 329
85 160
404 287
442 234
63 468
91 320
341 188
427 97
268 223
165 172
176 227
401 320
162 261
294 487
51 329
158 387
47 281
420 95
329 304
124 362
182 392
432 215
312 23
98 359
31 432
159 116
288 60
321 412
400 302
131 116
3 303
84 141
236 403
59 4
218 65
310 183
250 401
276 242
454 414
346 227
343 337
397 357
270 483
286 71
187 170
473 417
59 42
297 409
265 295
213 208
243 483
384 23
117 493
407 13
240 71
409 105
463 435
418 158
229 233
255 204
474 416
311 80
489 385
32 460
169 254
237 245
120 264
110 474
487 238
309 17
475 227
162 70
229 438
171 432
137 458
227 426
6 463
348 38
350 347
101 232
330 371
136 190
164 450
40 246
115 151
230 350
272 90
28 392
325 1
312 51
329 314
277 39
429 187
34 477
209 279
151 135
326 39
342 139
237 342
346 382
84 204
295 76
321 357
210 175
79 498
312 22
61 408
96 441
270 342
122 130
118 479
371 125
116 296
138 65
447 353
57 484
413 32
241 204
232 234
232 303
326 311
219 396
337 239
82 167
298 107
438 56
181 268
64 161
226 149
354 54
39 26
410 411
468 304
38 151
454 200
363 122
18 132
372 434
102 207
166 454
362 252
20 104
118 43
192 436
490 196
222 46
309 381
185 132
135 129
181 223
197 442
74 396
331 215
422 446
252 433
37 88
45 114
9 409
345 163
359 53
451 335
217 434
66 113
94 254
330 202
144 276
172 27
243 70
369 355
140 165
106 473
88 177
86 151
166 449
355 431
119 25
311 306
271 188
442 378
432 366
494 124
152 428
498 166
22 247
264 367
341 162
192 370
21 281
82 278
62 187
65 437
96 33
221 376
106 367
85 15
140 38
466 79
246 144
391 317
184 120
134 155
26 25
158 326
457 399
87 241
178 371
256 4
380 126
494 477
344 487
377 79
159 336
480 344
161 257
229 223
231 197
75 363
42 257
8 233
326 499
222 95
451 357
483 478
307 332
171 477
409 3
340 48
244 420
177 172
396 257
455 406
121 127
236 382
115 163
14 244
192 294
151 88
66 143
327 134
464 225
229 498
47 373
293 69
93 291
401 322
80 489
468 356
238 201
217 56
153 205
499 231
172 345
340 2
137 238
316 168
18 101
326 45
466 417
61 471
293 59
401 462
318 225
426 369
278 408
465 495
79 431
276 317
319 251
341 468
488 456
409 157
202 7
424 87
58 168
80 485
299 203
428 481
202 117
377 207
202 480
411 343
12 281
32 39
8 331
140 374
383 348
355 401
489 86
106 132
469 399
455 186
19 269
238 235
442 222
202 468
311 497
130 114
5 175
6 15
241 365
214 498
400 124
62 421
53 241
140 169
207 375
144 447
183 227
301 382
350 477
474 3
469 13
188 457
472 475
340 47
45 65
189 406
328 445
186 104
125 233
108 179
126 332
411 252
487 309
287 212
68 189
55 113
422 37
364 95
142 246
311 57
463 40
337 353
457 143
377 376
55 82
266 485
90 33
195 30
94 77
118 334
299 162
52 173
269 222
468 268
325 263
303 280
133 141
136 141
17 442
376 13
351 424
457 142
24 293
222 152
338 119
133 340
14 138
360 37
306 135
398 328
460 483
476 202
195 445
239 113
478 212
136 115
258 181
474 445
450 134
253 196
389 288
426 239
276 255
390 138
319 82
66 140
194 279
77 394
7 389
453 316
432 338
19 441
387 42
176 346
394 189
477 282
21 283
38 256
394 297
232 280
421 213
345 150
44 115
5 422
90 52
390 310
252 374
416 261
107 139
328 445
227 2
285 157
413 100
249 176
308 160
373 481
131 229
197 70
344 176
80 54
364 435
309 470
231 116
107 78
375 191
193 435
445 454
54 330
6 358
18 303
137 315
396 244
166 268
444 93
499 11
298 24
346 364
332 459
37 430
121 440
375 264
218 166
496 172
31 272
428 355
22 401
497 65
333 418
364 164
27 130
6 363
79 325
136 353
283 412
352 174
290 256
422 79
252 9
133 270
125 135
36 61
478 147
418 386
50 164
294 282
497 429
254 152
5 77
489 390
416 140
248 341
272 207
68 22
293 24
159 201
263 418
418 48
286 93
257 336
470 188
117 403
56 467
396 223
465 413
406 385
78 234
441 154
177 203
79 9
62 470
240 91
139 177
271 10
198 425
113 380
284 168
488 82
305 192
105 384
122 270
4 363
18 52
107 297
158 195
17 187
278 221
398 109
120 417
194 21
402 318
339 159
241 38
230 179
63 398
168 187
51 37
442 25
174 69
116 49
236 333
406 485
446 14
283 304
326 418
89 329
340 80
118 428
107 433
331 348
387 22
412 352
229 438
359 354
255 403
236 327
164 492
358 142
299 111
29 142
323 477
57 118
398 164
97 175
375 357
232 429
133 262
53 144
350 362
265 412
92 105
449 2
496 256
219 308
302 295
272 249
219 477
141 181
356 470
327 239
20 231
346 59
203 153
15 399
311 405
11 132
486 403
12 312
472 483
130 231
332 274
252 403
84 52
22 245
484 293
376 201
261 356
9 222
121 316
222 376
361 285
40 85
249 347
330 52
284 222
348 461
216 116
20 452
198 152
445 394
96 34
391 174
396 357
25 252
481 18
155 99
36 342
189 195
248 286
8 20
333 384
0 356
309 49
53 373
267 359
393 499
173 363
72 136
389 421
291 450
49 370
64 446
142 86
372 253
125 242
126 232
88 458
359 478
351 249
108 413
264 119
334 354
490 289
210 407
357 231
453 2
300 258
196 17
271 294
36 68
152 248
59 162
493 241
342 418
183 344
315 303
157 447
236 2
261 499
231 299
301 118
228 184
54 453
248 425
345 325
425 284
299 498
91 484
255 292
488 433
88 438
386 156
158 245
97 122
421 419
389 328
364 74
380 469
394 418
95 128
264 240
90 21
357 63
207 181
466 112
51 48
204 55
152 437
411 214
485 249
429 185
259 226
195 294
64 491
119 442
182 160
33 384
299 272
305 390
3 7
55 271
326 54
343 111
177 331
80 254
291 162
240 362
156 403
394 435
229 220
232 14
250 263
387 265
156 49
56 192
464 11
417 463
74 142
473 260
366 103
265 406
268 158
61 357
145 276
348 455
321 374
138 81
346 71
121 25
218 354
217 29
493 34
28 134
246 419
23 354
260 465
475 140
498 380
156 36
343 143
17 4
437 17
88 7
33 136
490 61
91 103
489 60
194 436
355 17
371 293
258 230
371 483
363 233
121 221
364 371
228 316
185 233
241 165
153 274
187 126
229 144
56 130
66 70
87 250
395 274
4 311
146 153
238 227
448 362
233 211
28 164
250 313
331 213
339 491
469 484
480 379
9 198
268 36
139 428
202 207
370 34
40 58
286 17
379 278
490 86
103 464
130 370
435 353
196 461
297 127
6 165
215 278
166 367
295 335
394 305
340 497
56 265
282 380
10 194
132 13
329 352
222 87
440 459
272 10
137 488
5 70
200 495
362 220
55 366
172 158
7 302
67 364
96 415
109 201
66 106
311 94
181 395
207 385
395 474
314 331
401 384
379 320
40 101
320 94
252 448
250 492
356 259
27 169
370 304
262 136
82 288
183 73
459 116
90 242
74 206
91 256
76 327
281 322
416 469
417 101
93 168
280 19
188 301
105 307
295 410
198 367
293 230
346 233
328 104
310 288
44 402
229 401
224 121
90 10
111 492
161 359
230 56
209 293
452 270
180 314
34 247
329 230
315 179
283 175
463 143
397 93
347 360
333 479
341 423
415 423
134 305
361 428
73 364
134 71
237 25
125 166
396 123
302 454
130 63
207 437
31 445
157 456
435 230
153 490
413 277
434 420
349 399
263 295
218 422
448 397
63 308
283 425
379 311
375 86
375 361
159 434
390 406
136 316
307 178
307 141
62 72
472 241
388 263
185 87
485 459
267 485
410 400
212 50
488 142
3 439
373 364
122 14
331 115
145 111
104 490
414 452
45 166
281 238
326 286
245 467
304 311
63 364
266 67
61 275
214 107
471 64
431 439
407 445
408 262
104 404
209 13
31 18
109 254
40 313
132 435
98 137
1 288
207 161
289 268
375 268
185 355
147 198
495 116
230 54
310 404
269 334
204 19
274 300
465 313
100 166
304 449
238 198
212 157
277 445
214 1
356 152
202 399
367 355
409 198
454 97
283 72
91 223
23 487
153 217
384 341
290 253
304 40
197 28
326 368
369 327
331 392
143 77
433 34
84 10
107 194
266 38
261 390
229 358
75 136
329 382
488 311
203 120
0 144
12 253
80 326
70 233
310 411
445 213
223 95
290 29
419 182
72 56
266 32
169 154
388 194
5 350
470 376
372 209
462 471
149 384
117 42
305 220
433 280
375 251
132 9
191 165
74 404
436 116
270 192
386 457
308 10
387 244
305 130
453 111
496 267
161 103
175 465
245 318
69 460
321 121
138 54
458 13
481 64
257 394
204 103
113 143
239 12
142 352
464 44
163 96
51 312
277 176
495 226
38 375
496 416
470 360
225 486
51 280
27 58
161 160
155 231
243 126
479 395
439 237
333 295
107 455
131 236
462 236
111 126
43 353
65 459
446 365
146 290
348 349
9 173
404 361
487 164
59 499
236 318
113 351
306 422
158 220
457 289
268 121
326 68
28 311
176 391
33 326
175 174
347 233
446 36
200 103
102 433
252 112
315 339
261 217
438 473
262 419
392 247
167 30
193 70
313 47
373 222
396 198
431 400
436 96
51 377
163 489
101 154
345 267
484 268
241 458
229 422
21 355
238 474
396 189
236 431
5 210
408 110
362 254
350 192
421 299
140 401
407 84
351 241
361 104
62 336
110 454
309 144
470 132
173 47
331 366
76 409
371 336
90 337
29 234
385 292
46 450
35 25
118 453
410 238
426 479
433 324
468 389
373 94
494 438
305 46
307 177
365 233
70 179
413 308
100 451
402 150
175 498
304 289
379 293
124 214
38 158
47 409
3 359
297 272
318 497
174 454
40 125
156 392
200 462
414 421
71 300
299 168
309 246
391 455
169 40
198 15
424 207
418 97
369 280
277 216
22 187
165 304
196 62
377 321
243 396
48 291
311 166
413 199
154 472
12 304
172 175
235 63
160 96
228 153
221 30
69 6
162 244
158 86
260 210
458 35
178 355
21 358
58 341
313 434
91 64
240 178
93 115
211 475
480 253
135 440
298 202
446 57
495 312
374 104
492 255
110 332
190 22
364 484
418 100
165 29
207 361
476 257
84 152
258 40
332 64
266 393
302 482
146 64
21 150
405 20
204 13
35 368
352 394
347 399
281 122
336 364
473 488
141 164
204 57
121 399
144 388
370 240
304 299
449 16
388 325
190 206
426 92
339 78
329 130
253 186
402 110
451 441
105 375
432 444
343 162
50 405
497 339
490 273
141 302
479 291
498 30
122 22
100 276
407 461
499 429
40 12
453 401
276 491
435 410
72 60
466 130
321 475
248 463
117 164
455 241
271 449
471 305
82 246
59 71
352 341
353 411
312 244
87 158
420 441
1 22
4 345
320 319
135 178
342 420
161 104
53 149
307 285
31 376
299 241
82 442
353 152
396 287
297 18
459 484
358 217
62 312
484 215
245 234
154 471
75 87
88 168
453 481
209 395
136 336
278 9
13 70
209 484
2 409
245 6
76 313
125 456
23 138
225 461
432 268
207 379
399 360
193 295
43 204
392 402
411 31
454 171
7 424
186 163
170 9
322 283
91 246
236 299
261 114
234 461
193 45
405 441
89 444
149 450
353 484
15 41
64 264
41 469
133 71
80 227
362 155
253 254
54 454
420 489
451 167
212 155
448 496
440 470
420 37
373 89
483 125
242 389
210 47
119 283
362 195
350 51
158 224
30 103
445 64
231 303
458 248
244 295
265 406
296 184
126 38
163 169
410 109
156 405
40 473
168 127
31 402
479 371
326 189
253 361
164 271
19 336
131 474
381 115
300 397
287 29
50 278
239 450
208 461
434 247
375 248
3 454
325 258
299 334
47 4
275 404
240 212
186 147
262 371
120 419
300 414
192 407
210 351
164 431
179 270
370 98
404 406
16 225
59 82
86 315
219 107
171 361
360 459
182 209
129 123
389 303
62 429
280 82
365 124
394 296
246 396
154 117
342 151
233 170
337 254
213 319
32 56
367 384
93 393
368 50
205 74
4 257
191 119
244 136
285 57
305 490
107 31
182 312
334 302
56 415
86 172
80 269
5 119
364 300
202 98
25 232
489 407
26 381
369 181
90 122
113 154
186 247
59 72
374 368
136 246
270 430
199 222
193 202
2 56
7 57
289 204
463 32
413 279
460 342
464 282
437 50
297 77
2 123
343 209
307 376
307 479
54 77
279 358
415 247
157 282
338 422
454 446
77 154
496 219
1 37
439 460
390 438
413 89
150 392
268 257
236 457
34 427
138 142
390 165
299 53
327 47
345 138
292 133
352 423
312 140
100 205
496 252
193 342
234 409
18 343
152 355
134 107
249 186
203 272
325 139
38 3
493 4
489 384
159 285
425 341
399 471
223 377
220 395
156 268
111 306
13 175
282 115
301 148
420 31
23 5
360 98
454 413
149 353
490 444
137 308
280 267
144 36
431 355
124 216
375 440
115 87
203 240
388 249
280 356
361 161
259 155
69 73
426 213
9 218
27 416
183 147
183 159
14 180
396 467
407 138
226 123
364 374
123 429
285 104
265 255
263 499
72 376
90 332
402 351
267 451
98 281
440 451
131 282
101 455
93 379
3 360
86 171
452 219
323 209
316 90
441 89
465 79
263 365
216 407
359 166
447 484
287 309
443 240
195 270
149 44
256 140
164 4
223 342
51 116
206 399
488 220
299 499
365 305
213 63
229 81
417 424
233 28
268 56
326 177
73 315
308 328
332 330
172 472
88 408
307 76
296 147
146 147
452 95
10 11
445 17
293 91
472 362
419 27
56 92
408 97
425 129
459 216
40 258
18 484
60 128
127 177
324 208
155 274
137 128
146 166
109 82
297 439
318 81
174 68
165 374
356 434
2 443
201 315
151 42
22 71
248 211
271 150
424 424
52 427
93 413
496 50
342 202
136 145
213 12
387 310
96 230
173 243
410 98
140 226
149 62
125 162
164 249
173 397
324 88