3000
272 349
333 121
465 153
366 36
105 384
164 115
199 206
81 400
207 370
0 377
251 347
325 384
439 3
274 389
460 360
209 254
375 232
237 394
282 192
76 455
70 387
446 240
492 270
140 379
108 52
399 492
228 359
214 76
317 167
27 489
95 129
213 88
334 470
14 451
406 117
356 90
182 477
99 302
33 174
78 91
83 141
353 330
406 311
330 67
408 76
205 209
297 3
325 419
222 131
100 339
281 480
309 457
111 315
342 260
351 145
286 420
250 286
449 139
59 9
85 279
488 319
323 142
413 137
121 0
192 487
468 221
178 325
141 129
242 290
435 483
403 93
232 73
65 6
15 181
313 476
295 100
94 153
291 470
471 8
495 264
485 15
340 315
445 16
306 333
316 187
132 93
18 72
78 216
250 435
411 93
45 63
216 207
29 139
147 359
123 352
367 495
310 109
477 60
393 255
294 283
228 62
134 427
495 98
34 64
9 245
308 445
4 54
45 377
236 34
238 45
40 212
173 458
18 350
458 150
285 263
325 252
31 13
111 311
375 379
124 497
443 384
290 285
162 447
333 188
233 250
462 72
382 125
327 135
137 400
15 285
390 422
287 341
4 273
152 251
248 380
116 129
414 191
491 407
447 76
326 176
100 32
157 141
128 482
234 484
122 266
188 250
443 364
489 476
227 447
327 142
271 327
371 296
55 37
113 362
390 2
34 291
432 343
325 191
27 61
327 412
162 1
365 367
343 457
404 207
349 422
102 84
380 472
9 473
335 435
437 474
117 77
420 471
14 50
463 98
362 393
395 142
9 24
481 112
319 205
479 237
321 20
344 81
54 201
136 205
31 241
171 425
248 149
51 443
41 262
156 366
8 403
279 403
367 369
426 112
350 39
411 406
339 23
225 108
165 246
339 213
139 197
198 10
454 387
2 249
115 347
103 10
265 475
344 382
347 484
23 271
29 49
72 287
247 220
466 149
215 412
461 158
168 206
445 159
408 474
322 299
309 375
350 425
159 74
411 47
170 358
407 434
73 51
271 332
333 320
85 90
248 400
106 46
206 268
243 52
351 466
194 417
194 13
439 44
443 353
64 350
137 113
164 471
155 210
383 288
230 341
241 468
14 330
450 348
252 72
391 193
462 455
468 85
481 156
362 260
110 425
390 426
249 99
162 407
47 257
98 45
365 277
459 339
187 379
304 409
103 291
247 195
280 417
74 67
179 113
390 288
214 290
241 281
40 463
72 403
448 87
216 170
10 313
45 175
84 49
193 349
396 39
457 292
359 28
141 383
171 391
181 384
165 385
200 274
178 205
144 273
295 478
292 360
35 305
207 189
390 119
11 400
192 286
166 468
351 403
294 159
43 374
111 327
102 208
265 163
436 280
110 261
121 84
241 402
443 156
128 448
348 185
471 139
459 392
296 489
149 310
36 442
270 192
253 147
310 372
4 370
132 99
183 114
369 253
262 424
373 164
350 242
381 73
466 173
163 192
2 114
56 164
356 390
37 178
50 461
332 347
446 406
373 464
69 129
406 94
258 183
425 279
204 108
134 158
350 22
136 297
313 204
94 45
223 169
483 131
479 126
384 315
131 277
407 257
203 200
384 313
444 462
422 161
320 148
23 56
205 170
375 159
56 370
40 469
453 132
258 23
190 432
209 142
252 321
373 468
133 455
269 109
271 77
78 44
452 91
113 101
112 158
380 488
310 21
153 420
295 263
47 411
405 337
10 108
429 9
465 384
345 62
492 86
130 116
59 422
375 83
93 173
13 487
360 473
246 175
290 13
276 393
231 189
150 182
191 241
477 79
493 8
447 175
143 337
259 77
160 203
228 486
326 253
79 93
121 186
200 325
218 411
101 476
10 301
395 103
182 54
414 372
399 27
365 361
439 43
98 476
315 451
57 326
271 141
327 136
313 392
156 379
208 31
185 109
212 218
124 80
304 246
273 39
252 204
247 490
319 191
495 345
23 134
127 52
40 294
39 454
186 353
236 47
156 394
464 421
1 368
466 89
480 306
10 239
82 232
276 109
454 253
387 123
175 477
123 366
320 67
272 14
61 358
104 8
282 69
289 69
10 135
293 255
347 342
426 303
264 429
182 54
177 218
47 421
287 204
271 23
389 459
170 43
404 451
372 274
195 186
173 162
417 205
399 467
122 116
397 326
380 387
105 431
352 410
114 5
28 491
303 238
133 269
220 473
99 37
75 445
107 295
352 249
216 376
493 252
430 338
225 390
322 162
72 183
40 26
370 187
277 420
189 173
498 410
300 262
207 97
244 375
476 166
42 97
201 44
383 387
130 131
293 460
495 452
330 218
257 35
307 200
225 34
444 497
259 75
25 244
472 318
484 269
218 448
493 378
266 419
402 228
40 396
200 196
266 388
275 382
435 23
57 83
80 12
88 353
450 191
361 465
234 422
222 345
75 453
224 67
147 341
89 127
175 188
428 141
376 441
464 203
286 311
323 373
226 218
261 263
228 176
450 122
319 315
120 173
92 395
88 344
323 240
280 30
23 498
291 208
411 399
210 107
480 50
120 386
1 207
235 382
356 230
397 186
211 176
423 17
213 303
395 363
245 37
387 175
235 269
168 179
286 499
49 231
469 267
326 169
403 470
52 61
99 260
288 449
466 310
466 63
426 180
69 361
37 172
293 456
135 124
123 313
44 274
41 24
46 365
336 219
132 301
61 388
190 232
394 201
264 156
188 360
222 43
67 257
214 111
235 360
173 201
327 211
235 70
435 220
439 133
435 123
12 72
156 348
50 202
210 50
411 166
209 399
8 485
96 276
488 74
128 183
394 162
84 455
176 482
467 19
143 115
39 402
103 7
61 47
98 153
319 123
374 361
198 381
157 383
309 294
329 498
160 437
393 76
410 244
115 69
36 377
132 258
117 428
475 235
240 30
154 425
138 411
292 28
411 336
482 302
300 73
10 312
240 460
56 403
324 150
379 171
282 213
493 363
450 251
282 468
246 190
102 288
316 384
73 394
196 80
153 55
219 348
160 163
419 311
313 216
240 95
160 193
408 374
125 153
474 359
49 259
47 72
308 3
398 216
296 381
289 446
147 301
316 360
172 307
24 235
183 485
30 116
490 343
349 439
150 467
79 323
247 199
55 478
194 55
437 453
251 342
143 226
86 398
58 460
47 110
96 434
50 230
426 126
417 392
211 127
450 67
119 290
121 49
104 174
479 315
10 41
119 82
333 5
465 58
168 391
325 365
447 116
95 375
119 225
352 12
432 330
473 154
203 51
77 94
261 308
201 56
138 271
277 321
231 323
214 94
459 251
368 39
266 259
484 463
327 237
68 337
491 259
162 41
487 195
355 239
147 248
372 56
229 138
461 1
447 460
212 28
419 407
18 432
395 186
423 2
191 222
334 343
236 183
230 348
440 223
324 85
493 87
77 196
49 223
35 39
67 496
255 99
31 338
376 273
128 426
1 152
495 319
2 187
35 232
307 84
21 475
415 131
179 367
90 492
383 228
225 477
77 302
141 480
106 108
387 17
169 234
53 240
427 17
249 408
344 314
142 56
40 366
233 409
253 219
448 175
152 137
291 25
5 81
190 432
302 463
197 429
169 323
340 251
11 448
262 441
350 355
73 256
165 390
461 306
333 419
408 409
434 486
67 199
484 292
255 109
38 138
313 305
408 207
155 154
447 419
274 270
26 149
39 348
6 44
315 1
262 340
178 223
274 49
193 97
59 110
248 300
105 449
157 62
68 13
284 164
286 15
17 59
259 165
209 56
409 117
309 376
99 24
73 339
289 225
336 118
418 348
297 84
498 376
389 306
323 66
434 174
85 461
126 451
359 196
165 187
63 121
145 475
166 14
240 70
188 455
155 76
160 458
334 305
463 11
77 76
102 286
100 363
314 187
235 226
266 26
147 400
227 181
196 144
214 394
201 436
364 254
64 357
162 24
35 399
475 125
264 465
328 77
116 364
442 495
373 203
455 60
242 20
16 183
429 438
226 82
188 482
339 90
466 252
151 353
331 354
319 478
55 95
311 499
346 171
226 105
166 219
91 182
365 408
346 107
41 146
128 424
14 229
482 320
173 480
334 485
464 356
451 153
5 19
43 114
220 351
423 269
451 238
146 14
474 168
166 344
268 367
97 147
467 134
114 431
416 492
349 449
454 232
252 152
119 311
15 147
268 191
429 438
304 72
92 427
271 130
498 259
258 391
25 447
378 225
69 491
440 146
379 270
275 247
58 483
482 394
85 73
363 250
174 14
441 168
298 267
378 64
307 148
95 136
213 184
175 325
472 134
405 468
67 351
186 180
426 125
51 168
270 11
377 266
434 445
64 170
86 85
85 294
430 393
77 181
6 495
481 104
72 330
33 386
418 139
117 219
239 344
207 20
286 10
307 84
106 73
10 371
165 192
85 95
276 447
294 14
119 135
465 275
14 43
183 351
70 284
481 300
320 162
172 188
125 458
31 331
202 231
424 41
489 219
18 361
228 265
252 164
291 199
242 70
421 305
90 425
77 343
5 71
111 249
208 29
360 236
320 239
133 414
485 244
457 122
239 3
19 37
236 344
414 311
116 479
404 187
30 58
481 334
83 388
417 93
181 291
383 278
192 1
97 368
490 30
385 55
92 81
425 405
216 181
160 339
26 184
95 416
250 409
297 76
21 334
477 214
344 203
56 360
228 389
419 154
61 70
152 304
61 153
186 429
269 129
314 346
115 147
408 261
189 365
51 205
272 63
266 29
241 116
5 174
328 322
392 276
433 389
395 396
326 494
124 81
428 447
94 290
51 43
260 355
60 92
155 164
45 332
301 273
448 286
108 158
435 276
18 1
249 368
214 413
494 75
22 338
480 274
169 469
324 383
476 282
446 236
421 131
257 491
277 222
380 205
333 238
91 167
35 351
264 340
268 102
440 111
385 290
111 421
156 55
337 287
24 132
116 135
126 445
19 373
78 255
345 399
419 411
263 436
129 306
408 379
490 397
39 201
122 376
283 151
438 130
263 472
107 314
111 379
252 85
192 130
382 182
445 38
326 301
107 60
440 307
204 16
217 430
158 96
247 191
321 293
117 37
204 436
315 76
161 315
446 419
453 206
96 180
481 399
459 274
82 88
456 251
34 286
382 173
216 192
338 481
371 38
326 455
32 75
242 142
413 45
103 40
220 219
118 199
474 201
142 429
181 56
194 98
124 215
259 429
410 340
230 97
405 133
60 57
51 289
186 303
343 316
35 290
341 64
117 153
83 315
223 259
358 116
331 270
199 482
174 90
40 461
447 405
314 445
86 7
310 365
181 272
62 6
422 69
74 404
71 39
151 157
273 147
269 9
343 456
47 468
281 17
274 87
384 228
236 88
305 470
94 398
256 339
408 157
413 178
70 482
492 336
335 221
82 117
426 104
424 277
146 473
412 206
286 421
361 148
470 374
273 19
358 64
73 29
60 118
452 486
175 130
203 444
414 10
467 285
62 340
165 391
449 208
481 429
77 236
110 195
214 47
463 235
117 72
42 37
23 177
159 494
291 50
413 214
351 57
397 380
271 413
473 414
343 73
309 307
2 272
171 419
155 68
140 134
171 124
301 182
28 47
449 312
26 319
376 362
242 377
142 125
39 366
439 467
126 234
6 100
19 480
48 177
164 26
2 188
222 187
234 303
467 103
422 184
46 345
74 151
276 141
359 68
36 168
402 298
250 14
495 261
290 269
148 43
84 454
142 2
306 158
261 228
264 125
323 36
187 311
304 397
466 315
335 163
313 354
368 90
351 63
184 215
111 141
448 184
187 195
205 442
170 345
322 319
355 287
450 145
43 394
61 254
269 361
215 397
487 82
497 435
3 190
183 181
218 114
161 483
425 405
102 366
185 448
235 424
70 392
286 185
291 465
326 200
97 60
142 393
180 436
126 491
172 183
297 161
145 390
147 458
177 70
370 249
174 214
107 105
142 96
61 245
445 433
493 387
280 394
182 487
478 460
496 160
322 3
245 293
104 467
389 393
494 133
347 260
217 20
116 454
52 360
145 177
416 497
244 139
478 48
361 426
439 457
312 357
2 261
228 57
302 106
239 117
229 149
169 439
393 447
159 138
167 297
147 304
295 84
132 391
169 274
83 493
202 108
221 395
304 205
163 449
419 107
108 255
194 0
447 277
415 439
237 458
263 435
19 384
127 58
332 3
349 148
257 415
162 51
108 478
280 467
426 272
27 51
51 34
163 221
12 351
309 431
366 249
485 72
483 237
92 112
113 315
83 293
197 370
200 97
416 305
77 332
235 342
228 104
177 139
490 244
175 190
291 151
76 393
482 277
241 59
226 74
368 354
76 161
259 65
222 129
313 175
370 300
256 49
188 450
46 286
328 30
181 221
466 119
248 109
20 448
375 490
196 247
260 243
160 273
402 19
47 382
34 215
116 269
71 143
429 304
186 118
191 257
228 220
329 158
458 477
467 202
449 333
428 163
288 209
81 440
323 42
258 480
101 209
352 226
383 172
290 281
390 69
289 482
492 119
96 471
173 302
136 415
430 474
35 416
357 219
261 468
448 32
241 371
98 49
74 94
227 481
402 216
50 470
89 44
367 42
345 37
452 40
366 333
249 382
101 253
222 106
138 215
86 22
424 232
178 184
17 498
214 257
227 420
464 265
159 316
205 331
223 356
189 157
40 441
194 439
397 493
60 268
291 388
472 147
183 215
65 150
407 53
473 131
396 487
303 289
472 408
264 9
18 47
340 306
245 410
256 34
155 494
234 316
463 446
13 206
356 499
52 430
61 116
103 25
166 310
218 258
119 490
37 334
140 138
400 229
115 237
232 156
473 270
68 318
25 288
287 81
363 233
349 191
216 425
235 304
63 234
224 305
139 34
24 113
342 280
17 425
433 458
80 101
420 258
47 149
82 297
30 186
378 446
223 380
36 446
33 458
115 451
486 257
223 254
386 362
287 417
227 256
357 73
331 308
309 129
426 230
417 391
189 457
189 295
93 412
222 77
29 126
236 337
92 15
229 311
228 478
234 369
442 308
468 444
73 273
4 277
20 352
161 273
68 210
122 202
279 13
140 345
34 308
175 376
187 126
457 405
274 267
75 43
487 216
341 43
172 413
117 197
470 193
403 278
480 390
404 377
74 259
420 44
272 109
87 95
0 459
78 44
440 126
342 154
49 427
192 36
233 222
415 309
439 56
446 170
399 419
31 350
246 474
435 451
398 18
329 22
419 251
377 408
62 359
138 72
108 463
185 331
492 193
249 452
122 432
203 48
398 22
348 86
389 497
15 283
157 288
391 197
105 76
435 268
340 19
482 74
257 300
346 20
472 249
33 447
495 447
321 89
175 394
243 21
304 65
205 258
307 461
390 96
216 412
283 177
103 409
209 266
138 360
462 407
355 462
409 495
84 350
96 82
103 112
29 339
450 407
221 234
182 257
22 463
140 398
307 305
423 244
456 369
276 61
24 418
266 483
186 285
368 202
314 134
326 471
231 343
429 128
237 304
267 463
362 259
417 407
3 21
390 340
254 460
378 19
354 130
415 144
199 40
27 135
107 13
209 353
333 190
494 490
454 70
330 113
20 168
189 247
439 376
336 432
303 45
175 214
211 157
50 443
78 262
275 77
282 37
79 336
179 115
185 73
38 133
301 367
466 411
287 342
274 258
303 123
189 77
87 331
274 400
14 137
66 204
242 290
478 200
315 321
247 157
142 352
72 137
48 295
138 38
296 335
458 264
194 452
283 148
400 281
418 57
261 415
57 336
36 355
29 387
397 203
55 128
265 39
187 479
18 314
149 177
441 166
118 460
460 135
268 401
310 212
479 38
374 72
279 388
276 410
465 308
436 25
416 373
352 54
368 103
280 370
389 369
181 74
61 7
409 141
206 330
368 219
143 185
74 95
357 423
83 202
227 323
196 372
426 495
99 400
123 294
15 231
157 12
19 197
190 71
401 280
352 396
82 121
216 495
270 8
62 426
249 354
226 141
136 297
197 4
150 87
171 320
332 165
362 328
399 204
484 405
301 152
126 336
184 235
95 194
120 306
12 157
298 369
18 238
94 435
374 216
388 244
410 45
226 73
277 124
29 477
130 113
302 183
418 108
302 338
144 14
23 423
144 157
247 322
109 163
231 342
86 483
381 471
396 348
473 107
84 173
139 354
37 66
26 441
131 308
174 329
104 275
432 197
19 100
115 180
374 480
316 346
170 460
309 197
156 66
92 134
488 92
159 231
24 378
38 37
366 155
282 212
409 322
423 215
247 281
261 38
237 473
285 429
126 407
325 94
80 134
227 417
0 421
151 238
275 376
383 189
401 142
316 166
233 162
295 239
130 332
157 409
338 367
126 442
389 317
451 451
221 469
390 178
416 73
302 41
82 44
186 37
203 335
498 354
94 288
472 145
54 224
443 129
424 393
210 69
372 313
282 13
192 445
19 25
418 460
4 173
210 1
336 42
397 266
406 186
332 343
419 379
360 238
131 214
283 284
97 193
207 7
453 232
257 251
63 324
497 175
28 420
314 207
473 217
255 63
406 380
111 439
178 177
391 323
460 161
355 26
34 57
141 414
17 339
163 398
426 432
352 12
71 454
171 167
82 45
277 279
218 489
18 240
63 396
58 262
288 23
433 265
179 174
365 74
325 48
480 380
392 251
205 185
204 464
361 229
360 286
127 490
230 78
475 146
408 145
21 385
150 48
75 454
380 329
229 440
321 205
456 209
394 213
29 14
95 450
237 390
232 455
33 364
10 462
460 360
245 270
319 481
435 395
76 246
186 315
373 305
367 7
73 329
343 261
64 102
345 438
245 301
165 77
392 279
139 176
298 352
333 385
280 469
215 120
287 357
14 402
409 160
490 381
495 482
437 185
476 59
360 282
211 221
0 25
53 103
307 492
377 352
173 140
112 9
218 389
291 400
412 233
114 52
387 402
440 109
20 324
458 416
489 380
258 169
125 490
482 311
15 432
425 211
220 189
78 37
289 291
24 221
273 202
456 490
452 12
188 396
164 472
205 146
168 154
496 463
126 293
77 478
41 142
183 2
40 113
404 261
334 329
31 280
271 459
472 488
236 223
47 160
159 401
55 252
215 179
472 51
381 342
336 401
404 274
387 19
132 296
125 144
424 466
425 9
349 195
270 249
262 437
338 318
422 421
100 245
148 138
332 424
177 381
155 20
39 81
377 395
39 23
341 355
216 463
11 118
368 65
2 281
451 130
403 193
438 374
364 355
131 439
320 48
68 308
242 476
371 459
482 471
326 410
225 323
441 42
459 236
370 309
291 314
7 173
47 46
253 297
236 263
311 236
45 57
385 379
338 139
110 256
18 320
495 437
331 243
332 437
98 143
457 202
375 242
288 316
465 275
38 394
130 202
111 202
81 27
166 496
104 272
92 277
66 122
217 440
377 249
392 49
103 475
217 349
17 331
106 358
252 483
185 496
198 382
410 148
496 132
404 428
205 100
222 348
288 123
373 439
341 165
493 265
467 444
275 62
272 484
319 233
230 24
259 4
4 280
264 21
449 0
100 20
369 7
482 174
466 9
27 355
473 307
251 20
434 440
276 27
260 207
83 96
452 342
475 194
215 457
309 91
112 17
376 410
436 481
490 358
66 402
209 369
241 39
331 313
340 176
235 107
55 452
147 318
365 360
169 474
65 432
301 478
240 177
10 177
388 177
79 353
222 454
345 141
454 464
492 176
135 146
450 227
397 43
403 97
423 262
195 72
402 489
18 496
26 143
320 29
382 414
220 251
244 456
420 65
93 198
196 412
491 80
475 147
96 389
151 378
302 20
9 346
195 205
348 379
408 221
135 20
271 142
99 207
124 368
66 371
136 217
149 115
262 127
16 125
355 210
230 20
366 158
215 91
471 61
134 415
435 231
374 269
476 58
426 325
48 100
169 345
460 36
164 171
148 74
284 32
52 3
13 367
458 271
184 228
495 281
365 319
440 430
341 239
416 269
221 267
464 316
353 243
414 276
350 369
253 62
65 487
354 306
429 431
11 164
298 465
136 7
437 163
254 77
198 278
398 22
338 419
162 362
139 191
412 428
490 341
328 166
324 408
191 34
51 253
70 202
209 349
12 207
136 499
129 118
140 334
105 27
242 478
22 268
196 381
74 434
452 39
299 403
289 276
381 490
192 340
41 452
11 254
253 405
23 499
333 382
262 163
494 438
58 4
237 16
302 107
498 311
66 107
383 297
287 356
48 117
421 331
85 90
495 432
283 338
73 19
34 116
406 335
339 28
396 317
424 76
239 51
158 422
71 306
162 393
362 210
41 210
152 283
67 479
169 148
19 350
318 242
429 405
286 225
42 120
48 182
85 318
92 288
94 95
489 163
373 256
318 351
487 266
97 323
471 54
257 267
361 342
99 75
300 291
411 385
68 194
12 312
100 5
101 104
119 194
302 90
293 344
463 472
295 280
187 60
327 118
460 444
19 189
332 60
297 172
366 95
407 365
371 231
187 7
53 472
414 307
3 355
328 59
192 466
27 475
94 379
323 206
247 406
318 194
366 79
27 116
333 85
168 434
294 204
28 355
14 347
55 294
354 18
336 235
210 46
277 363
70 304
211 452
146 317
249 29
497 365
302 276
62 331
387 470
325 356
56 416
62 340
210 111
346 268
166 46
262 56
213 443
247 184
1 276
157 394
111 102
378 155
486 413
383 441
149 373
141 60
252 205
316 56
324 462
361 14
423 491
286 123
307 488
264 34
280 160
263 421
76 391
304 493
286 414
288 39
99 288
493 281
337 204
166 162
28 162
5 379
2 451
439 143
29 161
322 55
477 309
52 437
282 405
320 208
247 69
357 460
93 199
403 202
364 431
445 421
301 245
196 302
445 155
317 488
43 327
136 491
280 372
278 189
397 62
131 98
410 497
48 340
43 3
286 303
224 259
4 231
33 377
385 53
393 331
158 54
397 436
309 146
187 177
239 439
389 437
434 223
63 299
154 482
137 458
218 441
172 361
91 74
127 58
241 328
382 20
309 251
249 279
456 470
409 437
374 47
270 298
97 160
494 186
144 103
44 131
492 214
289 69
479 435
263 268
141 220
323 497
128 450
272 72
9 436
484 181
479 383
395 254
440 428
31 389
20 437
151 428
497 365
300 292
61 476
48 416
413 202
4 371
295 42
478 128
309 305
40 314
69 140
420 436
325 361
298 451
231 346
211 302
94 228
204 363
279 155
209 104
475 45
87 65
193 271
428 417
232 354
494 320
108 153
366 414
218 286
484 17
319 449
30 47
410 413
421 86
191 42
87 482
400 166
289 26
295 445
300 69
242 27
32 146
413 350
136 399
416 131
432 120
19 87
352 462
49 430
324 273
108 240
258 411
289 8
453 400
321 84
464 105
252 63
414 348
247 165
148 402
375 15
454 80
395 394
176 307
432 296
36 0
263 40
400 146
398 404
341 354
311 220
283 157
5 63
80 49
304 253
120 228
161 31
277 75
234 56
352 306
306 166
207 240
238 422
178 107
313 489
209 19
176 125
40 344
246 182
287 473
201 402
433 259
186 214
270 210
16 420
87 474
66 175
449 146
253 157
146 479
351 419
396 207
51 27
61 288
261 149
51 200
312 315
29 484
47 498
419 300
126 415
442 358
4 45
202 243
223 109
28 200
407 74
453 276
65 458
460 15
67 178
493 11
348 379
230 23
175 395
162 1
359 153
198 105
348 363
472 252
304 71
497 353
129 211
22 451
318 46
225 482
493 237
117 70
93 341
88 199
200 268
274 103
208 59
422 472
77 408
332 246
99 381
445 329
132 81
479 467
301 450
188 204
127 294
488 157
356 220
341 428
31 56
467 115
439 91
0 241
487 368
250 332
13 439
20 47
14 146
96 351
56 315
461 136
293 183
255 301
82 1
409 96
63 113
57 376
117 355
223 57
241 457
396 325
372 106
252 268
119 238
53 201
189 27
62 367
20 335
336 170
266 102
68 98
474 182
37 125
34 444
253 260
86 127
233 149
269 310
49 338
39 240
268 454
321 80
415 182
352 194
148 252
350 471
153 216
193 176
472 42
302 79
206 225
226 240
403 440
278 495
236 452
406 169
249 356
38 80
274 165
269 391
362 422
491 471
499 367
409 36
116 472
49 63
156 322
114 276
123 59
11 244
265 211
419 417
349 367
384 458
201 123
398 153
476 415
282 389
277 327
151 191
106 393
68 201
329 262
173 182
279 304
16 184
454 44
411 435
245 303
279 295
300 446
361 177
418 128
456 143
186 195
89 107
160 145
259 157
191 489
294 433
117 470
367 162
97 423
79 130
278 195
141 358
35 430
411 355
498 305
0 367
326 37
182 441
450 339
328 441
226 494
464 474
136 196
119 183
314 86
281 198
56 444
374 422
129 443
248 285
4 480
17 101
394 183
22 51
344 345
339 350
177 71
267 155
339 313
251 238
289 5
301 32
307 345
141 175
313 436
416 241
194 169
352 285
188 89
434 374
77 33
456 125
280 254
419 75
165 471
476 171
55 454
152 129
305 362
151 293
386 470
139 67
205 81
22 492
218 393
278 456
81 147
253 234
161 213
185 173
196 327
133 13
143 251
466 285
430 300
270 117
36 169
250 409
253 241
135 124
80 472
119 413
0 13
226 373
398 13
340 263
277 446
197 326
111 420
220 15
132 42
211 490
251 21
262 313
437 5
329 249
163 369
234 300
25 15
28 312
76 423
369 221
47 353
273 419
434 158
52 345
187 419
440 115
280 290
295 54
304 69
290 476
277 319
334 24
337 302
78 214
435 413
118 299
70 334
345 243
88 5
276 249
365 127
417 68
122 497
419 65
41 426
245 209
86 170
473 431
146 423
188 403
54 433
268 306
401 125
482 465
214 489
116 258
326 431
429 385
450 448
227 200
409 492
162 324
256 495
270 487
242 254
39 310
468 297
422 159
124 369
358 256
14 339
122 326
64 192
492 403
103 14
358 219
44 13
360 21
360 152
258 131
441 455
252 297
457 410
279 26
282 433
124 490
168 148
340 247
150 232
99 184
404 254
267 457
478 300
304 479
110 191
146 414
211 404
166 250
276 20
306 297
139 410
58 430
177 308
392 250
434 180
434 491
449 190
342 53
32 279
322 498
412 495
251 468
70 476
348 417
66 346
256 154
85 206
366 166
416 114
294 110
454 203
393 80
485 403
34 88
86 370
217 209
29 351
327 468
237 100
446 175
330 303
361 55
221 267
381 227
338 490
193 28
460 292
47 438
378 298
168 433
142 465
168 237
205 172
272 495
170 442
97 70
477 352
119 459
186 199
41 353
233 376
20 86
376 193
491 419
353 255
72 11
248 347
19 240
87 305
247 143
214 257
462 197
156 191
242 81
286 194
423 135
73 19
213 295
215 450
57 56
420 420
267 129
221 168
326 139
134 308
65 425
122 348
392 379
461 130
325 486
474 99
119 100
395 47
349 184
240 110
30 406
35 12
181 150
289 256
416 359
284 423
124 334
213 407
37 368
206 26
126 214