3400
354 78
128 269
323 350
347 322
335 459
121 412
142 74
317 217
167 168
246 79
493 159
174 396
145 119
368 338
279 171
249 44
313 133
483 229
52 488
300 182
94 239
313 273
491 88
256 130
61 10
170 355
103 55
174 344
182 100
271 394
438 461
446 372
102 103
91 429
463 6
245 391
165 57
146 58
188 8
18 254
461 101
156 40
384 64
165 182
76 419
232 288
161 14
117 179
460 115
121 61
304 424
481 366
424 469
329 479
234 464
65 200
240 47
112 222
256 477
396 129
269 333
199 128
307 430
45 169
230 268
44 166
384 34
356 25
357 308
272 37
89 91
138 338
412 182
159 102
83 168
353 407
387 353
283 405
74 47
167 181
199 156
42 211
236 84
244 250
140 93
36 17
207 229
411 27
481 471
491 70
329 65
418 197
102 217
264 53
86 28
184 431
142 138
74 78
329 230
176 318
187 469
50 64
443 394
217 462
384 425
342 209
406 214
283 112
165 360
388 47
330 104
242 424
2 472
54 316
486 183
4 82
147 174
68 55
369 442
367 138
199 253
467 61
173 105
317 250
149 191
295 205
129 479
303 389
57 483
167 358
292 43
217 171
78 439
382 138
128 447
201 101
15 327
284 20
123 188
379 101
306 124
104 26
267 435
270 259
469 324
220 437
461 262
53 289
279 39
339 287
389 407
234 40
412 256
444 18
119 387
12 176
202 277
64 468
227 470
146 335
272 197
459 218
360 85
477 364
152 139
399 316
208 393
149 133
4 120
360 93
269 475
253 372
192 324
146 169
4 419
468 144
363 129
214 279
144 223
214 43
359 296
189 113
99 67
40 338
283 103
430 400
124 405
229 35
205 168
439 227
371 209
190 408
187 86
161 257
300 183
479 376
489 160
79 20
210 88
43 119
371 494
251 474
361 347
367 332
59 66
128 307
215 430
17 318
75 254
438 30
406 228
388 269
290 248
336 319
291 352
198 232
58 162
362 449
281 419
486 229
36 340
123 114
284 103
358 492
22 212
440 148
417 429
177 180
499 59
412 365
449 290
305 110
60 7
427 19
100 193
34 265
231 137
92 9
1 15
79 302
450 375
156 19
51 220
279 333
51 51
193 191
302 0
360 498
17 214
407 287
404 118
107 293
302 135
150 51
354 155
31 230
101 156
376 187
373 153
56 8
199 276
276 249
100 353
419 136
275 469
439 179
472 179
166 398
450 127
282 317
399 156
312 165
353 352
357 41
49 78
354 413
15 100
306 482
119 115
84 225
404 246
278 24
274 229
356 444
113 224
232 490
156 364
69 45
438 361
439 426
340 487
439 293
275 355
470 245
471 246
345 406
282 227
308 475
419 57
133 164
7 385
101 366
263 15
376 170
97 201
40 167
312 437
144 479
225 439
186 466
372 48
127 383
358 7
64 436
452 129
366 49
267 459
474 468
138 30
83 202
369 87
24 475
455 181
121 20
486 32
432 159
394 359
218 59
347 104
233 282
183 300
111 452
420 451
333 438
140 410
498 269
244 362
395 374
395 51
435 368
379 381
92 219
279 273
377 310
444 478
278 463
415 480
283 242
180 187
449 116
237 172
34 447
174 334
237 430
150 69
302 173
392 30
303 395
57 23
354 33
496 354
334 484
226 263
302 117
85 258
431 251
51 323
157 317
99 225
294 394
419 250
280 448
195 164
39 83
468 253
107 393
378 316
431 293
410 456
215 233
337 347
170 146
315 388
113 179
426 415
165 259
207 197
361 445
380 403
8 253
498 349
17 467
260 228
185 449
182 22
369 400
398 19
259 392
423 213
480 372
483 349
47 145
442 43
446 260
365 323
24 306
273 364
92 393
342 385
259 277
29 377
248 128
372 279
345 8
232 296
497 325
471 68
111 396
9 413
88 409
215 374
238 464
210 340
225 331
460 52
429 484
464 490
121 30
38 189
337 466
292 270
338 334
83 115
380 301
210 92
466 321
285 425
117 205
388 347
400 342
178 348
190 181
211 495
184 312
278 249
372 21
207 70
185 62
216 142
234 418
239 426
204 201
258 24
372 321
16 498
346 124
305 194
41 37
349 369
470 225
98 479
50 194
257 158
300 87
5 325
251 387
440 244
121 455
129 198
196 345
321 145
191 394
283 478
347 233
310 132
112 318
12 261
271 14
453 121
446 423
310 311
407 50
357 250
300 28
225 486
483 348
243 398
377 27
112 26
11 224
394 422
35 475
489 259
232 306
82 294
105 31
81 392
143 13
393 290
277 295
144 471
369 112
139 239
117 246
323 103
378 128
455 69
328 413
72 296
91 61
444 154
398 48
413 25
315 41
189 159
130 444
409 333
424 351
450 400
4 41
22 273
194 382
147 329
126 23
436 71
225 217
117 380
257 476
369 31
190 424
221 58
243 172
23 130
30 167
61 473
98 386
268 435
264 293
168 268
339 390
459 456
188 417
393 429
460 297
221 262
321 2
174 442
424 416
84 197
23 307
193 497
432 473
118 314
82 48
291 138
94 421
338 102
31 134
431 83
346 491
493 153
447 19
435 19
69 372
179 371
368 92
65 224
38 152
201 184
322 120
394 492
94 269
403 232
316 478
469 187
340 14
33 315
186 139
363 320
192 255
347 394
119 412
417 265
301 9
130 118
462 475
96 24
108 408
386 0
39 276
290 208
375 231
370 175
348 61
317 86
480 392
304 16
133 451
461 221
191 434
262 443
467 5
414 358
210 427
204 152
212 249
480 346
374 87
1 203
289 74
466 318
186 121
425 122
196 320
106 386
181 387
245 368
227 0
427 159
163 289
39 483
182 376
315 371
74 56
130 316
486 215
337 448
70 173
345 262
0 266
6 451
172 181
33 251
262 251
40 460
296 425
153 431
303 478
386 469
285 229
445 16
464 124
297 134
396 386
153 494
445 248
281 159
410 469
220 314
126 24
449 261
192 422
400 455
424 347
77 286
154 61
185 374
8 470
357 334
180 256
4 362
373 478
447 285
451 135
159 168
429 77
0 460
415 473
173 252
39 191
253 250
476 45
16 290
477 484
240 225
87 157
135 244
381 460
447 435
103 184
261 106
66 384
357 261
366 334
25 382
132 405
450 130
273 108
444 318
43 250
259 184
280 482
442 247
182 13
197 389
347 137
21 459
72 414
100 230
113 438
195 125
256 97
58 498
316 29
131 2
187 360
342 242
489 319
333 137
378 23
160 30
341 78
344 33
264 266
204 444
69 377
326 252
250 177
206 384
387 66
278 189
432 426
245 473
462 273
149 430
313 192
270 161
195 154
272 466
410 459
188 329
81 332
9 14
251 183
249 68
257 138
416 380
205 41
315 161
444 19
211 316
477 257
263 334
300 172
483 36
217 63
395 23
390 298
481 404
472 141
279 82
314 82
123 47
60 19
38 290
106 4
113 102
436 436
108 377
265 88
151 444
467 482
132 398
155 357
498 113
47 479
61 129
176 362
381 37
179 237
241 272
374 138
74 207
84 162
250 182
478 201
183 254
4 446
303 167
280 159
139 154
283 179
41 52
441 312
49 275
47 121
259 142
349 421
435 185
219 285
486 37
143 198
144 21
188 148
159 299
453 320
0 298
203 89
401 393
168 496
117 302
296 67
340 228
413 498
283 275
313 133
331 122
495 456
104 327
478 36
356 116
266 284
373 208
454 469
466 126
280 122
42 435
164 76
74 382
158 429
414 210
332 323
279 97
424 327
363 236
352 255
39 72
132 118
440 264
242 86
61 258
193 22
450 103
485 209
491 25
87 495
318 405
3 419
98 450
38 279
34 314
238 242
212 425
189 370
309 152
262 431
305 370
325 456
17 256
133 162
10 8
414 220
491 180
130 269
400 89
255 20
262 435
212 493
216 327
331 402
185 25
247 94
50 491
99 72
86 419
428 232
452 96
277 194
315 295
384 259
132 215
2 492
485 246
73 215
469 53
78 405
351 154
497 177
101 401
172 448
180 188
136 452
146 484
131 413
25 461
29 368
360 157
255 31
246 197
251 329
86 215
222 181
359 437
190 71
20 460
148 362
167 52
389 285
50 313
127 20
388 427
436 156
187 248
298 192
373 286
353 49
230 311
248 75
499 441
402 290
4 19
423 402
39 171
337 312
185 442
369 464
472 425
174 158
202 11
149 324
373 75
238 3
430 455
397 486
128 429
300 151
53 132
156 224
388 93
387 493
309 425
351 256
266 281
144 377
201 468
395 294
297 74
381 133
471 227
9 130
281 99
84 309
33 335
280 240
85 274
199 167
275 394
27 50
427 42
362 171
317 128
54 258
243 466
46 288
418 215
166 55
364 200
387 102
194 250
24 167
186 279
173 223
126 313
207 200
224 53
34 70
180 41
360 88
376 423
490 406
461 295
347 9
111 177
427 234
253 306
437 451
27 291
104 111
163 153
206 164
234 387
281 240
181 266
41 141
399 409
56 32
393 360
37 403
489 356
14 465
268 94
237 452
415 295
300 342
6 78
318 359
451 92
358 451
444 132
394 399
283 343
203 450
206 28
385 92
409 195
142 399
203 30
325 379
73 118
49 478
337 79
23 367
170 288
273 233
485 114
457 167
117 120
149 12
104 323
371 386
285 14
44 13
392 341
459 221
51 318
397 8
227 388
29 273
6 397
11 302
469 343
464 320
332 86
262 113
499 437
303 133
146 136
477 199
272 390
208 289
297 324
64 458
83 377
126 93
395 441
285 490
310 364
303 249
214 143
432 65
198 213
201 235
286 196
438 179
468 410
234 499
309 117
346 151
244 392
333 473
463 492
208 470
219 125
268 11
76 433
498 52
139 126
174 200
379 425
336 113
112 199
168 422
425 273
165 367
340 22
14 350
321 155
280 222
86 392
326 401
453 162
141 324
24 93
370 315
428 255
306 58
333 392
165 327
194 258
280 182
385 386
41 146
369 58
450 173
426 455
469 276
453 232
177 110
278 329
437 47
458 206
451 243
422 291
49 468
3 116
2 182
328 388
446 395
69 49
4 396
25 347
79 326
288 478
159 256
156 66
125 96
192 114
405 428
396 114
83 454
488 399
139 85
333 317
366 85
334 254
101 223
49 211
189 181
289 189
108 200
297 445
59 233
161 489
455 464
271 409
161 38
476 259
76 300
238 309
63 295
18 424
135 164
197 419
108 176
376 487
432 216
301 173
14 492
308 314
76 322
360 79
191 237
389 336
497 119
414 479
403 60
77 284
203 390
66 274
113 164
232 443
468 398
242 34
200 335
157 50
482 276
365 369
58 173
292 255
86 55
468 59
343 342
232 45
171 47
211 151
446 137
35 295
329 414
101 277
327 382
158 110
332 161
334 376
483 390
297 479
38 69
411 265
162 233
280 496
147 186
323 343
139 93
359 210
487 320
54 313
423 166
328 65
441 255
497 14
345 424
345 295
412 383
117 257
105 75
113 249
445 252
197 436
498 436
108 56
369 337
3 163
228 145
252 183
50 169
445 102
249 395
131 290
47 161
88 100
201 4
256 201
489 146
82 453
362 487
324 191
206 83
80 180
215 434
103 185
287 117
365 48
338 36
197 496
448 238
242 138
339 149
148 351
156 181
168 82
125 370
454 345
377 331
265 386
71 444
62 220
120 358
394 427
275 311
401 444
82 75
76 495
346 273
454 224
159 355
225 475
172 284
116 31
270 401
345 233
454 341
200 259
38 426
237 446
242 165
240 138
486 176
302 169
393 184
39 108
435 404
189 117
0 107
8 157
390 270
112 206
465 196
123 164
462 4
169 212
203 57
233 262
431 189
373 387
496 176
81 265
382 283
391 122
279 382
153 251
309 21
218 117
133 275
131 193
405 95
152 152
266 460
149 238
477 197
226 375
140 473
109 159
281 22
256 0
103 412
433 261
378 265
392 3
196 11
459 23
27 454
414 463
201 294
343 416
291 31
356 421
80 283
157 465
317 361
125 413
175 421
186 59
414 405
269 78
453 463
269 228
191 332
478 35
451 245
276 322
243 94
229 132
98 324
37 386
300 415
188 163
74 327
84 226
156 340
303 353
433 461
294 424
460 477
74 272
446 263
210 202
186 42
366 439
326 136
404 255
270 478
305 92
171 196
37 389
95 179
141 192
117 380
357 287
411 77
192 431
133 358
400 402
342 172
308 118
225 20
498 212
305 496
44 155
396 328
7 433
126 491
372 0
139 95
24 81
365 51
409 216
119 350
22 161
131 313
333 331
43 356
204 331
486 200
28 249
182 382
226 388
240 160
255 450
31 380
431 279
348 396
99 192
205 467
132 121
452 336
192 465
148 496
48 249
350 486
220 429
317 32
45 446
248 57
289 300
432 280
28 220
412 280
99 127
249 117
305 83
48 53
401 350
99 48
34 450
379 449
333 106
53 48
457 378
31 153
433 247
467 315
447 314
293 232
201 398
481 394
448 7
357 381
429 201
151 308
109 315
421 382
430 442
173 326
480 240
487 56
371 265
431 306
38 170
68 225
119 92
451 49
430 419
121 160
468 211
26 124
7 77
371 299
126 289
29 396
452 458
223 16
323 175
345 155
232 213
157 413
314 351
123 108
268 244
307 244
368 88
165 185
485 375
17 389
285 463
421 46
415 238
265 496
151 90
303 111
376 383
87 461
421 191
287 62
306 190
278 95
280 26
254 296
37 117
80 271
317 322
412 1
498 232
322 178
141 1
237 478
291 17
60 176
238 212
254 348
295 44
422 385
181 427
45 176
447 218
392 125
479 117
201 305
335 329
330 376
354 328
345 419
95 497
61 258
458 333
229 316
53 105
32 4
180 86
304 429
407 480
97 48
205 238
67 298
174 392
220 249
169 380
229 418
176 264
450 291
459 134
239 31
35 12
98 123
405 68
48 254
302 312
50 145
295 360
252 117
366 322
54 473
391 387
4 284
427 67
53 306
337 386
398 144
119 225
145 348
102 24
188 193
190 256
116 238
207 485
159 369
342 426
313 66
350 85
4 169
475 129
15 409
53 165
390 265
113 24
49 35
80 67
323 89
328 270
107 440
309 387
165 119
185 3
440 331
0 387
16 444
353 476
141 31
148 258
282 383
270 261
328 183
273 350
472 151
443 453
340 79
198 104
459 6
337 235
122 399
343 189
165 138
169 196
306 158
41 169
430 89
272 163
365 110
114 45
498 337
269 57
162 191
49 319
55 121
373 238
427 177
316 216
265 445
103 337
7 71
160 497
12 289
400 285
182 378
215 14
423 33
224 336
156 85
59 125
363 211
388 432
0 142
87 204
394 265
189 43
392 401
190 201
486 404
282 442
456 21
54 350
186 380
317 130
255 342
405 228
12 118
112 294
350 13
130 200
95 244
497 171
373 487
391 40
482 211
232 26
228 291
23 138
268 266
461 192
273 23
493 366
160 285
150 458
158 11
107 133
304 253
240 105
497 177
241 483
361 331
122 473
464 89
356 497
190 232
108 169
35 315
100 453
411 196
59 251
384 421
174 18
475 40
70 266
102 472
304 311
136 463
405 278
276 100
185 113
282 318
133 293
246 317
365 85
188 10
431 276
295 424
465 458
224 270
95 35
198 178
142 399
177 334
287 47
160 305
475 472
117 294
111 460
46 215
225 477
105 234
159 9
467 400
23 476
363 43
222 118
17 61
247 364
263 46
204 386
358 275
69 179
492 327
43 32
9 38
124 120
129 467
367 135
111 448
492 390
8 474
387 214
430 377
276 135
21 193
320 480
11 232
59 389
273 3
393 454
427 283
250 370
5 56
5 469
212 469
295 497
63 72
450 35
170 493
38 78
410 43
127 210
451 421
277 39
345 224
359 22
392 272
329 461
431 250
71 186
35 143
67 218
253 450
443 17
447 275
319 333
43 357
131 298
337 494
218 408
282 183
307 78
39 27
129 488
174 322
317 200
418 61
11 385
254 172
447 306
491 202
59 118
269 34
380 190
450 458
493 451
381 233
112 301
289 272
95 241
293 316
377 264
149 211
235 241
399 256
458 35
5 391
425 369
412 274
85 158
109 362
447 78
379 490
114 59
152 169
485 209
326 445
9 214
307 327
83 96
131 207
98 393
263 489
115 375
33 175
389 200
279 494
484 337
248 10
179 99
160 401
346 16
83 338
166 207
304 390
449 249
143 435
276 47
423 406
433 392
444 308
303 322
11 75
86 139
90 260
161 117
486 103
441 359
67 69
311 107
357 371
158 261
160 352
110 287
31 435
244 43
217 475
51 399
390 229
489 137
254 481
84 2
213 240
161 377
485 132
355 473
86 194
398 14
153 98
34 8
403 184
159 130
381 472
201 210
199 271
104 42
396 306
46 188
418 462
94 60
385 403
449 450
316 323
421 347
207 469
153 307
289 110
82 164
227 170
442 136
30 426
232 46
87 279
241 131
43 5
260 335
285 428
251 61
260 101
422 172
332 467
429 427
92 121
292 363
499 319
97 86
484 382
161 330
313 423
280 402
237 356
284 392
453 375
328 387
411 213
180 103
30 243
365 461
325 122
441 9
95 324
58 39
221 431
355 219
473 386
242 135
380 63
438 378
117 333
399 118
221 28
272 431
393 252
226 489
498 218
394 20
411 445
376 453
24 132
370 231
219 350
413 464
194 451
284 203
173 311
339 35
467 395
499 463
452 360
430 225
97 450
395 324
129 8
492 124
355 6
356 362
326 426
377 269
324 20
183 14
49 497
392 23
338 368
80 243
321 291
93 10
187 418
279 341
465 316
174 271
486 172
451 30
151 164
37 180
46 475
473 220
95 448
316 217
461 434
77 397
259 134
404 22
215 446
115 183
307 180
205 289
172 293
309 156
188 323
299 346
419 235
183 124
341 14
300 499
248 154
140 229
252 8
306 45
80 467
0 421
63 387
32 205
213 235
58 342
40 401
488 209
333 459
474 171
23 27
33 126
356 123
483 174
219 460
279 290
63 151
39 131
188 478
213 71
265 401
155 124
185 306
265 143
167 19
398 91
70 190
165 431
457 278
90 149
439 28
180 369
353 354
333 219
142 41
295 46
22 260
66 302
445 208
79 183
127 464
6 477
260 197
327 172
321 218
246 417
138 112
466 426
497 491
385 299
198 492
252 180
482 220
280 170
205 279
244 359
188 332
381 250
422 301
19 208
477 95
207 117
396 116
459 174
473 393
385 344
24 23
96 489
11 358
138 376
88 217
401 234
336 276
77 283
343 259
206 448
66 173
289 414
88 462
207 100
445 413
437 445
434 321
180 33
261 446
15 170
404 349
126 416
51 240
351 55
4 247
420 58
472 422
384 61
161 412
177 443
388 458
280 114
499 175
473 312
482 261
110 488
404 238
330 88
144 308
55 34
444 0
422 475
388 268
180 158
101 49
8 357
324 342
17 140
452 175
288 342
330 286
376 251
339 86
394 206
92 335
187 449
276 36
304 461
471 16
66 484
194 425
267 426
418 370
397 136
478 370
8 186
437 160
246 384
442 128
316 493
442 35
71 355
317 71
87 376
212 288
213 5
283 258
480 332
468 201
423 378
64 298
458 431
167 353
481 205
198 110
145 149
5 492
415 216
444 174
462 355
360 9
267 28
360 496
49 248
126 181
479 473
256 42
395 290
495 424
386 228
230 45
389 31
99 235
409 157
12 396
405 223
103 224
220 24
272 464
497 270
95 250
292 476
266 351
127 39
268 113
10 365
396 498
85 252
409 348
96 346
421 273
497 1
25 25
489 70
340 150
400 338
166 287
490 45
84 285
250 470
335 204
54 261
365 84
432 139
337 126
399 380
381 259
284 396
466 258
260 125
463 158
297 13
58 129
414 288
258 494
199 17
278 93
177 253
245 495
121 461
341 82
193 20
268 74
185 477
454 87
245 445
458 269
251 43
183 368
363 17
34 293
386 62
167 164
159 416
229 264
347 280
152 71
497 392
370 421
8 182
128 176
446 105
0 438
307 197
66 183
476 170
84 101
265 215
483 251
368 425
57 212
135 215
107 210
131 485
167 329
358 139
96 147
438 304
353 97
280 245
267 271
372 109
176 351
454 138
415 159
223 322
389 472
182 359
196 349
30 165
156 363
363 388
44 253
202 301
46 249
21 334
443 165
16 393
383 471
130 322
497 298
123 206
417 386
87 157
323 113
476 118
358 331
436 191
492 403
4 138
473 390
55 25
271 268
240 423
98 154
305 222
428 95
333 280
437 345
458 273
391 112
444 287
478 101
4 232
371 323
65 9
386 344
112 473
248 157
164 352
75 346
293 321
101 3
201 479
252 390
3 11
298 495
448 299
31 129
304 453
314 402
98 369
342 52
62 211
415 91
289 78
399 342
198 435
266 352
242 399
410 370
217 97
396 61
42 165
470 428
182 346
215 284
189 281
344 410
353 251
329 259
454 494
429 80
432 152
51 47
417 26
124 313
226 134
300 372
152 268
114 270
407 335
468 330
92 96
347 312
423 445
439 28
108 377
29 221
268 392
270 432
98 38
172 246
119 324
93 324
447 271
458 207
389 354
302 426
90 333
130 1
29 14
243 422
143 489
233 273
57 263
301 3
250 7
332 326
150 221
492 277
336 97
303 303
229 226
411 105
106 320
186 42
464 135
476 429
54 459
222 209
213 464
471 24
202 315
36 155
432 352
450 28
331 269
347 253
211 413
85 258
300 317
305 271
52 116
75 281
343 107
423 298
174 56
371 394
50 376
80 407
287 482
251 382
136 471
236 450
209 199
16 321
444 361
478 173
307 496
455 53
203 150
58 378
273 377
105 281
188 323
157 186
68 327
150 261
211 56
255 386
207 272
134 124
149 151
148 112
17 456
106 103
482 221
450 16
297 107
282 408
446 337
165 439
200 14
423 315
54 264
36 30
6 261
265 22
486 156
464 413
368 4
77 423
439 202
309 379
287 237
74 91
383 233
100 91
259 83
199 375
257 313
74 236
110 264
272 339
104 97
101 236
159 325
27 30
409 451
188 337
280 197
282 114
206 163
99 382
109 465
278 298
386 367
483 204
44 497
446 255
491 0
325 47
77 3
454 353
42 338
35 494
108 174
190 170
404 314
131 289
439 14
381 409
466 178
27 364
471 10
362 473
372 314
317 188
393 301
139 123
117 287
313 27
197 78
392 3
292 101
115 376
285 84
262 348
64 251
113 289
114 35
202 328
368 486
139 371
495 261
400 278
305 464
42 213
217 354
456 287
163 361
445 423
272 300
404 59
200 188
76 369
197 314
152 278
149 65
178 291
422 496
313 78
144 79
434 355
494 213
426 390
165 9
162 224
283 289
478 66
287 336
2 54
184 485
402 155
298 333
182 81
11 220
152 495
202 7
72 86
328 49
58 499
223 493
283 72
490 358
46 113
19 278
115 49
56 203
388 17
450 354
427 70
65 462
321 79
17 268
169 394
393 345
190 227
152 468
178 473
438 142
272 225
274 457
160 387
405 330
36 49
471 207
169 463
394 37
157 491
385 411
256 326
405 130
98 299
124 57
52 276
353 63
20 324
212 127
457 33
82 469
176 494
309 53
442 198
41 204
467 99
277 278
408 76
375 183
92 358
486 499
62 144
321 340
319 435
468 33
354 277
123 402
455 382
80 284
340 250
201 473
103 308
384 479
14 363
221 259
110 458
455 60
252 173
460 276
309 71
200 428
330 15
397 175
460 137
387 330
155 300
460 89
420 259
122 344
455 434
244 196
256 66
91 199
475 8
79 51
331 136
151 132
307 161
298 401
83 267
420 186
127 238
497 232
77 47
333 472
168 384
302 77
129 276
284 245
148 104
93 215
347 479
140 244
497 155
274 439
477 80
319 46
279 456
3 168
140 208
92 188
265 308
84 247
492 246
351 220
288 493
472 296
392 487
494 113
404 390
470 269
167 233
189 141
162 446
154 44
232 302
463 99
198 349
96 399
120 42
35 299
95 260
247 8
473 487
377 242
363 377
462 200
193 382
329 3
47 355
10 335
434 279
128 325
224 132
175 224
23 196
456 62
70 470
458 56
150 43
272 335
387 365
247 234
89 81
288 76
412 136
415 298
475 198
183 396
472 200
396 210
272 348
318 205
113 343
238 276
112 263
480 11
97 351
432 227
156 187
175 73
223 420
118 91
339 199
399 301
363 311
159 147
204 136
479 478
254 317
432 69
432 218
70 412
492 30
69 354
427 148
68 244
187 151
202 38
192 26
338 101
100 55
191 349
179 305
474 22
444 434
4 407
171 376
406 426
133 163
163 327
424 412
415 83
474 111
490 117
70 166
73 180
29 171
476 117
491 209
495 450
209 435
312 351
130 381
396 70
250 263
175 60
495 174
137 443
60 469
135 127
307 131
302 61
178 189
250 130
432 169
457 97
448 142
23 269
191 78
193 271
183 441
115 221
164 179
148 105
232 76
207 136
49 392
433 361
343 227
248 183
280 276
418 205
326 80
11 293
64 18
311 56
277 248
279 427
384 293
370 279
415 116
360 429
143 464
43 293
476 486
262 292
349 108
41 32
325 176
46 404
460 242
490 357
136 238
383 121
400 20
489 105
35 168
484 349
143 30
16 28
172 471
432 131
163 373
401 473
377 341
83 447
305 189
279 425
46 441
314 163
268 446
466 303
152 155
185 451
331 147
471 54
37 355
228 403
228 200
41 482
429 457
146 124
49 86
28 426
89 447
394 194
497 209
365 212
163 1
1 402
456 346
201 472
375 493
46 282
264 103
412 439
64 45
132 58
336 465
265 12
206 277
487 11
223 55
408 204
106 239
85 409
381 63
408 139
273 256
211 306
246 389
434 123
34 162
479 66
430 370
148 244
255 136
43 487
191 479
218 452
361 297
212 303
294 243
351 473
279 67
308 415
390 25
39 243
161 424
147 19
263 92
80 147
486 19
498 476
428 177
326 68
223 289
384 391
216 18
437 88
3 347
225 246
341 245
22 264
283 2
446 169
168 399
418 379
355 6
35 268
188 283
424 361
104 411
281 161
249 172
20 219
317 104
349 245
9 158
12 371
392 145
44 459
190 412
418 462
82 397
180 453
167 270
33 456
469 123
296 315
34 70
26 316
61 351
361 376
99 422
67 373
184 344
108 111
425 374
271 379
332 359
129 303
112 351
327 15
330 81
4 123
291 216
67 30
258 352
126 428
153 358
54 194
305 338
64 162
41 83
442 188
491 226
429 424
439 455
389 256
379 269
485 393
423 170
374 404
184 34
392 1
47 337
175 298
312 352
287 92
280 206
432 230
154 123
79 213
470 445
214 468
213 201
224 51
455 136
170 450
303 491
328 414
64 350
55 356
448 377
83 342
72 228
203 367
432 78
23 282
250 402
456 89
492 463
452 32
482 299
290 474
241 286
136 119
327 157
34 191
34 275
355 469
188 458
389 58
193 121
375 264
206 295
111 331
363 198
498 415
389 198
484 288
259 482
140 472
16 86
213 26
496 402
212 420
331 184
305 101
218 24
319 33
364 424
474 282
197 80
278 472
113 439
421 114
438 372
311 413
440 454
356 376
297 288
472 69
22 480
4 130
163 240
16 175
458 379
311 491
315 7
446 441
55 428
153 368
281 346
300 316
192 73
361 9
430 341
321 186
168 452
45 177
353 183
62 413
404 163
170 226
167 72
352 117
337 223
69 357
173 470
396 221
230 366
59 257
295 160
465 381
58 463
146 362
275 263
278 61
287 32
104 301
270 454
29 456
314 107
429 450
172 487
205 325
435 254
267 265
498 230
194 84
446 56
172 192
105 221
253 450
251 392
199 209
166 21
480 80
31 480
319 410
87 55
309 377
494 22
253 76
12 492
400 299
491 458
32 72
23 449
341 137
347 126
0 392
473 13
345 480
242 4
59 16
393 330
352 220
149 387
231 105
256 161
472 132
204 248
197 4
141 79
206 390
135 340
205 206
38 460
464 50
419 281
111 375
447 312
52 315
273 96
110 283
267 29
129 82
86 472
403 178
421 79
272 109
167 56
16 477
380 58
339 332
59 299
463 302
117 6
455 15
151 242
272 65
147 418
242 401
80 85
16 146
107 1
409 288
266 127
185 425
109 498
149 24
178 168
26 112
480 147
390 333
398 483
401 162
415 397
482 496
142 347
200 499
139 101
228 109
386 257
255 413
289 347
367 404
369 319
467 394
227 349
332 357
371 478
375 85
81 138
486 210
61 75
29 38
148 200
458 257
23 386
234 65
322 164
484 101
347 191
392 451
160 427
257 76
13 383
21 132
194 95
22 359
250 255
456 51
161 398
136 266
331 36
200 222
176 153
196 184
135 375
302 88
164 147
30 59
44 178
125 404
115 238
346 499
403 365
115 302
68 416
452 252
326 251
405 152
189 2
378 101
42 324
324 32
444 58
236 354
110 488
78 213
65 226
91 424
78 468
384 207
311 498
250 188
340 137
140 7
460 29
206 370
402 354
413 382
88 198
38 149
215 199
425 117
393 280
100 16
75 324
322 336
24 386
376 424
283 216
98 16
238 244
98 156
38 492
191 363
365 126
325 229
198 80
212 102
471 444
268 312
0 46
285 442
367 24
92 161
29 2
98 190
346 119
111 49
412 236
363 302
384 277
357 40
143 82
378 421
85 466
12 146
441 85
461 149
162 160
162 54
244 191
310 261
310 443
31 274
428 222
0 394
287 312
247 209
131 282
248 125
124 216
154 112
262 65
225 115
169 276
468 239
352 266
61 130
256 162
237 92
339 185
497 89
298 478
260 244
222 281
350 360
472 346
263 4
471 86
363 340
431 493
259 183
165 284
446 172
116 422
107 35
124 307
285 104
201 423
56 397
257 275
121 406
262 82
20 236
428 234
227 235
418 359
143 338
362 84
358 90
125 478
138 465
421 102
25 423
173 474
249 433
340 282
364 222
458 454
40 237
472 386
98 267
457 391
327 241
331 319
150 37
2 309
411 288
63 275
250 288
221 236
371 351
74 413
220 235
472 384
123 260
380 445
188 221
462 337
9 367
404 146
307 159
299 258
33 70
210 214
303 135
339 283
49 174
409 413
149 269
29 234
31 124
197 261
99 71
438 12
10 108
119 194
452 317
239 270
484 337
473 449
84 287
461 312
77 133
254 223
309 78
203 136
397 192
263 400
412 348
456 53
247 274
91 427
49 199
36 182
483 34
173 361
173 68
53 487
62 102
181 308
296 223
415 236
488 193
42 178
231 253
27 350
130 478
29 471
153 179
65 65
427 489
409 239
78 452
407 462
122 140
363 440
176 270
464 130
308 16
269 358
60 391
221 297
120 190
222 102
167 125
114 287
378 446
251 23
338 456
448 158
450 460
231 311
293 478
494 47
257 101
344 264
413 317
360 417