3100
314 32
80 245
429 210
172 429
336 21
34 203
205 223
332 67
426 494
269 248
82 210
469 245
465 148
174 7
73 24
56 300
397 388
98 488
270 326
200 270
325 106
181 234
153 30
376 365
466 79
141 498
95 400
48 111
470 61
437 223
375 43
431 493
482 273
451 381
4 252
210 151
237 181
64 243
109 390
469 292
142 75
327 463
74 238
151 376
451 396
439 88
81 326
451 223
456 415
167 403
406 312
494 229
473 144
34 58
202 434
361 356
319 345
83 188
64 245
141 86
174 15
194 432
7 107
23 145
400 464
276 42
124 307
451 122
32 97
383 485
193 235
80 244
284 12
109 15
453 349
216 102
35 127
234 262
408 394
210 109
4 160
467 339
461 128
225 418
256 346
81 460
204 449
462 13
380 340
189 423
26 333
312 258
20 413
307 398
8 280
441 18
357 12
140 408
179 170
16 217
29 435
384 449
462 85
425 198
474 194
27 467
225 0
413 339
90 97
230 72
442 98
462 171
431 299
322 454
23 110
397 338
140 52
137 134
184 102
149 62
29 158
158 28
220 106
56 423
496 310
408 286
457 438
90 222
176 240
351 264
102 199
103 248
234 94
197 240
154 419
77 198
226 36
494 88
11 446
256 50
336 359
298 16
238 145
386 240
4 266
465 237
337 458
53 420
12 424
343 102
300 167
55 420
360 26
325 401
452 372
231 81
450 140
286 381
473 188
455 172
261 477
288 272
193 450
374 193
295 57
76 69
342 447
325 131
33 202
74 150
84 337
477 158
391 34
222 115
139 365
194 29
154 400
203 482
175 199
256 429
499 322
269 333
316 341
43 95
97 201
38 470
480 181
215 368
335 371
236 290
171 475
227 431
265 325
24 430
360 293
115 133
466 211
404 237
332 134
336 299
121 281
463 226
446 101
473 30
172 282
257 61
344 344
21 484
415 110
255 398
31 127
190 370
107 349
483 94
393 291
425 319
398 15
468 388
270 344
126 441
355 443
287 383
368 199
161 308
206 135
114 416
139 89
438 304
250 98
242 422
93 495
362 167
55 491
336 331
124 325
120 314
198 479
179 407
68 418
405 340
109 274
364 19
323 248
346 154
76 425
420 88
255 22
365 283
114 162
340 201
16 238
218 460
220 66
484 397
89 288
414 389
260 198
446 278
285 435
360 145
233 213
235 280
63 341
355 101
154 177
416 195
8 22
88 486
235 228
16 424
165 324
375 430
61 277
212 321
318 346
59 72
353 404
245 147
100 416
446 100
148 254
129 214
200 156
236 69
346 435
111 252
34 11
289 486
160 95
293 353
426 478
382 205
352 279
47 479
432 452
58 493
207 80
88 187
109 259
194 324
428 455
318 306
144 462
410 459
313 304
283 203
408 239
370 165
145 112
416 417
263 77
9 327
14 470
230 449
125 475
430 276
434 53
15 249
208 79
383 277
481 373
112 166
184 241
354 482
252 181
110 270
97 15
337 119
420 464
439 419
196 45
98 222
323 482
61 465
243 383
257 445
463 76
317 221
56 499
32 23
146 308
175 142
113 95
411 12
284 33
78 203
425 332
314 28
346 248
131 376
173 441
17 388
110 488
340 186
210 18
326 372
15 208
303 1
365 128
14 215
418 149
481 444
325 343
443 148
376 171
464 74
315 49
389 333
371 277
295 229
102 433
141 473
326 469
97 445
160 43
45 463
408 78
273 378
26 233
256 216
142 402
303 72
405 309
438 193
422 128
62 85
410 376
345 203
148 236
280 295
258 308
238 325
55 18
103 363
79 82
484 211
283 74
235 288
333 40
169 174
111 255
484 231
434 22
110 329
476 435
95 390
67 235
253 334
49 123
57 209
420 481
55 41
181 56
96 142
316 14
122 117
348 280
302 458
287 135
70 412
155 264
351 165
351 74
49 456
165 401
234 106
0 86
142 289
431 33
400 90
208 100
380 22
480 408
395 34
298 119
235 465
483 453
380 438
395 186
439 281
388 60
498 173
314 240
125 492
435 98
198 25
399 495
403 430
316 231
351 299
116 114
420 438
377 451
490 152
433 272
184 429
455 173
413 35
379 269
367 39
416 166
161 417
199 316
47 65
216 15
130 250
41 184
136 402
54 418
42 126
407 487
161 78
465 362
484 426
317 345
11 203
121 234
402 25
442 172
188 449
52 158
194 170
424 93
363 182
308 478
317 405
335 68
282 478
257 301
498 266
322 74
160 361
386 443
467 62
364 328
338 155
177 416
361 385
67 101
431 224
481 376
296 249
79 168
469 78
197 336
263 319
181 19
314 423
486 419
248 281
289 202
118 438
323 466
420 331
407 391
119 351
452 240
408 415
345 32
220 230
49 42
61 483
259 230
2 375
9 245
447 250
40 298
264 417
100 216
107 36
388 7
99 78
345 340
224 7
89 190
233 445
280 139
221 146
374 39
136 223
325 383
181 435
352 218
434 297
334 304
163 41
471 74
266 262
122 316
6 491
288 211
202 91
238 68
108 276
351 464
347 96
32 177
395 380
29 236
41 329
222 363
289 204
467 193
9 408
399 89
152 367
311 39
107 355
131 401
365 67
16 334
11 64
444 48
284 258
439 473
189 325
382 13
206 330
238 201
142 67
287 489
28 294
1 98
499 488
407 484
319 364
428 423
471 330
441 224
49 108
285 380
246 238
69 167
368 452
372 159
149 10
157 11
109 177
17 158
143 108
324 425
348 462
144 104
180 172
132 437
318 229
320 417
437 64
368 241
400 157
20 92
103 49
79 177
335 212
172 96
21 330
144 348
304 222
246 141
78 484
66 378
147 248
164 386
127 84
94 33
477 27
429 114
291 81
145 8
104 478
161 170
370 478
52 305
446 175
11 150
380 25
273 77
315 27
464 438
323 442
322 58
24 152
233 251
259 315
145 231
253 215
45 306
464 123
150 449
99 262
287 14
443 479
359 413
203 259
201 175
85 378
30 375
126 109
276 116
199 237
453 273
80 452
75 350
300 396
158 78
92 251
83 298
211 35
146 294
321 266
496 348
223 406
367 26
494 202
439 495
268 193
145 244
447 200
96 73
151 247
350 107
405 243
130 433
227 468
234 277
477 400
158 230
108 52
254 25
372 103
296 46
142 493
45 294
367 89
188 142
249 370
465 39
324 6
474 95
224 404
304 208
290 53
106 463
340 250
353 212
110 213
58 2
148 253
342 103
97 15
237 31
422 198
204 202
297 246
150 178
238 374
427 455
418 28
279 385
450 110
323 484
338 60
165 233
337 486
353 8
391 286
485 90
292 165
411 41
220 442
168 414
369 310
339 95
333 139
249 470
306 283
343 425
158 497
483 9
369 347
134 189
131 112
277 471
12 424
218 40
454 84
395 386
333 323
314 86
56 166
301 416
341 214
211 145
6 351
51 47
236 227
339 37
8 367
143 116
156 372
457 213
451 463
286 352
290 137
303 453
369 198
412 105
102 62
413 476
23 460
187 316
353 111
330 378
346 361
86 326
39 354
317 43
247 343
480 456
409 37
87 135
92 130
192 499
475 194
6 457
274 350
461 193
71 127
341 292
470 417
272 279
322 9
352 441
397 421
310 184
320 306
436 397
248 412
459 128
438 76
278 465
11 212
191 240
384 434
204 384
163 354
215 328
269 337
110 420
104 167
473 420
169 276
41 262
242 418
346 0
317 180
244 124
216 180
115 436
172 452
306 319
147 188
25 374
146 268
435 136
408 102
379 261
23 78
348 420
272 117
298 46
170 89
122 394
182 239
191 237
408 355
43 350
224 407
175 420
408 370
472 111
224 317
247 203
475 99
216 447
493 247
189 366
261 15
254 311
400 443
150 446
296 308
215 45
466 372
94 390
353 226
395 66
122 429
28 142
89 97
197 245
463 434
450 238
49 224
20 204
150 301
109 22
68 298
170 324
66 386
112 264
183 272
201 8
2 305
254 230
327 444
378 303
41 142
219 328
33 442
243 239
113 35
186 352
28 181
419 356
473 447
219 384
244 156
313 272
354 246
42 419
223 33
176 421
249 264
207 395
486 134
22 450
155 451
133 208
416 35
482 404
288 389
45 53
326 384
483 210
130 32
66 25
446 353
469 94
489 48
34 28
331 327
278 56
116 486
21 263
20 33
422 356
409 160
45 320
30 235
268 28
53 160
365 186
280 352
400 335
363 121
300 434
343 46
32 78
194 459
492 406
262 214
226 267
439 171
259 271
299 469
482 379
65 205
57 199
386 345
318 457
391 102
148 118
48 86
46 181
439 94
160 390
9 201
224 387
158 448
270 483
362 310
15 104
303 279
124 72
29 190
292 294
412 272
359 440
473 461
55 257
147 412
465 216
103 157
457 190
173 113
423 227
331 388
167 438
10 135
177 144
438 391
16 321
261 203
164 227
484 87
351 71
139 483
492 169
359 94
208 450
177 384
272 483
422 361
496 292
436 284
28 25
346 226
429 396
123 459
46 445
369 459
294 250
419 8
455 139
89 278
14 163
146 118
479 139
431 420
57 327
352 219
297 85
481 50
10 227
24 456
267 408
158 393
402 413
52 429
207 357
372 493
112 74
213 370
143 443
123 496
215 200
137 327
378 12
91 470
426 388
148 468
361 45
310 307
236 115
324 363
356 296
370 48
419 320
116 435
431 62
114 239
66 498
362 251
221 444
184 306
274 499
44 333
492 135
251 206
421 80
376 427
476 130
450 98
385 395
309 66
157 316
166 423
174 224
20 29
335 247
246 57
242 109
244 142
348 234
166 347
127 270
400 43
493 103
350 202
121 379
47 159
434 278
354 214
243 460
207 227
284 430
39 453
95 26
112 135
335 295
65 278
173 462
65 317
372 19
398 415
426 493
123 297
11 212
172 478
57 106
36 231
184 341
219 427
63 131
426 183
313 398
212 344
13 487
6 277
44 385
230 256
405 470
182 354
184 417
375 206
437 241
434 264
191 473
104 153
188 106
4 382
78 1
488 68
345 444
329 346
454 241
211 412
266 360
129 245
303 302
43 4
120 240
213 329
482 312
418 169
404 170
23 275
343 482
278 12
210 41
282 108
372 165
25 346
443 138
292 6
362 247
487 187
16 483
147 53
74 498
20 65
192 478
313 395
407 36
429 91
51 470
135 211
57 423
413 12
370 353
100 205
392 232
215 439
492 408
258 362
280 67
397 130
26 472
360 210
302 285
255 289
353 205
129 242
106 410
263 42
100 476
209 215
155 492
253 276
491 499
66 11
494 271
95 464
26 20
157 456
97 180
386 265
7 450
213 15
409 466
442 328
44 361
354 3
132 51
50 107
470 123
246 469
433 316
336 193
1 311
492 346
111 99
401 378
245 470
436 114
443 154
16 231
86 339
390 222
181 218
193 440
409 3
320 439
133 194
6 8
354 134
85 498
228 317
288 487
101 473
479 76
307 396
235 347
421 394
464 477
270 102
458 158
449 179
226 278
138 82
69 84
434 493
310 154
493 162
135 450
27 95
343 466
314 334
80 431
408 235
190 45
55 178
210 148
278 4
439 288
372 416
261 360
366 158
320 424
374 360
307 307
273 401
88 150
81 439
27 20
417 342
372 69
217 472
329 434
222 347
263 120
480 446
104 377
301 346
58 276
83 175
429 365
368 209
148 369
389 301
143 27
96 159
483 368
302 165
364 312
432 377
323 128
357 264
111 280
56 158
185 21
387 140
201 114
335 255
408 201
229 77
236 52
272 177
195 219
384 74
303 59
39 168
433 127
259 396
54 396
417 315
307 240
206 304
411 8
210 394
471 320
224 291
468 59
130 496
422 163
223 14
183 226
205 114
11 468
364 464
131 65
157 281
438 439
299 216
110 201
21 361
152 81
492 97
445 473
488 122
489 368
94 63
178 24
492 151
115 189
106 208
489 98
37 264
480 279
481 189
50 442
375 354
452 203
28 367
341 397
117 16
80 330
206 63
214 258
299 198
406 181
280 405
21 248
379 169
358 353
295 360
215 409
464 170
389 19
268 492
8 231
413 386
449 440
50 120
170 16
197 349
107 429
29 329
499 480
334 408
121 357
118 481
4 188
207 82
74 393
476 327
213 435
227 242
214 15
383 278
479 236
17 432
262 438
419 46
307 113
322 253
86 428
116 441
23 90
336 175
2 450
237 164
406 68
435 464
242 472
209 318
250 74
12 226
125 364
477 431
36 432
360 300
93 123
213 328
3 116
418 401
66 357
425 155
472 472
445 360
178 214
288 6
232 281
145 301
84 209
141 475
275 121
96 353
33 220
336 161
63 36
246 107
114 129
453 171
32 86
153 250
256 62
343 293
446 341
50 341
316 31
4 44
249 443
163 100
113 283
171 351
310 176
157 417
89 425
363 463
65 473
35 16
310 174
15 231
424 108
139 417
313 92
35 495
447 63
346 50
253 61
89 17
435 64
341 99
62 376
349 204
73 127
301 236
467 235
343 168
438 243
335 335
330 251
166 222
272 130
191 12
382 26
442 132
231 169
45 283
339 145
273 246
482 264
499 426
447 302
45 195
382 385
488 381
103 64
194 155
19 228
106 385
370 253
422 400
35 101
247 319
65 374
491 372
150 48
350 342
37 97
334 247
480 271
336 175
182 84
164 30
268 53
307 122
22 138
239 229
401 57
283 338
210 466
14 274
117 213
162 216
316 6
278 497
24 296
232 114
496 206
259 396
370 264
254 418
148 392
449 346
184 49
367 85
359 247
312 234
302 328
187 474
323 118
415 317
431 347
405 147
396 279
396 17
435 266
159 150
348 435
336 460
397 385
484 204
438 109
437 296
270 240
211 476
293 94
293 126
125 76
356 199
216 21
140 252
254 3
439 151
463 103
340 275
479 361
470 324
120 269
362 259
236 390
336 73
51 29
458 482
33 176
50 314
418 101
104 190
193 24
479 43
319 156
17 319
143 150
420 339
99 115
6 282
207 187
68 194
176 258
286 26
192 209
310 336
378 110
487 267
310 71
228 466
138 129
280 97
437 133
249 52
334 36
223 107
301 393
151 291
170 330
391 437
126 362
473 54
321 4
76 312
278 483
113 156
253 268
402 245
297 190
78 151
258 483
376 153
445 411
93 379
316 467
329 485
391 294
299 154
466 64
47 227
383 97
365 12
257 488
179 119
122 406
241 109
263 380
144 469
348 60
27 237
74 17
311 356
11 317
381 462
189 329
426 429
441 424
413 144
263 51
309 444
53 386
118 51
20 168
228 262
352 221
238 255
464 278
96 401
364 327
156 477
258 405
330 83
79 200
103 243
39 342
80 412
463 444
113 199
313 336
57 341
449 17
296 147
400 413
240 244
73 264
170 248
183 332
384 352
95 262
457 487
399 486
430 37
88 215
403 43
385 254
271 460
459 186
99 419
163 359
476 191
291 89
421 498
350 475
237 305
144 297
283 194
84 43
110 65
109 24
278 13
325 346
32 402
321 284
496 483
26 337
426 324
174 317
292 199
4 376
173 382
428 148
43 308
225 12
37 154
19 334
32 167
69 345
481 64
47 243
80 329
153 425
243 358
57 179
55 35
417 413
61 228
388 198
210 456
462 114
300 99
119 482
327 333
397 188
431 160
490 297
222 363
221 495
175 317
353 130
43 230
311 122
320 104
413 51
17 383
334 375
357 318
151 453
494 36
197 400
49 425
141 187
34 124
293 362
493 209
292 146
121 36
493 455
6 293
28 406
281 24
194 215
20 491
27 345
97 14
292 224
263 499
475 433
147 298
7 268
267 492
29 299
254 240
33 374
132 113
489 414
129 265
256 183
380 149
164 284
360 477
328 308
241 124
422 303
424 388
233 429
81 191
431 114
488 187
152 316
230 472
237 141
324 359
361 346
482 204
34 25
185 342
466 362
18 426
166 388
170 294
485 399
13 103
142 268
436 353
325 295
436 167
378 415
261 261
317 239
116 243
85 351
66 301
227 404
292 436
230 246
497 314
417 67
335 11
216 412
207 123
290 42
309 495
108 169
260 70
165 426
277 377
178 250
154 195
131 258
356 299
465 361
428 353
216 235
147 115
239 433
327 354
349 381
402 488
58 458
236 163
40 223
325 13
61 70
180 332
483 192
54 36
242 448
183 482
450 310
95 330
36 189
70 274
262 238
48 473
136 320
395 284
149 28
450 73
405 210
403 131
19 388
188 309
291 113
424 372
54 93
282 19
146 443
181 205
178 408
229 81
365 166
46 476
49 366
429 496
479 306
46 184
493 351
316 235
459 136
230 92
464 365
308 364
69 110
18 341
422 99
265 99
76 139
358 163
12 477
284 287
471 491
194 330
65 316
452 363
455 24
390 34
399 419
29 50
392 468
68 48
147 166
306 185
349 75
53 164
303 361
204 337
19 126
442 399
262 85
461 246
281 217
489 203
106 180
0 18
418 498
164 68
254 418
493 322
338 103
316 398
87 493
119 20
271 107
44 413
160 385
455 357
61 293
473 444
462 19
17 473
394 233
151 33
208 148
103 496
395 398
392 419
291 482
89 363
277 63
448 485
343 289
82 403
347 256
275 407
380 162
247 144
177 274
274 398
246 237
136 229
0 141
476 380
243 292
207 65
403 372
161 155
411 246
2 243
150 110
272 277
421 383
9 371
269 450
188 136
365 16
9 176
408 218
10 485
403 151
24 217
224 306
52 37
133 135
98 406
183 135
370 370
94 104
406 380
16 363
231 446
474 233
451 93
78 382
34 313
382 481
139 410
299 107
94 191
97 432
420 192
415 132
88 290
170 9
224 495
293 38
124 308
401 268
150 75
241 479
313 36
298 123
82 452
496 98
382 29
73 445
430 302
93 340
201 18
365 115
6 426
86 159
427 130
57 487
318 429
466 298
422 483
288 264
362 4
385 136
81 245
399 459
299 363
382 344
460 1
279 99
110 318
448 365
204 389
319 5
156 22
358 285
401 78
434 146
282 116
213 320
279 215
79 112
457 430
431 313
264 269
87 62
427 375
264 35
392 483
6 83
220 48
478 216
362 122
90 265
85 144
211 303
267 216
498 290
455 224
493 282
344 220
95 432
319 124
107 211
295 212
112 465
181 367
341 443
208 43
39 431
234 145
213 251
393 2
78 63
345 349
421 424
356 190
314 368
79 176
240 421
387 226
446 204
499 68
464 287
219 59
56 3
106 305
159 269
333 0
201 90
14 30
220 474
342 222
250 386
160 273
0 342
399 399
319 298
85 398
310 283
139 156
462 366
136 245
245 473
63 321
351 298
272 429
4 424
310 114
240 254
449 322
221 240
390 348
98 41
324 475
132 408
275 463
209 446
271 263
436 306
105 187
116 139
63 377
344 472
227 226
48 84
176 28
376 122
163 66
393 474
235 339
155 25
323 10
125 364
22 95
282 61
200 479
209 250
223 116
342 53
489 302
330 242
364 17
83 58
384 379
219 476
354 119
481 374
90 177
124 106
167 464
444 406
9 220
336 153
58 232
386 178
272 399
416 216
274 489
368 351
327 158
278 439
313 33
63 259
218 255
220 187
94 385
457 164
169 103
187 293
323 79
478 73
141 96
437 394
245 415
425 305
245 424
458 55
167 410
166 21
208 385
122 386
402 154
109 80
373 423
2 148
221 49
497 480
374 214
481 434
239 471
395 407
314 336
247 205
78 481
218 265
3 139
293 341
273 405
328 255
255 498
47 330
162 329
43 44
478 36
359 25
432 70
406 254
312 246
80 5
270 390
29 298
491 273
178 175
282 264
263 358
40 37
366 162
207 202
90 410
435 185
107 449
56 219
317 14
19 368
258 397
48 290
63 140
315 39
304 94
304 97
134 419
81 197
251 1
263 288
326 342
143 198
269 433
299 51
271 86
336 319
461 382
22 384
423 376
322 337
286 79
498 479
176 272
125 432
72 427
121 388
438 398
184 117
20 207
146 335
6 292
174 482
366 319
196 196
385 289
369 370
349 23
295 219
151 377
305 421
161 224
474 278
395 452
159 10
346 416
60 157
139 204
24 234
282 357
147 72
442 167
42 368
439 144
21 337
110 91
167 178
457 124
76 141
4 204
472 87
245 202
406 32
266 236
94 282
354 400
67 93
461 297
293 461
299 252
343 314
493 261
237 362
356 450
6 313
401 360
62 479
11 146
234 320
103 130
30 328
421 457
106 450
411 234
487 399
66 62
176 182
45 59
361 413
227 401
113 367
198 480
478 27
347 62
192 212
41 302
112 74
376 462
49 70
322 140
202 36
218 388
299 230
144 115
16 12
231 223
55 481
8 430
492 33
97 208
362 36
462 138
453 474
397 339
479 354
390 219
459 33
264 460
76 110
122 260
483 444
278 353
135 38
423 286
346 479
15 20
11 209
35 478
169 316
170 432
3 148
33 412
372 462
72 297
57 300
97 46
252 392
282 375
13 387
367 205
78 360
69 234
64 441
109 104
389 233
233 279
43 392
207 267
416 267
68 131
178 474
366 17
392 430
169 149
206 405
117 36
123 284
77 186
143 187
273 186
317 384
128 358
477 360
128 335
467 394
368 48
65 497
427 86
87 309
66 96
485 294
430 184
222 460
147 8
194 217
101 272
131 12
372 230
417 108
2 352
252 384
233 222
309 317
478 160
109 396
42 397
433 446
406 473
481 7
225 405
30 27
39 178
260 161
121 264
116 178
414 476
198 369
38 0
160 359
108 369
266 121
419 2
475 51
58 177
83 308
336 283
314 465
126 375
491 426
456 99
75 108
329 371
371 126
337 219
88 383
357 297
300 206
257 128
306 127
436 316
451 241
206 124
499 265
44 184
135 491
451 0
223 211
189 280
499 446
182 378
176 440
146 39
167 328
455 256
72 325
66 243
367 375
493 272
308 219
62 37
37 444
7 365
497 261
207 48
426 348
288 389
280 454
134 287
43 448
273 442
185 115
490 192
316 405
476 483
20 125
69 38
403 410
171 428
476 400
248 378
120 402
209 389
176 400
200 343
285 219
186 326
18 323
228 28
364 334
311 204
94 236
146 232
160 349
101 317
48 136
391 349
90 20
420 100
295 266
337 473
299 81
256 23
52 317
3 484
40 416
152 315
47 486
335 151
320 60
196 436
137 368
240 439
391 228
346 161
134 187
120 184
59 285
102 376
212 463
379 457
272 104
90 384
387 172
232 425
213 207
428 280
220 350
430 168
329 111
150 277
313 315
100 270
146 372
336 54
12 358
314 67
303 136
308 404
181 190
250 392
173 394
97 178
346 393
356 379
8 28
195 7
277 321
46 296
202 276
486 234
301 66
203 301
57 457
499 363
256 239
485 249
279 429
174 434
314 126
6 30
389 322
496 201
349 19
295 42
128 52
118 133
434 429
238 173
37 492
83 90
191 293
222 68
355 471
449 396
278 169
343 455
156 168
187 191
85 358
410 482
467 213
495 380
54 402
246 233
175 91
384 329
249 367
338 458
206 104
125 139
94 484
152 321
12 102
312 339
173 98
311 222
455 493
395 306
392 361
452 493
174 67
434 188
498 423
380 124
263 204
188 357
178 209
164 193
384 191
289 476
199 58
51 100
407 6
367 298
143 151
218 171
211 317
92 153
277 209
413 472
330 393
102 453
146 8
199 266
243 31
441 340
441 294
152 344
494 200
351 19
42 137
454 69
74 253
314 46
371 204
97 227
32 53
413 51
170 179
210 113
305 265
411 3
347 98
298 63
434 341
330 1
423 476
81 284
182 349
53 395
474 53
106 2
406 6
37 20
485 76
193 99
102 142
241 104
167 301
494 39
393 453
281 324
108 316
165 362
109 143
196 71
425 435
293 155
27 331
259 331
282 364
6 452
408 237
38 247
139 427
380 385
209 32
200 161
375 170
313 217
140 336
271 361
368 66
249 65
248 395
259 9
313 382
119 118
217 74
1 10
395 356
240 382
395 456
126 292
10 123
459 291
153 150
68 231
148 21
269 170
31 248
130 380
498 344
418 250
260 216
424 272
6 7
463 165
457 401
376 90
381 319
322 336
419 386
408 390
60 419
167 29
409 91
288 297
47 408
476 58
330 159
166 400
65 188
90 482
72 375
194 318
154 305
192 16
259 425
344 452
481 171
115 11
309 390
150 403
313 208
220 478
379 496
184 238
220 296
171 126
445 144
302 218
86 451
377 346
150 345
369 221
85 131
373 484
239 394
454 376
354 52
400 26
265 85
382 437
63 337
334 405
475 360
312 136
482 62
259 41
262 132
115 128
112 347
93 340
68 351
256 400
278 275
360 8
445 395
233 94
0 9
221 67
55 475
389 33
74 389
373 149
277 189
388 488
180 242
445 334
234 249
24 201
210 12
408 236
331 155
16 493
412 183
10 238
123 467
208 400
49 198
239 81
421 178
420 127
461 101
202 366
419 47
412 78
167 481
489 320
165 498
181 5
95 77
396 191
91 219
269 456
37 492
23 8
487 458
411 295
13 449
348 466
396 433
414 260
432 63
61 255
261 97
26 242
286 356
75 274
230 229
222 344
204 119
429 97
392 192
493 341
159 406
191 341
102 55
119 457
213 386
336 180
275 474
182 362
489 61
290 110
306 71
43 364
461 11
203 472
165 206
112 48
389 324
380 303
260 343
230 499
31 473
299 66
280 306
219 482
444 121
193 362
226 250
261 236
208 40
246 316
216 226
50 210
365 106
449 430
281 477
303 31
449 313
471 102
436 230
351 191
53 380
483 396
484 131
23 96
265 45
271 121
331 481
87 321
104 48
26 389
272 237
50 329
283 222
304 374
65 220
452 7
404 470
453 287
384 388
285 477
450 149
130 56
230 282
182 70
459 334
71 208
37 231
305 474
348 321
393 109
117 265
87 197
485 373
113 40
369 369
370 399
455 320
454 0
70 185
371 136
197 381
465 295
269 234
407 270
380 469
86 152
350 349
222 25
65 187
56 335
234 287
459 426
278 42
79 413
401 349
82 451
246 98
185 47
318 367
188 92
245 50
251 274
151 447
134 325
12 216
355 42
320 99
141 314
79 98
299 220
171 481
431 382
429 269
136 116
61 99
1 324
450 158
105 104
429 101
170 91
133 442
41 377
192 453
51 34
254 123
456 351
85 278
399 388
356 366
318 36
212 417
75 171
276 163
116 32
123 205
499 138
16 256
209 392
426 208
331 113
316 33
163 288
28 401
119 62
98 384
302 437
109 163
178 229
262 237
442 294
433 385
494 294
186 449
9 203
168 465
498 192
332 484
385 161
223 360
97 357
294 174
337 251
480 255
492 15
161 94
332 287
81 446
395 326
381 119
84 256
449 50
386 82
95 133
494 124
481 319
345 443
194 275
31 34
49 174
121 375
162 62
9 453
131 243
363 256
13 12
414 299
234 314
447 301
425 329
0 441
236 258
33 345
231 430
457 416
292 280
195 78
31 454
50 204
460 162
26 265
64 325
139 293
94 298
480 87
380 371
129 480
178 117
47 14
283 409
42 4
434 75
381 237
293 465
479 283
48 105
431 6
299 465
115 70
157 245
468 95
428 390
7 97
463 458
367 406
411 246
173 261
350 345
163 55
338 143
249 494
0 239
56 180
102 151
248 171
119 260
150 216
165 399
357 9
415 129
227 76
338 178
376 401
456 188
184 391
385 146
237 433
465 238
389 293
465 67
179 490
206 436
335 181
42 224
205 44
120 458
488 432
185 310
499 364
255 493
140 35
468 141
379 229
23 285
204 120
462 340
276 236
417 169
245 463
7 312
270 450
234 127
438 110
475 420
265 289
324 82
75 257
487 144
281 306
279 10
350 485
73 241
262 478
441 343
155 7
309 300
279 277
387 396
168 69
358 214
297 433
191 34
30 224
383 178
40 311
149 162
255 390
220 74
417 18
377 161
313 72
349 39
287 92
162 237
303 307
240 20
407 452
177 283
313 437
101 412
74 205
447 102
176 181
199 167
180 94
18 429
320 493
86 220
457 107
414 248
120 112
65 6
142 379
169 242
6 307
13 270
224 80