3900
153 219
77 241
98 78
466 223
482 52
75 96
133 258
252 453
52 4
454 213
379 206
88 295
40 244
325 164
368 45
264 443
36 21
99 342
417 134
187 65
13 399
9 114
419 147
151 113
178 471
29 457
252 58
154 117
133 144
190 479
274 2
23 454
148 310
444 123
40 65
316 483
97 54
53 178
291 16
339 56
13 322
232 368
337 118
114 386
217 471
473 304
111 491
301 348
323 111
29 97
81 364
270 345
375 178
47 175
231 19
341 238
107 96
66 73
311 296
267 181
337 28
19 92
293 300
412 172
121 116
332 441
138 202
233 454
481 14
385 132
370 212
161 226
151 329
126 79
112 462
342 245
338 302
102 213
237 483
451 366
159 358
413 284
90 298
164 146
130 72
136 401
127 0
330 149
229 130
444 308
53 341
143 286
351 243
226 98
464 88
446 178
314 124
274 359
357 404
328 290
43 487
488 465
114 22
152 170
478 195
37 448
234 31
127 32
482 85
173 353
383 447
423 471
331 197
454 49
191 188
176 282
247 234
256 16
186 214
409 260
208 16
399 298
183 442
379 26
380 165
464 404
375 115
313 239
288 58
247 119
401 331
65 275
143 1
67 173
433 329
197 328
127 141
435 96
123 162
327 166
70 355
470 144
383 298
356 135
106 24
355 455
230 8
361 273
298 373
54 280
108 84
225 251
200 235
397 13
31 323
30 77
73 454
252 0
488 456
332 460
416 94
454 40
165 498
224 167
447 463
47 278
382 56
143 125
490 434
257 393
470 21
475 287
139 395
203 79
40 127
74 36
428 456
306 28
48 93
56 30
161 495
51 456
433 395
329 195
88 423
444 438
225 410
305 272
351 216
196 8
396 391
199 270
150 324
417 6
388 50
46 326
134 49
296 449
144 67
342 125
63 84
494 138
410 140
209 151
12 114
5 405
27 408
85 57
415 29
80 354
180 303
205 126
75 166
85 1
479 72
8 427
418 394
387 3
6 328
294 96
1 370
131 152
209 380
409 216
70 124
279 341
467 103
269 336
190 395
319 207
134 169
415 327
182 52
233 302
398 41
411 27
179 251
131 42
258 240
216 393
234 181
284 348
184 54
301 405
112 374
395 120
299 99
3 311
113 482
23 236
116 364
115 286
329 147
388 99
492 87
268 456
304 226
280 404
162 489
215 81
53 274
373 111
274 353
187 377
465 239
103 62
348 433
81 71
22 177
117 321
277 14
92 237
142 434
275 373
306 304
430 490
453 360
65 156
33 227
319 252
166 350
284 274
345 14
192 217
38 367
233 161
398 167
453 326
51 40
196 228
219 357
69 127
283 172
252 134
238 168
370 71
345 256
271 154
371 43
262 315
476 261
281 496
174 374
267 234
463 225
82 315
442 182
206 4
490 77
97 310
233 81
337 468
122 79
474 108
275 346
459 88
84 251
478 240
475 110
335 245
412 438
472 270
274 355
284 30
193 264
197 382
202 426
357 35
495 324
22 331
420 271
22 482
74 356
467 352
449 49
339 154
424 362
69 163
46 50
315 353
87 239
165 12
399 289
466 375
206 395
166 488
322 478
187 40
393 397
298 6
160 342
204 138
153 85
135 273
479 199
438 302
167 418
208 456
331 66
313 26
366 389
220 479
372 189
438 407
413 265
459 236
226 73
10 164
289 380
431 498
152 120
39 222
178 319
238 247
125 361
102 51
383 491
32 322
229 255
372 470
59 494
420 331
347 285
17 430
280 489
109 449
171 433
252 148
247 201
414 342
246 372
364 16
339 481
88 396
219 420
415 460
143 278
415 187
117 491
480 433
382 250
183 89
90 405
106 287
130 337
62 20
36 376
357 426
174 227
148 445
257 245
23 415
102 400
243 439
372 71
321 75
17 106
11 356
144 107
296 117
489 274
2 358
136 377
105 211
8 311
408 105
20 265
17 432
223 474
45 113
188 95
53 219
75 57
164 64
33 219
345 313
171 22
399 347
410 308
471 356
461 418
183 379
163 481
307 53
166 386
333 205
424 206
264 386
302 351
423 280
93 335
209 268
468 265
425 461
317 378
297 248
479 279
112 332
237 495
381 272
477 255
462 67
305 253
104 226
6 460
147 379
148 100
217 357
170 468
346 494
94 339
470 495
180 425
420 83
207 269
25 154
73 184
437 487
213 378
338 393
273 71
171 486
195 273
241 240
86 217
56 439
287 180
458 27
462 467
236 378
384 169
353 261
100 457
188 290
35 165
237 378
216 308
81 260
1 411
128 322
262 439
472 37
64 49
368 430
160 26
195 456
70 45
354 400
42 170
336 42
421 77
386 73
185 137
401 319
142 38
478 381
418 256
157 450
380 334
360 377
333 40
437 407
159 255
278 292
186 201
131 114
39 459
449 369
188 76
115 202
83 182
438 93
43 354
188 447
324 275
167 401
160 10
117 105
249 320
373 395
361 435
247 4
373 252
329 196
398 62
244 444
389 333
187 35
334 432
59 228
481 159
21 226
183 141
313 490
386 284
72 187
43 99
352 319
367 417
331 181
477 265
450 427
462 366
150 490
218 297
308 61
139 199
192 181
171 323
459 6
45 409
9 31
202 88
357 361
394 69
186 188
116 371
89 137
127 430
79 239
152 197
248 387
420 291
466 440
298 92
1 426
309 343
284 10
223 12
433 141
330 117
340 120
109 298
228 429
20 88
285 160
47 172
464 385
177 468
412 282
208 476
171 265
276 370
382 455
449 351
469 167
287 131
429 309
91 248
336 9
169 111
136 473
358 69
389 452
234 388
216 153
418 295
165 387
195 46
398 399
66 144
127 219
28 206
306 56
417 119
83 143
468 439
360 71
23 179
67 249
402 257
404 283
22 172
219 69
320 217
213 469
188 239
445 340
248 68
40 103
246 18
457 475
46 67
246 317
418 69
178 165
300 172
344 83
4 322
392 415
236 325
416 457
150 424
345 213
316 398
416 385
360 63
482 225
394 406
327 80
245 312
484 5
440 45
219 181
448 445
122 111
69 185
461 38
251 219
469 306
43 67
482 238
315 255
13 316
396 210
22 340
346 493
38 359
392 286
83 110
221 340
377 57
95 142
361 339
497 198
118 183
421 393
0 452
269 236
298 14
354 165
159 321
32 52
191 49
159 424
116 126
184 233
375 494
185 131
182 89
272 34
279 300
252 45
133 280
294 373
391 432
105 0
405 402
451 489
265 448
426 463
196 381
227 110
94 423
12 264
299 276
76 136
33 430
210 180
406 19
303 356
209 297
199 260
249 114
414 2
465 14
247 340
303 161
437 327
443 397
173 449
86 242
25 101
133 471
490 235
92 39
336 293
53 153
267 387
390 154
20 33
225 355
369 268
447 28
277 306
107 390
485 302
403 45
17 10
97 389
428 7
153 41
194 117
4 206
361 313
346 246
102 233
1 424
452 323
129 300
43 230
32 88
134 28
390 288
177 151
10 487
29 457
426 163
222 75
389 283
29 435
168 87
11 483
306 22
322 316
46 287
376 365
245 430
70 10
161 135
475 247
57 171
187 4
431 335
118 409
196 320
260 148
131 364
386 271
87 290
77 61
278 485
268 453
463 24
11 338
438 476
0 486
342 495
330 187
448 274
446 301
449 144
360 206
330 432
222 247
160 269
255 300
253 438
314 23
213 69
45 178
164 151
146 397
84 359
485 329
130 384
380 431
490 431
363 241
340 172
441 438
238 0
290 48
423 343
264 457
135 137
288 162
59 151
10 287
116 496
380 495
279 98
381 261
354 121
145 244
34 194
46 86
135 124
320 336
293 410
47 84
98 428
432 336
475 158
154 442
290 443
41 386
499 421
394 422
18 353
399 39
125 53
29 445
282 112
375 349
286 427
208 422
110 384
42 140
434 85
28 48
287 224
497 421
343 138
344 391
282 214
119 243
189 260
224 148
350 323
250 99
22 136
20 310
450 132
70 415
463 237
461 450
372 102
241 311
54 67
281 85
328 337
97 252
401 369
192 321
421 103
239 295
457 295
279 259
174 408
145 349
152 490
444 458
121 24
91 185
122 176
13 225
477 303
172 462
135 230
333 217
364 408
203 424
184 321
81 483
184 210
52 78
389 336
212 349
34 10
38 304
381 9
312 403
365 210
293 336
405 1
409 478
403 121
443 465
300 439
149 376
307 484
173 54
403 196
58 385
41 289
150 97
0 422
133 462
151 218
71 426
404 408
30 332
297 307
98 325
53 97
434 248
154 360
408 107
492 57
198 467
64 386
308 349
163 416
134 441
219 314
75 205
390 476
135 105
430 187
137 234
334 483
196 71
30 488
397 104
71 374
260 95
296 487
256 69
362 460
126 390
448 434
410 201
306 190
377 397
131 88
424 366
289 465
305 472
76 319
46 202
150 0
339 158
79 446
258 95
338 294
228 385
86 286
476 490
387 245
185 205
424 371
188 109
81 213
385 346
400 10
10 283
441 50
349 349
445 21
315 107
492 283
421 395
385 431
28 249
306 124
347 213
175 230
296 388
234 256
118 33
316 134
37 128
330 109
130 386
345 275
410 297
192 190
473 183
284 429
54 1
214 90
173 253
141 389
498 321
354 227
362 116
97 22
131 399
137 427
54 262
411 482
24 316
499 104
33 497
498 283
373 439
45 213
454 398
219 186
266 304
421 73
95 128
379 370
297 79
341 368
202 203
19 252
208 227
224 18
301 94
33 75
140 26
277 78
117 446
251 496
422 383
363 172
394 369
448 94
462 191
394 141
246 16
243 413
283 454
48 320
247 436
314 434
364 387
333 91
440 333
68 84
108 214
435 431
377 2
45 236
377 191
208 291
56 475
282 303
475 339
275 182
116 222
461 90
33 333
166 147
83 325
39 235
18 44
398 475
211 396
439 444
87 440
268 147
303 144
483 50
84 278
353 111
53 53
386 314
313 86
412 404
491 397
441 303
130 362
110 339
135 193
134 49
197 223
367 254
156 0
130 202
313 240
145 483
150 366
305 31
288 463
360 69
224 279
141 301
493 355
48 103
153 128
351 34
288 202
202 70
273 296
37 184
168 438
157 182
66 318
281 314
383 206
485 494
295 459
314 479
434 140
269 363
397 87
289 472
395 38
334 343
28 20
458 223
258 196
366 115
281 324
30 147
141 16
476 367
198 289
281 290
5 133
72 50
375 403
293 362
205 122
142 127
203 233
281 100
68 461
137 147
147 201
218 19
238 140
429 194
484 289
274 211
113 490
245 346
60 340
462 390
369 266
351 456
409 72
33 485
132 329
30 22
41 131
272 248
442 280
421 53
116 279
121 195
41 82
422 218
108 454
220 237
193 477
50 423
408 454
283 435
458 393
24 314
62 351
483 296
350 357
488 404
451 318
400 109
327 345
299 323
412 287
264 371
294 457
412 166
454 55
448 195
361 264
115 324
473 276
133 451
207 323
141 473
434 159
4 394
69 261
400 303
26 481
290 164
183 320
227 202
250 137
401 27
352 463
239 368
171 325
0 224
197 379
38 493
387 131
244 394
49 456
289 144
161 75
247 80
134 196
185 475
2 236
200 438
306 206
31 439
16 478
209 383
377 213
197 247
493 264
73 293
290 42
469 362
294 303
499 216
191 429
165 184
122 46
252 365
157 280
110 136
19 173
386 319
66 248
365 435
229 411
453 438
152 19
322 422
491 447
376 173
357 182
80 393
259 331
111 185
173 416
89 74
393 44
293 327
115 312
223 158
448 344
215 29
451 100
399 37
62 442
477 127
21 271
102 409
94 132
48 65
139 119
164 489
168 33
197 457
467 283
479 420
449 415
367 194
83 253
195 267
394 145
416 24
434 415
47 370
436 380
352 447
288 427
312 16
325 309
92 9
282 292
207 424
118 231
336 74
193 54
199 384
408 88
355 468
338 194
427 255
54 126
54 279
147 343
152 218
228 472
116 96
20 10
93 323
249 491
45 430
314 295
235 244
64 74
121 90
197 403
381 48
179 252
447 287
6 178
2 451
47 86
96 118
293 420
411 41
323 394
189 456
52 137
64 424
367 117
372 185
85 416
20 105
393 116
294 467
270 399
485 296
266 318
90 433
326 59
453 353
309 150
139 495
271 213
182 203
240 138
407 406
12 325
441 427
395 405
156 87
235 17
187 493
278 1
412 277
130 104
254 218
213 291
357 394
97 484
475 39
298 338
15 382
161 310
67 309
248 408
426 75
68 484
337 113
391 346
450 102
320 373
165 57
451 385
369 22
413 400
90 196
430 211
373 106
267 92
0 292
367 15
499 426
40 287
133 189
291 431
156 436
345 111
496 321
195 296
48 217
266 461
172 139
97 196
288 398
190 364
231 141
67 58
197 83
272 107
390 183
119 415
378 47
220 316
112 374
443 268
229 160
151 209
258 253
151 248
464 398
39 194
104 196
279 107
66 301
484 403
318 309
208 455
271 196
422 428
48 235
248 217
279 277
383 399
0 37
435 386
80 316
12 327
434 36
338 143
398 352
161 322
130 216
264 369
150 401
489 186
404 198
328 237
488 35
72 211
97 488
305 359
186 30
66 169
165 472
325 404
79 63
280 338
208 61
314 396
83 210
408 303
392 339
226 88
299 381
369 298
9 249
131 26
196 48
372 197
454 361
276 49
388 385
298 408
305 448
10 112
268 240
431 418
359 160
41 157
307 10
111 263
289 316
216 242
292 337
50 89
138 98
335 327
235 378
178 133
97 40
132 188
459 365
26 63
220 318
328 419
182 379
48 440
34 324
161 264
205 326
276 64
391 196
426 111
96 478
371 105
293 194
59 3
419 252
422 437
209 491
371 103
43 243
67 419
35 429
108 81
145 241
437 384
496 388
218 215
320 92
286 89
445 114
218 198
487 364
355 493
96 196
440 226
145 491
420 359
292 181
274 28
413 289
177 63
278 261
353 248
337 99
65 492
42 282
146 135
128 29
78 354
80 76
67 370
229 78
111 488
368 22
163 237
300 281
394 193
441 430
381 100
92 278
413 298
434 486
15 411
265 414
491 445
315 198
128 410
398 45
419 91
328 119
252 82
127 480
410 147
247 68
199 292
442 191
177 112
23 376
143 44
490 141
191 486
396 305
202 319
262 147
266 121
56 442
422 18
165 183
252 184
328 264
455 451
415 271
499 484
29 290
431 142
128 19
324 122
293 377
24 27
0 407
349 142
160 408
92 271
456 178
294 196
499 136
407 250
234 414
56 407
401 115
134 488
462 382
259 311
190 108
15 135
277 42
451 365
488 437
467 395
91 296
433 262
364 442
208 192
451 450
66 264
252 353
235 52
215 67
27 346
481 257
300 42
259 258
47 251
146 100
396 15
129 89
383 181
374 493
295 91
355 325
178 213
266 460
379 265
111 333
91 406
300 92
202 391
494 60
160 250
265 492
433 408
90 394
239 316
407 464
141 34
248 114
74 172
437 366
199 453
211 401
345 142
385 12
424 48
298 379
223 84
344 63
309 156
324 434
250 400
286 231
198 392
416 386
104 272
78 353
106 304
298 289
153 452
0 184
415 77
13 298
213 139
147 358
144 374
126 472
55 395
139 412
151 253
378 55
260 255
411 308
449 367
171 210
394 103
32 171
321 161
300 46
256 386
112 300
124 400
147 238
2 179
285 138
45 153
409 15
175 306
25 320
382 124
79 196
219 128
290 112
10 392
278 442
242 118
370 390
480 366
398 18
8 482
136 183
50 54
212 397
217 225
201 237
285 452
80 281
245 4
396 370
165 107
225 26
416 407
274 95
465 248
230 24
59 326
380 366
263 109
334 92
181 333
285 387
168 466
322 217
440 413
372 70
96 105
12 97
45 364
112 138
162 362
188 342
61 221
182 68
12 324
9 368
256 193
11 146
364 424
190 333
403 304
409 62
12 351
215 273
412 57
271 327
22 426
0 460
380 83
259 182
51 393
438 121
267 307
83 450
135 131
287 125
40 391
242 48
322 52
461 458
137 86
364 232
44 11
446 364
399 425
170 206
327 450
109 108
410 446
78 44
170 46
289 217
266 210
114 31
489 88
174 427
159 479
490 38
255 204
481 437
495 154
456 151
259 174
120 65
461 22
420 50
268 483
45 209
240 34
122 159
86 82
413 148
38 98
154 403
192 145
299 135
286 39
65 255
172 397
271 186
236 134
117 191
252 356
390 15
174 493
427 364
364 113
63 340
95 255
400 217
204 140
179 200
307 342
91 245
283 480
466 363
406 371
228 435
450 159
4 470
187 477
442 431
271 51
158 5
74 218
358 59
111 130
472 390
135 270
250 63
278 270
141 68
356 185
196 221
192 158
135 200
131 379
282 429
286 254
472 441
352 360
342 183
73 315
85 314
230 60
330 188
256 8
45 323
45 112
271 241
441 89
468 258
188 424
30 102
43 326
39 3
38 247
62 381
196 111
23 148
336 278
138 205
28 444
409 184
277 425
14 32
142 219
143 482
437 182
9 26
29 480
80 48
429 419
382 142
142 477
255 405
110 330
275 246
430 490
416 36
68 207
278 430
265 210
393 274
300 202
34 254
302 181
100 114
109 83
61 482
239 251
82 168
414 349
339 209
245 196
256 255
38 165
375 386
160 303
357 120
226 312
493 391
6 28
464 445
427 115
218 25
45 166
367 300
361 312
8 59
166 106
271 116
3 204
359 499
471 15
328 216
108 50
78 321
119 466
433 42
419 398
417 151
304 465
277 284
343 165
272 137
106 362
66 395
246 109
124 278
494 70
120 452
126 454
420 50
445 245
143 353
357 364
181 60
197 161
326 310
300 392
254 450
346 406
367 173
303 444
14 491
296 149
104 486
37 274
371 376
82 482
198 366
279 439
100 232
394 476
220 426
229 194
452 327
0 75
371 319
163 155
304 238
224 311
85 408
137 261
95 308
174 219
10 146
230 453
281 110
388 124
171 2
329 117
44 123
295 181
336 416
154 310
121 140
401 230
344 58
366 390
109 439
437 392
346 119
81 167
292 127
481 469
439 315
438 162
195 483
251 85
395 31
24 257
488 368
426 277
167 184
475 144
37 128
99 413
80 235
214 180
1 224
39 196
210 440
276 330
267 406
289 379
137 15
383 165
442 477
161 162
158 461
441 136
401 195
282 40
220 334
58 497
45 222
14 450
132 255
161 290
170 399
414 303
468 159
488 150
164 263
76 1
489 322
370 18
58 391
225 152
149 131
353 135
85 46
302 219
362 69
469 315
118 384
43 235
237 439
202 383
384 401
224 278
148 373
264 94
246 207
338 341
477 248
294 43
262 414
484 448
116 476
360 305
392 234
25 255
138 130
31 79
358 22
248 255
201 6
65 12
206 448
48 403
298 183
449 194
143 413
389 285
442 259
345 250
5 335
465 223
302 496
18 348
456 12
371 118
131 157
457 436
192 189
224 5
200 490
403 173
311 195
306 145
247 253
88 3
226 104
100 405
106 29
41 471
89 62
219 412
201 72
261 177
34 393
383 485
11 86
281 139
136 322
75 439
443 383
487 16
273 169
50 440
411 379
441 92
356 352
425 13
42 57
302 38
24 76
163 186
177 387
209 296
88 165
48 136
152 31
52 387
327 426
157 103
47 90
443 451
464 255
165 368
258 358
434 467
5 282
21 449
98 34
199 230
367 186
69 99
487 371
149 121
76 166
257 307
110 475
231 200
420 426
284 248
215 30
313 218
20 221
255 186
417 118
304 307
406 136
7 373
346 393
412 157
316 423
398 169
221 426
352 481
81 493
23 136
206 297
370 188
375 226
196 477
284 144
280 0
225 43
288 139
148 72
347 200
369 464
242 97
431 442
435 446
434 12
309 311
499 493
219 31
9 226
370 416
268 145
188 150
142 346
418 329
29 290
107 117
214 251
193 349
148 145
158 481
292 82
75 319
203 291
18 147
415 212
209 240
243 35
381 250
79 385
175 151
268 108
359 282
484 483
128 53
34 132
66 138
310 178
469 494
493 13
77 339
432 408
295 286
388 175
60 177
328 467
428 87
222 449
432 287
192 206
190 412
403 78
108 108
102 213
226 430
269 447
355 303
441 201
228 151
180 330
149 288
228 360
309 77
217 450
156 93
6 261
192 198
158 409
474 300
230 113
60 52
207 352
405 416
419 148
330 134
274 451
311 332
261 2
452 121
214 478
92 460
10 72
333 284
436 169
282 159
211 19
371 342
110 418
419 128
262 29
480 101
433 389
391 144
265 195
25 196
156 331
256 469
253 167
336 89
249 42
61 118
312 312
231 284
412 423
304 2
455 175
416 285
281 389
436 307
355 46
229 313
283 12
31 485
427 388
430 219
189 28
192 343
127 1
424 275
277 40
67 229
366 233
474 335
142 147
45 262
427 498
362 126
464 210
451 245
464 243
123 233
77 153
154 315
91 56
448 431
12 368
453 367
202 230
229 279
393 197
47 126
252 321
383 409
154 68
311 334
420 470
123 434
102 497
405 129
412 193
413 206
73 424
6 219
498 276
325 235
361 244
65 372
133 466
34 300
487 139
109 198
484 407
256 84
213 86
131 161
367 126
402 45
264 293
421 409
496 114
358 246
470 210
176 275
76 103
242 62
112 415
322 203
287 449
35 78
91 0
478 167
64 311
104 233
494 328
294 377
123 342
52 153
280 445
48 80
495 208
123 142
345 107
56 445
23 132
484 444
463 467
278 315
400 27
355 234
111 246
88 149
154 86
31 141
221 435
143 79
73 216
176 267
64 418
402 84
28 440
407 238
53 491
18 185
419 305
51 225
227 30
116 140
281 233
20 499
78 354
423 164
283 151
421 451
35 347
139 323
61 64
407 46
231 467
272 278
3 2
384 176
316 82
316 352
351 449
155 336
352 281
432 78
381 487
187 205
28 417
333 326
373 442
261 240
370 456
459 385
61 374
308 343
196 377
326 476
165 399
181 334
264 17
357 465
171 146
63 44
370 51
493 248
340 95
52 106
492 211
437 363
206 53
431 245
74 254
154 109
443 239
256 187
152 208
354 113
9 323
375 269
369 232
327 220
327 209
420 379
242 319
224 209
455 301
407 7
117 381
120 413
100 412
472 228
342 253
428 178
299 203
435 155
376 168
230 263
494 55
226 150
212 89
242 450
458 19
400 149
415 427
191 20
248 367
472 164
342 442
146 401
56 142
162 81
196 284
191 392
395 191
132 417
220 107
126 374
23 30
457 26
46 290
158 0
164 146
89 130
383 359
353 87
20 292
428 15
408 217
260 120
37 155
262 392
266 257
287 240
266 141
432 96
97 164
162 442
424 113
324 251
190 308
452 177
193 211
280 380
0 453
460 40
284 390
147 222
314 50
43 287
235 432
448 475
269 184
150 110
214 194
354 474
152 404
115 306
38 197
2 395
287 39
429 462
36 71
473 428
67 202
134 17
344 155
191 82
44 114
160 341
316 258
15 14
172 320
369 130
378 210
101 371
185 17
441 382
163 73
275 414
431 230
237 409
343 128
242 429
270 387
498 402
268 438
110 13
495 440
150 479
202 373
243 252
486 387
312 184
450 149
380 87
348 382
362 469
398 191
431 104
358 21
311 429
442 126
418 422
253 437
163 420
24 456
195 406
442 11
160 8
95 392
126 392
362 296
487 488
444 260
133 270
199 154
132 445
367 141
431 50
471 120
428 94
352 495
358 124
132 294
186 19
411 79
375 165
153 273
386 215
337 450
104 19
316 37
30 89
139 183
156 461
407 462
310 84
208 259
405 168
187 192
124 444
109 451
76 351
66 114
64 314
334 256
293 21
110 2
186 175
137 101
64 194
278 396
156 374
394 339
31 61
5 434
385 155
7 466
81 461
276 425
181 497
18 462
464 326
2 480
82 2
196 491
387 146
372 327
166 395
309 118
52 197
205 166
133 437
251 64
489 214
63 379
193 23
201 82
62 9
12 203
46 144
142 60
387 286
181 366
485 53
103 342
9 37
327 160
224 142
208 78
309 65
440 271
205 2
11 142
197 120
116 375
436 244
382 259
477 175
81 415
258 314
352 36
196 267
261 31
461 272
337 321
444 270
124 278
272 150
270 487
363 469
65 386
497 151
178 447
215 327
141 259
147 473
92 345
376 195
467 205
26 189
459 157
287 470
472 435
423 59
380 242
481 138
289 446
245 330
157 319
431 460
285 299
144 78
126 377
434 373
62 93
102 460
283 374
161 389
300 107
350 84
74 181
479 183
365 363
35 224
185 23
174 466
396 322
52 170
43 22
468 486
299 458
184 70
312 434
41 345
282 112
145 243
426 356
72 124
349 144
167 459
425 386
208 341
363 321
196 112
99 259
217 164
234 250
184 253
450 46
11 225
321 84
293 156
281 99
243 365
324 482
368 410
103 101
274 428
41 467
226 470
486 492
242 295
400 221
119 426
3 350
287 130
287 176
276 80
297 420
402 19
282 473
74 122
50 385
204 200
171 443
435 282
77 9
230 29
307 477
180 202
332 163
339 467
399 471
243 115
135 196
169 145
119 417
154 95
295 22
465 211
493 318
328 253
282 423
252 410
112 90
253 432
251 445
268 92
60 2
198 12
9 195
464 367
314 129
151 470
181 110
428 468
221 27
450 256
167 356
446 202
487 279
76 51
495 90
93 197
209 55
102 143
363 70
199 66
389 177
287 202
171 422
449 216
324 244
100 399
454 343
475 398
449 441
31 403
100 297
352 476
120 161
232 455
373 483
160 283
338 114
37 300
368 9
105 486
238 192
388 206
456 192
485 363
118 258
55 16
345 219
380 407
214 317
300 464
248 440
54 312
112 86
447 91
430 480
25 404
462 168
360 265
480 419
177 345
213 98
317 232
491 410
227 50
366 58
498 379
192 114
52 52
496 156
489 351
256 426
94 366
131 218
137 306
3 111
209 166
250 216
479 379
281 94
152 206
438 147
114 150
54 482
138 166
370 50
476 479
345 126
196 70
228 328
439 186
204 231
300 1
380 455
49 279
337 13
160 201
203 275
257 274
293 257
308 248
79 15
141 136
59 425
105 189
227 287
19 45
398 432
387 171
302 130
143 436
489 139
267 155
430 192
301 376
124 75
90 109
246 204
481 83
272 305
444 86
483 0
284 315
486 233
363 171
459 140
132 6
14 300
344 399
275 444
371 145
107 252
308 461
396 205
362 141
79 168
20 306
122 415
148 304
327 460
101 364
370 286
438 85
484 236
180 282
428 111
215 403
364 35
240 375
16 260
281 454
260 448
363 153
310 234
47 363
227 489
128 0
85 450
186 66
349 421
32 219
122 277
164 248
123 339
451 256
210 492
292 84
90 322
57 155
370 400
241 456
456 98
48 369
436 41
462 86
305 137
266 346
446 428
267 430
38 422
266 70
155 248
422 58
65 245
497 479
287 435
33 238
108 243
136 433
372 396
33 450
297 177
457 299
81 95
17 76
147 119
219 283
341 302
47 141
473 406
194 396
134 260
356 79
365 242
138 492
295 237
414 171
322 444
39 224
300 403
22 409
44 299
101 93
87 386
144 0
396 60
172 190
270 383
125 28
373 135
372 116
139 20
464 138
362 462
217 355
264 15
314 92
185 309
47 416
268 272
184 43
234 17
400 357
237 4
139 377
493 462
482 363
353 485
299 446
154 216
83 16
108 418
79 397
165 146
418 126
22 434
303 455
164 256
112 203
80 401
364 103
466 426
411 198
145 319
387 210
78 299
69 470
368 187
185 149
127 385
171 103
410 149
257 474
29 74
476 369
472 110
388 192
390 290
462 151
213 387
38 201
172 291
330 108
109 392
277 15
471 88
90 449
275 381
456 347
69 305
267 284
476 393
36 7
158 218
106 498
51 371
162 496
456 223
467 345
360 65
6 97
398 331
65 448
295 173
330 21
157 216
462 97
104 133
203 498
348 114
485 309
306 399
475 0
345 262
180 442
39 57
241 38
486 289
463 306
179 133
202 293
243 336
321 164
162 199
314 24
186 362
261 151
3 344
458 236
31 200
258 490
28 422
212 499
157 366
0 27
172 336
24 202
218 267
467 345
221 380
242 133
284 407
103 355
444 288
340 62
404 327
249 98
449 433
151 313
340 458
294 3
205 365
132 170
15 423
155 99
84 89
496 249
457 369
9 452
14 401
228 349
300 418
203 329
495 101
60 207
210 335
200 206
377 268
191 185
284 244
333 199
300 369
90 182
134 257
158 451
152 148
418 238
420 304
406 474
181 415
102 318
24 243
11 155
340 253
498 55
254 476
345 331
365 54
312 287
90 499
499 322
413 243
47 270
244 185
100 305
123 277
20 54
209 0
253 32
87 49
378 103
287 193
247 223
363 152
152 411
86 453
48 151
421 351
36 448
253 17
146 488
42 229
229 167
51 104
5 334
438 490
183 383
459 225
377 282
46 322
127 381
33 484
335 176
476 306
324 371
211 229
458 470
489 105
209 39
374 392
382 215
450 164
389 417
200 409
83 118
0 98
82 63
91 385
43 417
140 67
148 367
190 351
456 107
498 31
424 18
85 224
388 158
76 35
297 129
100 128
226 380
295 452
337 308
77 386
453 380
100 217
420 102
61 142
173 228
246 411
136 449
108 331
367 376
358 184
312 16
396 458
262 38
198 192
430 99
331 275
344 384
338 283
425 264
344 399
162 451
252 91
274 298
27 360
396 493
9 385
195 208
98 258
450 457
408 148
275 380
116 91
227 119
235 454
205 4
307 80
23 368
18 60
272 297
143 397
134 169
229 152
410 181
490 180
328 212
93 250
342 104
75 61
368 421
425 311
243 73
293 233
293 266
415 164
61 65
86 58
63 48
229 316
348 473
186 220
470 176
132 131
44 164
85 208
371 412
338 11
96 114
232 483
147 241
158 499
58 61
461 245
413 121
446 190
262 261
289 132
115 233
249 422
482 160
72 335
198 353
319 262
246 294
35 403
402 245
306 45
290 312
285 267
310 203
316 232
216 72
157 106
380 184
196 407
94 362
67 120
383 144
290 238
141 129
374 177
222 395
60 33
152 13
68 345
429 462
387 385
343 498
34 44
303 223
85 230
350 249
393 4
242 85
214 183
212 383
130 441
326 435
448 190
388 478
293 368
253 169
167 32
428 96
171 53
283 84
333 256
260 486
71 79
114 354
89 286
79 327
262 220
262 405
235 62
430 150
320 380
264 36
484 339
393 193
277 156
264 28
14 462
41 377
231 86
224 156
335 321
41 303
60 97
159 303
306 147
380 441
477 478
317 144
189 314
470 62
91 466
281 86
463 105
43 174
330 195
16 267
70 165
114 409
64 482
130 125
67 370
200 10
6 44
210 370
432 196
14 180
267 375
333 295
470 82
277 376
144 152
170 145
54 214
49 136
262 119
341 179
41 329
225 394
264 399
95 436
468 196
424 462
257 87
170 257
133 79
84 447
445 277
344 106
242 499
470 393
424 4
185 164
58 317
216 411
199 322
370 312
274 167
107 294
51 383
315 277
76 37
166 251
357 21
373 10
255 99
456 343
359 179
348 141
404 417
91 65
229 103
123 314
108 355
90 230
359 12
49 405
156 435
457 215
78 365
317 330
25 333
365 125
118 385
154 213
278 23
478 98
412 359
214 453
35 20
384 305
62 394
330 285
1 71
436 139
321 431
116 105
230 198
83 481
47 349
224 90
188 177
37 202
8 100
472 103
408 43
438 209
494 323
246 120
111 347
278 182
140 432
130 395
228 370
219 66
8 275
453 443
498 48
148 490
93 6
49 472
181 354
29 339
311 176
375 275
309 422
354 154
401 449
320 337
255 129
405 391
187 115
163 358
200 37
43 163
135 145
351 444
136 169
197 380
155 447
370 72
78 317
266 76
265 479
109 438
182 372
487 366
224 369
406 150
313 276
421 301
97 301
322 273
5 233
181 19
443 13
330 403
479 22
1 96
387 97
469 462
328 69
290 457
459 404
180 48
349 273
426 454
79 446
32 248
119 436
449 213
468 414
436 279
228 299
396 290
252 467
36 218
175 433
337 326
226 486
111 370
176 75
373 37
137 255
191 405
470 108
23 493
272 438
238 459
101 352
319 486
204 206
139 355
33 231
218 328
198 259
186 329
219 226
481 60
317 208
317 25
18 288
78 340
151 142
495 168
155 105
311 314
22 211
443 302
130 407
19 13
194 181
407 205
117 265
474 241
118 435
75 291
483 136
130 153
322 134
239 125
292 329
40 402
204 166
425 335
200 187
368 444
2 395
160 127
368 119
406 134
277 486
474 481
135 260
247 457
434 457
138 338
241 78
244 178
14 445
132 170
466 66
461 352
480 468
440 474
460 200
39 346
180 238
498 365
322 315
124 97
436 257
335 262
292 177
474 432
454 158
225 459
311 420
241 38
12 143
196 181
379 473
211 235
452 59
226 61
159 127
236 202
316 95
124 423
355 461
119 98
409 309
82 344
235 73
216 323
356 247
220 264
499 235
147 283
197 304
431 225
280 356
303 167
90 96
57 427
377 298
459 29
373 287
360 41
216 460
208 428
193 72
160 280
64 44
348 159
384 261
469 131
298 164
113 272
51 241
39 22
51 428
215 498
392 277
237 427
356 108
181 445
226 401
445 193
352 142
255 146
129 88
105 76
348 428
21 218
240 251
179 60
410 292
69 247
26 302
411 306
104 234
135 444
137 182
324 433
431 341
429 431
7 60
340 34
104 207
310 361
421 197
489 489
88 184
486 410
68 115
349 397
341 172
206 337
270 330
171 382
313 53
113 453
339 172
231 454
315 444
141 41
383 89
273 482
244 471
438 111
9 312
337 140
477 202
33 43
426 99
152 56
9 91
116 117
71 349
145 347
241 239
180 286
120 124
447 305
416 364
28 238
378 425
480 217
113 207
306 365
421 39
482 310
427 431
132 98
298 351
90 277
415 39
15 122
427 35
251 314
52 343
121 279
349 430
137 453
318 462
1 295
457 239
22 335
286 237
88 154
431 84
475 30
152 346
233 342
156 431
126 484
116 209
491 99
52 465
427 481
128 222
462 280
115 86
323 484
491 401
485 263
293 422
121 312
154 297
80 354
191 311
372 206
158 307
272 215
196 210
433 199
479 177
263 247
83 446
348 438
53 74
349 185
350 346
495 322
176 4
167 75
133 367
174 391
107 291
354 298
497 155
332 139
238 328
275 447
385 321
248 475
12 438
136 97
419 362
367 483
410 447
315 386
278 396
39 341
492 385
40 393
384 489
170 373
320 122
296 297
272 58
348 44
493 136
499 337
320 412
359 366
252 83
479 26
220 382
267 18
264 212
53 160
385 0
475 75
372 205
115 271
167 496
133 316
153 160
424 132
350 325
408 283
162 454
337 239
110 234
298 456
116 226
226 351
279 353
411 201
324 151
0 26
342 343
3 485
469 347
173 427
63 171
477 433
25 77
311 166
123 135
361 109
312 91
445 439
493 91
95 356
234 169
13 447
432 429
276 368
296 401
424 301
87 211
288 401
68 112
99 451
60 191
134 460
251 372
316 431
139 244
414 411
358 374
155 279
147 142
395 283
85 295
6 319
220 24
488 146
97 288
331 87
399 157
382 318
249 150
247 198
461 241
115 161
292 171
313 122
405 439