3600
479 220
87 58
470 428
315 214
113 331
441 421
468 44
181 284
79 222
134 110
100 444
267 371
306 278
288 391
499 445
17 325
235 479
407 105
171 205
388 222
144 284
328 330
114 464
39 362
324 45
489 173
44 424
203 257
0 202
0 343
168 0
479 17
474 404
461 386
460 145
429 350
32 104
421 110
472 498
43 460
485 148
73 32
141 381
83 128
323 494
494 435
453 343
99 325
211 427
73 61
263 23
128 354
316 147
497 401
213 288
437 40
424 198
431 362
342 418
264 14
302 165
360 258
83 255
34 460
373 146
169 459
166 488
487 149
402 482
123 484
24 115
165 412
274 300
70 96
463 116
133 334
444 265
372 493
305 379
377 258
218 178
18 47
48 236
218 5
489 451
418 341
253 365
18 84
32 379
347 440
275 495
260 480
326 71
451 484
243 131
162 328
227 313
49 32
38 276
79 267
461 379
97 497
433 214
94 115
407 466
313 293
274 182
254 426
410 452
83 57
237 153
466 97
130 465
93 367
135 20
251 172
21 96
162 348
315 307
125 108
402 223
257 438
364 176
480 363
420 127
132 63
13 158
475 451
318 495
367 68
92 453
401 118
319 465
272 64
172 134
209 249
188 74
102 467
182 404
383 82
498 455
465 16
319 363
358 440
360 137
443 77
195 452
269 196
260 14
1 394
143 285
211 62
381 183
440 314
248 64
19 323
191 98
461 336
276 362
352 171
248 136
440 147
343 296
162 61
455 456
241 15
78 451
134 304
470 311
375 74
250 219
169 246
82 293
8 483
154 210
346 360
7 255
403 138
52 350
158 65
433 7
458 251
56 363
174 445
19 26
97 50
148 121
267 267
250 231
441 275
135 256
363 140
130 494
196 266
184 182
190 355
106 469
332 0
445 14
41 6
408 317
290 138
257 57
288 57
184 359
116 81
221 171
165 331
98 352
386 362
69 134
103 428
429 27
42 287
293 374
43 83
73 202
111 334
391 331
190 399
332 428
99 158
490 54
258 117
331 440
426 144
73 400
279 29
316 354
80 321
256 461
15 124
458 182
13 126
25 201
129 55
66 358
264 81
198 408
348 374
18 29
281 274
155 443
149 60
382 323
284 230
354 138
320 300
426 164
365 185
93 304
14 347
428 11
419 130
4 478
7 267
393 374
170 288
348 48
371 319
49 82
73 155
307 403
419 245
431 234
390 285
484 376
387 256
386 264
242 158
425 390
264 249
389 170
218 286
106 89
172 89
96 155
411 245
490 256
342 330
467 273
1 232
488 451
67 240
398 226
468 309
410 175
345 84
371 151
241 63
4 477
132 413
158 453
209 395
226 0
274 51
135 45
349 275
16 475
201 416
78 414
90 169
253 488
140 435
351 124
453 381
146 355
160 86
333 304
304 369
272 411
457 430
206 407
382 158
74 74
488 435
104 152
493 430
218 210
186 485
218 69
276 140
78 364
20 289
158 411
323 324
255 431
190 132
290 313
387 425
360 216
221 227
158 317
379 214
51 228
149 65
57 269
133 425
214 135
399 153
329 225
8 222
206 436
249 50
475 496
64 488
216 336
5 285
351 226
454 384
301 402
171 103
380 359
494 304
309 447
24 393
467 139
75 32
82 173
21 177
165 58
246 438
223 233
459 103
487 75
477 265
220 288
499 1
305 101
400 494
239 115
106 424
308 207
232 181
358 390
300 106
44 24
109 398
1 119
194 69
186 340
481 24
25 407
360 480
326 182
149 260
36 66
125 255
437 344
234 209
315 147
23 387
285 211
331 133
54 139
479 377
253 240
147 460
293 130
313 7
119 119
185 314
70 155
499 162
372 359
6 86
473 39
251 382
15 110
249 434
311 69
309 81
393 417
47 309
316 186
306 360
27 288
443 343
6 97
308 295
381 378
269 166
48 206
316 20
454 63
132 418
499 118
35 294
103 392
431 434
295 271
59 89
284 174
271 355
150 290
20 431
97 383
89 290
162 146
209 405
175 469
87 194
340 174
419 474
408 443
214 202
291 55
229 126
481 75
218 352
283 483
366 90
380 381
379 307
64 395
364 88
134 240
414 303
129 474
269 185
387 37
445 484
462 178
106 26
379 295
278 324
414 14
247 496
303 147
42 126
67 367
107 406
61 201
28 374
59 190
227 297
133 447
477 24
51 95
390 83
407 430
296 168
16 174
321 44
170 171
39 363
121 237
291 498
372 182
372 319
116 284
231 451
328 250
345 60
144 379
161 88
108 403
429 457
1 125
296 250
465 24
261 187
186 438
472 404
223 410
194 196
148 340
442 277
338 476
207 139
227 334
89 368
177 336
313 19
121 31
55 109
149 87
377 168
73 335
97 350
46 148
340 292
421 46
374 282
422 111
445 81
301 1
337 387
258 479
362 2
464 379
318 417
437 113
448 196
46 362
11 397
189 444
491 351
134 111
222 365
299 408
409 20
259 100
431 99
101 17
396 293
62 65
178 67
263 352
214 478
228 161
105 77
429 417
380 96
314 415
175 455
327 113
65 84
35 86
455 349
494 489
406 203
270 57
261 437
267 33
194 475
53 495
265 152
248 334
249 145
452 62
27 424
360 131
69 445
294 248
237 24
228 288
197 495
432 498
384 458
286 200
195 430
82 191
377 460
458 183
97 126
402 262
394 125
422 114
214 463
488 216
356 303
299 68
418 406
216 231
431 302
233 354
45 479
291 167
350 274
252 249
364 448
425 154
121 258
73 347
415 335
139 413
481 271
29 438
21 400
54 246
100 305
284 139
307 498
272 75
177 9
457 25
31 393
151 382
81 4
192 76
490 496
268 183
473 323
75 149
395 494
299 130
121 348
346 83
11 280
290 470
347 40
433 99
482 379
235 436
12 415
412 427
110 354
178 32
181 435
430 253
235 77
277 229
165 209
489 475
445 28
420 279
379 293
24 353
141 213
128 111
39 5
360 40
424 1
437 390
495 106
35 219
300 83
292 312
287 317
197 281
413 84
229 117
322 292
357 105
217 463
321 485
378 108
461 181
423 302
260 250
469 418
1 295
459 270
87 293
427 98
183 285
254 340
484 412
18 77
392 341
178 87
195 213
246 408
63 156
407 169
88 323
471 228
498 441
87 430
29 438
75 14
206 212
476 329
258 190
31 346
433 151
216 61
470 480
489 463
132 33
356 248
476 72
366 179
110 327
117 453
319 491
55 44
225 25
215 383
230 484
487 98
159 15
496 203
18 129
14 337
85 3
427 223
402 413
92 293
98 364
355 209
253 269
146 262
146 479
315 361
311 376
243 154
209 323
304 239
428 228
83 319
394 365
279 10
156 296
13 371
433 106
376 220
483 186
17 22
236 129
357 184
338 47
222 100
192 48
128 27
346 120
338 211
221 240
388 117
340 229
336 401
474 273
460 64
438 457
438 329
14 174
74 295
247 204
252 296
323 291
412 380
443 21
113 102
219 17
246 2
255 59
333 434
498 229
38 145
326 289
463 476
123 192
397 389
186 371
162 149
382 361
235 426
28 325
194 348
202 99
159 441
227 310
39 344
341 78
367 430
406 167
212 182
72 30
253 109
110 258
471 415
194 344
22 206
407 74
174 216
9 109
419 185
29 237
167 311
93 222
241 34
216 499
381 453
414 288
398 134
402 25
369 222
280 448
22 391
460 187
297 196
233 469
206 68
231 262
336 225
259 324
176 430
383 328
468 57
44 298
175 219
441 298
98 44
288 221
409 120
169 248
217 58
478 402
17 276
353 210
386 205
135 113
293 62
472 371
169 261
480 368
166 196
92 273
495 116
236 380
480 256
166 257
12 50
178 144
206 29
234 31
496 93
7 370
241 289
51 479
347 262
310 383
157 365
481 402
135 4
112 70
179 115
17 278
422 191
72 195
79 481
74 307
29 75
365 81
413 122
236 268
3 112
330 46
300 12
16 163
233 435
403 128
258 265
456 272
468 33
14 29
188 399
474 440
373 69
191 191
311 286
399 279
177 315
327 229
392 477
413 196
176 478
95 168
440 435
468 51
432 260
159 334
274 120
189 486
177 147
434 232
11 341
8 185
266 188
18 187
383 10
340 283
451 412
199 435
339 243
4 167
353 271
244 163
1 127
274 433
18 31
372 60
245 381
422 380
419 363
226 440
223 303
67 66
2 174
417 266
285 341
464 273
289 138
265 208
494 290
321 391
452 12
245 193
425 49
413 167
107 345
0 139
57 330
356 67
185 411
252 126
399 470
108 69
277 188
331 225
116 123
487 152
198 68
470 233
400 475
172 235
226 360
42 172
91 283
195 399
377 128
98 299
368 276
317 58
135 498
121 148
152 252
172 461
194 350
178 142
229 446
158 350
375 455
239 201
452 466
447 434
85 329
457 45
456 454
304 274
274 91
195 277
238 427
129 368
362 284
83 307
158 92
47 241
294 33
351 138
72 246
427 150
196 10
464 385
11 4
95 120
397 286
213 143
11 488
272 194
2 225
317 355
449 12
397 217
355 243
342 100
251 280
290 269
154 299
303 106
226 166
452 250
393 475
463 17
63 256
482 88
443 417
429 151
220 244
340 178
279 428
60 182
451 382
33 202
308 458
476 336
438 386
213 280
149 184
292 177
117 212
130 274
278 412
157 411
90 350
278 497
31 221
103 190
392 334
292 136
324 52
438 120
400 114
298 4
33 49
262 443
69 150
62 392
303 347
50 219
68 245
466 328
19 451
286 421
409 263
316 430
51 233
200 106
110 451
353 350
293 143
145 115
359 363
62 208
279 14
260 112
293 348
151 78
0 164
427 437
220 409
495 243
350 271
74 195
45 460
456 427
394 339
54 101
309 105
120 116
229 441
289 232
310 22
186 292
230 162
424 465
209 302
425 419
114 59
371 499
279 11
202 179
133 25
131 256
225 294
235 103
335 454
328 376
169 497
12 366
331 399
53 436
355 392
303 478
477 321
184 175
206 108
486 387
495 339
134 117
220 220
26 369
246 407
256 354
72 415
166 120
56 404
296 219
49 263
84 100
127 26
487 269
8 185
25 473
442 355
76 159
380 14
273 102
309 478
245 381
2 381
137 411
482 58
174 286
238 31
410 258
379 217
402 249
222 239
95 427
438 16
30 23
477 171
149 303
184 286
20 395
158 38
97 9
147 493
376 271
381 385
454 286
387 113
352 357
284 461
477 299
322 75
246 359
162 300
438 247
494 199
237 310
172 153
498 186
309 319
57 374
13 191
156 11
368 400
362 8
160 5
432 191
51 482
282 30
277 65
264 73
383 272
277 354
40 55
227 275
149 202
393 284
295 14
415 49
409 16
21 129
172 69
404 305
335 223
141 38
111 464
236 257
111 347
402 365
140 4
206 481
265 142
156 451
352 413
281 423
404 113
35 154
459 77
152 439
477 294
258 293
403 89
288 347
212 14
370 42
24 205
199 428
379 141
406 207
131 83
197 187
341 387
316 84
23 300
446 469
114 0
441 57
256 17
384 229
272 468
25 106
35 148
289 224
284 266
350 196
383 415
154 399
483 77
229 471
440 358
210 176
85 406
276 4
233 341
161 12
118 357
357 187
263 5
272 147
195 399
166 474
225 78
7 321
292 208
418 237
265 84
342 128
132 350
191 118
130 218
427 204
243 101
106 285
432 359
258 378
204 479
57 425
246 429
489 65
154 390
474 407
36 419
269 316
287 20
238 312
368 417
18 166
303 112
471 477
207 87
66 81
6 412
341 475
40 252
142 331
238 46
465 468
285 126
147 86
250 72
341 385
403 119
231 212
189 58
145 54
135 396
160 211
187 142
246 2
185 79
126 241
209 275
402 91
30 346
270 401
138 280
399 464
176 42
100 130
36 217
465 98
309 172
166 126
128 496
428 412
5 313
88 54
497 215
413 342
243 27
308 184
148 382
276 207
190 176
393 228
326 226
250 358
484 136
484 416
181 464
129 412
318 186
253 70
412 168
195 167
203 156
390 355
415 203
231 166
394 457
35 124
334 73
209 286
202 171
135 45
310 235
422 265
335 128
148 175
194 99
107 196
51 397
452 497
15 318
275 183
159 262
335 311
449 494
17 396
441 151
239 152
269 251
232 161
188 456
408 232
428 383
132 15
365 332
150 85
120 232
346 278
441 280
126 181
429 390
393 143
147 371
474 132
293 269
77 58
291 334
217 337
205 219
403 201
138 70
154 406
184 259
391 1
34 125
367 17
12 464
187 260
393 11
132 13
72 38
224 62
399 215
434 441
143 104
26 190
96 281
392 33
386 280
257 283
152 420
236 124
236 16
380 275
289 129
20 364
278 361
76 244
38 178
134 362
404 33
166 13
398 0
280 59
194 284
204 389
13 347
215 293
68 102
231 447
312 357
70 103
200 90
120 498
213 90
123 107
472 117
118 141
200 370
154 250
140 247
446 210
3 5
107 161
109 424
133 191
146 273
363 204
54 198
288 336
443 267
237 263
405 415
285 355
457 457
204 291
353 449
307 2
164 209
133 266
457 125
398 266
322 456
154 113
449 377
496 295
58 244
159 85
440 315
273 296
439 250
199 329
332 293
2 358
125 348
473 135
253 434
390 223
188 428
157 397
192 138
234 153
239 102
418 246
394 31
133 191
20 334
127 185
43 204
52 481
468 168
103 25
100 221
1 493
242 289
279 158
164 434
37 13
259 255
286 307
498 154
340 272
457 370
75 319
300 0
169 127
5 268
341 124
469 105
394 195
353 212
498 173
39 17
272 387
194 298
304 411
183 44
415 144
463 492
492 490
469 115
235 13
489 474
80 77
272 459
23 326
352 477
495 21
261 391
41 119
30 455
0 198
194 65
409 267
257 158
125 402
267 226
201 361
290 257
68 133
459 414
391 91
464 163
54 238
210 225
33 448
146 240
158 385
152 340
350 67
321 409
487 328
189 441
50 40
173 331
245 118
61 485
0 488
79 377
103 407
355 289
381 488
373 353
45 39
459 25
434 248
76 132
73 273
314 117
448 475
445 339
176 193
33 6
384 177
84 112
401 339
327 291
144 135
174 200
225 41
289 485
118 11
284 365
482 43
19 450
290 282
327 464
323 318
495 361
325 59
398 431
74 79
214 77
129 218
112 240
226 354
217 401
119 196
91 353
304 453
236 462
279 446
264 63
424 102
161 112
43 250
329 411
340 118
188 395
135 469
175 300
54 213
409 392
97 173
126 353
315 401
347 214
278 94
48 464
76 54
304 209
472 471
441 485
232 164
133 482
134 368
81 308
52 188
213 343
196 2
403 192
406 363
458 103
419 36
91 6
68 347
318 247
85 392
57 112
94 317
185 42
351 80
121 119
462 255
257 186
378 10
373 13
468 137
25 183
42 387
234 116
364 462
354 404
16 449
266 263
306 462
395 304
423 9
116 16
202 237
247 226
239 433
422 472
8 59
446 447
416 50
364 32
436 280
81 218
334 305
119 199
3 140
149 14
30 278
15 117
343 233
18 114
87 82
141 440
239 447
497 439
471 155
287 213
283 260
65 368
68 117
109 184
199 423
54 110
228 229
314 69
36 71
6 332
124 123
422 147
439 364
371 271
484 410
22 159
27 267
385 87
124 447
223 494
105 323
404 277
198 185
256 71
255 234
209 262
262 232
96 131
402 201
463 467
478 238
6 486
425 6
305 243
89 49
224 28
157 194
379 481
52 356
90 488
250 159
391 152
283 12
65 339
159 38
276 381
367 137
495 134
377 292
194 301
181 467
13 418
251 339
47 245
233 155
315 137
141 335
348 58
398 277
315 265
146 409
46 443
78 365
10 42
195 455
422 204
474 376
215 436
33 226
233 262
252 266
101 48
107 393
22 301
67 357
266 337
281 65
431 312
206 211
166 441
497 401
130 441
229 471
49 345
460 262
28 283
183 64
309 481
283 142
499 332
21 202
267 265
430 154
365 50
491 136
390 32
325 340
164 20
217 54
316 65
200 29
93 196
29 384
26 255
87 312
366 378
143 108
263 486
36 425
62 128
12 380
220 304
176 337
243 384
302 393
423 411
459 2
386 368
123 489
153 265
143 62
171 372
358 138
64 286
266 246
126 478
282 279
468 199
435 310
203 64
475 237
240 478
347 287
276 478
95 322
385 281
153 238
229 408
194 11
258 293
123 460
91 236
287 257
67 412
328 223
312 122
101 155
442 52
383 300
122 70
352 478
69 359
267 357
221 298
443 313
126 331
67 66
323 69
333 355
430 242
364 161
169 242
147 465
117 111
34 30
8 92
451 386
95 77
227 71
236 316
147 170
236 362
284 67
422 411
153 117
131 204
446 370
335 300
411 93
123 305
397 445
183 484
413 200
271 279
447 141
311 8
222 95
162 400
163 6
124 436
492 169
39 255
55 438
384 226
31 318
116 7
343 428
129 151
282 257
398 252
260 230
177 209
461 483
489 191
127 125
294 465
72 471
409 333
59 127
298 293
153 443
371 414
65 496
105 352
105 348
430 3
65 217
52 107
298 26
151 394
359 277
248 297
130 432
411 157
303 42
485 61
475 308
156 208
61 393
93 262
265 18
87 23
130 182
209 140
34 428
57 212
362 245
29 305
314 344
386 293
354 117
277 223
284 182
75 434
196 197
215 168
191 313
496 302
294 321
101 57
121 328
426 158
315 483
328 455
248 129
99 66
142 455
137 376
162 426
123 212
232 358
24 338
492 275
448 372
281 287
467 49
59 402
238 393
201 374
3 418
336 301
256 454
331 478
404 393
457 493
204 27
217 41
316 80
304 62
349 264
165 85
339 168
62 76
450 77
347 115
416 306
260 184
162 173
418 443
289 67
446 228
121 345
425 16
430 438
54 229
166 131
299 72
148 5
435 213
328 99
257 282
466 245
270 369
313 481
400 40
120 454
299 198
214 242
180 76
305 144
275 86
158 471
328 427
140 307
258 263
46 469
66 367
236 364
345 188
228 49
355 97
296 349
91 154
230 10
7 123
209 387
210 134
61 220
27 39
302 54
375 137
4 200
417 441
129 240
142 114
212 209
410 497
4 8
370 353
476 234
474 229
364 38
258 184
223 277
331 137
274 378
78 206
499 130
222 347
462 480
42 364
214 174
34 452
306 70
156 256
486 282
172 130
315 202
331 430
67 38
268 163
221 193
323 199
46 73
405 398
114 8
34 447
400 328
250 420
177 58
192 407
37 163
217 365
147 352
243 48
63 67
260 11
210 137
210 436
334 257
117 467
415 448
129 4
276 167
225 231
138 453
468 417
134 176
28 185
234 282
349 123
135 297
286 461
249 345
454 496
464 435
384 424
280 231
398 365
96 56
10 475
392 235
263 330
16 27
161 143
267 102
399 10
323 254
451 186
34 73
8 406
182 350
433 244
461 462
370 331
158 410
497 380
63 51
430 260
403 79
181 443
453 22
276 432
470 128
201 228
486 357
59 62
306 20
334 493
176 120
30 204
437 335
238 27
139 0
79 20
463 394
417 112
44 416
44 45
273 367
224 98
12 111
131 283
128 318
290 465
22 305
140 320
199 459
459 230
250 338
233 390
2 213
481 2
47 398
265 377
475 173
136 341
477 487
158 120
85 105
262 448
121 107
418 402
484 172
11 377
119 234
447 96
450 121
372 428
306 349
374 489
183 133
121 11
131 160
117 131
431 68
176 380
134 404
77 446
324 119
353 88
36 443
417 301
81 486
335 141
130 387
21 210
73 313
325 494
477 204
124 443
323 408
313 300
99 457
76 390
330 423
218 282
83 366
204 135
128 16
404 391
453 259
424 277
123 26
82 250
193 100
360 207
359 368
325 173
415 458
233 254
36 245
463 452
439 471
487 167
411 68
179 243
372 364
391 103
353 495
447 325
32 398
266 308
333 392
202 92
198 249
346 436
388 234
205 310
329 179
247 44
288 240
457 426
382 160
8 348
25 235
486 455
263 58
302 252
196 97
198 4
292 394
480 44
206 32
212 37
82 388
480 311
238 370
382 437
137 472
207 242
198 163
221 193
298 313
262 375
231 346
241 460
357 24
56 221
259 415
303 268
432 193
415 284
221 22
494 149
392 359
374 201
247 90
403 447
322 397
243 18
478 53
429 336
410 187
103 338
458 21
214 258
42 390
412 129
278 116
327 406
460 170
112 201
148 59
456 368
386 322
227 51
388 364
404 157
495 298
319 7
117 453
196 33
14 12
128 108
15 144
315 307
360 475
34 279
147 360
182 342
393 33
250 409
418 281
79 154
13 265
71 250
283 130
142 267
227 149
294 122
429 242
69 461
240 141
1 455
297 388
273 35
297 43
176 23
177 215
333 256
358 190
321 404
23 494
143 315
438 250
345 437
250 219
361 414
222 343
83 214
250 371
414 356
380 47
114 91
199 57
100 447
203 57
51 273
88 78
181 47
336 378
450 26
292 87
430 163
377 14
386 13
221 479
26 152
95 101
11 493
292 294
204 111
384 348
426 255
154 324
55 459
485 491
430 5
168 130
496 360
225 397
377 234
387 446
400 255
100 482
129 411
22 393
241 333
440 258
82 19
479 95
86 137
494 316
298 368
228 162
60 295
29 305
103 289
396 268
251 3
414 497
390 380
65 436
46 483
2 5
452 129
118 333
150 390
258 113
127 300
95 338
143 187
328 125
393 99
102 225
74 496
228 369
157 464
299 293
151 204
333 301
487 103
346 303
416 489
289 104
443 44
83 385
362 438
389 264
341 107
104 492
213 415
379 184
330 370
74 178
331 481
436 259
415 318
307 282
239 331
227 449
334 34
324 311
427 196
155 214
58 268
183 259
296 271
141 62
92 126
459 68
179 275
446 247
382 94
426 253
202 121
7 5
168 388
436 331
45 95
363 92
203 103
226 46
460 499
125 220
288 404
180 436
184 319
414 126
231 66
39 192
197 286
174 46
377 366
461 111
203 275
230 177
223 406
258 309
29 36
440 235
172 169
488 120
98 356
274 402
94 330
116 313
211 144
10 142
105 440
67 323
0 308
67 298
107 76
112 325
412 136
305 52
25 84
292 145
48 123
453 418
83 494
138 421
416 294
235 0
324 21
182 302
452 176
252 249
426 411
399 364
269 338
275 56
202 294
417 67
486 250
96 223
496 69
216 235
87 412
286 303
457 411
440 468
217 410
173 44
261 495
185 73
129 30
324 460
380 183
285 93
168 366
287 382
469 17
281 3
306 56
320 67
35 116
26 260
304 104
99 51
124 65
95 285
97 106
141 271
217 477
195 427
309 385
254 483
338 278
334 36
103 497
113 154
266 139
243 491
42 423
488 195
332 19
125 436
59 429
259 266
45 276
14 454
289 354
484 268
156 128
477 171
177 260
399 90
433 296
219 494
189 475
494 207
495 21
451 471
90 55
183 62
16 487
194 49
170 306
286 178
201 326
86 115
57 231
27 337
332 490
317 246
305 21
43 164
135 301
208 346
408 77
417 391
293 276
434 111
141 463
289 72
187 343
74 228
65 244
234 101
347 397
271 52
216 152
305 314
12 203
133 13
257 272
48 50
13 50
365 483
55 154
497 154
234 243
339 423
24 300
49 426
478 223
376 320
486 46
101 33
47 350
122 86
488 304
206 171
6 1
156 71
77 61
156 5
429 312
464 348
274 453
177 365
186 104
2 405
438 24
375 103
42 337
493 349
20 30
384 199
122 378
440 392
397 52
216 448
296 326
132 180
45 70
174 161
418 83
108 28
132 208
46 335
184 26
408 391
443 57
435 292
184 65
469 227
28 434
260 185
365 324
247 244
405 263
198 273
302 323
32 306
493 286
312 430
321 30
87 220
365 264
182 374
454 49
483 151
189 482
158 96
340 406
169 405
31 98
421 368
26 185
471 305
87 372
402 135
355 261
377 341
67 72
474 59
63 21
3 309
405 252
158 162
419 98
196 180
400 302
487 469
275 278
150 458
93 362
123 404
245 301
373 1
412 313
186 199
9 327
431 190
204 414
364 90
122 475
278 60
30 374
152 265
76 157
371 155
59 21
322 347
200 157
322 48
247 112
292 8
198 108
375 223
165 254
230 239
300 287
13 8
125 182
339 166
321 201
223 210
57 232
389 397
297 257
222 211
220 45
153 14
89 270
25 28
120 255
394 107
115 272
454 408
74 92
294 145
355 247
479 369
266 265
374 221
432 64
461 448
314 4
275 466
347 404
159 152
259 467
239 405
313 226
318 45
190 239
486 464
333 397
162 318
39 452
368 389
337 323
328 329
147 152
56 455
107 346
165 67
472 366
92 256
301 286
377 262
227 343
241 364
34 60
364 255
144 73
396 232
413 482
486 76
31 61
407 394
461 138
356 425
181 433
71 300
63 483
326 449
165 290
202 419
175 199
124 67
299 319
153 372
449 213
126 139
33 332
323 385
310 494
280 179
332 492
327 203
4 395
37 5
425 21
72 239
158 100
271 196
421 310
375 425
64 370
54 1
238 450
296 377
57 401
245 428
132 389
136 72
429 488
10 25
116 206
306 434
131 275
85 78
3 404
126 312
165 419
369 180
58 403
304 166
94 467
208 49
473 78
419 344
369 255
461 281
215 485
112 268
198 198
102 49
361 53
324 228
409 26
282 194
212 319
286 438
488 158
89 494
190 313
68 8
289 411
248 382
2 4
203 361
262 200
105 157
386 476
354 429
475 147
466 136
75 39
50 252
98 415
80 139
147 288
51 1
383 436
292 299
12 385
437 495
5 275
103 394
175 391
38 457
94 3
42 356
108 21
288 92
231 206
346 368
369 230
166 397
196 104
489 459
306 61
336 278
172 311
54 291
248 348
351 92
300 194
215 245
190 408
466 355
224 273
4 164
61 445
50 170
481 110
171 391
22 288
451 359
150 46
394 6
450 250
445 97
195 251
11 12
368 385
158 478
142 444
389 162
185 56
166 291
35 166
306 189
400 57
455 258
116 50
300 350
299 66
317 97
110 494
231 181
11 478
422 390
404 153
61 163
307 89
256 79
268 342
251 414
172 168
70 206
408 288
207 223
320 60
406 376
57 430
260 138
28 68
74 182
198 432
374 135
67 5
199 130
396 335
356 450
8 69
209 278
1 269
329 416
145 322
104 235
373 202
271 365
399 253
38 197
332 97
102 412
394 399
87 301
103 142
211 295
73 464
233 273
41 427
249 62
297 186
241 205
70 23
128 12
209 470
419 18
430 393
145 374
27 176
319 84
379 131
95 382
7 304
231 180
242 49
87 332
38 391
414 328
192 460
430 395
413 253
147 202
76 196
224 144
228 103
86 395
130 459
115 33
213 137
38 347
31 307
199 126
306 69
30 465
360 499
104 312
14 126
322 251
247 442
46 46
294 475
286 484
370 424
61 402
101 83
243 452
430 132
54 442
407 236
87 436
248 120
246 192
295 115
57 420
318 43
370 455
292 112
388 157
411 162
97 450
254 12
144 340
134 184
420 50
486 394
14 8
52 87
54 112
384 347
390 463
419 202
167 261
270 63
77 55
357 181
193 174
367 111
295 189
240 1
247 68
428 226
313 261
225 480
327 367
331 109
164 70
183 102
17 183
238 453
486 94
120 448
411 179
220 339
193 207
127 460
39 440
54 55
387 204
424 279
241 66
136 255
209 257
440 319
124 78
172 30
478 110
141 292
132 390
449 214
174 325
117 428
483 65
270 171
451 222
288 194
301 44
301 425
96 10
88 93
123 73
35 112
256 102
344 29
243 240
417 145
73 417
483 35
206 408
130 105
299 9
53 418
195 100
462 206
299 144
217 402
14 275
377 252
281 122
363 73
218 24
294 132
167 143
51 129
234 226
235 33
303 33
485 141
199 499
143 447
349 351
126 360
464 215
337 355
428 246
122 52
185 498
141 268
397 204
430 44
77 483
368 18
11 380
231 353
152 210
61 374
86 1
68 187
42 403
149 258
162 322
320 123
392 347
404 313
357 289
125 334
352 434
167 493
347 363
426 398
125 499
353 339
27 63
466 273
383 421
96 467
91 46
245 268
82 483
124 149
336 439
226 101
95 188
404 245
143 294
145 182
21 120
184 498
124 400
174 150
118 7
405 270
38 209
44 151
300 120
412 20
122 136
177 490
235 69
363 433
467 230
351 8
359 488
241 387
37 483
342 415
185 155
216 248
399 75
48 112
485 51
40 312
302 107
176 69
354 389
471 391
399 321
309 174
61 258
241 402
317 451
458 84
184 354
430 27
139 83
486 330
142 124
83 26
95 296
37 111
2 449
270 360
35 254
12 432
334 448
251 106
42 4
358 210
237 226
161 140
470 228
353 147
174 112
260 288
252 121
71 297
158 106
360 193
477 45
345 373
331 312
168 97
159 225
451 26
167 396
124 464
111 137
102 329
470 137
259 362
12 222
328 182
375 22
419 41
414 353
17 116
213 97
322 185
63 224
472 125
89 230
220 449
278 52
190 174
36 100
322 449
483 400
422 3
44 358
63 341
310 310
259 432
469 375
100 81
58 33
115 72
21 147
51 335
9 152
252 241
42 398
298 427
282 25
236 73
266 326
488 299
232 76
452 247
180 201
86 52
476 238
237 202
37 350
2 288
30 399
297 106
385 424
450 447
372 167
345 38
337 139
67 333
80 421
475 371
423 260
350 61
263 252
102 87
376 153
52 456
414 258
182 201
0 300
319 484
374 373
364 165
350 212
485 283
155 431
43 460
374 430
182 246
333 137
290 136
444 61
319 194
395 359
11 354
190 396
121 330
495 65
129 337
120 346
129 466
427 275
206 24
270 301
290 240
377 456
17 81
127 321
32 189
395 23
271 43
226 85
2 392
81 221
419 483
450 201
477 400
277 229
30 35
275 399
355 172
105 4
326 373
414 233
108 210
254 309
246 379
123 332
53 101
84 204
405 325
77 34
263 234
269 354
254 145
170 397
401 461
334 275
8 79
290 100
409 116
347 396
228 156
109 322
26 133
310 193
80 284
370 388
94 195
193 140
37 348
310 363
138 290
370 496
449 499
467 160
408 358
366 167
489 136
269 475
21 368
152 80
320 101
296 22
14 414
115 489
352 403
194 277
273 343
194 64
76 222
433 13
32 484
120 151
127 22
390 241
173 0
101 394
416 493
260 397
239 283
186 375
152 443
138 232
148 277
352 184
50 224
60 285
436 82
456 32
126 415
415 346
240 299
145 368
118 9
144 405
132 357
300 182
267 284
61 439
475 415
492 413
50 25
108 52
437 339
106 64
263 63
362 374
242 355
216 359
116 360
69 360
395 248
32 370
161 162
77 446
211 136
14 421
474 114
453 122
38 263
326 411
285 301
157 40
400 380
240 373
86 16
117 310
32 481
143 149
447 45
33 72
494 11
477 47
21 320
83 282
193 60
361 409
301 331
211 370
96 53
70 303
113 34
15 187
188 497
42 10
82 488
351 428
475 428
248 328
110 497
57 183
444 303
134 270
493 246
299 197
1 89
123 221
260 466
464 490
0 301
289 358
286 434
215 492
320 114
463 315
499 282
85 20
142 443
41 72
269 135
76 193
414 122
89 51
41 175
328 53
263 393
180 117
461 50
16 395
210 281
63 479
351 61
357 0
424 345
333 398
91 46
168 409
313 358
385 257
162 354
100 213
182 426
328 280
27 143
276 344
323 89
151 339
191 26
371 360
258 116
162 204
114 202
412 182
440 427
133 297
10 102
28 85
217 44
187 356
52 244
186 463
154 227
253 189
49 197
313 125
329 159
213 327
10 295
74 125
422 450
404 208
145 284
328 433
141 363
459 367
182 194
273 145
334 188
386 27
152 235
247 199
379 333
129 460
86 241
191 203
263 8
145 447
380 409
124 473
193 374
420 83
229 375
64 193
220 415
3 450
1 224
58 250
210 232
473 39
94 296
157 16
464 210
471 302
127 196
70 95
178 320
196 490
36 259
27 112
62 256
333 30
280 415
148 243
282 490
139 121
490 228
438 296
450 454
150 409
356 77
398 73
415 387
146 446
58 451
60 173
55 472
387 393
136 335
178 35
9 270
498 169
465 499
305 289
50 267
344 455
380 407
294 94
40 296
247 292
318 450
422 159
52 373
61 310
197 40
162 239
260 58
409 161
302 225
344 214
22 352
259 40
135 402
50 405
50 27
330 150
309 220
93 252
414 362
254 6
97 112
22 417
430 357
434 432
498 232
84 278
319 20
275 196
453 306
185 325
475 3
75 15
120 285
499 169
27 34
498 105
22 125
334 21
305 304
36 269
399 303
176 473
169 70
376 451