3700
128 474
478 414
429 104
241 53
74 49
436 92
197 454
431 434
307 72
376 265
34 112
416 265
90 434
4 92
395 111
85 233
147 23
127 415
321 428
330 220
312 247
201 266
52 362
434 132
398 360
472 162
279 284
70 240
332 369
332 427
160 227
103 418
333 159
439 230
303 154
402 269
387 467
329 455
440 440
300 115
130 338
474 124
365 261
483 45
324 49
277 315
233 336
495 232
462 419
73 286
56 117
85 327
135 295
235 266
382 75
265 387
12 364
125 239
136 229
278 108
424 460
296 407
139 9
428 143
430 454
71 2
181 338
485 8
275 316
243 73
460 157
21 8
100 324
405 498
107 236
49 184
91 383
392 197
193 83
37 321
175 475
165 460
469 356
25 150
223 244
253 268
129 36
360 126
124 229
317 266
302 83
466 366
416 245
328 359
180 109
84 365
178 207
63 249
399 147
243 440
61 475
11 496
474 42
271 223
341 450
34 88
307 143
241 0
211 75
184 69
287 243
450 120
369 465
112 366
306 120
447 207
55 219
261 458
34 29
479 384
325 375
371 365
218 484
59 112
181 429
25 243
363 320
285 475
341 84
56 249
456 0
71 4
314 11
392 333
69 348
76 224
89 394
378 447
411 307
89 437
32 444
265 114
89 395
331 402
4 283
135 240
244 460
324 206
391 410
259 68
292 461
207 187
486 382
41 86
375 397
341 130
96 408
303 458
361 38
321 487
227 365
177 308
366 323
233 353
422 258
71 344
31 66
448 278
216 17
414 342
472 92
0 108
66 69
107 155
142 279
496 280
88 221
44 174
379 454
64 278
474 301
368 487
266 6
375 168
10 334
426 290
250 335
256 426
434 168
300 363
495 428
150 296
322 435
241 194
324 202
355 306
293 299
157 75
244 411
246 32
174 106
293 24
303 424
445 49
264 237
165 245
41 259
194 167
362 364
418 288
94 38
189 273
201 239
3 346
379 297
403 101
125 405
330 49
98 428
17 127
372 363
474 35
202 265
481 21
309 64
455 399
25 255
346 144
343 226
23 349
302 222
479 278
327 428
208 309
288 278
141 78
113 160
426 115
488 315
232 407
159 297
52 187
183 36
262 399
248 26
100 137
267 403
183 80
241 447
225 391
321 30
42 218
185 434
102 320
228 174
471 334
373 239
275 24
423 408
287 389
26 23
278 387
319 145
92 461
205 61
443 317
35 26
313 485
306 221
395 415
101 386
477 366
242 326
234 252
493 17
393 21
261 371
16 171
133 80
493 109
426 338
364 436
274 462
35 177
444 432
318 430
148 45
371 147
251 391
260 458
479 244
115 153
325 92
173 131
92 310
148 18
307 19
333 364
394 81
13 220
150 338
236 183
330 150
393 107
417 433
177 154
159 397
341 144
275 484
146 366
385 220
239 294
11 192
273 424
144 257
95 138
173 146
148 183
143 355
288 42
196 60
309 465
109 355
192 151
17 236
456 338
485 402
446 47
323 348
105 219
209 319
465 52
236 382
237 114
8 379
291 25
342 56
263 101
104 451
40 455
146 121
376 348
248 483
331 322
394 71
243 288
340 103
338 208
174 428
307 75
453 182
90 451
52 295
99 354
161 156
129 491
339 307
142 5
180 439
363 325
113 74
29 106
166 454
382 367
443 193
375 42
345 248
43 466
172 397
405 494
485 333
493 386
392 177
116 135
461 424
498 479
437 74
380 379
247 104
297 115
9 42
290 24
342 354
103 185
180 14
348 360
246 17
194 193
328 490
414 163
494 141
216 264
144 432
388 448
415 243
285 185
61 276
130 427
112 256
270 85
445 144
162 470
163 44
34 208
371 344
485 301
65 218
150 53
354 61
304 38
75 269
46 441
220 488
244 28
114 333
329 367
189 411
455 343
52 205
401 342
143 275
493 386
440 60
122 495
385 146
415 278
72 312
301 313
342 292
477 397
116 308
71 307
2 306
363 27
369 54
182 264
150 364
424 175
171 442
88 398
29 408
221 356
169 453
245 22
271 363
171 75
382 388
194 243
122 384
291 57
173 343
207 473
0 323
118 483
234 171
80 58
414 263
216 153
27 436
299 313
388 298
186 323
418 122
359 232
141 40
235 150
475 314
490 294
277 475
499 108
18 363
126 431
84 285
221 194
360 111
409 372
47 248
223 448
180 465
357 82
232 322
136 92
238 59
34 478
86 16
231 385
316 457
242 210
404 400
363 315
187 264
365 273
73 235
52 88
170 253
75 410
354 254
165 64
42 93
461 199
85 481
438 192
402 253
6 32
347 159
275 369
494 386
473 492
80 67
321 26
436 102
208 248
312 142
235 373
425 207
188 48
241 362
115 478
10 495
154 121
491 209
95 282
274 337
405 69
447 355
309 78
326 235
377 370
243 491
198 465
13 20
382 238
68 106
102 350
323 430
139 108
390 166
4 86
7 17
224 261
339 454
189 33
255 17
8 67
384 499
371 58
296 397
356 106
308 216
146 310
418 131
298 285
372 161
178 154
415 379
186 254
287 254
123 375
294 395
246 484
42 178
428 117
223 191
407 284
446 383
15 54
191 364
377 313
467 63
295 407
161 234
340 333
208 301
196 463
447 355
385 442
411 342
33 165
301 487
370 292
346 247
112 385
50 38
453 341
101 369
103 100
433 262
415 295
259 494
349 463
405 58
400 86
252 169
156 433
226 53
301 26
264 424
462 265
458 314
36 268
368 59
174 491
287 302
296 89
405 46
104 497
83 310
331 5
290 187
241 487
366 368
293 394
11 130
296 107
375 469
381 332
324 96
250 55
496 111
9 46
395 401
64 113
470 330
18 395
383 113
333 111
357 101
231 478
86 368
189 379
212 313
261 70
125 388
351 11
409 122
375 360
325 304
487 439
335 148
261 357
320 70
171 446
425 177
397 254
133 363
176 86
9 197
85 290
301 486
108 288
148 211
367 484
275 474
474 354
211 110
32 87
33 31
60 203
309 458
321 457
396 443
492 350
140 257
243 430
218 293
4 204
40 367
193 372
78 315
426 167
254 290
173 310
14 139
450 86
43 323
118 123
325 291
48 111
41 465
111 144
348 259
478 115
339 388
203 171
190 418
60 481
292 296
288 233
319 158
333 238
361 215
358 304
267 187
4 259
403 308
419 115
83 103
491 398
421 422
340 46
380 464
112 252
486 24
182 400
138 157
224 367
171 352
39 435
46 438
98 43
11 449
52 370
120 94
368 395
293 393
357 61
313 173
197 470
222 151
161 231
99 361
213 237
172 122
413 104
499 218
19 363
233 10
456 423
170 353
247 177
238 464
137 456
278 403
55 335
418 1
214 68
305 369
344 279
383 330
48 257
472 234
97 420
195 206
411 405
82 366
330 10
319 172
76 467
154 97
450 131
51 73
294 16
147 356
186 138
247 382
117 87
7 220
278 214
119 54
420 189
52 54
226 250
218 371
320 302
285 224
149 123
491 336
193 444
82 139
21 231
318 330
402 490
204 177
232 180
221 176
230 152
255 273
496 308
111 325
49 169
144 396
233 199
495 135
274 278
9 77
259 148
138 180
209 161
193 195
223 441
446 415
40 305
113 201
26 389
58 224
473 427
478 54
189 58
336 473
403 316
464 197
377 162
176 454
1 439
380 369
136 224
29 178
231 29
418 495
219 109
37 328
382 44
102 15
341 71
239 290
488 244
406 203
10 217
156 434
156 11
236 389
419 292
321 117
112 151
260 91
271 184
228 149
165 153
77 331
121 6
102 316
372 461
31 8
295 382
245 187
428 451
95 333
451 348
499 269
360 415
451 111
261 132
137 180
363 426
284 66
235 336
298 386
246 107
341 181
368 41
344 438
272 149
497 440
209 75
490 348
459 421
405 442
474 220
498 395
461 337
25 282
20 196
155 175
356 119
12 348
287 225
226 357
149 59
134 223
71 210
483 476
270 30
251 389
136 244
433 249
384 449
146 459
134 256
375 153
354 343
420 240
97 141
52 146
369 98
160 186
14 440
322 143
384 285
381 425
27 20
470 315
126 411
19 468
473 260
455 247
487 327
468 375
21 436
34 20
58 390
182 194
189 425
210 5
430 74
94 91
258 457
220 416
384 384
497 240
339 210
37 452
328 326
262 6
378 349
92 148
194 289
214 274
131 383
457 276
367 414
223 404
320 478
362 296
36 57
267 359
164 227
53 304
162 492
193 167
315 393
182 137
412 9
244 396
172 395
309 202
106 391
369 385
181 278
335 84
295 69
296 454
259 459
303 349
16 273
166 349
486 183
44 200
448 250
146 288
490 472
364 307
192 448
79 85
21 225
294 414
221 317
128 90
291 480
105 284
133 159
342 124
324 119
222 386
175 273
245 368
27 17
318 461
399 72
297 397
163 420
89 444
386 384
216 218
2 178
337 322
446 487
458 32
270 122
395 180
400 297
167 493
306 428
352 485
382 205
478 1
445 45
282 419
137 332
362 498
172 491
478 51
435 118
241 289
469 206
3 488
481 370
150 170
7 140
345 354
355 389
287 175
95 153
337 421
419 84
76 199
250 92
62 406
47 38
244 155
144 17
239 99
122 477
117 389
243 129
371 315
490 450
103 10
431 437
22 440
491 350
294 450
208 94
132 357
12 256
125 228
327 8
486 364
253 449
431 455
270 348
150 154
164 113
50 106
398 95
297 424
226 390
484 444
301 435
43 468
196 165
26 168
32 375
177 12
319 137
337 108
262 442
55 487
93 278
225 457
234 492
234 374
318 460
395 70
38 471
489 438
458 86
461 15
379 490
127 138
98 198
140 464
304 360
490 47
5 397
241 215
90 239
199 475
45 260
232 447
237 435
21 221
236 196
186 483
121 115
165 166
482 220
432 306
353 286
36 423
490 210
301 129
457 432
193 1
300 2
290 425
498 37
233 311
146 86
53 272
290 268
340 218
376 272
411 124
399 82
292 299
428 390
174 94
447 385
240 367
144 247
136 30
193 142
80 370
494 340
460 133
204 284
408 152
276 80
162 319
470 28
418 307
401 399
136 92
312 348
447 376
258 456
451 83
305 452
144 31
17 151
287 456
108 221
153 196
367 236
264 316
475 338
89 34
479 376
76 225
102 291
99 375
458 212
16 50
434 116
267 12
468 451
172 55
251 76
165 325
493 470
160 429
316 468
196 249
475 295
438 272
147 429
141 37
440 458
74 10
22 374
325 341
396 491
419 349
174 499
322 84
366 20
488 482
232 34
181 185
309 59
488 119
8 457
267 481
491 300
26 341
34 366
357 351
52 283
282 128
65 227
247 104
439 283
317 87
272 171
82 498
469 82
391 70
403 329
130 158
351 247
113 156
360 385
168 322
302 412
491 303
259 367
150 90
30 198
221 319
169 302
236 303
225 138
320 479
489 481
228 302
458 340
78 193
367 170
435 98
401 169
389 278
221 13
211 391
211 251
405 285
88 232
223 494
473 166
147 43
345 463
155 227
272 155
178 233
332 491
160 113
243 85
98 401
293 464
67 162
447 356
88 325
319 387
53 311
206 292
107 52
131 51
207 263
496 403
394 237
350 180
118 407
160 445
262 216
230 453
309 329
154 177
417 250
413 473
118 322
375 120
171 225
488 358
114 230
319 337
17 360
119 169
467 135
204 280
233 229
58 434
464 395
497 65
390 233
55 410
30 360
86 282
141 54
136 426
263 107
467 456
477 133
120 87
367 444
25 176
463 452
347 436
1 279
12 196
107 243
104 419
202 489
395 42
468 195
302 384
340 84
69 269
208 169
466 189
218 75
28 491
279 181
460 227
424 132
376 472
391 31
372 332
374 445
492 268
152 194
130 294
416 344
365 199
241 124
52 331
175 459
492 80
307 454
87 452
276 83
114 315
147 167
465 339
107 373
419 457
104 111
307 402
453 20
496 172
356 46
357 48
480 383
337 349
301 140
223 276
443 77
97 190
381 442
315 414
371 488
451 87
489 327
347 258
430 442
489 196
96 286
169 346
48 429
421 359
487 349
279 144
186 431
225 228
142 67
407 41
480 365
193 210
468 321
115 392
440 251
389 104
303 37
318 411
122 203
52 239
235 109
392 183
263 274
193 118
11 405
123 453
163 343
164 168
60 484
235 279
236 353
390 124
387 391
94 60
299 9
471 498
182 34
160 215
333 445
203 354
307 196
391 178
346 322
306 55
187 258
111 41
18 423
314 353
413 405
267 260
258 212
99 238
453 292
238 111
465 139
187 293
471 124
447 79
134 169
427 253
147 173
96 39
392 165
422 262
22 306
370 189
279 133
425 321
433 233
224 15
308 250
375 411
490 131
300 174
427 477
150 80
119 426
91 99
361 363
169 366
407 236
369 392
65 187
272 294
310 350
101 496
407 470
454 328
2 398
227 106
38 281
208 377
476 157
21 151
17 190
426 42
434 277
464 295
441 352
202 236
232 103
426 155
483 139
389 232
190 337
471 468
198 229
386 31
182 174
216 259
302 52
329 494
141 88
440 145
381 83
38 495
150 465
456 464
48 486
323 198
166 239
468 146
177 364
391 354
466 212
264 107
102 268
208 445
90 95
178 1
348 323
140 217
33 498
484 96
294 82
321 160
158 313
177 141
495 336
400 420
380 313
81 164
461 334
429 142
495 403
78 108
177 343
341 218
166 62
496 178
190 461
126 169
310 348
36 155
76 158
471 436
452 456
142 405
47 413
168 71
31 394
237 246
464 60
123 430
108 131
444 471
141 298
499 422
77 451
109 35
472 153
461 81
486 276
190 103
175 385
279 358
457 206
119 16
446 273
256 242
213 407
57 200
474 206
158 56
444 52
205 267
200 268
44 19
122 186
423 86
297 149
208 202
218 254
27 327
421 17
276 284
336 486
193 333
242 311
215 203
322 186
306 272
291 23
61 350
289 266
415 485
39 86
192 475
302 110
127 219
355 75
62 403
88 44
207 107
310 330
368 274
46 132
7 174
377 338
104 69
406 166
104 371
347 445
407 296
367 1
77 34
289 75
119 139
98 230
60 178
452 408
392 281
307 498
188 400
321 184
202 144
368 79
376 306
454 215
216 284
170 322
397 145
136 312
42 368
398 234
494 454
235 350
200 387
139 43
79 241
385 312
391 134
292 105
320 119
403 247
69 389
386 74
238 318
186 23
257 280
234 84
286 104
491 322
217 338
79 482
294 296
282 317
422 37
156 75
322 95
336 412
338 243
61 222
245 76
356 99
35 355
459 442
264 321
11 302
136 333
482 91
260 282
319 264
339 182
129 327
239 13
256 465
188 77
153 169
268 285
140 361
304 155
328 451
105 420
106 340
283 241
23 88
352 43
77 194
22 192
205 207
24 113
43 314
483 212
350 48
410 104
259 342
294 66
338 88
280 251
345 444
32 63
458 368
415 237
429 35
94 289
402 486
300 119
183 297
346 284
240 33
376 108
26 351
291 22
273 216
13 71
134 470
339 45
282 92
480 106
395 63
50 74
193 149
299 202
338 377
410 145
105 78
430 138
160 483
199 221
293 286
256 212
110 279
224 447
53 244
160 56
130 300
302 62
264 324
53 101
246 103
181 315
454 203
186 463
185 466
252 237
450 330
461 361
160 412
8 37
93 66
366 168
230 224
400 20
121 347
450 453
268 219
422 483
447 74
41 460
198 484
314 145
358 0
264 127
165 19
437 272
293 258
482 303
176 23
222 382
187 297
17 172
156 308
382 439
252 455
439 423
69 450
450 253
380 427
298 66
338 45
156 235
391 131
7 138
373 67
364 229
254 60
368 381
173 262
217 251
26 425
227 156
261 447
375 29
95 493
391 25
261 285
417 47
185 4
71 276
357 410
471 287
21 463
225 191
294 194
471 442
98 321
268 198
79 359
353 495
21 174
459 96
143 134
138 228
356 328
239 209
348 66
29 62
253 369
415 255
197 400
221 386
436 148
359 341
337 15
41 64
160 210
344 1
81 303
484 334
43 438
4 75
137 243
113 33
140 242
494 28
267 190
338 215
57 55
71 197
114 246
456 464
465 274
430 152
486 47
337 414
489 381
124 341
226 478
72 237
118 219
409 67
134 385
440 247
296 43
141 363
328 262
37 449
101 145
44 467
233 87
320 381
74 74
404 445
34 153
372 328
395 4
241 281
380 382
277 34
397 28
291 419
368 77
223 180
499 322
409 119
353 232
158 82
379 279
432 62
390 413
270 156
289 138
372 11
45 21
50 149
420 295
372 193
225 289
111 447
419 224
308 372
306 272
51 466
380 185
451 336
344 270
408 221
84 134
155 132
282 130
425 57
102 202
343 149
449 327
403 306
31 368
492 63
381 337
23 43
231 261
384 474
47 76
62 144
277 131
113 217
127 59
113 390
40 229
409 457
263 341
209 164
228 294
484 201
96 109
223 7
333 180
108 107
103 380
363 170
239 380
291 477
367 366
448 405
214 407
100 209
373 329
476 309
362 101
63 460
319 311
491 138
97 152
384 99
121 200
433 247
224 360
227 224
481 444
203 27
236 195
377 304
465 109
63 353
165 328
491 478
116 484
488 482
433 65
265 224
471 54
266 198
275 48
344 345
372 256
304 47
351 460
70 33
238 317
497 485
463 403
239 488
322 431
496 79
303 107
13 113
164 126
26 279
125 439
47 370
418 349
310 203
236 121
438 380
365 326
229 287
275 180
111 320
399 449
56 459
72 54
33 69
349 236
175 59
282 326
175 75
278 52
173 485
365 367
193 464
251 82
114 275
447 379
328 77
36 347
253 385
306 109
345 286
198 155
481 373
300 480
32 9
494 430
297 205
21 212
146 343
470 273
152 261
338 417
116 332
217 375
336 370
156 24
31 181
406 206
186 365
374 206
489 70
128 368
432 138
481 149
274 79
340 303
221 426
111 30
257 337
207 180
56 93
127 216
422 88
305 33
92 461
31 179
399 81
71 159
309 332
411 53
356 83
362 103
133 429
267 325
5 391
336 326
394 62
2 463
349 169
130 307
338 293
226 13
25 89
421 297
350 334
269 184
139 59
340 483
308 125
16 107
286 314
228 204
168 180
201 230
37 17
310 183
197 227
316 36
333 222
408 238
274 36
447 29
13 414
39 287
247 173
339 407
111 33
65 67
297 131
148 267
450 186
413 310
198 499
73 82
320 32
420 481
363 446
212 219
6 228
401 103
362 105
138 241
160 326
457 56
175 310
496 458
268 477
329 262
344 467
351 402
236 16
462 123
342 99
327 27
130 200
306 80
173 493
319 296
352 334
144 128
86 379
357 492
254 355
174 186
88 450
466 377
0 176
275 281
160 342
42 454
35 290
135 200
497 60
394 306
435 201
81 390
383 21
228 438
476 489
292 254
131 416
93 258
391 483
177 220
175 403
194 72
272 62
122 181
488 269
471 369
111 423
444 52
342 346
336 25
279 318
234 480
90 263
246 327
400 482
385 424
496 75
489 431
113 268
390 463
184 101
376 361
265 296
142 172
197 107
277 330
310 329
92 11
191 401
235 338
114 443
18 472
256 462
83 359
322 369
322 473
186 359
155 50
222 451
410 149
332 420
249 187
50 142
395 193
383 93
36 482
455 498
460 406
265 211
432 43
368 440
151 106
156 54
5 306
307 230
2 267
306 139
134 103
296 357
302 381
364 180
30 191
97 171
234 490
386 215
7 166
124 254
309 158
316 132
362 166
434 475
115 365
320 92
301 101
482 117
149 104
295 346
369 179
169 244
311 103
121 55
162 170
180 245
377 471
489 496
324 92
309 275
368 291
392 129
98 169
273 226
425 247
426 420
17 294
398 448
355 180
351 19
117 17
340 31
380 346
438 330
105 204
347 99
229 473
143 239
465 179
427 268
41 242
37 353
153 410
90 435
306 9
26 293
325 423
270 367
197 57
113 60
160 154
480 460
51 241
420 123
243 368
111 199
53 136
398 0
435 206
67 489
134 93
17 94
313 311
368 139
199 362
16 333
145 211
452 496
471 196
417 225
424 67
55 28
28 329
388 454
443 315
260 455
401 77
389 277
268 214
76 109
295 320
31 445
441 440
137 336
413 265
332 54
434 337
19 387
341 314
481 259
214 136
66 241
371 468
182 307
268 139
459 111
56 63
4 343
31 349
114 493
399 444
133 298
38 185
499 4
263 379
368 480
221 330
298 286
93 92
84 332
443 213
277 395
238 351
53 133
126 121
65 167
318 377
62 51
55 356
87 61
393 171
1 455
93 466
411 151
483 186
252 495
390 279
482 29
162 481
102 35
203 140
17 20
423 373
229 431
344 330
1 316
124 237
203 354
5 217
256 466
461 341
472 8
389 204
37 454
490 403
395 491
363 193
418 412
195 286
469 147
315 39
276 322
177 291
9 331
298 34
227 117
477 111
167 199
154 218
121 204
48 144
189 16
280 411
50 107
254 475
14 19
341 421
213 142
325 370
257 74
191 475
439 484
184 20
238 106
163 190
334 211
79 211
122 23
482 211
186 24
43 236
157 52
46 237
459 222
296 223
199 216
53 339
211 138
96 237
279 449
12 111
322 113
488 91
154 297
321 470
58 340
244 217
306 67
290 142
366 265
482 86
278 417
407 35
124 489
291 3
115 255
368 303
247 289
86 356
178 401
94 260
477 236
303 190
185 283
400 445
384 51
468 382
269 162
151 227
82 245
0 294
450 197
339 220
428 197
450 277
37 106
194 396
439 366
1 350
295 124
175 402
136 179
341 495
222 258
355 345
139 304
354 208
428 89
138 45
322 209
167 441
189 212
78 362
212 128
252 80
334 359
39 279
126 470
228 232
429 200
5 436
144 69
10 211
108 424
133 1
294 430
142 301
15 483
112 73
5 79
438 216
496 339
161 477
62 122
323 242
178 491
412 180
243 322
246 275
276 351
133 232
385 422
405 128
201 400
479 369
86 206
45 417
247 434
408 206
300 161
152 231
263 478
300 65
340 358
209 399
131 468
390 195
323 16
268 147
17 24
82 247
16 455
241 479
37 115
276 149
233 338
316 429
346 496
355 469
368 38
6 416
463 351
219 248
395 286
162 487
86 264
71 244
223 454
422 312
462 113
451 50
331 195
43 119
88 177
215 250
19 308
11 73
321 482
269 230
69 69
185 283
28 7
314 257
421 103
68 88
138 235
282 19
139 470
147 326
428 79
388 215
288 447
282 251
482 462
383 403
186 403
263 68
177 66
22 429
17 451
186 90
462 155
125 469
147 453
32 125
340 75
375 272
24 480
294 157
60 358
113 177
246 98
165 376
157 275
226 39
129 174
330 413
382 443
396 307
432 381
456 281
53 124
457 183
340 77
287 251
429 252
351 401
129 175
302 368
407 287
461 29
442 388
332 143
451 176
57 228
9 235
212 365
401 415
344 169
420 241
346 132
385 349
376 49
417 14
301 179
60 176
416 115
258 2
30 248
329 61
149 439
156 190
105 361
30 57
151 302
434 302
4 497
398 319
185 232
411 167
343 339
454 471
325 111
360 64
478 207
498 41
231 127
340 155
64 189
491 222
24 215
64 277
448 380
113 462
481 133
324 24
348 324
288 278
195 25
85 148
41 25
152 83
90 272
313 344
66 155
370 156
433 442
323 287
101 233
219 436
312 83
259 43
174 12
38 47
47 221
246 475
58 88
213 250
94 149
156 26
35 160
102 378
165 320
54 277
213 267
350 273
168 26
38 109
157 342
415 428
403 56
145 161
411 314
315 358
236 5
17 323
201 123
444 472
249 367
486 498
123 463
341 336
297 291
486 379
160 306
363 401
415 415
229 8
218 326
184 396
219 306
430 201
25 421
140 374
224 275
90 126
314 347
490 431
162 111
270 328
230 322
238 133
493 145
323 319
68 211
369 359
61 139
60 299
173 438
213 52
30 249
96 155
86 344
308 87
267 101
423 78
63 497
494 13
333 56
267 170
29 253
392 488
288 442
381 305
357 313
63 446
102 240
84 11
450 40
141 244
322 218
215 417
430 385
293 62
232 115
368 412
401 113
56 113
418 189
2 437
235 127
367 417
429 189
82 452
196 379
97 223
492 371
108 165
227 423
390 402
314 311
424 259
224 67
256 332
121 142
269 111
380 357
398 137
441 309
41 480
56 489
212 138
155 48
323 321
75 234
45 214
325 241
309 322
154 49
43 417
380 276
485 312
301 261
70 383
216 242
84 111
102 272
172 296
469 257
492 496
62 44
138 389
63 239
140 299
68 218
346 183
495 449
210 183
418 149
391 132
96 134
258 475
124 50
159 431
279 93
490 151
393 341
432 128
279 456
26 72
255 347
148 224
407 102
103 358
343 178
312 495
322 291
341 71
354 446
40 0
4 133
326 382
362 397
205 258
182 141
340 232
456 289
391 489
347 216
394 347
342 42
333 58
129 16
315 26
27 335
468 207
89 383
132 294
404 451
92 337
69 86
375 432
273 378
446 119
466 121
15 340
398 160
176 201
227 380
67 343
50 106
489 36
182 139
442 473
311 87
25 386
171 232
462 253
372 444
417 408
100 190
202 433
134 499
231 378
74 213
320 298
186 124
116 161
135 369
308 58
445 298
30 185
438 116
412 493
401 162
204 330
263 2
353 406
137 249
462 436
86 211
187 134
296 125
346 303
214 283
81 154
191 159
127 463
456 482
144 39
221 210
64 201
107 484
85 269
57 244
455 48
182 143
268 143
298 330
465 114
120 12
23 46
10 164
146 2
394 318
380 142
343 115
100 444
65 451
47 37
85 122
118 355
350 120
450 238
353 148
13 268
314 325
341 36
39 176
347 487
482 285
400 227
24 177
128 352
390 89
212 28
383 327
447 330
68 233
233 250
18 273
451 246
135 184
361 144
132 26
311 60
287 466
143 211
416 163
253 124
152 158
485 317
499 387
472 433
35 419
45 205
304 53
237 496
140 439
465 450
362 124
442 128
191 150
165 86
210 107
265 418
87 214
453 103
36 86
6 425
482 71
476 51
399 138
429 213
16 391
368 246
374 378
380 310
396 66
25 46
316 458
24 143
246 256
342 477
254 282
205 200
103 89
227 181
246 354
98 157
255 262
493 466
276 130
196 225
271 25
335 73
216 440
196 360
189 462
96 390
443 296
385 301
334 398
253 464
473 433
47 351
169 229
359 40
266 445
322 407
480 389
181 158
18 49
11 229
472 59
355 460
113 415
165 240
205 448
233 270
473 30
259 280
321 142
440 470
377 439
180 262
420 210
259 362
443 438
350 122
434 415
182 205
446 48
348 348
470 3
33 81
361 444
86 145
115 34
325 26
289 493
55 6
220 61
352 166
140 163
431 202
407 75
475 113
313 205
208 323
256 284
228 94
239 469
4 166
193 354
199 181
187 334
395 254
272 259
275 99
301 413
488 206
171 209
414 463
138 485
121 475
69 394
363 349
367 308
14 219
401 412
246 214
320 440
200 494
93 93
358 475
33 247
456 198
13 204
41 222
197 151
397 162
363 118
278 112
332 231
143 293
359 233
25 242
88 31
124 225
52 33
280 334
32 437
142 88
311 45
48 35
198 360
479 445
58 61
144 257
402 242
327 140
382 261
293 352
430 470
3 269
456 334
272 136
224 488
386 266
301 35
396 286
232 499
413 227
484 142
236 409
49 387
0 63
267 431
253 293
415 197
384 109
245 371
211 156
422 321
357 97
384 75
75 105
332 468
462 340
101 168
55 198
113 151
434 56
201 380
430 40
149 468
191 314
322 246
67 403
352 96
171 276
233 236
56 98
290 65
234 370
420 392
43 141
49 33
266 329
369 103
71 196
362 18
116 115
18 36
132 36
164 370
459 303
254 398
315 367
238 44
436 401
43 158
44 331
161 444
399 310
358 30
401 323
438 220
256 17
405 456
178 240
43 70
320 137
5 297
194 135
37 95
105 130
462 432
228 149
459 475
5 128
451 317
389 406
276 389
345 497
237 33
455 23
13 133
282 275
411 370
465 476
459 300
84 422
72 421
248 312
440 31
201 253
12 243
132 90
440 140
25 329
205 177
162 481
256 218
440 445
273 19
319 257
179 232
5 403
216 251
135 253
359 8
252 336
278 371
363 236
66 218
396 388
369 271
341 58
355 126
145 133
390 129
361 317
220 421
173 367
472 288
149 308
496 331
54 253
489 274
493 417
306 407
30 241
151 27
5 223
356 7
488 3
320 98
20 201
420 392
33 45
205 393
224 34
287 201
327 279
48 128
36 172
265 206
234 418
142 417
276 239
94 498
449 116
317 414
159 321
366 238
131 192
226 423
124 207
338 365
493 303
328 387
93 29
448 93
362 179
271 442
292 138
106 365
280 241
62 424
162 439
483 280
203 293
352 209
74 179
483 191
78 419
301 311
256 23
203 101
43 119
109 474
339 335
429 216
140 471
262 343
124 302
447 245
306 179
359 299
490 232
152 194
357 420
444 453
406 113
232 147
473 449
136 194
410 312
136 65
261 50
204 398
144 237
416 3
302 302
35 275
469 145
65 39
492 178
292 361
360 250
199 376
70 333
498 187
105 480
382 134
32 366
103 438
441 28
331 19
147 244
241 366
405 468
147 306
168 249
499 439
167 28
214 50
237 238
70 212
346 194
60 453
243 230
259 15
387 185
281 90
308 34
2 22
328 65
166 149
440 348
229 17
67 108
198 443
155 156
351 268
73 353
83 263
131 317
354 342
284 18
52 135
157 92
9 406
408 337
38 175
192 348
308 267
62 259
268 6
127 217
422 471
86 52
221 5
200 217
235 75
62 336
281 287
46 71
409 290
466 454
302 299
66 158
270 463
321 480
197 390
361 300
353 471
328 299
17 74
150 28
365 252
392 212
284 498
288 438
392 45
196 254
265 46
361 114
94 35
425 35
335 143
114 138
437 188
115 442
323 306
59 265
329 40
38 303
93 465
362 326
433 337
235 58
172 198
233 97
132 118
261 10
0 319
8 375
170 289
96 123
240 493
33 7
310 421
239 71
249 255
92 101
12 182
380 327
276 36
155 465
327 260
80 268
144 179
469 88
63 314
159 65
72 155
76 192
115 234
489 315
269 364
47 433
260 133
169 279
97 389
149 176
445 424
104 229
169 441
107 425
490 232
387 118
310 414
0 316
131 277
141 341
274 252
385 40
172 386
275 407
435 269
45 277
6 232
25 1
426 176
408 484
102 268
182 148
464 412
41 34
375 447
200 183
75 1
388 437
196 247
368 15
144 132
216 266
267 151
327 242
226 46
314 87
87 329
93 349
383 51
351 135
170 111
112 403
340 245
345 352
220 389
373 65
331 364
15 89
183 99
497 194
134 410
91 311
160 221
125 184
171 396
7 476
379 341
439 471
324 71
460 284
201 44
408 333
275 33
484 276
322 458
220 481
292 456
30 311
348 305
53 155
483 19
213 60
31 214
137 152
288 207
103 98
283 489
374 364
140 410
369 358
191 314
123 89
253 336
141 153
160 101
472 46
458 495
209 185
189 341
49 346
296 329
171 152
16 432
342 45
256 8
323 63
153 447
283 446
451 258
211 276
322 111
106 183
221 132
474 167
365 262
92 23
27 14
446 115
160 396
404 140
204 268
216 79
25 209
467 351
480 328
439 178
361 154
287 397
416 434
197 261
136 282
296 141
256 15
411 94
234 268
37 168
247 438
147 105
308 125
453 114
144 288
443 245
494 358
292 82
343 411
193 341
482 331
346 341
435 90
359 110
278 21
460 248
205 377
2 459
426 13
302 308
53 70
428 97
179 399
310 73
414 374
57 355
196 397
339 255
365 483
357 198
298 495
373 317
128 3
17 227
387 54
125 171
120 292
192 405
478 299
25 2
358 393
142 434
189 406
242 333
32 407
402 99
268 330
334 127
355 396
451 203
226 242
35 428
333 346
497 79
81 164
409 22
456 291
198 403
236 497
404 292
243 120
451 307
434 11
407 137
192 141
236 210
490 418
264 123
202 324
340 261
135 283
427 249
152 443
440 125
269 240
361 345
152 12
23 164
153 438
432 282
345 345
263 168
291 335
11 379
492 493
128 351
452 127
70 55
32 456
197 10
207 153
165 58
74 211
150 40
175 227
72 82
102 20
207 187
66 393
238 219
422 58
37 218
126 375
331 459
321 10
164 380
290 29
240 329
222 364
91 242
324 249
121 15
202 278
23 328
399 120
30 113
332 322
49 419
378 310
320 232
465 200
229 484
166 255
120 321
64 388
489 63
79 240
19 110
290 133
106 42
156 190
364 136
56 340
150 265
497 286
486 470
455 462
70 67
389 473
213 42
105 305
45 202
312 36
22 416
311 454
144 128
116 319
159 360
125 24
311 161
131 475
289 149
217 438
411 359
401 458
263 124
178 359
247 160
77 342
297 269
397 388
207 293
6 14
390 218
379 131
458 201
351 362
301 248
459 420
378 64
41 213
72 493
153 219
414 319
441 82
322 211
356 338
204 29
99 362
346 95
148 478
341 304
404 351
271 494
410 364
77 1
494 303
375 1
172 0
82 289
352 113
304 405
286 208
71 360
455 386
216 417
221 456
307 409
255 478
342 79
80 166
469 271
272 427
427 344
485 444
410 361
266 337
46 214
74 405
143 117
386 382
338 211
121 459
437 497
76 376
394 131
402 9
436 216
60 26
471 215
76 46
235 233
447 195
452 281
250 373
255 95
306 136
448 445
443 279
8 385
17 371
380 402
118 271
298 168