3500
19 33
158 82
369 39
337 125
148 248
56 88
98 486
299 5
168 400
378 382
281 462
415 373
489 38
207 260
29 402
287 67
149 401
440 297
422 371
471 277
218 423
261 27
32 168
69 60
294 201
163 447
172 427
465 78
190 161
63 25
92 72
473 202
0 94
317 265
394 422
197 288
315 464
133 459
371 200
253 54
353 166
93 416
346 26
187 411
288 389
461 103
305 380
326 286
51 305
80 143
283 445
410 277
236 451
151 395
449 108
126 404
172 302
328 71
334 370
259 368
471 122
355 72
210 276
434 33
29 261
59 14
143 312
115 321
216 232
192 266
22 17
171 170
241 46
417 352
220 428
50 28
453 191
467 257
291 163
277 253
267 320
484 336
9 263
495 100
218 225
94 187
357 241
287 265
117 450
378 56
85 189
380 281
38 38
53 200
453 329
1 330
18 73
336 486
86 27
104 183
370 304
397 198
316 79
381 37
93 285
475 260
41 30
420 207
259 431
261 474
156 65
138 114
100 175
202 326
9 38
195 159
357 231
162 444
481 25
311 43
303 427
309 286
345 196
128 230
56 105
170 241
355 212
239 160
338 308
198 294
453 347
430 393
338 162
188 92
487 171
450 499
137 143
339 260
342 482
439 319
412 250
314 461
473 120
428 54
200 311
10 478
372 153
167 440
384 62
85 355
206 372
15 388
0 343
178 206
378 342
92 469
431 290
410 258
312 404
216 190
169 12
17 226
19 393
307 185
40 255
127 244
132 247
442 494
53 132
474 472
442 431
221 418
29 373
129 484
174 341
206 345
424 195
440 223
260 295
50 247
492 153
252 30
376 124
257 194
19 429
360 83
354 461
186 434
418 383
76 315
13 444
140 134
358 289
84 80
180 470
123 486
368 172
148 375
422 97
378 257
193 441
402 91
25 47
282 440
255 295
239 210
345 268
57 231
164 55
25 493
332 344
368 1
376 52
149 368
126 150
443 28
119 319
218 197
137 496
291 352
62 393
13 382
114 407
314 71
416 130
326 340
193 248
301 194
62 69
72 302
182 40
359 15
213 301
149 77
429 350
95 440
323 492
251 109
32 289
419 66
258 448
49 245
291 451
372 202
4 205
246 444
312 187
340 105
35 377
79 490
282 464
308 175
136 105
394 412
478 168
468 165
410 88
39 17
71 201
407 263
60 76
115 153
110 224
101 307
149 145
462 180
207 432
389 270
182 195
363 136
301 12
452 184
201 64
117 343
107 125
53 376
381 19
243 168
327 492
489 344
376 329
113 451
222 436
131 2
490 256
121 495
179 292
208 73
269 232
357 325
54 376
395 410
430 435
279 490
334 110
439 269
72 62
498 52
406 146
403 130
477 397
41 376
301 8
92 101
278 70
298 302
64 332
120 45
35 495
457 399
20 221
284 248
300 445
91 282
264 58
455 346
222 241
249 348
449 376
446 194
496 228
60 97
142 60
407 32
432 30
251 364
112 304
249 387
22 264
323 341
187 286
380 130
331 262
138 481
175 280
8 436
33 171
232 421
453 28
410 491
356 237
394 161
401 320
437 143
336 423
61 112
94 376
490 441
423 425
206 480
416 98
122 66
487 302
182 206
197 293
30 92
105 405
78 424
420 358
281 367
479 108
336 195
136 425
351 326
158 411
10 409
475 75
229 484
190 315
108 263
207 239
145 490
267 312
23 75
442 187
147 304
499 273
198 484
162 488
399 401
310 321
248 261
245 138
305 477
92 287
27 413
255 299
463 24
451 22
209 486
143 393
18 209
193 494
482 68
470 355
176 382
143 132
270 424
253 241
28 75
340 197
496 407
283 448
470 312
298 234
479 32
241 293
288 349
418 434
141 270
4 388
20 318
94 0
241 143
70 200
397 121
381 263
211 246
58 16
103 181
65 208
2 434
284 306
92 290
412 202
442 234
404 417
269 462
457 498
50 362
335 28
143 300
46 216
85 354
387 456
164 188
122 453
259 18
160 406
108 352
86 73
342 50
365 490
340 463
325 174
202 243
43 160
229 197
51 89
45 314
2 439
244 61
80 124
383 3
207 92
17 343
394 145
487 359
322 111
285 328
423 499
160 340
37 466
55 389
55 441
232 452
365 57
33 476
331 297
390 416
260 39
36 407
119 6
469 24
204 293
293 254
446 127
93 305
194 336
129 0
452 249
158 361
189 169
467 191
460 372
263 357
264 220
226 300
324 383
177 47
301 380
7 322
127 100
288 452
452 173
274 417
130 256
425 432
475 319
191 392
101 435
155 455
107 218
101 233
280 431
311 130
304 434
386 170
122 431
456 174
443 426
182 230
14 73
392 459
204 490
277 435
242 305
23 285
18 349
132 477
459 151
437 443
465 264
47 323
349 87
13 4
86 292
365 47
7 101
443 109
396 211
368 220
5 139
488 392
221 376
379 121
416 180
296 316
491 382
321 344
200 192
484 187
234 286
239 201
162 93
156 182
403 58
49 25
417 260
136 38
11 490
170 15
183 279
13 467
163 26
218 187
374 363
1 54
107 460
54 241
423 269
180 210
87 178
439 229
119 356
346 427
443 482
262 17
336 478
5 127
314 499
214 75
130 188
1 215
456 237
359 55
117 232
410 391
120 205
61 201
129 92
74 260
277 424
402 188
316 465
316 259
335 130
171 30
97 465
54 172
79 54
138 265
156 48
253 48
250 129
221 167
427 379
303 147
336 56
21 57
317 4
486 189
219 152
469 157
181 316
222 375
141 112
161 360
261 149
278 266
433 11
242 499
147 212
268 397
306 335
339 141
330 123
127 325
335 401
70 448
324 368
481 144
5 465
114 142
408 118
481 245
244 194
406 223
472 243
78 27
20 130
254 417
95 351
104 233
182 430
298 174
319 6
323 131
273 176
294 289
34 34
228 275
350 131
374 486
13 174
304 305
222 34
237 410
144 317
99 341
368 178
36 250
381 187
215 359
0 155
41 361
488 387
18 269
255 338
364 244
49 121
155 20
431 124
293 244
85 427
457 393
143 453
492 493
352 376
383 207
420 204
91 424
45 408
246 109
354 153
274 462
483 255
379 281
25 266
45 173
418 462
416 2
495 413
289 260
320 199
403 173
449 240
149 495
456 495
148 247
210 162
418 422
55 45
163 297
322 80
42 208
62 240
5 310
71 57
108 295
320 391
131 363
358 269
264 132
380 315
329 264
38 442
487 247
397 93
173 2
210 71
312 68
378 124
33 317
464 301
192 141
4 284
406 176
160 215
382 22
287 40
334 211
459 325
271 173
175 208
279 444
364 237
361 443
113 95
396 246
387 77
214 441
469 244
459 120
494 129
22 193
404 281
459 356
30 215
423 230
26 57
295 55
498 243
338 8
255 111
189 234
27 494
238 255
227 496
478 49
242 221
355 0
208 499
214 166
248 90
148 490
45 126
369 295
303 43
155 207
294 410
405 196
303 321
170 143
45 30
103 148
148 139
138 310
476 208
299 205
195 76
203 447
242 240
135 72
132 397
308 142
338 426
99 213
208 493
375 269
417 253
393 479
141 417
126 383
88 118
46 425
224 283
375 249
322 466
363 11
153 454
232 171
384 344
337 331
101 445
198 65
44 18
288 443
179 185
155 414
191 267
403 202
303 415
233 130
141 125
431 96
120 147
343 163
495 356
301 32
97 96
466 352
147 493
31 254
20 326
446 38
92 63
478 201
331 396
373 211
160 325
324 305
320 280
488 167
51 315
263 290
494 149
494 82
188 141
320 25
64 61
124 118
319 156
404 455
166 150
327 278
83 178
310 151
318 255
423 299
441 222
371 186
120 435
428 217
243 309
222 100
218 159
167 346
301 389
392 72
350 320
498 219
371 285
40 309
460 41
263 315
2 401
188 134
204 474
135 468
69 447
458 357
56 139
29 125
197 357
29 273
492 399
36 28
189 363
405 429
244 149
50 168
155 98
73 90
58 359
158 208
418 479
119 116
93 474
183 0
273 291
42 213
93 117
481 431
360 134
283 238
258 104
55 185
127 265
124 480
188 185
165 134
102 458
284 136
136 196
339 468
33 261
378 381
312 478
112 211
449 24
481 247
284 208
473 36
16 411
448 450
436 56
367 113
249 39
235 151
471 237
350 426
307 4
334 229
440 472
348 298
397 242
302 329
217 181
444 127
77 233
142 393
358 366
405 9
12 460
197 492
418 484
340 400
129 77
401 175
473 421
163 250
79 371
404 317
445 149
234 201
446 374
240 376
237 304
116 497
489 250
234 166
66 259
189 426
101 47
468 90
192 427
150 484
301 272
273 406
107 246
121 7
384 53
210 213
211 473
223 178
344 200
312 309
88 262
309 1
443 189
468 278
114 136
260 118
25 415
14 33
40 484
38 135
348 276
250 100
278 59
112 325
487 475
237 276
277 75
116 47
177 220
356 85
55 291
58 116
1 432
417 72
207 42
318 307
259 408
319 420
246 389
364 283
59 85
160 454
1 188
261 128
65 30
321 469
438 473
405 379
304 439
481 174
481 11
271 152
72 92
482 443
226 170
255 346
300 138
326 267
248 153
183 439
409 313
138 356
88 347
138 44
70 392
255 472
124 52
496 379
322 48
71 478
325 48
38 178
298 477
131 217
156 46
211 166
375 417
116 350
246 315
59 255
227 316
220 166
45 203
103 217
195 367
268 174
353 372
350 306
23 3
49 333
351 32
449 112
462 78
245 66
321 208
377 304
471 400
455 97
314 368
88 58
85 362
234 356
14 290
293 436
269 38
422 342
454 473
51 371
437 269
329 297
453 110
362 206
156 276
145 317
228 470
184 233
441 313
103 419
355 455
345 396
90 477
450 267
139 396
17 353
150 428
391 347
53 104
380 253
423 209
32 377
462 151
316 68
487 403
359 271
19 195
172 56
176 109
357 474
327 315
95 375
222 330
286 486
92 127
189 18
396 367
370 73
141 358
262 186
457 481
176 473
381 328
289 200
26 57
224 146
373 353
183 320
158 95
75 469
488 102
469 116
41 236
94 339
377 182
15 208
33 186
14 43
243 415
472 303
450 269
475 197
369 323
271 10
332 379
482 198
314 172
408 303
495 355
389 354
63 372
59 405
448 448
215 73
377 44
165 188
237 179
354 140
151 458
189 477
175 335
7 171
327 341
196 415
269 322
194 438
343 184
485 105
31 143
187 200
240 260
439 205
345 329
287 145
123 348
183 477
0 150
492 42
457 179
1 40
330 79
115 48
5 25
169 452
153 36
296 208
413 393
223 87
85 111
311 362
191 60
210 347
389 44
223 54
447 199
130 77
477 277
303 245
50 482
371 324
384 203
448 167
107 150
261 23
238 192
252 424
271 429
473 314
221 13
212 49
126 168
297 342
439 455
437 452
276 489
44 308
328 161
163 493
368 435
479 424
200 106
36 83
249 324
337 361
262 470
490 401
95 240
195 288
240 34
376 485
293 369
382 420
265 473
260 45
321 134
240 239
174 21
345 128
342 424
394 34
287 104
345 385
25 382
269 392
377 265
134 145
417 171
496 16
413 35
169 257
348 234
256 261
242 23
299 453
340 436
40 193
430 127
10 237
130 455
73 131
276 7
30 59
428 45
80 379
488 341
76 101
215 336
211 184
137 457
393 362
408 329
457 285
375 338
146 319
450 5
364 219
130 78
475 247
478 58
400 56
9 466
302 476
12 224
181 366
228 149
479 426
212 136
327 288
107 87
444 325
44 409
487 160
407 26
85 462
370 385
203 337
165 380
456 6
224 177
326 138
416 304
293 157
445 480
67 120
445 404
165 363
24 341
367 152
467 283
21 304
141 189
421 224
82 306
483 378
368 158
463 162
319 136
117 256
228 117
373 184
400 173
366 39
43 424
59 85
390 362
52 80
157 31
338 325
203 239
398 173
335 423
60 213
469 7
124 177
213 197
222 349
388 113
389 88
173 432
146 449
381 63
447 198
376 38
130 137
310 431
355 28
241 498
5 267
296 62
111 481
330 361
475 333
273 71
355 216
17 446
362 1
52 399
289 161
150 428
359 419
299 460
310 66
333 40
454 315
148 129
491 65
398 331
402 318
386 23
322 109
110 404
155 36
197 162
442 444
364 347
159 302
368 163
56 470
137 54
35 10
428 138
469 378
48 178
202 371
480 435
191 24
60 442
457 346
290 257
456 399
53 6
22 115
437 274
180 78
440 427
65 215
446 368
47 34
257 494
281 101
125 89
31 472
318 185
294 340
92 461
467 250
217 145
271 489
419 7
434 451
19 212
432 499
385 465
311 331
432 142
83 93
65 57
242 466
307 236
197 36
138 251
396 16
358 356
363 20
471 129
341 149
0 342
307 274
105 385
379 471
64 38
95 462
428 481
69 190
78 87
338 118
135 217
425 87
107 345
474 140
141 430
125 316
442 141
26 432
255 399
437 405
219 319
153 385
427 499
87 222
341 5
74 277
216 476
173 351
491 323
106 147
315 132
125 231
15 109
9 151
408 271
442 298
183 479
479 95
318 110
468 418
47 11
339 42
246 264
439 12
11 237
222 45
128 327
436 347
351 496
267 297
96 111
91 61
157 279
242 70
340 327
190 210
104 387
151 29
41 350
440 91
488 52
231 14
213 117
465 20
317 64
176 232
145 413
45 119
189 154
481 287
349 381
268 171
52 305
156 272
215 93
498 448
462 203
172 229
249 27
92 137
221 67
332 120
91 367
373 377
16 280
13 207
230 365
171 133
405 283
376 179
479 472
28 226
456 441
320 52
42 57
476 264
236 263
482 309
186 327
459 208
415 203
420 472
106 145
428 443
474 363
188 157
383 453
246 216
268 339
397 67
331 310
426 373
34 68
395 260
468 73
276 355
327 383
381 48
492 285
1 309
466 466
272 189
405 350
41 18
85 25
188 290
16 417
337 466
78 50
123 232
439 399
134 251
152 119
404 15
325 496
314 257
446 143
345 86
105 203
229 387
29 190
459 269
235 45
448 296
381 313
212 71
175 320
439 347
362 327
323 196
453 39
183 137
224 252
455 28
267 181
371 184
453 297
194 183
331 40
354 142
66 64
385 418
117 241
420 176
224 332
371 243
232 30
282 406
287 308
489 237
274 54
203 213
396 79
120 250
392 79
144 326
96 310
51 29
57 214
46 323
66 134
164 269
176 151
459 298
35 463
369 449
162 161
241 425
175 410
489 213
391 419
230 133
14 487
53 133
457 424
58 451
221 375
26 74
372 249
212 486
287 407
421 433
358 449
359 162
227 385
305 200
334 118
105 387
372 200
124 11
462 329
57 182
108 183
432 435
421 480
240 496
430 208
9 161
175 140
26 220
421 402
20 183
422 255
455 477
488 294
476 432
466 303
486 33
468 75
55 271
267 242
302 295
308 49
42 164
384 483
385 420
455 157
412 257
87 377
171 220
4 427
230 499
32 470
45 69
340 353
447 101
248 459
361 101
117 57
392 255
175 2
159 278
387 482
359 424
496 474
254 382
382 0
470 336
405 266
471 368
321 97
409 270
224 69
478 270
377 341
195 371
1 52
386 207
131 240
67 245
127 479
331 321
157 361
480 301
21 63
12 451
74 342
264 421
43 298
139 94
465 420
324 335
42 318
59 210
307 25
4 126
447 287
148 335
488 456
371 128
432 362
204 384
305 6
304 320
415 201
121 295
482 232
51 298
8 24
401 110
88 316
103 257
444 387
343 103
84 285
147 67
451 16
374 203
24 108
161 30
325 439
171 135
433 308
184 74
36 293
109 86
195 124
363 64
168 140
425 59
126 104
120 424
127 429
389 346
376 3
442 51
186 201
361 466
392 471
264 46
484 429
405 374
290 31
171 121
180 310
414 448
372 158
87 386
232 352
355 328
379 108
162 150
468 417
388 375
273 360
141 153
379 109
141 399
20 21
332 312
113 200
358 98
485 337
189 297
125 69
30 397
47 357
126 44
419 367
79 367
372 193
302 221
472 103
124 443
108 492
44 456
407 221
58 254
403 392
461 100
497 380
89 343
387 44
411 216
435 307
352 342
63 307
410 154
450 387
379 386
343 58
131 275
29 250
494 189
289 432
165 307
151 138
182 254
470 390
197 445
288 405
64 49
56 203
91 326
213 6
416 322
98 408
10 47
88 479
264 4
163 378
16 429
183 166
57 51
348 6
263 106
156 488
44 328
154 64
70 487
309 219
127 486
385 259
239 137
493 473
203 3
432 9
175 72
475 467
473 232
339 323
164 237
65 347
411 208
195 71
291 333
171 4
264 270
260 56
29 355
358 253
262 85
157 142
109 290
22 132
307 83
320 213
60 471
179 237
160 323
156 374
231 451
74 327
235 347
202 334
439 117
202 412
406 54
344 359
491 15
450 218
284 298
122 270
359 344
20 301
28 20
323 176
356 111
310 397
83 91
60 12
276 23
429 262
121 182
49 125
195 464
115 0
122 479
176 237
390 482
2 196
224 270
381 325
75 80
24 191
55 158
33 84
347 183
365 314
439 320
137 267
267 135
466 104
193 389
371 142
338 83
354 225
403 63
495 87
279 478
136 19
456 186
370 22
336 155
327 87
354 128
263 464
68 121
363 81
224 113
197 86
312 414
329 403
490 215
45 325
196 121
160 181
55 4
159 30
469 392
20 487
303 324
297 135
216 224
337 160
247 292
207 386
289 411
478 388
213 132
105 23
56 262
266 265
147 112
4 278
117 117
293 376
11 420
496 90
251 79
372 334
72 350
261 431
319 362
346 239
262 385
499 451
69 318
282 117
395 68
185 286
14 364
137 478
421 25
457 133
319 172
22 329
112 392
106 283
374 283
20 304
107 488
306 19
489 176
97 89
227 236
101 282
113 242
119 238
223 34
58 76
257 43
287 80
215 221
5 393
49 441
429 25
397 156
333 87
28 386
122 430
64 108
350 75
313 29
415 321
250 389
284 325
257 359
81 71
316 324
265 438
315 365
21 46
134 64
450 206
488 162
122 425
0 405
286 324
146 166
407 54
379 248
107 191
262 137
461 188
478 430
147 227
273 294
358 168
227 259
274 161
86 67
472 396
221 438
456 111
165 219
467 215
406 44
33 74
115 20
450 495
74 93
387 97
118 199
311 98
259 197
264 85
481 197
487 89
200 54
273 296
11 365
261 240
167 270
290 295
142 282
375 93
42 68
119 115
65 160
357 430
15 324
373 474
63 349
255 212
8 263
480 29
121 372
494 93
240 288
70 284
229 382
302 298
265 272
284 422
352 330
6 142
468 220
421 231
443 31
294 176
57 304
28 126
219 179
319 22
306 460
194 242
392 36
160 349
271 157
339 444
438 475
47 345
76 406
437 468
497 371
175 83
61 406
437 203
225 281
93 257
351 384
272 139
340 243
252 432
228 463
291 91
436 167
425 338
159 364
235 363
298 8
414 411
466 360
493 352
109 44
280 438
429 460
55 52
336 270
233 307
250 64
83 24
215 186
402 9
224 374
382 489
252 22
234 296
148 219
115 79
17 109
421 395
299 447
69 328
135 135
51 302
179 385
423 487
496 394
120 177
167 220
94 354
150 419
490 181
260 151
112 105
0 278
77 386
214 299
286 146
300 202
439 338
325 479
225 215
392 173
245 197
51 411
331 191
372 54
57 321
427 485
263 169
407 279
79 192
338 122
324 217
55 490
322 115
330 232
257 47
245 223
134 2
194 148
202 317
491 418
403 259
281 418
49 18
210 188
162 480
198 400
391 338
454 105
190 213
112 284
359 447
450 209
358 346
163 496
414 412
24 154
424 318
188 157
197 474
306 399
151 360
50 4
462 42
107 4
141 152
99 72
281 0
346 401
397 491
256 362
368 164
482 280
289 293
119 170
421 486
198 425
282 73
467 249
105 96
248 75
147 246
99 199
101 280
272 297
159 350
14 28
160 28
173 348
371 449
435 144
421 292
365 486
87 203
151 185
260 192
291 399
451 259
39 390
39 404
254 163
191 199
79 121
469 203
152 104
248 340
133 440
426 169
225 350
35 13
57 376
128 147
406 348
90 431
335 298
461 130
181 441
62 5
208 260
216 32
372 213
153 464
485 357
60 431
444 62
439 447
95 1
202 419
350 353
3 292
422 37
478 465
322 103
215 41
73 382
95 431
247 297
7 248
179 85
147 67
14 475
329 438
209 461
167 31
175 411
448 22
339 98
53 427
320 161
44 121
404 393
42 139
240 4
89 49
468 419
247 236
27 335
148 76
459 236
148 315
190 134
84 96
375 29
191 138
111 195
440 87
226 15
19 483
384 318
90 460
197 353
40 337
413 76
312 188
356 224
358 460
409 46
75 443
433 284
480 266
205 44
59 272
255 432
102 431
391 492
197 192
29 440
16 237
277 294
18 329
141 133
179 377
172 50
187 107
225 105
149 19
291 431
215 60
491 399
391 317
10 383
175 440
177 39
186 192
373 306
440 204
433 14
417 471
78 105
210 104
475 304
235 211
272 266
165 450
119 263
498 408
200 129
21 174
218 377
36 207
263 91
457 476
447 197
154 374
330 26
182 365
76 305
72 269
71 348
464 89
350 190
320 314
340 50
280 193
400 58
1 316
292 163
360 459
185 91
469 15
232 16
321 151
272 160
361 245
187 343
386 325
491 37
439 206
399 332
242 219
387 151
314 244
55 179
123 27
394 240
108 92
96 478
138 282
27 220
64 499
176 66
455 450
8 168
352 395
466 259
410 94
338 354
385 76
455 393
486 8
453 201
179 94
376 401
121 170
21 256
322 185
487 198
218 278
25 347
106 70
16 491
345 368
297 355
100 231
91 252
454 86
33 44
445 485
155 409
17 419
456 177
227 192
322 444
291 297
219 347
338 250
118 235
442 36
119 415
20 43
481 210
107 326
311 366
128 404
323 319
348 145
337 280
76 427
76 11
358 219
469 295
382 49
85 440
207 325
368 56
266 227
405 201
68 373
278 69
240 196
193 101
233 88
367 383
394 309
29 443
90 253
154 350
142 472
297 91
147 350
429 17
71 413
287 187
256 139
187 417
370 496
436 380
263 104
265 303
98 158
263 146
497 188
12 417
8 139
341 310
179 155
420 271
458 250
241 207
476 66
62 428
161 347
451 350
5 276
286 216
363 455
143 49
318 212
203 155
317 326
333 45
168 497
247 254
313 478
396 489
269 290
137 310
160 430
59 88
156 165
120 345
395 371
83 115
122 213
392 139
184 292
289 225
331 204
34 388
229 145
287 430
240 351
133 424
364 400
417 192
38 372
244 389
4 433
498 179
318 478
270 242
468 2
58 411
152 151
148 92
22 233
84 435
359 262
14 218
410 75
448 431
172 300
85 44
223 28
7 84
326 42
396 129
393 146
298 455
399 45
278 298
234 274
36 215
433 445
21 403
186 195
496 321
217 359
387 81
17 440
334 246
376 344
342 231
38 269
166 492
291 437
211 444
11 25
322 100
3 444
492 195
16 189
400 488
421 85
26 288
34 439
135 360
443 262
31 477
322 481
271 49
346 113
490 334
434 357
302 312
8 289
331 146
134 376
462 83
371 407
346 340
52 258
20 481
311 496
329 404
453 485
98 452
287 299
157 440
104 73
215 311
457 112
341 398
481 443
350 155
347 353
463 49
382 399
247 483
239 193
30 429
381 193
344 128
420 20
446 353
16 25
489 161
59 325
268 330
337 40
245 471
372 36
436 60
44 254
300 35
316 283
328 330
311 198
70 173
378 231
256 16
177 395
220 246
428 88
481 341
164 118
154 78
139 36
142 442
478 35
318 442
273 146
344 499
172 436
167 267
283 402
297 276
22 313
401 18
211 302
420 234
313 375
263 427
369 304
339 405
348 199
346 9
8 473
261 42
309 32
435 428
204 445
258 232
102 78
381 11
246 165
392 153
80 411
67 155
413 450
1 406
267 113
438 347
390 276
160 199
127 51
496 95
180 184
114 254
118 134
152 495
1 216
479 44
52 81
383 46
452 465
430 237
84 71
347 368
67 326
378 8
455 46
82 226
333 487
122 197
44 451
19 126
170 45
479 498
44 222
39 214
451 348
419 469
337 36
214 119
127 256
155 444
171 434
422 237
434 356
307 396
22 479
24 326
324 44
119 355
70 220
68 158
480 21
409 339
458 169
278 124
68 437
372 433
170 91
447 146
394 105
436 106
432 268
312 460
168 108
180 283
294 238
111 100
440 274
295 21
145 398
188 73
6 65
157 60
58 177
134 456
63 304
72 70
382 347
308 236
20 50
140 488
89 314
440 252
273 29
279 87
161 270
335 467
379 19
196 344
301 289
93 182
104 216
63 17
254 487
389 371
360 126
440 30
134 301
182 232
171 407
29 313
133 332
352 216
61 12
154 400
435 214
282 247
265 39
26 345
217 371
497 268
150 429
82 289
373 284
191 264
77 44
377 72
288 210
75 81
333 201
267 81
180 268
308 49
395 445
168 186
306 464
245 165
306 456
240 327
91 179
224 283
355 20
83 453
386 496
197 10
91 219
340 465
14 271
69 0
186 261
225 237
255 345
301 470
149 61
241 42
177 92
113 317
270 33
29 48
58 156
227 78
43 1
272 67
67 410
171 193
431 106
451 249
71 38
99 252
146 221
313 192
9 324
209 278
326 131
287 90
168 236
237 15
82 64
326 10
55 2
108 349
98 338
376 59
163 22
95 328
20 310
134 408
39 382
13 195
285 365
454 301
168 305
221 191
53 102
104 47
397 109
447 212
123 347
369 176
4 287
97 464
225 376
258 83
130 264
481 272
425 267
72 435
479 445
47 146
193 32
493 4
68 442
290 293
469 192
331 11
328 473
349 280
363 405
169 460
84 345
112 2
290 361
306 36
182 269
153 205
209 228
170 499
292 278
322 460
324 261
86 153
433 152
57 287
247 148
345 78
432 331
44 457
345 222
343 350
408 28
256 497
496 469
99 426
239 140
401 421
426 415
67 487
274 211
211 476
406 374
57 56
365 338
61 102
304 211
91 256
253 212
182 347
125 101
93 281
55 216
131 494
333 333
45 50
26 460
334 108
17 432
123 391
493 382
445 36
292 150
362 36
235 398
351 396
30 361
429 445
439 437
270 61
463 125
85 167
276 342
274 271
162 293
27 249
285 8
158 473
9 78
476 372
121 97
458 327
272 3
440 239
300 64
189 210
378 116
458 126
397 6
151 84
334 411
419 178
3 119
49 429
154 365
462 25
205 275
130 272
11 329
393 70
132 164
280 434
412 10
368 238
322 309
73 19
50 8
128 492
274 53
418 177
55 280
407 232
4 260
89 37
107 368
32 335
121 239
102 164
402 34
195 322
342 76
85 268
113 244
297 65
94 387
19 68
300 149
261 426
463 157
25 351
38 422
13 57
73 159
45 115
290 475
403 241
9 484
228 340
405 122
361 377
445 352
1 380
158 98
107 263
466 473
247 132
41 356
367 261
228 114
441 413
154 18
2 344
37 15
138 82
460 442
146 351
84 257
207 148
263 94
68 314
298 81
437 315
428 339
305 304
217 9
27 246
443 223
239 382
464 480
274 229
80 276
34 421
421 164
259 93
408 184
117 179
346 58
398 54
210 127
136 203
302 280
3 163
397 97
77 242
471 214
490 203
476 404
68 376
470 397
433 179
210 230
288 50
104 409
36 38
94 167
447 172
187 248
345 450
45 85
151 422
477 16
420 493
370 454
351 341
372 192
274 285
335 435
344 414
453 292
459 380
404 399
147 406
208 91
28 492
266 253
122 31
25 243
49 394
87 247
439 401
38 312
247 65
479 225
17 443
175 284
183 328
234 79
22 330
174 295
48 51
82 292
36 170
417 107
354 437
190 4
316 145
210 228
306 63
358 42
326 323
4 33
112 10
192 238
385 135
38 219
11 434
456 472
432 399
337 373
378 286
284 27
108 46
110 346
388 414
89 320
354 67
429 93
184 466
453 473
192 69
355 343
316 204
455 312
37 248
386 292
172 267
314 170
369 132
46 276
96 109
176 135
81 450
269 105
79 265
186 222
66 123
327 42
206 234
482 283
427 243
11 368
391 451
83 325
101 260
221 129
117 49
0 398
355 198
315 121
343 286
410 1
43 261
495 89
224 101
345 329
198 4
455 356
33 441
201 39
20 486
35 274
172 137
187 387
8 380
166 354
356 204
317 428
18 251
353 165
494 94
98 50
258 44
485 54
93 291
129 38
313 113
103 16
404 337
217 142
497 264
468 236
164 205
308 286
451 34
129 13
63 297
342 227
281 321
464 179
218 374
340 93
462 383
220 295
437 366
130 438
26 434
139 451
237 190
225 448
313 40
189 354
81 377
50 383
63 215
441 15
460 133
16 281
76 422
140 236
26 14
300 271
74 52
95 292
92 311
203 320
26 405
282 392
128 459
174 333
200 191
324 116
249 160
435 340
428 326
192 75
198 307
211 344
136 272
435 306
478 228
486 490
235 4
316 268
453 363
54 490
106 5
18 230
422 356
34 453
28 350
157 78
422 79
203 369
27 411
139 139
481 6
362 477
246 216
79 178
21 51
57 485
67 127
335 75
380 489
340 221
299 260
339 349
70 74
485 43
34 98
456 476
454 367
84 318
349 52
455 15
353 370
349 12
439 420
410 37
258 171
432 102
451 410
484 123
18 22
472 321
297 404
272 428
98 103
155 356
223 447
169 111
475 76
349 371
408 267
438 259
361 18
428 222
346 164
38 264
437 216
121 10
290 235
190 393
101 389
188 198
309 324
253 358
81 136
255 102
361 489
7 46
268 74
238 288
52 466
183 277
139 490
77 304
197 430
171 119
317 298
122 359
69 126
115 375
329 150
491 370
416 190
116 499
287 185
3 207
336 191
33 186
490 475
257 462
82 39
337 428
140 399
378 312
39 61
64 493
215 369
411 55
406 132
169 28
87 45
89 172
359 423
398 122
85 201
241 8
288 19
418 430
242 428
342 296
141 134
355 406
313 357
341 266
146 220
117 10
34 233
156 206
181 245
447 407
267 118
137 40
470 55
336 55
204 213
199 178
436 197
54 54
172 249
321 395
257 319
404 439
497 292
389 413
320 178
296 336
376 439
494 433
341 347
412 330
360 397
94 463
17 296
398 1
396 189
360 219
10 154
298 265
178 360
38 187
376 350
289 187
472 104
303 135
318 313
62 67
30 178
327 9
10 47
89 225
296 406
412 449
66 159
19 62
102 96
446 409
96 478
434 87
223 69
234 238
305 41
71 297
306 336
235 398
475 168
74 176
478 272
283 339
253 44
141 302
211 355
185 439
27 308
229 120
210 102
143 463
112 15
203 66
465 270
438 439
467 440
64 365
56 445
490 347
1 309
17 483
422 213
373 202
174 301
403 102
65 384
252 398
465 30
300 455
246 282
74 239
456 214
159 139
338 12
321 1
336 340
53 338
393 111
412 278
380 419
304 168
66 297
327 408
363 383
165 480
71 462
176 240
231 27
39 187
41 69
409 360
51 377
340 314
92 296
215 253
273 324
474 19
279 339
75 153
133 143
457 240
332 204
83 485
172 415
337 122
335 65
295 98
413 386
182 135
240 357
34 397
269 13
205 360
13 400
395 280
372 499
55 352
337 57
472 139
261 362
427 161
260 96
334 74
210 173
382 368
118 302
316 268
128 387
139 373
153 142
141 35
387 377
434 196
187 225
87 259
420 449
397 366
441 180
205 232
100 3
157 440
208 218
457 325
198 189
331 97
484 203
81 324
372 371
448 15
126 60
361 387
254 47
79 258
342 47
402 137
429 443
13 59
385 137
326 323
272 435
139 9
185 256