3800
383 31
429 121
354 312
7 164
298 301
174 311
406 48
37 282
227 64
196 485
222 170
42 204
106 91
363 274
295 77
108 161
282 30
342 389
53 488
289 201
12 351
252 315
97 270
187 141
478 177
199 383
87 200
144 93
368 45
122 7
20 15
45 82
471 154
142 388
441 25
228 283
450 454
76 480
473 400
77 263
146 451
152 128
222 85
131 148
155 442
457 253
336 27
33 2
242 159
184 175
310 184
490 265
97 260
12 418
182 71
22 441
70 180
266 26
174 292
234 249
354 181
208 43
45 42
202 93
268 140
324 238
3 430
43 166
84 101
172 55
349 118
299 194
73 419
63 417
166 247
429 149
192 372
415 489
83 89
229 117
355 203
134 405
71 211
312 29
436 156
274 336
382 285
56 425
194 455
203 119
268 212
85 484
325 312
402 0
469 408
464 131
37 176
387 450
479 460
116 51
387 267
53 243
20 122
77 109
81 215
427 280
116 349
14 12
364 442
202 416
399 333
362 166
468 288
249 101
153 299
67 217
312 392
14 120
81 333
48 444
76 162
364 475
488 193
487 378
294 204
38 189
208 45
334 252
353 176
476 435
4 358
103 43
15 317
150 117
61 96
259 50
25 138
183 123
353 365
422 170
211 499
44 312
64 419
448 230
17 417
128 424
319 22
191 231
200 186
282 193
243 262
252 393
368 120
338 287
457 221
220 260
72 168
440 117
347 136
405 388
164 365
239 385
116 335
21 430
123 317
431 303
49 218
338 35
322 417
491 28
288 131
299 211
180 212
200 91
479 28
245 106
343 143
478 336
266 460
129 351
155 241
459 60
447 56
325 149
178 269
400 316
380 318
31 51
143 60
440 231
189 474
470 185
21 33
345 300
152 139
232 474
386 159
215 191
193 333
102 40
357 371
41 354
257 89
149 72
156 400
227 90
127 197
82 197
497 1
492 279
253 149
308 225
268 139
324 375
416 461
184 278
132 125
66 226
150 390
142 215
157 306
356 369
66 137
490 290
70 416
65 482
207 323
315 226
101 476
289 139
418 369
494 474
200 402
144 60
128 350
9 287
8 137
126 217
7 427
343 116
99 77
401 408
134 158
486 68
207 88
457 276
102 477
380 304
216 302
4 24
163 196
334 365
82 172
99 460
429 90
167 294
54 380
38 420
488 41
129 377
5 48
25 86
242 107
261 405
282 459
155 117
483 445
469 341
154 65
7 420
214 83
463 175
447 269
310 353
230 436
484 291
229 87
46 361
119 472
283 307
425 401
198 438
132 260
177 168
88 286
369 185
360 155
424 184
37 307
95 86
229 120
207 431
293 458
282 254
413 412
313 65
4 190
450 11
179 136
274 128
313 120
275 143
327 25
184 51
489 216
336 280
63 218
28 396
2 356
268 311
376 415
458 433
445 232
220 408
388 476
448 494
489 201
78 223
126 316
385 115
395 467
185 73
321 310
167 66
377 323
91 435
369 105
338 49
309 166
494 410
405 198
399 443
18 394
63 330
445 145
112 448
373 192
2 150
68 195
18 169
457 297
402 461
10 178
344 92
3 320
18 338
133 408
154 269
451 152
297 217
17 396
88 261
263 391
86 443
464 331
128 456
418 421
99 383
475 428
100 295
486 330
238 470
240 119
271 245
462 191
440 420
34 480
223 380
323 297
481 309
265 288
61 461
344 183
464 161
308 172
2 416
387 294
414 93
190 479
22 37
310 152
484 462
343 344
493 207
16 18
158 326
288 134
169 220
233 484
8 485
402 41
188 363
308 141
120 454
491 498
2 142
105 301
497 487
194 300
170 491
317 63
49 329
49 457
442 218
56 282
175 302
165 458
99 363
317 473
323 71
213 309
462 326
313 170
322 460
303 359
274 493
322 120
78 323
394 371
5 372
174 450
260 180
44 192
17 211
282 361
22 341
167 495
18 485
297 332
191 340
185 100
72 466
141 7
230 2
226 35
337 87
268 253
445 97
160 164
25 314
155 442
290 400
237 322
154 308
0 34
486 198
16 186
45 410
413 157
45 128
215 491
244 234
184 483
147 41
356 344
287 25
277 11
186 77
237 14
400 192
390 89
127 238
148 406
416 25
153 413
405 313
47 368
204 149
43 231
76 203
80 399
410 215
144 357
223 448
141 233
174 123
213 31
290 302
327 214
127 58
371 480
200 384
386 270
354 404
460 429
328 430
497 40
398 90
39 141
226 473
449 180
63 400
202 162
376 205
263 381
213 356
240 486
109 266
170 126
55 463
245 130
23 235
326 242
235 421
246 365
45 461
213 195
358 108
314 416
149 86
442 429
268 363
129 35
161 377
192 151
134 69
304 437
31 157
430 130
347 266
79 176
224 392
353 292
60 82
20 19
300 62
277 463
350 68
297 406
409 11
432 489
426 395
52 237
219 309
427 334
363 67
311 6
151 87
21 164
35 63
125 41
356 336
404 402
160 206
218 54
43 422
317 2
91 322
131 370
56 311
230 411
417 419
6 393
58 420
336 27
421 93
281 461
216 277
484 186
92 376
298 54
56 135
309 116
338 148
311 293
204 246
166 393
286 473
394 24
404 196
142 230
43 325
454 423
461 259
136 438
344 53
189 286
254 253
253 350
143 92
339 416
309 347
321 357
233 447
144 67
149 489
314 286
61 192
304 121
411 23
76 292
78 256
361 117
468 333
277 114
30 111
311 468
177 191
138 484
403 411
400 134
420 52
96 67
188 334
357 400
44 451
207 433
51 475
308 68
34 371
334 437
406 64
255 145
129 83
346 246
380 32
436 247
166 153
487 33
285 354
305 344
129 182
157 365
285 32
403 317
254 320
236 238
383 12
96 492
238 365
249 294
41 470
123 38
423 207
413 110
454 60
242 71
436 84
116 399
216 73
393 372
110 323
335 482
326 345
62 283
78 416
386 312
202 471
179 10
120 125
185 444
15 427
11 428
327 303
229 479
203 396
219 474
456 313
11 406
190 282
198 73
237 120
91 85
95 439
64 122
67 67
494 250
30 434
90 357
189 209
457 319
293 392
206 176
435 102
384 69
494 125
245 83
20 232
23 188
311 467
34 440
42 230
16 29
386 424
133 106
277 75
468 91
119 71
173 26
447 54
31 409
344 441
25 128
317 364
331 401
341 480
210 366
247 235
159 226
185 133
61 292
235 462
385 381
259 355
261 410
320 206
147 293
273 164
381 25
426 90
422 64
282 119
354 132
211 29
15 13
157 396
210 428
309 393
100 96
358 420
126 361
6 30
195 125
150 280
222 428
492 428
47 145
129 127
156 401
266 340
88 23
451 276
21 151
99 112
32 121
482 457
488 10
136 341
121 35
315 138
67 343
340 307
434 466
368 470
162 443
318 486
262 103
254 270
234 283
256 353
162 119
129 239
432 150
37 117
256 53
248 352
12 175
493 89
411 298
241 213
200 73
176 60
182 314
450 282
135 268
387 206
297 298
300 17
134 229
282 338
42 242
269 383
324 54
353 263
476 235
160 94
6 28
343 337
119 40
309 293
351 107
257 48
65 149
378 409
99 52
146 13
248 142
196 268
383 72
307 49
496 359
240 467
156 354
247 435
80 128
87 408
456 431
80 344
105 374
426 311
324 205
347 424
192 424
496 395
445 75
287 155
474 293
147 27
314 483
111 394
302 394
325 50
246 259
133 258
69 351
56 411
335 245
169 255
151 380
455 165
172 448
241 94
473 146
129 240
487 287
181 92
142 141
400 359
117 388
92 385
148 186
431 0
108 336
216 452
117 111
59 23
118 141
139 152
244 91
231 121
213 231
373 264
123 208
448 125
363 240
426 392
393 363
199 209
161 1
112 267
291 130
271 23
27 261
204 411
384 123
207 435
200 97
157 80
57 323
64 458
350 272
136 342
52 95
448 187
455 65
196 412
435 246
7 319
82 314
438 211
499 466
416 497
77 199
374 73
383 486
111 290
133 234
181 247
434 37
102 130
42 389
487 150
470 330
144 494
58 52
371 434
431 57
108 287
212 360
199 482
273 96
182 310
409 258
295 363
493 343
85 249
252 36
366 72
419 222
126 362
149 477
386 497
136 432
293 494
476 349
297 344
154 101
359 479
194 63
258 6
108 188
76 195
120 360
434 294
8 39
368 412
262 157
90 254
100 398
247 235
79 428
30 44
375 85
148 241
100 70
110 258
454 208
420 186
332 74
465 206
118 340
350 333
439 380
279 440
27 39
319 378
275 106
191 349
443 150
72 191
449 43
103 182
368 255
181 375
81 52
393 146
479 199
80 243
35 270
161 211
441 62
20 481
182 216
219 63
254 477
372 291
474 55
311 475
202 194
247 344
491 283
483 492
235 322
93 415
478 122
36 106
439 419
136 56
471 122
451 355
498 225
132 324
151 472
167 295
140 354
137 266
258 131
453 472
239 345
319 398
5 217
137 355
263 296
418 125
332 234
311 370
46 330
303 443
239 197
51 322
440 231
362 41
13 198
43 167
418 253
322 362
69 275
71 459
84 332
66 342
64 268
99 229
172 110
307 254
428 263
494 211
252 368
66 208
228 117
370 461
175 146
273 193
4 244
428 344
186 441
209 346
75 250
360 308
414 99
363 20
231 342
210 209
270 335
452 128
441 498
496 323
368 116
212 269
113 224
165 140
338 152
402 375
35 265
365 115
135 450
144 80
289 218
53 355
335 411
409 357
180 277
393 257
26 400
125 458
450 492
144 142
17 289
406 398
13 405
207 271
351 0
70 351
58 493
404 123
481 394
23 166
423 13
266 268
226 302
294 243
385 177
318 438
336 255
160 224
348 202
202 367
70 199
44 273
248 129
375 301
467 81
447 398
166 390
192 213
308 245
274 338
276 193
448 92
168 465
167 460
327 368
420 221
494 250
231 464
265 95
28 106
356 232
475 475
40 374
119 19
358 348
42 393
337 486
303 490
451 358
226 322
44 130
232 146
463 390
485 463
421 80
165 14
341 277
4 140
11 382
230 475
369 221
60 124
467 58
268 363
186 270
400 347
345 82
472 485
448 308
389 310
324 370
499 54
46 17
399 3
479 409
131 482
106 200
110 191
406 73
343 231
78 92
174 96
81 423
232 499
309 29
251 473
379 485
2 251
106 425
334 402
236 437
489 465
8 342
416 452
183 415
359 111
207 261
184 386
237 288
170 268
241 46
31 421
24 472
397 385
287 483
272 232
49 23
218 262
214 410
177 134
97 397
158 388
126 305
445 194
315 363
261 115
389 408
381 292
178 265
248 278
362 317
193 21
283 264
26 263
249 349
246 203
443 346
151 256
302 70
285 97
64 117
26 47
191 453
219 259
37 221
391 319
340 252
368 436
199 475
176 394
97 448
294 274
30 392
462 298
247 185
154 248
147 311
117 32
291 338
60 188
7 181
433 451
239 200
175 301
47 438
238 352
478 144
36 32
182 361
46 351
451 429
93 200
85 98
288 210
398 376
409 200
3 257
457 194
495 242
180 485
189 42
38 418
303 167
28 427
130 485
267 74
127 81
31 360
70 212
440 171
372 320
77 350
44 375
470 35
372 392
286 150
421 61
228 177
456 76
413 257
183 86
19 180
40 162
226 402
73 462
282 167
369 445
173 212
99 265
157 143
145 471
32 296
473 418
346 112
221 429
367 260
440 405
419 386
288 333
295 146
165 361
159 430
494 34
299 184
179 93
64 309
105 176
447 448
60 430
211 293
53 134
39 78
316 346
179 310
456 104
317 326
108 121
7 328
364 102
47 159
320 43
72 463
411 277
207 19
312 324
458 270
200 218
64 349
159 16
472 95
273 468
441 141
470 382
336 301
460 186
82 384
347 280
409 154
25 111
287 468
238 189
407 245
446 290
306 323
270 457
425 130
271 44
278 219
20 93
280 114
350 480
112 362
368 50
161 373
341 393
82 448
45 79
221 342
17 343
300 27
9 288
332 78
297 280
226 462
76 317
149 6
220 427
329 113
486 440
185 490
290 327
258 119
461 187
30 479
358 479
119 182
260 367
499 303
265 409
78 225
83 193
472 79
192 155
95 301
291 30
209 132
252 433
120 319
150 213
44 2
185 8
227 15
318 297
207 227
304 83
129 285
365 240
395 101
403 409
292 343
475 194
480 1
321 227
293 100
103 471
332 189
205 140
437 59
138 375
311 144
282 295
35 440
41 499
260 282
125 444
491 52
406 453
32 471
423 227
50 325
367 26
18 382
294 72
299 456
452 284
79 110
50 86
85 114
397 92
388 198
250 374
327 379
350 156
235 360
37 274
152 138
20 256
180 23
479 166
451 480
90 283
370 30
145 493
85 455
5 394
268 473
205 256
264 448
160 55
181 352
490 49
306 186
61 362
29 486
466 40
323 480
10 409
402 193
1 7
253 339
164 6
114 22
322 369
277 231
435 482
31 310
348 425
139 337
176 409
449 168
148 494
403 125
170 11
370 157
496 23
30 124
146 13
382 496
79 468
302 159
470 14
291 333
23 318
228 283
451 199
193 29
6 452
463 449
106 177
200 185
309 455
468 82
431 307
127 202
362 10
377 429
115 184
354 20
303 138
189 434
316 107
59 234
183 322
499 374
59 142
449 200
282 221
28 269
471 213
76 156
437 185
221 305
325 52
42 428
362 481
88 231
318 178
1 147
373 353
495 0
52 432
153 296
417 187
252 34
42 241
426 328
133 479
384 0
428 311
292 426
10 142
321 380
27 328
181 174
174 252
184 29
177 79
266 190
224 95
336 18
199 266
97 114
466 332
143 481
408 394
37 435
315 270
98 210
384 194
298 131
160 410
489 483
25 338
285 107
126 101
219 473
87 325
9 316
150 54
300 153
440 410
180 189
399 108
154 278
409 135
46 453
288 422
112 35
495 165
266 397
370 121
298 337
5 309
215 159
312 155
65 368
57 105
213 97
375 309
444 219
172 137
411 490
378 312
477 23
272 373
346 95
432 494
155 496
155 438
445 223
91 320
277 11
108 0
309 490
61 336
325 106
448 86
398 88
463 326
51 228
323 87
81 249
97 256
46 88
311 253
425 491
354 254
255 202
44 315
3 416
22 105
43 180
268 323
149 294
22 83
170 53
154 197
305 103
191 252
357 351
195 355
109 134
336 401
216 216
133 232
189 71
251 7
330 233
27 371
306 332
237 401
98 476
79 391
143 404
107 123
478 352
486 302
204 439
156 174
406 272
196 289
148 96
329 299
171 479
311 208
109 329
306 48
291 59
463 237
212 287
139 71
225 190
482 478
152 281
54 138
279 59
155 250
49 427
406 336
396 72
402 69
469 357
416 60
297 261
400 232
155 362
404 39
369 232
14 386
24 22
81 68
170 303
231 88
276 71
144 489
411 172
29 398
458 232
345 297
381 107
469 245
137 36
269 374
112 6
380 135
55 137
292 461
401 225
148 375
217 29
201 144
42 128
212 82
232 352
312 58
303 113
2 133
359 292
299 123
258 472
461 31
345 313
390 253
129 246
276 38
183 198
326 329
264 77
430 390
448 496
461 94
227 104
396 315
438 87
411 47
79 48
213 372
125 424
22 103
494 106
304 150
332 29
106 482
373 96
444 388
482 321
425 257
73 210
149 174
73 363
264 60
432 4
428 477
433 409
16 303
453 427
308 320
303 137
233 414
303 28
349 29
139 137
199 127
153 212
427 348
260 226
231 191
21 192
102 11
166 454
233 470
290 472
109 41
307 445
325 195
224 110
248 175
154 215
279 447
148 159
237 207
250 408
453 468
332 271
77 407
377 498
322 310
203 19
317 432
127 11
121 142
169 203
419 221
21 175
334 50
257 21
429 72
392 360
131 234
141 224
75 209
371 18
390 249
181 75
86 207
201 160
216 59
133 371
46 487
37 6
27 381
305 147
7 308
43 197
274 138
199 184
55 201
450 423
350 297
356 132
144 288
199 57
428 360
199 332
190 327
60 237
384 217
378 365
62 243
233 421
457 336
389 285
208 364
161 340
324 58
346 17
427 468
181 45
230 207
34 232
469 420
490 446
311 205
300 368
141 226
414 34
319 450
315 304
144 27
437 328
198 320
140 283
180 125
332 321
406 262
35 219
165 375
433 25
245 329
55 233
119 238
188 469
125 438
317 355
184 121
441 254
389 382
7 82
255 422
184 191
262 161
389 219
96 428
257 174
407 341
431 164
485 379
317 120
327 111
84 135
389 11
393 26
108 131
53 252
296 215
377 237
457 58
338 266
292 405
99 95
111 51
430 30
2 449
412 248
383 330
341 496
22 124
107 87
191 482
198 160
250 339
398 427
45 59
464 236
184 337
388 63
94 147
96 319
67 448
278 8
5 302
278 472
411 27
362 386
398 454
294 60
487 148
207 192
280 384
221 172
87 464
112 109
280 181
130 60
69 199
353 260
84 74
453 132
370 495
450 315
227 120
269 244
288 66
450 328
352 68
385 23
133 440
473 349
409 265
465 455
216 330
256 318
302 300
148 210
377 24
145 450
194 457
23 266
446 334
254 326
349 151
91 491
340 334
100 416
372 102
432 417
87 440
92 189
251 390
266 240
42 480
437 411
29 236
422 313
139 328
479 177
168 340
175 70
338 361
315 127
44 210
2 99
140 131
373 95
187 391
224 140
403 230
318 161
474 285
113 93
122 113
306 92
14 142
355 481
460 352
415 170
270 356
339 417
364 410
154 213
205 404
486 230
391 108
393 156
249 366
331 6
98 371
366 137
470 464
317 221
392 430
138 232
1 14
276 478
191 366
270 430
160 396
356 108
264 404
122 250
108 14
237 453
443 59
23 103
325 265
48 192
276 69
83 186
164 278
144 359
142 355
103 266
374 154
58 312
414 138
4 180
486 374
433 242
197 281
46 309
1 374
443 94
281 278
408 26
386 445
153 52
170 28
34 108
272 396
386 93
125 186
61 391
485 463
244 346
155 34
409 143
89 9
139 352
379 370
168 47
451 117
497 173
133 121
369 31
476 258
444 255
498 454
417 357
204 483
370 14
157 211
220 279
131 246
469 359
258 362
331 489
14 209
182 180
64 499
257 51
159 40
346 54
411 157
493 264
130 467
179 363
142 287
385 251
111 125
340 206
47 221
431 171
204 413
413 465
17 268
160 22
76 28
185 7
123 488
455 178
41 253
392 486
238 35
161 129
336 201
422 1
24 235
149 205
171 228
348 414
288 40
68 9
368 365
205 105
284 491
244 12
499 177
213 488
117 89
290 226
79 305
41 212
270 455
36 42
308 293
333 384
245 96
313 253
358 113
104 18
383 494
172 200
188 382
323 237
315 306
111 113
177 394
201 4
398 447
240 237
122 58
155 425
30 367
333 468
339 389
235 437
490 222
456 259
348 178
336 279
392 163
409 448
304 421
369 111
348 55
113 461
239 322
42 268
89 269
10 375
164 428
2 246
357 154
333 458
89 206
369 21
321 481
254 131
242 126
181 123
437 442
265 146
415 28
297 159
34 356
136 160
406 198
205 138
448 115
321 390
411 37
370 43
174 233
359 124
100 268
210 392
38 389
417 327
486 305
13 214
226 372
423 149
287 132
248 128
18 87
124 421
464 429
14 346
471 138
406 373
117 423
312 469
296 8
165 229
295 283
155 179
180 22
6 78
58 320
407 106
28 76
358 32
378 344
335 372
98 201
124 241
62 67
427 436
17 359
494 93
124 313
187 1
432 304
476 45
152 490
419 384
268 32
376 277
1 498
200 211
305 451
19 324
113 367
78 446
391 482
147 72
426 367
24 334
380 358
348 0
384 384
416 267
396 152
151 144
208 398
349 203
379 365
232 220
167 344
327 163
87 410
278 474
161 13
371 154
154 393
277 220
339 391
395 45
41 236
486 398
101 249
114 187
408 333
177 199
362 427
189 4
331 449
315 319
473 492
385 186
258 128
371 14
59 450
38 266
165 452
202 24
63 118
451 316
367 471
250 481
337 229
31 440
259 168
12 346
384 233
213 397
263 143
93 84
202 174
127 483
7 219
190 329
497 70
394 141
474 365
446 144
84 312
332 477
175 344
429 345
94 60
55 142
78 358
32 0
483 280
0 11
340 490
412 190
183 190
55 306
303 10
322 1
331 239
83 154
499 6
418 12
6 446
304 473
473 84
217 188
200 456
298 217
259 392
82 63
221 294
304 489
343 24
264 478
133 26
32 199
64 484
430 303
276 70
7 86
127 102
410 224
293 327
71 209
124 404
198 154
495 345
370 355
333 338
216 486
185 318
155 101
404 101
172 437
376 32
134 31
255 3
182 45
106 400
304 253
259 230
75 354
61 255
445 297
135 395
65 162
263 173
274 72
362 167
199 298
329 238
93 186
83 436
336 275
28 189
271 140
347 288
395 198
496 408
155 340
354 483
156 73
145 117
136 431
81 359
449 188
374 411
347 42
317 457
498 36
28 198
338 269
467 375
136 233
425 315
151 291
364 280
249 307
90 362
73 238
426 172
435 23
65 152
461 134
170 235
433 311
80 51
426 123
356 399
67 414
206 133
413 218
377 422
136 15
105 468
492 210
233 31
35 279
413 150
237 348
159 436
487 22
145 91
342 265
180 353
487 409
479 238
160 252
267 357
177 297
359 224
107 21
300 444
446 142
342 213
1 184
206 1
444 488
106 352
57 287
48 138
376 44
297 380
89 388
37 416
141 266
139 396
340 248
243 439
4 287
323 85
439 6
346 29
233 235
374 304
442 291
187 423
155 318
207 484
253 244
362 244
493 394
494 1
440 185
324 89
27 296
302 147
29 466
201 1
305 262
405 428
351 100
418 93
429 358
102 477
74 182
428 316
317 67
252 275
364 109
405 77
76 391
209 60
61 105
220 263
191 218
318 125
70 394
252 89
66 0
34 206
22 492
59 315
90 339
448 164
93 454
198 205
265 169
275 407
170 178
249 495
472 361
255 419
8 395
247 359
65 427
419 281
96 87
426 331
495 38
493 226
284 88
257 43
450 401
80 384
231 121
334 181
100 56
451 442
301 461
240 198
331 367
454 11
342 280
318 233
311 189
129 163
206 95
497 239
123 9
130 429
462 355
411 316
258 414
375 214
412 60
427 467
479 95
375 233
466 173
363 46
61 278
225 344
83 268
277 74
3 59
266 259
427 465
380 177
243 186
98 107
75 7
102 25
110 406
79 330
376 429
207 294
139 437
57 284
359 222
281 186
297 214
180 47
76 225
411 412
371 171
178 9
386 298
204 281
463 348
277 284
430 191
480 336
121 69
144 38
224 332
46 277
177 374
99 78
490 253
277 362
223 214
12 455
88 461
309 217
353 51
242 87
423 283
353 223
113 396
228 497
126 189
63 275
353 303
409 162
376 196
410 186
141 99
60 422
139 230
133 370
309 344
128 228
303 84
333 481
330 416
457 61
188 456
260 21
35 394
90 169
355 412
11 352
274 348
430 424
146 266
110 64
292 455
391 238
71 447
363 224
286 401
210 320
193 326
220 470
491 229
493 310
14 198
46 356
280 141
407 477
393 426
381 369
460 185
484 125
349 383
285 199
371 487
314 347
169 65
146 34
197 160
358 139
495 211
352 256
233 128
54 111
333 126
163 288
413 293
176 499
198 262
250 313
12 70
135 416
450 181
193 133
272 499
63 403
160 119
247 267
379 245
224 154
442 64
357 239
239 355
469 385
51 437
7 71
487 415
97 494
127 290
289 290
46 251
223 352
120 58
303 470
476 351
415 27
119 418
125 124
361 358
295 95
18 264
180 155
149 6
296 277
419 129
380 85
290 317
375 455
426 410
113 179
58 402
173 28
152 29
387 298
245 365
130 35
190 264
270 310
439 191
320 418
3 210
28 53
8 145
407 403
434 286
41 20
48 345
374 66
364 52
418 262
149 462
226 48
210 339
382 348
266 149
359 55
460 121
267 239
143 320
459 174
47 429
274 0
418 95
0 149
263 134
96 270
318 412
103 174
22 380
29 485
392 140
114 240
480 352
173 381
407 475
404 132
484 454
402 179
180 254
388 254
24 443
355 485
159 194
74 310
147 34
26 455
195 40
392 140
373 27
2 417
401 281
87 407
438 237
491 341
95 118
61 380
217 119
313 268
78 228
114 387
194 225
265 141
281 390
269 10
279 155
288 272
31 33
270 227
69 469
439 114
346 164
136 0
120 415
143 449
189 198
275 258
251 383
125 393
255 384
391 247
371 386
419 31
259 402
223 42
8 180
344 162
14 354
269 332
282 486
36 264
374 323
58 311
56 125
362 36
283 311
50 253
137 154
408 469
363 396
76 483
145 371
77 272
105 11
497 198
463 239
414 33
196 337
315 472
360 253
416 29
134 143
149 466
288 271
19 57
40 151
375 447
220 37
400 304
3 177
268 249
282 466
155 182
6 331
84 322
351 367
362 352
319 338
109 12
421 459
462 129
76 314
203 337
142 148
177 104
353 497
315 445
127 488
319 470
145 486
353 255
107 348
186 67
79 278
237 296
277 353
19 200
389 205
354 222
178 383
380 31
329 384
372 47
18 308
294 43
150 15
363 499
67 257
388 50
198 498
351 477
29 327
32 222
445 419
154 238
122 475
359 387
434 451
259 83
478 304
319 406
405 128
238 35
437 472
471 126
103 135
462 174
397 133
404 346
85 194
21 58
297 207
10 381
316 232
388 269
27 295
423 208
95 433
257 161
139 32
167 80
255 243
228 481
179 4
50 132
42 264
323 71
304 340
424 333
455 121
416 164
372 482
415 191
205 319
351 25
105 344
87 370
351 360
216 167
299 383
147 266
190 194
386 323
156 494
115 310
474 463
446 383
75 199
18 213
238 280
476 222
92 344
56 416
83 296
179 125
243 235
429 178
1 433
428 315
477 10
473 395
279 303
354 271
485 206
338 225
447 75
271 314
230 39
187 180
305 166
401 366
45 400
334 330
497 46
408 114
361 326
481 382
153 492
198 336
413 490
66 36
203 360
251 189
369 285
451 439
157 26
427 352
34 202
101 113
79 383
61 9
243 440
433 43
379 397
387 483
20 292
4 305
347 75
360 107
46 216
95 164
368 56
258 22
487 255
138 211
221 66
358 200
243 464
213 291
275 474
118 453
110 147
74 122
229 457
26 434
450 128
184 121
143 319
74 294
6 482
48 64
116 79
395 406
50 211
37 461
266 325
324 155
129 376
334 398
184 211
339 360
481 135
306 375
21 476
458 232
148 379
310 358
264 117
180 58
19 166
343 218
225 285
161 167
417 355
66 347
59 102
89 257
484 392
220 247
331 357
237 30
388 479
448 47
105 5
171 129
199 476
261 15
34 424
279 275
474 452
406 197
306 34
278 347
446 142
0 499
381 277
108 237
136 270
275 57
186 94
70 298
165 237
161 332
459 200
4 293
342 433
467 262
109 149
291 98
449 407
184 143
380 330
100 292
201 369
463 227
378 239
476 33
365 43
95 138
283 176
110 99
361 125
274 429
27 322
229 418
61 476
307 265
410 294
163 259
339 111
203 126
11 217
112 179
169 229
405 208
307 452
78 15
445 21
195 204
474 324
301 277
394 388
182 460
71 304
268 197
175 410
479 471
2 186
415 92
300 24
476 173
188 459
332 406
463 485
310 28
157 437
177 111
423 51
208 211
408 346
257 476
299 83
122 88
180 301
325 389
62 480
292 154
412 251
236 124
4 227
17 46
9 13
65 194
406 284
131 273
101 314
250 240
328 400
53 224
113 361
193 231
237 176
279 485
462 1
229 367
266 318
332 246
440 275
412 249
374 346
13 395
487 475
227 115
339 315
28 132
363 452
480 222
59 452
454 259
127 21
340 183
429 393
20 24
273 369
68 284
179 147
474 433
48 18
334 201
333 387
191 214
436 49
1 172
283 348
369 455
138 262
7 61
437 419
289 380
164 210
209 209
142 196
214 183
236 42
429 400
467 422
471 472
144 403
251 324
280 280
42 473
386 270
190 402
282 324
386 331
392 298
346 96
131 386
428 61
313 220
142 209
181 280
36 465
289 178
458 139
112 421
44 352
254 351
175 86
417 36
187 61
9 161
47 33
446 493
213 475
184 260
392 355
172 365
395 280
420 313
87 205
58 384
235 131
217 164
53 262
176 486
147 240
273 185
30 194
21 72
184 243
450 205
422 76
357 122
436 170
375 129
13 23
6 433
450 101
215 223
61 3
95 391
429 208
254 220
292 459
203 275
332 476
405 153
128 254
276 114
243 416
291 152
437 108
209 297
372 387
242 425
168 433
141 337
58 97
57 247
22 350
327 112
117 354
460 232
198 245
13 237
241 441
401 304
453 178
66 111
388 325
258 160
498 408
358 251
350 56
258 415
379 372
78 437
21 496
94 391
128 219
160 107
264 369
399 62
25 217
43 317
478 265
25 153
257 476
384 383
150 107
332 142
80 29
378 410
153 101
173 324
283 281
2 185
99 47
117 254
71 124
241 12
165 49
25 119
2 274
234 409
404 153
34 418
328 484
437 264
88 334
115 110
296 372
271 470
224 395
372 388
400 295
345 465
84 418
44 222
484 439
92 130
48 388
224 478
243 229
63 161
124 183
407 30
0 272
19 179
419 76
224 243
61 172
442 421
143 497
436 486
117 127
367 380
211 17
246 91
105 454
137 309
340 229
353 45
76 192
269 224
468 495
19 345
266 381
378 461
300 261
241 167
47 269
286 108
200 258
64 33
342 305
386 202
99 34
227 91
315 27
374 496
193 283
164 394
355 459
220 395
62 7
276 313
422 461
220 63
448 474
131 136
190 290
325 369
460 289
316 404
400 275
411 191
437 445
404 427
322 144
152 476
290 236
198 428
343 64
38 418
54 291
434 21
390 97
386 111
15 202
477 55
98 267
212 240
168 35
179 116
444 342
79 183
112 234
298 277
47 307
99 188
209 453
50 385
496 451
153 289
196 11
278 483
223 294
181 490
458 243
438 212
396 402
489 369
146 360
19 139
328 45
350 118
3 389
193 253
42 351
362 346
181 90
236 140
482 257
352 417
481 440
195 290
159 229
441 184
323 157
54 461
431 3
245 405
158 287
138 438
136 52
142 1
493 318
427 378
147 476
268 279
70 480
210 463
499 81
239 151
464 323
178 293
50 396
183 423
361 60
112 321
174 350
20 106
484 168
496 447
226 483
464 264
80 148
230 174
177 79
402 321
114 494
390 81
356 17
77 425
98 218
420 42
148 273
441 440
387 485
468 437
53 465
114 432
458 133
213 344
165 136
482 467
400 131
148 372
149 257
327 78
120 247
20 247
39 268
253 313
102 426
391 74
6 156
289 357
201 465
453 354
322 218
202 435
159 74
331 350
280 308
55 10
109 400
21 428
93 148
426 126
200 196
352 318
27 207
24 493
348 81
299 329
116 170
244 1
204 275
435 428
438 484
237 342
270 400
48 110
236 364
60 475
145 437
496 264
257 172
253 372
201 105
127 405
258 317
444 224
152 462
299 379
221 442
342 388
498 344
60 243
70 234
23 472
236 215
239 371
243 345
451 345
250 296
465 430
154 8
323 261
140 158
101 474
362 214
410 295
390 212
446 470
294 460
175 322
45 30
375 267
112 141
437 178
109 362
222 255
16 115
274 397
371 9
75 375
22 85
297 485
455 265
225 96
418 249
131 253
20 463
104 358
389 132
346 394
1 498
113 420
170 369
378 387
114 41
479 453
438 489
106 276
224 245
346 331
436 494
310 477
188 456
440 266
160 77
427 138
411 13
383 392
132 81
474 113
67 98
87 453
82 357
103 45
377 306
153 449
279 165
122 463
229 467
396 414
405 242
255 323
215 316
397 490
104 347
446 223
177 171
380 385
431 259
417 483
285 160
325 70
33 416
235 299
66 115
357 131
454 471
139 464
455 21
221 388
111 59
82 167
404 288
399 314
150 335
347 169
239 435
203 173
324 125
240 438
421 390
361 449
265 227
100 352
240 220
131 321
488 352
492 65
380 245
80 392
61 30
317 280
305 152
277 372
162 129
20 369
170 83
162 233
86 436
156 262
84 326
30 140
57 424
169 23
267 437
319 102
382 328
332 136
360 187
316 462
331 22
105 188
422 2
438 119
382 360
38 446
438 466
390 69
92 496
285 412
14 359
39 105
93 396
435 371
333 454
328 103
292 17
371 434
405 66
426 161
459 287
105 464
385 398
246 348
260 329
40 31
488 274
22 79
303 82
388 309
412 488
357 216
2 56
122 228
389 408
47 400
217 201
99 153
1 102
432 345
376 113
239 324
404 217
299 261
70 59
399 39
255 334
391 257
337 110
370 365
118 79
280 417
70 335
289 379
76 423
36 73
398 304
21 275
388 154
65 172
211 310
145 464
221 319
429 388
253 411
490 299
68 371
58 270
1 139
414 348
273 77
381 451
78 23
177 403
75 467
129 242
59 139
458 274
162 132
43 239
390 268
491 33
155 458
449 50
250 156
233 364
167 375
399 467
370 245
64 428
171 297
288 46
320 230
362 246
337 335
455 258
291 227
38 446
348 447
103 487
203 450
326 189
156 370
468 77
5 378
27 384
430 28
258 316
414 103
438 473
231 104
331 245
43 374
173 221
209 392
194 129
318 412
135 372
449 326
56 103
487 307
335 83
251 418
373 446
271 18
122 163
408 354
80 453
27 451
195 254
383 236
0 390
114 53
379 135
90 416
223 435
370 78
348 410
208 474
492 221
384 479
185 114
67 144
95 266
20 94
182 143
385 255
308 35
170 499
415 39
326 113
191 490
253 48
22 391
464 461
293 14
128 348
492 478
244 48
494 439
82 116
371 177
64 467
319 31
422 86
199 86
429 248
297 242
133 182
495 171
186 97
297 288
119 314
362 141
81 215
332 209
238 15
483 55
87 302
388 302
388 361
110 440
182 317
351 259
430 316
265 347
487 468
135 63
204 106
322 497
206 137
153 154
61 296
98 136
290 148
10 339
279 30
348 472
83 461
129 51
398 365
334 395
458 386
492 469
318 14
152 166
172 377
173 305
293 234
234 124
463 435
465 96
68 242
203 165
217 3
369 333
80 115
353 55
376 38
404 198
364 46
423 408
213 37
271 449
73 358
293 5
102 388
130 259
424 22
26 185
370 493
461 247
154 450
488 314
364 30
76 245
153 229
118 352