3200
261 460
480 252
346 313
94 160
6 217
437 414
21 444
192 246
358 287
145 164
396 423
17 287
95 65
187 23
455 460
272 411
163 69
234 252
265 362
431 328
242 271
215 368
114 115
254 259
275 324
248 399
187 171
236 117
493 134
94 275
38 448
369 218
471 54
416 103
283 88
359 347
67 377
492 426
37 33
357 98
498 312
336 457
75 185
171 424
200 420
368 117
335 238
292 90
193 158
246 60
259 329
206 457
383 326
211 51
149 420
85 69
26 147
184 421
345 453
373 207
324 397
136 94
184 12
170 280
341 229
58 417
374 100
279 117
168 110
382 490
411 169
169 467
240 290
243 353
61 86
483 469
63 237
249 471
252 99
180 272
41 445
397 91
208 267
377 28
371 228
397 112
79 282
72 418
272 320
258 168
489 185
274 93
417 52
3 376
148 21
466 35
126 189
456 215
244 186
414 186
298 115
249 164
82 229
401 174
342 206
243 159
105 331
235 18
394 22
43 90
125 394
83 361
76 252
438 391
429 172
287 205
221 227
309 389
63 155
214 210
370 405
88 457
327 327
349 175
265 73
467 244
457 390
494 50
294 385
58 285
342 223
303 197
86 415
70 112
174 149
406 136
446 44
223 346
21 273
347 72
168 138
29 314
217 477
363 375
160 363
438 421
118 354
269 241
205 57
206 192
328 380
276 465
163 274
400 0
424 185
175 99
265 445
422 56
432 482
197 285
206 444
299 136
229 177
234 68
112 287
19 292
109 441
67 295
147 273
310 467
418 424
221 485
42 184
18 143
281 326
270 216
204 339
16 421
342 433
220 102
247 454
395 91
239 356
481 315
134 386
162 291
129 53
237 383
379 23
201 107
323 160
499 323
245 27
313 368
470 87
393 385
477 217
426 141
456 216
454 407
199 90
495 117
352 180
55 84
192 231
243 256
79 367
395 243
111 324
263 60
445 433
3 157
298 422
490 429
336 106
48 445
414 387
67 396
480 118
202 122
230 24
392 445
188 310
134 139
199 151
437 250
259 144
419 440
369 409
15 409
206 205
93 415
311 472
91 12
487 292
168 293
90 217
27 60
199 279
282 14
116 250
247 219
11 375
284 166
427 380
438 151
66 486
310 31
395 230
22 401
46 234
452 42
103 137
268 331
345 154
405 402
474 313
188 152
170 485
366 324
327 449
287 156
187 246
476 98
351 434
169 350
392 398
387 121
304 495
2 155
409 2
315 407
411 383
221 356
180 433
382 439
95 360
106 170
120 134
68 82
432 471
369 237
210 176
24 108
115 367
369 26
433 25
260 184
40 196
129 481
420 73
433 363
385 15
149 391
325 5
477 70
307 109
285 346
307 370
89 309
335 422
447 458
494 120
316 208
189 387
460 297
161 462
477 245
488 46
52 127
197 313
422 381
79 356
78 207
17 386
309 19
477 204
325 256
316 472
359 493
291 6
468 171
268 304
350 297
276 256
69 254
487 325
34 343
50 67
453 464
484 419
124 262
371 461
285 301
294 187
45 496
19 437
241 365
163 287
395 444
50 291
117 316
159 38
105 151
467 210
481 58
173 451
265 457
258 44
83 402
399 405
194 129
346 418
58 436
232 9
301 453
270 282
172 270
273 429
491 277
188 240
44 325
282 213
109 309
211 393
150 192
173 462
381 344
132 20
29 291
244 364
499 182
304 366
148 171
301 77
170 491
316 341
54 214
375 451
344 163
207 438
401 494
190 381
401 134
277 323
39 282
465 21
240 38
62 121
51 388
379 215
56 221
287 48
499 462
477 14
452 195
41 184
417 205
191 231
406 318
101 468
342 446
336 418
39 434
322 250
465 90
163 53
453 373
187 450
316 304
499 16
53 121
178 392
476 470
289 222
42 382
180 242
12 384
318 17
267 51
494 492
398 85
310 9
312 351
156 350
366 128
249 7
252 419
242 428
150 228
110 383
125 44
429 291
160 137
40 99
444 279
216 386
396 342
45 27
377 208
188 53
413 95
367 290
218 165
393 109
492 220
264 355
498 117
106 45
497 158
290 498
385 293
135 6
385 133
193 32
86 114
210 381
171 499
164 77
38 241
313 409
264 30
147 430
327 263
273 105
103 176
469 415
422 340
325 456
489 159
126 18
252 75
426 188
117 275
17 442
351 155
185 182
464 467
82 184
289 292
468 208
123 244
437 438
394 397
57 262
133 235
162 183
223 385
160 88
30 340
495 29
64 233
201 180
364 28
320 283
343 5
249 141
431 467
364 186
449 177
413 273
308 82
319 427
16 31
371 331
361 398
484 218
398 425
305 185
320 114
119 478
119 164
483 369
407 402
79 199
473 208
142 344
272 133
165 461
293 140
390 388
107 6
283 374
411 357
472 88
66 84
100 91
312 37
439 83
282 220
428 371
67 107
241 423
384 191
331 258
498 29
387 74
448 105
315 170
259 360
296 287
378 177
215 396
331 43
263 6
229 465
73 43
466 297
488 166
424 203
84 172
246 422
380 472
494 46
258 195
334 105
283 54
302 212
255 350
208 133
99 370
266 438
235 24
190 84
287 75
247 114
388 224
48 345
392 120
167 42
148 150
57 1
66 283
485 359
345 173
44 193
131 444
468 310
394 366
442 158
124 34
110 41
387 364
485 158
52 131
133 152
154 52
335 190
402 72
245 172
366 247
191 289
451 349
68 11
21 198
84 10
403 145
9 194
204 142
273 346
351 256
309 407
449 357
429 496
21 351
98 174
464 239
88 141
4 267
317 156
18 25
22 401
447 422
416 384
230 3
112 190
449 81
438 273
269 250
102 367
42 142
381 52
46 358
477 470
126 50
76 295
48 145
419 98
482 348
351 335
377 65
498 463
236 178
429 437
156 358
0 383
287 50
260 234
204 333
236 90
237 182
327 312
262 285
485 98
286 97
162 337
152 163
194 12
449 241
99 475
358 458
360 451
185 497
183 121
211 241
424 419
83 448
85 103
202 197
294 71
260 340
355 308
321 412
153 49
24 122
432 104
408 234
232 293
414 445
187 415
186 477
277 111
214 269
466 214
285 268
460 113
421 397
310 316
365 94
69 315
272 242
476 1
294 180
125 60
327 60
389 164
275 13
134 166
381 342
462 453
66 18
416 423
239 339
434 78
245 456
198 355
356 17
49 27
439 151
63 27
191 267
132 453
471 319
13 267
72 352
223 475
250 138
477 491
69 341
150 263
118 166
36 348
227 327
330 85
464 167
286 393
346 156
327 418
37 318
22 340
167 109
99 97
88 418
111 77
192 9
28 261
462 163
490 64
1 189
208 172
65 466
474 494
265 264
434 301
493 154
116 308
406 160
430 215
144 346
208 394
155 337
352 236
300 117
159 194
366 301
267 367
214 283
47 93
246 331
485 481
290 239
252 453
169 48
246 182
76 313
2 454
190 84
201 206
400 490
144 212
432 118
402 263
357 498
329 449
283 103
343 166
120 425
473 447
481 141
454 71
26 410
494 309
15 216
59 47
260 268
386 203
318 44
42 288
90 175
131 223
241 373
150 326
273 361
354 475
46 254
164 161
470 72
141 158
58 337
105 200
255 318
214 492
132 73
101 256
479 222
447 232
58 220
434 97
72 183
437 140
301 119
43 102
112 271
109 184
236 170
340 66
58 343
417 54
162 43
265 370
454 493
66 65
162 12
195 0
492 87
58 484
438 294
417 453
138 403
425 26
445 226
70 266
172 355
398 339
209 335
328 16
81 163
27 394
246 95
34 74
58 239
385 92
398 349
252 302
181 388
114 177
295 126
481 184
375 468
155 380
248 84
99 335
230 329
276 478
52 328
419 311
255 463
164 304
459 153
41 416
445 140
266 8
192 241
61 99
331 420
356 216
51 79
260 456
286 133
314 37
200 191
154 85
242 455
461 318
86 201
341 354
362 31
124 459
58 407
327 37
253 390
321 183
491 157
142 82
119 278
469 456
394 171
126 475
145 136
337 439
294 231
114 30
341 8
415 91
128 399
141 242
426 234
391 463
397 417
195 385
342 368
39 16
491 88
224 17
457 136
367 413
295 103
111 334
425 136
387 27
121 405
139 381
344 47
317 30
416 93
461 364
381 110
50 0
369 372
9 274
39 178
133 228
62 334
322 245
124 339
97 209
90 97
145 236
119 286
231 314
178 387
349 192
44 59
432 399
25 266
444 293
21 64
250 78
175 436
127 72
133 151
248 224
461 76
214 245
59 432
319 446
490 238
297 168
67 35
301 81
374 92
156 97
175 248
36 258
182 202
353 163
240 315
243 102
347 53
485 458
256 407
497 304
472 246
281 294
228 39
483 434
32 102
202 139
249 59
262 238
254 431
98 467
69 494
47 342
152 269
28 32
336 408
154 25
319 160
51 288
74 399
2 34
173 458
18 204
295 274
205 132
99 49
43 303
497 21
142 442
326 1
409 170
47 14
174 416
56 218
118 225
259 130
441 120
176 284
58 311
443 323
372 115
270 394
267 267
209 268
269 261
431 35
49 31
299 478
49 75
300 355
337 167
287 411
195 278
89 315
139 105
72 384
131 363
131 343
463 250
12 192
80 84
115 295
126 129
205 266
121 175
342 357
269 459
89 481
296 316
274 31
415 287
3 346
189 398
149 134
326 152
89 161
456 258
388 56
323 82
109 445
154 444
255 451
432 275
92 197
228 81
220 218
64 143
42 223
209 106
110 43
204 388
146 199
256 12
447 386
331 79
375 56
360 338
113 483
180 144
77 57
275 408
403 298
373 192
298 297
340 435
323 408
108 396
409 469
356 216
147 356
264 39
229 22
357 124
121 343
252 37
297 198
348 28
220 53
350 74
9 370
278 191
87 332
153 386
102 348
56 361
253 249
124 321
297 482
177 481
371 418
469 430
310 20
73 317
391 382
252 424
467 252
84 30
417 406
255 90
451 371
473 311
484 204
187 449
282 282
52 216
146 153
26 21
191 456
338 451
227 434
187 90
473 194
453 271
213 242
113 208
371 165
221 438
387 356
490 260
477 170
175 394
416 123
80 201
5 459
393 270
213 232
427 80
204 186
428 380
440 417
434 41
332 163
19 156
416 219
389 361
256 393
17 417
470 24
483 449
71 475
208 228
161 284
470 487
367 217
134 398
292 159
322 421
77 124
195 194
55 345
239 437
354 163
39 108
409 324
300 374
103 480
117 360
347 264
481 87
338 66
225 467
240 482
106 399
93 317
15 153
90 1
164 254
214 444
121 56
430 475
307 273
133 33
149 424
364 480
46 482
450 202
184 123
22 190
360 142
147 116
469 375
481 238
34 485
41 47
374 155
280 472
5 181
106 413
245 7
489 322
24 143
266 291
334 60
54 289
257 46
421 53
291 226
211 254
153 178
185 105
77 27
208 466
231 434
441 166
488 477
120 283
74 364
276 239
380 408
454 182
236 137
215 227
333 379
57 278
383 486
365 243
209 312
247 426
444 292
269 40
323 285
149 242
333 398
158 278
312 213
202 465
44 48
280 269
47 378
216 337
432 283
447 434
360 493
286 194
235 304
89 407
149 410
160 91
221 482
47 319
136 33
434 249
18 180
410 214
403 418
53 479
413 336
329 0
47 125
429 115
23 134
44 371
462 24
359 205
376 35
68 406
8 12
192 2
68 26
296 455
434 472
308 349
350 199
324 489
457 397
31 105
476 332
356 427
132 290
325 67
474 8
20 246
248 482
360 65
372 169
141 157
6 158
357 301
290 208
457 181
138 247
79 488
416 115
257 288
355 400
409 83
329 181
163 281
198 429
98 376
33 70
80 91
392 391
100 437
470 35
282 57
398 109
76 214
354 166
66 333
268 209
391 327
461 449
379 406
282 11
434 329
273 167
59 14
304 165
200 11
420 274
383 335
401 170
336 311
145 255
464 255
434 413
363 207
114 247
111 94
275 396
416 45
411 48
66 475
338 215
490 266
453 110
281 225
37 354
461 469
76 34
447 278
485 11
110 162
108 99
348 221
118 236
284 116
91 30
245 350
469 281
391 87
313 274
481 172
494 350
384 442
220 70
433 183
198 58
157 44
117 158
394 357
473 236
266 31
233 416
49 363
451 54
329 441
465 116
318 310
104 459
30 54
237 177
235 463
359 287
446 244
102 477
213 340
223 427
196 331
46 457
11 245
38 497
113 340
2 356
315 431
485 459
136 197
13 75
214 371
115 372
349 160
353 69
349 414
97 76
385 397
142 144
141 397
89 33
389 107
390 444
403 56
106 228
155 39
410 119
491 369
30 25
447 193
107 235
163 296
193 205
201 49
298 187
72 194
301 387
331 313
222 44
272 234
273 328
447 427
296 35
413 290
483 178
265 360
8 443
0 429
330 53
240 201
395 128
15 165
478 49
445 199
433 200
380 69
496 59
94 179
470 144
175 7
219 305
248 292
221 79
132 100
301 51
31 373
390 49
450 47
246 368
421 247
316 31
90 153
333 164
308 37
396 303
108 335
128 116
195 209
309 201
105 180
405 463
364 136
35 295
15 166
413 133
165 288
442 229
393 107
144 275
78 53
389 41
9 38
247 369
70 56
236 409
372 27
164 141
288 88
254 199
185 304
92 167
248 350
457 34
161 141
46 454
495 239
130 287
156 356
264 229
138 79
106 353
346 362
302 122
174 135
291 56
75 359
61 383
270 323
316 18
472 431
23 363
2 319
27 153
382 159
90 292
145 373
87 48
23 343
478 390
298 197
408 269
5 374
49 469
339 275
206 218
433 164
483 81
234 435
446 363
155 469
194 36
437 152
495 133
375 460
9 326
95 174
400 269
90 100
227 301
19 429
93 286
367 304
240 429
292 454
423 186
75 299
451 469
102 364
176 298
124 478
4 37
306 72
172 404
57 396
177 252
38 77
381 271
52 405
359 473
12 344
143 134
455 439
155 446
96 410
240 331
368 221
145 244
0 26
422 317
421 57
486 99
222 459
217 220
193 274
470 428
415 57
348 465
411 370
132 3
334 360
81 372
116 202
80 226
395 468
26 2
454 169
128 364
84 28
303 197
126 130
39 125
91 393
263 388
391 354
214 396
120 226
280 147
225 237
57 361
215 473
142 83
300 169
198 122
320 384
366 353
478 298
191 406
294 69
424 306
54 185
411 490
138 175
412 44
405 363
336 321
257 120
142 330
453 57
293 192
45 125
275 160
66 23
445 466
272 360
397 221
211 179
354 161
205 349
65 118
439 462
434 253
84 196
253 76
120 389
14 47
59 165
41 289
107 125
337 338
59 231
410 86
247 270
472 264
382 452
266 37
290 174
370 201
129 374
115 476
23 250
267 129
270 434
59 308
146 377
461 248
334 57
328 371
488 434
238 152
189 370
396 5
58 331
58 267
243 187
289 173
303 118
52 57
217 425
155 463
63 216
273 116
339 249
183 453
105 327
50 422
427 146
478 446
213 485
24 36
209 308
278 314
223 364
290 182
145 440
8 445
413 60
310 282
87 252
80 493
415 45
191 482
428 194
31 169
205 494
302 56
222 267
131 81
263 445
237 273
70 261
321 246
380 483
236 131
477 319
364 168
150 392
87 56
77 430
424 118
26 135
402 227
160 248
45 385
159 275
388 283
381 229
65 62
45 261
432 153
173 22
415 297
205 323
253 354
324 282
269 30
257 203
451 23
409 269
396 497
132 420
1 137
199 13
126 418
71 244
267 58
207 244
419 34
240 412
47 25
55 416
119 316
340 164
285 71
420 101
373 181
318 404
417 374
293 369
466 395
305 216
461 85
119 13
425 232
257 211
127 472
141 312
476 99
22 333
286 113
295 442
198 159
33 465
187 115
362 178
395 153
238 167
180 208
440 209
420 458
282 198
362 399
498 423
108 191
304 20
314 394
53 451
417 12
479 439
117 456
109 341
361 364
72 347
408 41
499 365
63 328
79 282
57 277
468 430
302 166
60 125
76 469
333 466
405 345
301 313
6 374
239 410
109 367
261 163
28 17
197 260
394 443
221 129
59 304
470 41
166 213
182 382
348 243
440 16
181 105
480 94
356 187
407 71
234 466
335 168
280 263
206 33
14 27
331 427
321 73
286 153
35 487
82 321
337 236
341 23
469 18
57 321
392 325
291 316
336 479
242 479
364 469
496 300
80 378
303 179
332 401
388 441
262 367
103 323
346 451
321 297
470 315
492 379
47 215
194 284
115 384
353 288
88 479
357 201
380 168
69 160
453 212
79 310
133 216
167 35
184 331
498 489
220 154
369 490
274 119
3 63
351 389
220 208
409 292
460 77
89 289
353 382
192 43
111 285
320 325
156 278
119 356
10 154
496 191
311 380
295 123
364 166
375 499
291 85
162 284
426 103
485 104
499 279
64 177
354 110
240 236
92 362
368 212
403 455
335 365
488 214
233 482
333 352
437 108
244 124
80 452
408 170
302 65
95 407
17 218
307 301
164 109
321 399
354 32
249 225
291 41
376 237
90 24
484 209
186 379
183 229
251 266
183 91
350 53
124 130
432 367
329 431
182 448
480 150
227 37
430 82
319 371
247 158
368 261
493 232
313 406
24 176
268 64
470 207
190 118
338 94
25 122
70 19
169 207
96 402
484 249
472 379
37 156
269 219
303 257
163 262
439 116
181 39
247 59
29 151
97 437
411 219
238 122
181 333
87 260
361 278
9 424
432 333
52 46
156 201
464 356
472 171
211 255
166 5
8 458
247 47
267 105
79 10
195 357
469 261
391 282
58 330
163 400
298 490
192 68
276 306
478 8
115 100
106 189
499 133
180 466
72 98
460 299
157 3
264 155
289 126
309 7
259 348
190 324
392 58
364 234
94 20
121 194
383 209
342 79
45 382
480 23
322 469
473 440
447 331
310 89
97 237
437 119
295 356
266 127
214 188
208 483
177 308
370 181
260 61
295 212
87 306
275 128
420 262
445 248
338 220
457 255
226 287
143 246
225 22
62 262
245 439
100 122
304 274
187 470
182 64
222 483
463 122
236 350
450 383
103 181
437 288
427 412
158 15
37 423
185 236
175 451
74 430
56 275
245 230
146 244
227 280
254 369
71 190
425 490
171 21
162 381
145 460
476 89
12 304
392 13
317 197
479 419
195 391
121 36
280 292
424 119
340 359
401 178
20 411
433 178
59 192
152 95
184 205
361 128
494 49
246 105
24 311
54 78
466 71
216 27
146 98
457 140
171 487
398 210
388 191
235 331
278 300
357 388
368 315
364 218
323 214
377 462
40 199
271 431
310 358
456 487
127 457
296 265
327 150
194 46
230 216
368 429
169 8
323 225
295 390
104 187
150 470
169 482
265 42
401 440
427 76
385 209
327 407
409 33
79 154
222 103
33 309
318 90
315 54
444 493
33 110
80 49
383 35
77 250
42 0
76 330
392 470
229 313
346 219
373 138
242 426
87 96
38 127
33 405
251 354
464 478
379 284
319 397
499 262
262 248
79 41
363 191
356 323
42 92
231 203
481 267
215 325
452 68
326 254
108 485
315 77
361 424
173 194
308 32
280 172
66 423
466 359
34 429
22 322
377 76
196 105
430 358
427 411
17 234
71 105
182 477
254 387
433 395
427 427
452 242
17 207
419 18
299 483
157 453
382 173
278 35
245 78
341 208
294 24
129 211
188 366
105 311
58 442
222 38
132 485
193 174
44 149
484 112
417 195
369 494
29 299
377 147
208 126
151 71
282 2
368 280
444 470
265 473
364 2
340 487
13 496
498 33
497 409
104 334
328 414
214 473
473 209
336 443
14 181
35 487
119 296
119 404
229 63
418 384
223 93
442 258
143 236
497 292
126 140
54 453
427 307
16 120
64 252
433 352
191 78
227 468
224 311
226 346
82 306
251 496
254 305
393 45
337 397
389 390
343 316
475 296
416 122
226 491
196 480
411 11
332 239
50 490
336 56
214 129
125 270
75 466
11 232
129 320
62 201
17 371
167 257
232 492
335 83
416 458
470 383
123 327
169 302
210 25
6 5
275 425
391 132
364 202
374 254
455 345
216 436
193 324
168 235
319 277
236 356
239 87
266 206
360 214
92 435
292 70
347 98
230 419
121 90
345 446
144 347
283 152
477 360
448 328
106 497
353 119
206 194
252 93
159 472
407 112
34 251
350 51
470 382
324 432
379 91
290 169
174 23
235 73
253 151
148 35
154 359
405 354
447 360
184 157
121 458
210 443
494 156
390 412
344 464
407 214
236 75
450 197
122 410
413 38
73 376
87 413
267 228
440 493
150 66
25 125
68 272
280 87
351 63
379 22
236 47
475 287
336 324
86 425
315 459
335 351
117 389
469 274
267 384
303 409
34 270
394 180
119 455
370 174
196 470
17 249
388 284
461 492
270 225
36 47
251 85
326 371
145 368
104 295
205 265
35 407
87 91
398 281
455 206
28 268
370 3
139 46
390 258
335 100
0 160
98 371
94 103
471 424
220 92
357 75
335 277
220 244
25 274
481 119
387 332
187 361
407 257
368 326
279 150
162 203
427 131
234 260
37 21
113 57
484 109
386 322
418 319
94 458
77 443
127 427
288 317
74 314
493 48
50 294
498 124
107 212
325 277
298 193
102 362
471 264
86 86
258 209
167 357
300 204
483 97
414 280
446 123
171 488
283 291
415 221
286 133
410 374
419 111
325 60
324 21
108 148
357 263
120 218
422 376
473 272
52 257
380 387
228 351
142 52
125 363
348 410
284 263
226 110
170 204
225 51
199 347
462 185
255 408
137 434
58 29
286 110
350 463
314 167
71 430
145 456
366 48
312 493
103 3
207 38
442 125
324 284
322 141
402 138
72 77
459 39
1 131
94 245
264 351
133 260
216 335
236 278
271 435
438 48
438 226
204 497
133 380
374 380
19 307
385 276
315 91
74 196
441 316
20 20
280 58
245 153
284 349
284 481
381 55
134 74
423 320
200 190
70 408
216 426
202 441
33 453
149 369
38 459
480 442
0 58
63 112
461 246
227 347
255 97
23 109
281 241
283 298
207 333
260 353
147 423
376 462
184 180
491 25
319 222
132 471
84 320
66 195
43 397
347 145
106 150
391 370
169 387
221 174
379 228
151 481
295 26
58 27
404 479
53 50
373 223
395 185
381 309
207 313
459 276
426 406
276 65
453 169
343 297
25 26
7 74
453 28
407 154
134 11
413 163
387 187
225 287
96 134
448 106
234 155
61 407
324 160
329 190
339 129
155 24
450 365
245 162
169 403
267 153
316 303
342 180
467 55
190 67
25 416
71 138
397 259
271 133
323 221
351 452
328 162
379 6
21 279
34 477
130 190
345 301
482 298
206 39
459 449
365 248
238 336
96 289
274 135
208 219
172 97
111 411
270 0
131 343
172 291
333 166
467 302
452 30
421 449
251 158
258 232
69 468
109 496
131 17
236 383
332 192
103 260
261 296
139 373
16 244
410 163
317 201
231 230
31 269
280 5
237 134
103 38
387 158
27 64
448 18
210 264
376 280
76 166
39 137
234 67
230 56
257 144
374 47
169 341
198 406
40 449
339 435
446 495
60 226
97 473
89 360
140 159
325 466
455 69
488 217
125 189
334 219
118 382
75 60
318 287
88 273
61 211
58 280
358 359
332 470
330 455
467 422
240 323
392 144
361 195
385 380
451 486
221 71
483 70
209 148
422 302
13 298
430 335
194 423
394 288
96 26
300 224
47 415
59 392
88 291
172 273
111 325
248 123
45 184
333 231
33 255
405 255
442 398
322 335
475 136
14 216
292 423
338 167
59 340
131 250
23 147
324 155
279 134
319 72
304 176
431 152
259 189
440 188
375 201
189 262
330 351
274 203
370 122
314 465
215 430
429 298
453 238
224 106
178 84
261 395
399 482
24 44
233 158
211 464
78 108
311 252
456 408
382 438
403 178
460 49
347 118
208 242
348 300
385 432
328 26
361 498
42 227
238 385
201 127
88 301
54 279
39 399
337 362
40 273
322 240
210 1
243 169
322 418
351 91
469 59
57 31
110 330
67 451
79 200
2 268
399 167
418 408
270 438
212 256
348 162
163 386
408 59
329 258
201 230
289 180
63 171
353 198
149 174
374 421
41 80
99 228
136 441
231 18
126 258
421 295
182 474
385 84
195 90
172 215
247 396
419 313
363 311
337 273
194 12
445 211
292 87
380 396
414 428
187 112
407 392
219 108
44 441
383 104
171 91
488 407
220 271
434 407
180 83
448 271
334 226
166 245
141 126
407 46
158 56
300 446
406 418
359 19
124 302
394 95
2 147
270 382
141 75
158 204
327 322
400 458
203 14
492 66
113 345
253 251
197 123
41 53
73 455
258 253
200 49
48 152
34 202
129 171
227 175
349 288
98 407
421 102
168 302
499 265
17 133
257 104
9 66
22 150
255 434
335 280
432 455
10 236
407 318
345 139
279 134
41 195
297 378
32 314
80 317
451 31
487 449
367 60
62 496
431 389
21 318
273 118
354 305
123 135
275 261
248 469
16 54
284 289
456 165
482 316
347 36
337 285
345 334
183 204
446 260
78 114
232 319
125 203
339 439
200 248
69 466
372 448
90 437
102 157
473 46
434 85
222 321
7 271
327 420
180 190
156 125
445 258
313 241
180 70
170 4
322 380
181 92
29 195
352 271
169 132
69 177
498 103
226 291
211 358
400 405
31 391
1 57
150 328
250 167
171 330
62 420
364 346
41 243
366 394
378 245
422 35
490 447
238 273
131 216
122 450
193 31
440 5
333 47
214 90
420 83
355 237
83 335
430 220
466 476
221 149
184 344
291 144
269 27
243 381
183 400
283 217
222 377
424 76
166 55
490 490
227 439
126 198
270 163
139 56
205 236
80 361
357 242
269 223
104 126
378 12
230 288
17 13
89 304
212 293
135 108
47 54
252 362
377 25
81 22
258 17
230 287
381 190
413 87
65 150
14 370
10 443
308 96
401 379
24 398
6 465
19 159
373 405
430 272
294 251
268 363
2 405
447 498
437 383
385 213
83 354
149 400
348 445
176 457
355 249
214 200
359 213
118 86
358 232
483 400
264 4
261 103
453 266
2 209
422 390
96 387
139 357
302 245
203 488
237 478
178 410
124 304
390 389
121 94
495 100
104 457
60 111
229 366
75 14
256 231
471 349
206 353
98 110
98 360
338 153
64 188
344 368
109 188
134 234
186 82
39 129
92 290
8 452
318 322
405 435
284 426
131 376
339 342
202 82
235 437
125 392
112 151
191 469
55 221
304 326
307 241
384 195
499 400
74 244
180 169
96 479
208 316
159 79
161 47
336 213
458 397
48 462
283 70
144 92
418 191
284 300
347 225
477 168
265 347
368 51
383 445
113 316
396 443
490 124
338 57
306 326
140 148
218 207
299 276
319 214
14 217
294 103
124 362
61 272
323 389
186 429
246 58
1 299
276 494
51 343
22 466
114 210
417 162
290 184
399 216
285 109
65 413
127 79
203 189
430 188
470 379
437 116
267 68
62 439
134 43
361 465
175 156
319 475
160 444
12 461
423 59
324 297
229 488
29 452
140 432
163 311
279 462
30 101
392 398
294 444
262 26
183 155
131 437
382 354
167 143
202 246
44 90
430 26
478 125
409 311
474 471
285 73
174 253
152 168
464 418
444 446
101 226
16 479
333 84
227 250
496 1
443 281
160 40
165 226
389 490
461 75
148 364
117 99
267 174
92 121
419 231
458 388
368 373
457 474
224 201
54 37
170 220
113 350
428 330
321 130
57 317
181 134
233 57
231 151
272 352
84 175
64 192
417 394
220 432
485 374
263 296
368 392
94 434
116 481
464 22
191 437
72 373
431 373
376 157
10 14
42 0
44 446
340 106
390 461
188 412
208 227
471 451
237 76
410 65
439 354
291 226
99 131
356 215
225 382
397 232
84 235
33 439
397 129
90 225
137 287
366 278
82 197
125 338
255 171
25 387
113 195
178 169
236 65
447 386
470 461
48 344
135 54
183 81
306 32
171 126
256 443
140 38
376 338
362 266
5 483
30 387
408 119
184 208
446 145
458 131
328 416
471 7
88 463
496 6
132 247
190 167
57 389
79 183
301 433
269 441
181 306
277 299
360 89
86 461
445 306
223 397
404 273
236 46
52 344
91 84
252 37
278 134
317 309
95 357
151 470
276 216
15 332
273 406
367 375
34 360
257 164
437 109
155 13
357 26
110 59
448 301
435 214
24 226
84 104
74 471
187 87
419 202
108 54
282 192
404 328
492 316
425 13
26 282
308 432
491 236
37 418
133 440
18 472
76 9
332 454
41 2
56 19
425 460
5 165
345 207
23 409
423 189
471 300
232 301
37 279
198 224
16 74
398 331
340 34
489 326
328 172
43 382
343 385
402 320
28 348
109 99
288 403
204 384
186 260
39 436
12 223
298 237
420 380
267 196
23 112
136 108
490 203
440 31
352 333
33 194
293 380