300
197 35
270 255
266 396
387 222
150 222
202 247
399 5
417 40
41 124
84 176
244 271
76 281
173 148
371 3
75 161
196 3
110 272
20 466
40 229
451 408
155 191
196 5
46 406
382 113
141 439
210 467
100 237
385 139
142 273
434 108
112 69
342 130
449 222
451 362
122 489
32 255
260 278
36 229
194 306
246 271
238 336
73 308
447 190
316 311
419 441
11 250
233 31
106 205
419 34
375 57
312 42
172 408
489 425
231 60
331 183
371 329
490 421
112 445
256 289
231 428
30 27
59 94
299 115
1 165
74 70
112 377
137 239
164 284
345 126
309 247
429 176
98 33
478 419
60 62
342 86
465 291
237 372
340 24
41 36
107 341
70 116
207 71
356 207
185 223
470 53
229 347
380 251
22 179
241 210
148 83
374 83
308 113
138 464
352 0
341 31
147 311
383 264
323 206
429 239
144 9
208 252
3 225
405 88
298 26
109 498
434 446
411 335
299 242
242 49
433 152
463 435
51 80
139 198
437 375
236 68
172 433
159 444
32 176
54 416
414 182
480 15
350 348
442 391
293 2
6 36
324 226
158 469
168 375
102 149
218 457
243 190
134 242
270 402
318 18
52 324
339 84
285 32
276 42
44 227
116 421
147 402
223 292
19 157
307 391
201 122
164 377
119 296
198 299
169 390
66 368
452 222
106 258
300 237
317 234
155 196
98 433
77 154
312 321
65 96
70 471
200 118
414 235
34 319
61 464
332 55
129 480
238 136
374 88
322 390
86 191
476 330
484 36
209 53
149 148
471 274
244 72
307 171
343 10
474 193
248 404
236 158
295 230
318 474
216 169
212 492
322 302
190 188
93 307
307 400
26 94
166 279
450 271
133 473
166 293
50 108
118 267
497 286
113 413
434 315
307 329
484 146
186 482
289 174
426 279
226 96
375 453
76 392
218 178
471 209
169 236
3 21
160 288
201 352
19 125
454 136
134 179
161 290
465 321
452 450
398 243
196 178
423 126
304 272
334 493
229 275
149 3
143 85
437 161
286 197
333 457
136 240
31 319
140 297
99 348
91 445
475 497
475 140
264 398
243 279
407 98
454 473
58 56
217 97
294 495
304 3
95 479
299 440
237 478
178 291
88 188
186 270
262 64
314 161
293 26
477 58
31 200
256 431
380 441
288 325
180 27
358 93
33 127
106 9
153 123
311 284
406 241
305 349
363 20
47 120
30 8
208 24
307 413
354 316
493 39
418 142
87 173
152 129
138 473
96 258
395 143
385 259
461 153
174 42
14 176
184 73
97 44
457 244
60 256
147 311
306 53
78 66
195 245
218 230
341 185
329 166
426 88
241 66
108 239
415 267
340 123