4700
410 379
130 374
189 136
65 192
338 77
140 107
424 474
210 186
31 365
312 407
211 432
252 89
397 249
327 186
473 206
437 408
135 383
371 419
111 324
253 436
395 450
276 393
431 320
37 486
245 462
395 349
438 309
58 499
185 187
245 237
146 158
393 182
454 133
309 264
53 65
367 63
308 300
472 143
481 92
54 9
358 227
388 301
300 148
188 298
36 337
347 433
468 182
167 240
357 422
487 476
391 262
62 355
498 52
144 35
44 480
59 198
0 255
403 447
245 152
490 91
25 281
315 337
430 345
267 334
311 139
401 254
461 54
106 463
350 312
292 102
301 247
2 203
150 153
157 405
349 247
29 499
189 226
71 196
31 119
110 338
92 194
248 11
326 406
218 207
309 29
276 10
65 462
467 278
183 215
462 477
476 32
258 343
40 17
488 329
19 423
117 98
109 464
370 365
424 288
317 88
450 86
48 93
371 15
82 368
345 406
291 396
92 173
191 401
83 132
407 179
278 102
66 24
241 239
379 436
24 166
104 48
141 326
341 152
372 364
123 423
172 69
95 414
315 264
248 286
317 250
353 155
179 447
39 419
208 272
438 270
319 232
59 42
47 312
177 252
28 271
341 152
66 200
464 436
74 233
484 212
219 243
43 189
460 398
170 82
352 168
253 461
355 171
336 164
416 254
26 13
17 444
496 219
7 83
168 312
376 433
176 4
193 95
345 219
153 154
322 16
329 358
381 427
91 36
291 217
82 8
304 169
240 99
34 153
465 99
32 203
59 342
437 60
132 253
259 283
151 285
495 433
361 480
368 377
94 304
312 159
180 29
128 469
122 420
19 163
218 87
429 403
464 277
382 219
2 448
85 493
427 5
337 81
458 140
444 205
217 404
433 109
430 397
170 414
77 52
491 41
445 147
424 273
492 261
209 159
152 346
351 294
375 431
423 188
393 185
442 220
329 110
360 375
141 259
163 382
423 218
217 154
279 220
333 494
153 271
117 42
189 157
441 320
8 416
102 364
84 254
216 396
271 265
376 76
458 265
335 39
46 234
306 53
47 325
449 140
182 52
209 418
239 223
140 150
15 99
353 94
490 451
217 70
498 113
378 93
485 309
395 214
267 31
208 201
341 314
366 9
428 376
99 427
78 19
118 91
185 445
396 472
394 175
289 465
59 392
53 167
381 396
279 448
150 0
166 487
349 343
219 32
312 277
296 171
262 242
187 266
90 448
475 435
253 484
229 264
284 164
60 134
83 17
18 339
178 85
428 184
69 27
156 0
23 381
123 304
71 137
85 162
449 13
350 413
177 202
366 79
65 461
479 426
117 148
85 349
33 148
175 366
218 102
335 184
340 241
378 310
472 263
277 316
229 422
476 127
58 258
220 343
121 123
272 51
252 91
239 209
75 285
240 266
450 293
386 75
386 291
406 265
433 210
484 183
310 162
420 461
156 368
344 492
395 129
220 468
177 499
285 459
226 253
398 377
452 28
171 285
402 190
253 78
113 187
201 237
50 276
496 121
466 58
188 340
308 213
213 408
220 486
91 350
227 298
326 489
126 31
74 350
280 380
67 179
268 393
169 268
242 319
229 166
6 60
125 417
326 315
153 190
40 398
196 244
85 119
3 374
224 64
444 77
256 4
398 364
132 24
195 419
85 226
286 425
194 444
111 264
454 372
270 116
360 347
466 466
341 297
361 469
398 417
422 158
22 6
383 172
443 6
233 78
355 381
325 371
135 50
422 288
404 90
437 45
11 116
413 255
225 204
122 127
137 475
482 396
420 159
17 365
295 363
244 102
474 151
53 421
209 461
51 327
372 465
81 340
448 236
440 347
326 25
0 414
162 463
474 482
199 82
298 491
94 495
498 394
316 420
381 51
230 377
343 285
477 103
339 276
123 425
450 131
398 449
412 451
285 412
495 238
230 337
332 145
39 176
96 182
233 207
85 329
114 315
418 280
56 92
369 109
93 180
481 320
123 343
255 246
484 260
97 102
247 214
242 429
111 139
346 190
20 196
12 431
211 134
78 282
244 120
300 448
120 189
32 281
379 243
3 287
390 364
78 101
382 489
128 173
363 346
42 475
258 383
370 406
41 470
442 300
248 137
326 242
375 368
463 358
497 255
119 467
420 239
229 49
222 302
0 357
332 438
321 395
301 91
413 43
344 194
183 355
449 92
313 9
219 176
283 128
447 217
456 254
304 367
22 185
395 378
316 22
417 79
22 490
33 71
117 435
142 377
322 301
162 443
472 487
115 382
451 255
10 63
282 407
445 166
44 156
31 192
271 213
203 300
223 294
81 236
114 341
494 76
19 436
423 156
38 491
99 390
453 341
101 109
275 88
244 46
90 171
384 275
76 361
155 87
324 299
492 89
165 290
78 486
143 36
380 353
243 33
375 479
440 49
137 476
374 215
386 233
361 464
177 123
210 289
440 185
274 386
28 433
271 439
475 106
459 266
152 207
186 55
104 27
355 126
193 93
178 81
397 432
55 39
328 74
111 265
4 269
54 385
176 32
139 177
444 4
211 450
5 96
475 250
376 461
406 182
263 70
354 85
476 12
438 409
174 157
278 50
435 178
211 332
361 112
468 202
152 305
253 179
429 10
323 228
410 158
80 82
19 25
37 434
343 495
152 476
378 369
48 282
466 313
277 111
165 328
133 245
277 169
31 387
467 206
364 355
289 230
255 444
230 308
303 145
473 73
443 308
90 351
16 343
306 409
237 146
391 471
492 222
109 20
227 24
231 429
159 443
240 20
328 266
411 470
44 483
143 236
439 339
182 234
143 456
454 340
311 232
454 197
218 155
179 416
345 445
240 262
282 4
270 480
303 462
446 34
270 199
38 89
175 62
18 72
412 170
402 324
21 75
230 209
125 239
36 262
24 470
474 277
109 159
121 244
278 412
111 419
361 401
463 1
73 36
59 333
157 337
412 313
22 178
270 495
109 147
117 306
83 133
144 91
188 45
457 266
37 318
71 69
70 398
287 386
219 496
333 346
159 228
259 98
93 34
181 381
187 54
187 151
94 123
168 184
302 134
453 477
46 339
238 376
263 469
317 377
223 334
415 150
100 234
120 174
55 45
99 302
453 94
217 139
323 399
34 237
215 125
316 487
215 113
434 406
283 478
165 251
254 358
445 80
106 206
252 65
367 161
107 351
342 172
72 325
414 165
142 458
297 129
95 459
365 12
343 29
133 1
359 8
88 239
445 304
370 194
207 197
401 89
114 314
491 243
261 38
496 406
387 255
66 293
305 482
364 432
285 148
156 497
88 144
449 96
290 33
83 171
112 349
164 484
79 226
264 155
413 192
448 112
405 301
135 14
298 63
63 351
348 83
228 72
168 288
322 29
52 311
160 405
241 164
243 176
332 320
13 7
472 97
250 313
327 229
292 238
89 478
61 208
280 290
78 141
22 448
111 400
157 426
91 272
448 398
219 334
193 132
82 84
249 17
247 332
70 76
406 39
247 160
302 468
461 379
180 380
281 484
410 291
415 438
189 353
39 216
200 260
196 233
250 282
467 445
21 349
241 37
49 428
248 340
220 351
84 61
45 400
191 217
155 308
13 459
175 196
456 53
138 375
10 152
97 240
90 477
366 471
251 183
23 268
471 351
412 243
143 55
272 310
470 187
146 280
476 483
388 173
400 433
437 378
471 410
239 35
358 413
96 106
226 461
312 119
363 197
253 224
34 358
397 377
157 356
340 395
68 134
419 80
459 469
231 356
243 282
195 323
429 453
414 291
410 155
204 226
303 125
336 457
335 337
46 233
129 344
330 386
318 49
370 249
458 129
411 454
277 53
7 106
249 206
213 273
0 160
137 417
227 303
492 325
59 414
258 38
276 40
89 89
190 95
76 312
266 0
406 488
94 43
101 413
38 344
356 166
83 390
193 345
171 162
428 38
428 82
122 39
480 57
4 63
375 170
23 80
68 141
36 429
194 15
211 137
303 232
123 67
264 239
253 168
58 435
369 182
221 339
396 491
407 201
223 400
332 134
128 98
27 253
268 164
302 221
306 479
398 457
196 429
449 162
450 302
484 8
199 319
163 57
110 95
347 70
204 185
284 31
284 332
349 311
385 52
383 3
460 191
472 133
296 9
311 273
133 98
417 147
56 332
279 432
354 166
351 126
158 59
243 487
151 294
347 92
447 36
79 82
216 408
269 403
28 364
462 80
79 162
346 231
16 135
153 126
104 370
281 356
344 262
57 25
469 495
383 256
190 417
177 462
217 406
122 446
378 245
259 84
168 309
444 106
232 184
406 97
305 188
303 188
65 149
496 360
468 386
155 379
193 158
417 332
130 410
8 39
476 360
169 267
225 496
32 113
62 309
498 438
126 368
369 301
13 191
78 366
245 481
491 233
418 291
201 260
152 400
261 61
329 128
124 430
396 406
216 156
94 458
178 214
15 73
264 400
266 380
213 194
280 363
154 204
317 50
450 208
269 469
97 211
142 450
357 73
81 38
348 425
139 27
100 379
279 6
386 217
411 45
260 99
155 43
93 267
327 324
293 44
107 96
399 242
315 101
139 108
33 248
276 340
219 24
30 376
93 498
395 268
219 357
400 155
274 374
199 346
390 101
50 344
87 349
451 449
57 254
3 442
282 442
466 131
7 353
203 348
116 453
310 98
106 335
61 62
408 380
334 112
457 150
0 384
333 396
150 303
245 242
36 5
136 380
85 2
350 496
449 289
239 318
153 111
25 345
78 214
327 286
436 412
148 136
32 288
443 333
427 34
40 41
273 463
317 28
24 358
499 167
337 325
288 239
436 490
56 314
100 14
278 235
371 388
177 426
259 255
290 120
13 186
1 330
358 286
145 318
337 235
60 144
235 174
16 349
15 172
38 73
160 115
355 169
95 32
139 32
5 207
245 429
259 18
157 99
417 470
57 302
298 107
281 117
318 34
206 298
223 333
300 96
265 235
119 8
40 213
272 259
188 397
268 17
116 300
122 425
79 386
493 179
296 377
263 126
276 467
152 321
418 351
87 305
313 183
396 206
465 205
455 168
38 154
306 75
0 6
244 428
107 431
160 237
216 255
222 424
245 492
344 227
32 163
199 431
137 197
402 447
468 455
109 357
432 6
364 267
195 284
67 109
198 302
409 228
152 414
259 132
211 249
265 103
386 243
292 316
263 375
330 194
404 231
237 291
58 188
325 454
63 105
407 392
120 261
28 317
301 124
226 287
242 12
107 491
159 128
355 399
445 422
154 38
329 349
390 243
49 240
345 215
107 112
226 105
274 80
56 254
393 75
439 134
477 135
115 398
149 136
59 470
8 446
296 65
160 190
430 38
253 210
322 127
232 212
144 400
6 6
433 201
187 399
34 224
474 165
301 149
472 123
70 360
277 480
170 218
256 438
148 452
80 361
425 322
223 164
23 70
123 229
481 308
33 310
475 15
17 7
483 277
489 341
321 405
123 267
205 344
148 231
444 205
27 80
245 369
439 102
184 120
428 414
225 165
180 313
321 200
329 49
390 156
61 171
438 64
260 36
119 495
52 260
341 63
432 431
34 438
58 224
138 218
383 338
152 363
416 415
317 325
481 97
268 207
123 394
430 58
405 235
496 49
464 457
389 337
127 396
120 275
493 37
375 111
474 228
143 379
204 242
340 460
20 37
283 460
19 495
231 213
114 424
234 79
268 430
327 475
250 395
432 299
410 95
323 159
39 237
479 466
279 243
133 171
132 151
146 416
482 151
427 377
456 448
379 13
488 224
471 58
209 238
333 403
415 120
357 8
327 454
49 188
360 106
257 34
451 492
495 255
485 285
85 274
288 441
18 316
374 276
367 341
97 84
56 52
61 12
466 265
453 388
346 367
402 165
9 455
210 205
490 4
279 195
489 427
244 419
47 359
200 118
54 414
319 297
161 110
375 380
120 479
347 181
346 318
125 249
454 356
360 335
383 296
75 491
262 224
435 319
438 310
224 487
285 344
455 395
275 298
278 330
11 247
65 125
226 210
66 190
378 32
180 278
122 113
189 255
75 384
194 124
111 365
209 271
166 248
47 16
347 294
41 177
302 210
420 459
1 380
412 338
117 231
196 444
199 239
123 385
9 126
491 170
293 473
221 53
69 459
105 120
297 268
479 147
458 451
331 251
90 459
43 95
39 59
298 239
125 239
365 273
295 486
459 209
262 88
48 33
5 331
100 153
152 303
106 431
34 462
274 290
385 476
35 317
56 277
368 185
459 33
372 85
146 106
195 331
216 408
92 243
248 222
377 44
327 253
215 335
125 361
338 489
158 363
140 225
411 215
100 360
445 222
328 472
156 92
352 23
118 224
298 296
340 219
472 27
363 167
381 39
381 488
203 71
296 39
106 195
55 207
281 207
31 353
297 110
485 39
264 1
298 456
175 414
442 138
158 499
390 305
145 39
110 271
311 349
396 258
318 269
476 304
157 99
61 360
399 306
307 399
355 15
430 105
96 382
381 372
29 254
145 123
395 174
375 107
217 58
327 272
76 35
487 156
16 85
391 48
299 267
135 50
156 154
388 417
289 104
210 269
245 170
196 355
314 140
50 72
196 31
419 377
33 124
61 406
306 401
21 304
354 106
112 156
73 362
466 1
122 214
236 176
31 367
359 432
4 197
81 409
287 52
28 352
258 172
426 89
245 416
374 447
455 100
462 487
340 380
94 429
105 462
182 330
114 489
38 41
451 471
23 119
471 90
114 404
345 81
350 40
487 91
191 224
63 442
322 153
434 403
366 268
450 40
381 400
441 65
36 419
391 244
334 411
315 214
296 449
341 161
104 498
222 329
123 295
300 138
41 298
66 235
127 259
159 369
286 8
427 453
197 174
437 318
33 384
185 105
118 181
31 26
207 222
17 253
243 331
129 317
404 285
44 47
268 31
39 56
9 54
228 319
137 58
442 18
123 22
55 127
6 241
463 86
192 213
44 332
149 435
220 25
73 54
437 117
25 341
248 477
296 34
444 328
346 285
308 387
366 469
62 215
302 372
438 25
357 494
281 334
360 359
265 354
471 433
126 202
31 348
234 374
55 179
465 178
65 401
223 125
340 284
8 285
311 494
340 446
281 20
231 122
476 141
426 496
51 299
499 404
131 82
262 233
411 186
87 79
204 329
113 310
448 396
243 473
420 259
131 83
57 53
194 363
211 33
184 472
228 262
345 183
416 359
45 459
38 180
9 485
147 94
342 474
299 95
206 85
169 219
272 190
53 226
112 318
142 116
379 148
332 371
230 76
35 100
280 128
465 425
19 141
467 112
60 213
299 267
486 118
308 320
398 111
281 213
330 362
11 424
295 61
137 343
443 25
5 24
449 76
217 470
435 320
33 185
304 347
465 332
4 142
253 126
191 403
265 35
311 373
434 276
471 106
483 71
447 415
491 489
311 396
216 60
97 246
93 250
434 401
44 411
37 439
194 149
36 228
454 459
88 347
453 388
312 59
326 437
278 259
8 169
230 89
188 224
326 179
81 133
44 113
404 477
126 81
162 98
409 163
10 468
356 497
409 464
253 20
132 235
405 383
324 140
216 487
166 12
146 43
8 247
76 190
124 412
10 203
366 138
106 271
269 228
192 314
335 30
265 297
180 467
459 22
9 357
369 175
70 28
127 367
58 78
342 204
407 34
24 204
476 125
353 482
296 97
127 398
195 483
302 392
415 228
85 261
437 276
304 306
174 7
438 284
488 84
118 280
485 395
20 494
476 461
58 373
271 272
108 185
429 319
399 410
172 196
473 484
142 461
320 129
413 316
400 110
391 253
148 18
364 228
189 20
246 340
465 99
136 369
40 73
335 65
114 439
275 359
320 87
68 418
234 493
103 334
87 135
5 494
222 88
108 370
62 263
214 206
428 27
100 350
268 468
408 288
147 382
321 35
453 468
461 389
75 188
175 416
411 163
103 32
254 485
101 63
270 317
344 315
166 198
18 297
85 434
168 426
462 232
52 489
230 267
307 365
282 306
321 482
367 45
382 276
339 121
438 483
151 109
159 135
284 317
103 178
456 221
305 123
112 270
38 358
75 194
352 345
180 209
106 25
301 47
20 489
324 141
102 311
298 475
144 114
144 82
155 99
222 100
223 460
170 186
381 113
458 246
307 233
259 490
389 414
255 412
53 410
73 79
407 8
122 371
305 51
3 266
218 460
420 225
412 441
54 91
189 145
230 365
207 496
410 341
254 97
359 165
97 159
167 284
155 4
407 289
407 460
420 410
136 126
419 192
283 400
397 326
191 324
321 127
469 250
199 83
101 223
382 410
194 198
202 50
191 201
161 461
372 99
225 433
478 360
112 496
322 261
438 9
136 13
116 259
342 105
180 315
226 295
493 63
465 420
122 47
9 156
255 135
421 233
93 332
329 399
12 57
66 151
17 450
61 54
160 133
448 256
51 192
255 26
447 45
444 72
229 421
408 453
38 336
21 181
80 483
40 350
353 445
247 106
13 222
207 309
65 25
217 8
34 468
365 473
397 333
106 310
115 126
315 15
196 154
137 336
38 129
74 30
488 391
466 321
482 1
26 173
181 399
368 244
69 68
401 233
395 466
445 360
375 11
17 260
96 423
404 154
184 134
377 478
152 173
26 343
369 134
34 53
149 402
470 254
487 218
36 224
84 383
246 481
241 459
234 263
269 189
323 139
469 306
331 53
396 121
108 357
262 117
20 494
248 411
129 490
214 87
322 18
499 298
109 68
183 93
282 196
335 453
259 458
11 156
278 442
299 259
229 238
84 62
473 249
91 184
271 455
473 306
456 94
14 324
269 418
114 198
3 404
362 301
457 262
56 225
336 87
325 355
269 65
166 261
445 243
50 258
416 217
163 375
199 372
142 29
227 469
373 256
57 230
344 87
164 15
102 400
108 0
418 280
41 377
472 84
342 487
56 22
397 258
483 71
100 449
270 125
382 328
410 143
82 291
158 107
359 246
98 113
393 319
197 368
453 286
125 21
44 147
258 181
252 293
242 241
366 353
33 12
7 100
244 295
254 441
39 402
15 466
285 490
358 260
47 334
356 163
311 172
206 252
45 69
310 310
15 140
4 28
481 400
48 12
305 225
127 302
120 345
335 495
255 406
92 45
209 154
327 448
52 20
441 385
195 450
90 103
483 63
463 94
458 464
41 11
166 116
313 21
16 286
44 148
45 271
278 137
437 254
126 105
342 490
440 67
22 389
452 382
476 6
322 268
131 287
255 364
385 297
436 68
216 401
24 480
117 113
368 302
259 55
45 346
414 453
343 337
219 288
294 147
415 47
186 117
333 47
196 441
9 218
471 132
113 77
191 347
2 82
137 59
257 113
67 34
371 171
312 410
57 442
490 106
75 325
224 176
118 260
478 420
53 127
205 301
1 18
100 248
159 3
116 90
476 416
440 35
445 348
142 252
210 355
32 132
161 286
398 256
176 279
258 377
30 81
99 315
63 31
386 52
142 74
491 355
390 118
318 431
35 188
43 461
445 245
383 427
183 106
237 282
11 211
293 348
163 41
425 244
296 79
153 311
166 438
409 496
427 57
245 227
40 462
60 140
67 486
444 443
225 102
165 182
382 236
130 458
55 45
476 55
218 351
142 482
478 385
294 51
130 258
72 391
31 23
9 132
76 450
404 305
339 153
390 69
380 221
119 20
427 435
138 95
77 145
382 280
183 408
166 176
67 166
189 90
75 450
400 50
355 151
156 304
374 47
268 398
270 106
41 387
335 197
195 179
312 412
172 77
254 347
13 190
281 173
124 54
104 356
359 24
181 312
359 15
266 407
13 479
367 36
86 54
85 202
466 281
358 397
245 491
181 464
138 110
165 462
170 262
138 269
433 29
397 171
78 292
272 15
51 443
349 491
45 137
418 435
332 363
354 129
93 429
40 36
350 83
345 57
178 21
402 336
7 112
256 151
166 438
381 380
371 218
207 231
166 268
132 478
107 350
132 486
374 52
136 24
81 225
246 333
169 259
371 148
152 29
467 480
360 318
388 200
431 84
352 96
74 449
152 336
175 33
85 284
160 49
274 73
259 241
0 372
373 280
309 224
204 25
343 128
329 416
0 232
180 112
62 205
41 254
139 66
202 68
118 76
150 362
455 244
117 409
41 455
31 490
367 351
479 87
4 62
146 160
273 356
61 326
432 187
253 455
23 71
148 307
169 141
238 150
411 124
431 355
197 452
155 315
402 416
478 487
147 258
115 125
451 272
459 176
483 236
307 64
371 7
0 307
309 392
16 238
445 72
25 300
115 142
410 32
19 369
128 389
366 19
291 243
271 317
405 103
19 255
262 65
372 243
135 114
353 34
106 4
304 298
293 483
16 271
140 203
444 387
406 268
363 310
480 50
5 135
242 385
450 24
267 356
470 175
209 403
407 175
474 167
151 63
334 119
174 19
406 474
95 119
429 165
215 458
445 261
147 72
96 39
395 97
124 216
471 218
393 333
1 230
293 219
338 4
23 127
453 13
484 281
446 48
359 265
27 13
85 156
196 174
123 34
250 91
161 248
433 221
451 55
274 286
290 96
75 465
330 165
447 28
429 314
79 245
111 288
296 458
132 48
82 492
436 108
208 184
257 97
4 141
280 60
156 279
96 422
88 231
112 426
92 387
484 41
181 23
482 95
496 329
322 466
74 430
115 110
59 134
128 224
137 64
195 408
182 293
377 291
69 122
9 341
234 13
388 346
293 267
96 370
189 289
220 418
380 115
250 187
411 440
4 378
138 48
194 199
342 320
443 423
116 263
276 304
150 350
117 164
387 296
85 213
484 76
43 157
344 364
304 293
23 108
8 160
211 161
482 54
329 53
168 425
81 445
147 444
461 232
380 264
330 348
276 465
475 314
30 319
465 171
131 335
495 488
150 140
46 59
112 132
409 376
173 133
77 490
74 321
437 390
238 306
124 267
81 366
186 99
270 112
299 151
491 402
394 146
205 141
125 440
168 170
303 386
229 342
15 232
123 155
462 452
220 213
80 86
185 153
117 118
121 307
209 268
415 112
254 455
248 472
494 231
118 416
110 149
234 347
2 125
430 357
422 464
50 150
155 2
472 87
395 273
41 445
58 456
412 308
133 164
395 12
428 479
129 365
212 391
368 363
72 67
31 298
300 494
349 434
21 456
81 321
267 268
225 474
135 177
193 489
1 268
247 88
306 281
172 228
443 18
85 393
43 15
10 469
255 344
152 211
384 128
397 85
411 3
180 122
463 46
166 373
314 464
245 266
494 120
490 270
163 438
305 428
249 206
402 167
378 4
132 406
343 263
266 381
3 255
301 299
24 466
282 320
86 190
162 28
150 432
222 153
433 313
371 28
195 34
38 126
32 74
189 22
404 376
483 307
106 259
78 136
456 131
321 360
240 394
327 484
489 242
55 49
429 274
308 279
257 125
51 198
72 289
17 240
47 476
88 352
489 6
489 18
230 445
340 162
498 323
65 19
420 339
113 473
252 350
327 421
471 9
150 378
470 44
372 20
372 369
375 460
330 213
159 216
379 61
384 351
370 229
69 449
274 142
492 182
456 378
239 319
49 427
471 390
262 371
241 196
8 486
200 468
185 339
252 211
62 416
145 136
437 284
278 214
397 212
90 123
294 205
132 330
72 344
215 456
152 186
24 308
277 160
351 224
287 314
230 103
91 349
485 227
442 29
93 116
239 191
396 35
217 33
377 380
336 141
327 445
253 340
353 352
428 30
344 204
160 216
417 426
154 251
132 403
19 448
139 225
113 110
143 35
415 330
472 21
318 104
444 151
3 71
454 149
354 432
148 150
429 366
117 417
320 83
31 250
327 191
153 22
57 292
123 297
170 324
280 447
98 488
411 77
226 454
386 217
368 80
446 386
303 297
232 416
18 476
19 115
137 197
490 25
322 46
222 465
412 492
332 3
80 362
316 243
461 306
239 54
292 181
330 37
453 448
276 414
29 471
21 147
172 166
64 11
476 494
338 286
289 240
102 170
266 221
28 271
177 79
260 119
156 470
270 442
356 462
285 46
193 385
403 306
317 218
64 467
253 145
237 403
73 395
116 192
463 339
418 496
115 140
462 30
472 124
86 232
278 180
65 371
178 324
394 320
287 347
493 458
361 393
288 82
274 287
478 256
253 237
230 249
279 220
344 192
277 104
284 430
302 55
231 202
22 332
179 125
84 162
407 24
107 297
84 47
303 233
471 63
164 408
129 53
245 295
399 473
404 22
430 36
90 58
390 13
491 464
126 421
298 427
224 385
432 257
490 161
76 88
496 313
366 240
35 125
451 464
338 287
323 207
265 120
134 413
377 7
280 477
404 356
93 78
187 128
141 26
114 178
491 217
457 110
88 210
174 345
132 39
246 364
485 307
72 363
370 471
448 449
157 2
81 352
332 251
129 268
298 474
43 95
57 290
352 1
198 145
36 26
390 182
489 282
497 227
198 61
362 219
222 146
350 20
123 303
423 183
9 104
199 222
364 52
405 256
402 68
94 455
137 290
425 336
416 126
187 422
142 114
113 50
422 364
19 315
350 397
353 294
368 359
264 52
308 84
152 21
477 62
205 98
435 114
241 130
52 203
169 280
182 46
410 282
450 456
205 281
76 300
12 58
110 296
381 128
149 271
185 33
132 126
93 390
20 419
122 186
466 73
471 291
426 149
457 234
15 376
28 163
221 443
240 40
168 332
455 121
6 170
148 140
31 138
57 241
427 51
476 31
323 394
395 448
34 249
477 352
367 49
345 5
398 89
273 437
410 66
88 228
368 416
407 237
478 399
303 464
348 406
152 279
79 171
272 399
103 113
15 249
106 471
60 212
149 4
71 333
413 59
327 11
248 281
33 234
51 227
485 336
467 399
422 137
36 399
12 194
295 491
462 379
91 401
406 374
59 92
3 329
340 472
106 331
417 89
168 139
327 320
71 153
290 294
193 493
39 178
169 58
289 334
88 484
358 233
325 346
27 418
242 329
12 367
308 348
487 281
102 476
129 166
461 25
19 271
301 6
416 410
97 471
307 206
439 185
31 165
435 116
297 58
277 178
378 309
91 438
414 218
384 45
70 396
19 345
204 441
352 321
144 120
178 449
486 451
116 469
86 369
279 404
82 383
45 56
346 312
30 488
385 113
361 415
112 455
249 380
53 316
289 453
254 197
148 319
289 240
461 117
21 227
462 240
148 455
119 359
347 495
108 150
65 232
40 469
201 177
346 141
94 255
452 487
306 348
440 453
70 447
26 401
141 443
250 489
348 289
136 369
371 48
280 244
65 436
466 172
313 267
374 164
3 407
107 326
279 309
109 47
448 201
496 135
476 441
83 98
320 177
225 219
316 191
480 357
30 233
0 298
314 195
455 374
53 317
478 62
110 184
238 439
427 410
204 234
185 403
432 287
6 357
400 9
367 174
408 232
382 249
296 408
135 196
365 251
314 40
224 196
487 276
38 462
49 414
170 242
381 86
443 102
464 388
62 195
428 331
432 322
231 310
359 228
332 218
110 76
272 498
126 334
149 260
26 164
259 50
136 196
151 140
380 431
126 115
298 295
117 54
217 230
310 200
418 428
4 142
492 380
215 129
389 118
283 364
414 267
464 394
34 402
333 115
82 415
62 311
366 380
462 179
380 435
363 272
267 150
31 367
496 259
378 98
314 237
5 13
407 80
482 321
288 293
60 167
478 370
250 122
302 196
131 212
336 34
184 346
214 455
215 67
165 62
152 445
458 479
59 157
330 217
10 393
60 118
488 71
45 39
87 238
302 347
233 219
417 138
446 270
337 131
46 161
458 355
334 198
207 268
485 246
139 37
155 347
270 52
443 495
85 316
15 30
101 387
377 101
371 19
2 323
336 208
63 400
98 294
414 250
496 157
46 251
99 487
391 53
48 221
389 334
365 485
224 257
358 318
337 102
277 229
437 192
92 466
112 353
103 43
52 27
278 451
290 99
4 229
451 182
368 405
390 192
449 233
404 115
69 307
36 93
285 346
312 326
179 230
273 277
304 134
437 177
276 434
164 227
261 281
186 467
159 130
215 428
43 461
268 119
213 112
311 305
483 350
80 123
252 14
148 205
383 56
491 437
164 11
144 7
326 278
260 182
111 337
298 475
447 154
119 67
224 12
362 430
405 207
221 295
352 158
66 221
158 235
247 409
416 174
452 243
426 94
432 212
40 37
43 230
149 487
351 162
92 373
432 213
360 350
8 5
226 213
300 74
484 236
411 399
143 252
347 215
280 69
106 131
361 172
11 1
16 11
236 362
427 460
310 169
26 288
353 170
245 105
341 153
53 81
185 104
172 196
265 384
15 304
476 223
76 377
240 487
349 92
53 476
497 276
416 363
34 24
129 269
275 131
64 322
279 328
24 249
134 451
255 141
216 149
378 83
70 292
385 118
447 271
399 290
153 444
320 316
437 39
170 449
124 212
40 86
336 403
354 416
409 470
471 461
44 125
418 350
320 466
237 155
445 267
212 136
304 450
342 32
334 242
454 364
451 458
213 347
115 287
109 419
380 25
150 80
282 276
242 420
427 103
370 479
467 372
175 434
467 272
366 17
381 153
463 172
19 332
471 176
95 135
160 80
13 327
103 162
83 295
250 345
176 10
235 473
407 495
267 262
279 374
379 485
158 12
345 342
18 177
164 316
249 465
292 176
339 262
409 247
444 274
136 160
133 472
468 371
485 392
119 87
73 264
277 498
341 231
260 474
290 211
177 277
453 39
153 321
69 144
418 63
75 365
338 55
278 60
452 306
393 264
380 71
70 318
49 9
483 263
474 162
439 126
17 3
177 244
389 171
86 98
463 307
214 13
73 301
107 345
461 25
449 353
171 341
351 371
134 73
235 186
312 460
316 26
270 182
353 493
91 159
319 291
304 54
208 33
378 377
254 315
20 339
33 55
426 192
265 236
422 60
21 352
230 87
269 337
182 0
160 474
265 273
179 331
364 421
298 387
55 95
286 404
460 75
119 319
407 386
299 236
88 182
269 172
361 318
171 390
216 43
168 183
14 333
254 199
439 378
473 404
308 494
421 112
431 120
7 41
277 339
373 158
330 218
36 494
384 191
234 59
242 452
285 254
453 256
487 39
443 392
238 312
424 251
224 160
201 208
47 83
241 330
48 272
266 71
114 437
496 2
454 200
454 91
347 239
278 407
152 334
499 73
176 390
50 423
131 400
483 103
434 30
302 224
147 334
271 68
70 261
461 120
211 376
115 267
27 58
245 245
318 179
69 244
19 347
247 472
75 151
181 83
159 361
196 336
256 307
420 467
439 179
55 234
353 150
61 23
268 380
59 158
402 439
286 129
453 273
424 385
468 28
390 458
294 128
287 438
257 402
81 59
293 197
347 137
160 147
379 408
66 280
219 439
420 320
94 357
243 373
253 370
180 63
43 143
433 474
229 330
390 191
388 310
447 35
34 87
496 107
388 414
205 414
87 459
317 125
498 33
403 412
475 251
247 84
410 19
201 180
223 139
450 443
331 111
199 249
209 217
483 47
313 97
408 188
313 400
285 77
489 163
267 189
125 317
188 366
398 387
379 241
185 122
85 181
430 368
85 136
183 139
88 69
257 349
249 349
426 423
438 35
76 268
85 205
423 53
440 125
366 322
296 171
352 403
271 381
18 283
274 357
426 53
402 215
64 35
458 152
39 490
258 397
454 467
20 195
172 378
52 312
484 39
294 348
229 336
471 66
275 99
153 98
313 53
88 55
59 229
219 399
148 450
417 330
377 454
184 289
454 50
441 236
84 438
126 235
153 166
117 450
48 280
333 270
178 213
442 274
173 237
40 13
195 173
127 457
99 73
475 312
400 53
343 416
3 337
3 321
271 157
437 472
95 171
236 123
397 273
362 30
44 422
447 402
360 91
164 74
238 311
216 491
407 139
476 59
232 411
420 331
303 356
27 209
332 398
171 116
146 81
355 34
288 42
134 302
377 0
311 150
142 115
106 27
438 401
164 82
413 171
27 84
294 69
467 406
22 478
60 491
377 21
415 267
70 165
166 401
52 447
414 329
357 46
299 21
455 147
318 464
48 221
290 345
252 194
173 109
452 126
499 85
352 181
199 415
316 422
221 217
46 220
266 488
361 255
403 66
30 316
37 221
419 430
125 179
141 23
1 150
87 93
275 1
416 439
214 326
43 232
453 287
275 89
345 71
489 136
305 248
321 371
302 194
374 240
115 279
281 15
460 117
118 368
159 87
413 34
118 225
13 456
46 423
347 140
129 243
343 336
60 434
480 164
257 214
345 354
221 372
489 126
494 182
121 107
493 5
231 35
491 464
387 96
236 389
484 234
423 217
151 327
344 335
49 132
338 101
325 394
372 412
446 315
274 218
223 67
102 120
84 306
402 446
187 323
410 491
208 172
499 333
20 212
196 343
296 69
315 34
446 122
289 187
257 244
312 415
35 480
139 266
212 471
295 393
384 400
424 205
390 445
157 423
119 410
331 353
239 415
389 498
37 38
282 178
94 294
126 446
213 481
453 265
159 277
29 248
305 395
340 453
377 195
105 349
54 496
263 288
286 294
184 153
183 323
469 318
265 277
111 95
361 478
107 64
164 372
267 137
90 469
16 460
309 319
167 473
261 364
158 283
436 399
222 194
12 119
249 191
138 277
107 360
276 499
223 215
204 292
113 491
451 294
466 129
102 112
476 485
268 363
262 486
180 204
176 336
379 45
322 277
489 17
369 282
497 265
409 92
435 201
347 22
151 238
351 165
151 253
468 179
18 419
124 82
418 198
95 152
429 149
18 418
200 418
35 387
332 49
102 444
466 119
210 449
115 117
222 413
92 118
37 190
272 462
13 13
165 42
191 108
26 94
364 61
301 78
479 399
343 485
104 81
383 161
130 166
79 350
468 352
42 24
486 5
19 166
60 499
108 36
483 251
165 486
417 347
99 466
451 396
478 442
104 55
222 361
211 86
439 153
177 179
36 333
0 16
15 407
444 60
164 475
462 279
478 329
147 379
127 77
20 98
5 105
318 476
62 227
233 29
60 353
187 410
278 449
356 39
451 294
269 152
431 467
148 83
314 410
487 295
393 442
399 359
187 399
478 218
99 250
455 63
474 12
461 142
33 252
398 317
322 485
452 20
455 253
15 453
248 122
416 3
214 494
245 315
385 402
4 223
139 337
349 459
454 113
217 162
331 487
472 468
340 153
407 277
82 295
417 422
277 330
176 333
1 492
394 421
497 238
75 398
209 136
101 276
438 163
151 170
138 122
275 475
252 478
126 34
457 186
17 395
81 86
78 193
467 82
172 324
74 464
100 100
376 284
447 53
223 167
289 98
426 214
44 64
99 30
217 170
418 408
346 234
279 499
433 425
101 98
62 105
205 176
460 14
419 434
453 259
210 143
209 242
158 136
166 253
276 109
369 383
469 194
45 216
493 101
199 478
435 94
270 114
480 493
427 82
194 400
43 232
474 404
40 252
357 484
94 58
442 133
179 315
31 263
364 224
54 24
471 64
178 490
335 241
176 158
58 114
346 370
126 453
57 172
156 166
76 267
252 102
418 18
282 432
8 301
326 498
62 63
405 297
390 92
103 240
354 418
140 13
467 200
372 266
284 376
143 380
483 361
231 396
180 253
54 13
364 188
103 232
381 426
371 8
100 272
42 474
487 454
6 183
449 306
183 230
463 234
95 178
426 298
51 326
192 106
147 105
190 56
334 250
111 71
343 205
179 211
18 386
421 167
325 376
107 370
104 8
39 422
220 51
378 465
424 271
228 422
478 423
173 418
490 312
370 136
348 185
423 49
68 366
94 344
215 394
254 201
475 171
223 145
463 195
318 453
375 239
162 47
317 205
369 335
472 159
345 239
141 172
390 120
465 209
455 484
38 32
55 62
207 13
209 278
83 22
261 379
426 458
15 423
111 96
255 385
124 435
107 100
73 117
179 349
333 390
422 134
48 371
237 329
460 108
130 298
177 43
354 392
315 456
52 369
254 278
213 307
260 231
348 172
21 333
223 27
14 207
78 497
178 62
170 167
465 138
182 153
45 143
99 388
257 212
491 151
310 364
447 56
81 70
255 295
175 454
161 330
179 189
103 92
259 358
496 126
279 225
220 30
418 176
388 171
174 28
244 231
140 484
407 191
338 221
175 14
345 13
54 189
281 24
382 10
136 392
469 231
261 267
443 41
212 32
412 331
415 386
371 156
199 55
128 130
144 37
403 303
344 489
366 457
319 477
222 100
331 455
222 191
233 445
329 165
349 445
184 241
249 264
319 407
37 448
337 447
102 33
375 240
50 299
276 241
341 369
177 498
42 25
470 251
417 275
72 151
392 118
382 256
163 493
293 53
352 52
86 130
371 306
105 461
202 273
142 382
232 395
272 171
423 274
401 242
245 192
310 326
82 137
482 44
97 98
2 275
406 449
255 88
401 129
402 213
447 455
203 396
420 179
306 475
70 343
35 59
385 315
305 197
241 320
270 287
63 338
139 272
213 321
302 246
459 114
70 204
452 406
438 273
100 372
67 96
155 170
486 454
151 41
361 291
430 392
230 131
255 493
166 221
468 468
435 468
24 279
38 357
482 329
201 328
424 82
253 121
75 79
472 239
382 227
119 333
316 312
158 202
423 424
244 176
145 243
375 179
36 21
350 413
241 18
101 404
25 165
96 206
297 100
327 69
254 31
343 299
1 423
347 353
30 276
372 91
271 27
400 247
160 159
30 251
155 253
270 483
189 180
280 366
435 486
369 460
259 190
113 212
418 112
240 312
403 300
179 112
359 26
186 79
330 371
476 216
199 337
17 246
113 240
78 150
462 400
442 447
11 221
185 55
219 429
81 425
390 123
149 112
192 101
473 187
255 374
212 301
48 306
46 81
231 13
265 124
71 193
266 208
115 435
216 303
229 335
310 298
410 119
220 459
499 454
329 45
199 254
61 393
474 247
112 107
84 58
103 377
85 7
442 222
25 53
388 159
309 106
77 198
9 71
26 150
47 360
115 207
452 246
493 28
487 278
336 457
335 71
431 292
14 272
177 373
384 39
498 65
115 193
117 75
225 477
337 495
202 273
19 304
332 154
432 365
322 172
95 121
413 9
134 26
252 279
170 311
229 136
182 168
96 196
173 151
146 321
446 363
167 348
354 318
35 0
24 138
111 209
71 119
146 376
155 205
368 398
386 326
494 449
146 420
71 442
116 171
34 217
417 62
232 202
54 271
262 119
329 78
49 373
250 400
457 195
445 257
83 177
127 332
104 430
372 125
148 176
245 488
403 183
237 163
286 487
107 143
73 48
274 288
188 122
318 376
133 497
26 263
447 69
351 5
130 404
432 223
64 279
314 177
340 319
306 51
194 127
27 265
53 267
241 153
381 241
90 59
175 367
436 469
474 474
378 139
214 457
88 310
340 278
449 402
305 180
159 256
21 351
470 39
44 75
168 211
271 426
293 111
80 298
124 81
220 54
11 3
165 434
65 451
353 357
38 14
122 10
361 49
440 144
71 331
395 485
263 91
202 166
316 56
489 134
41 440
295 61
495 404
356 313
170 412
427 209
220 60
462 49
45 433
117 402
239 468
60 12
30 2
410 114
249 346
138 251
312 142
46 434
99 160
72 402
464 269
330 351
401 36
469 144
398 298
267 86
98 138
492 327
293 480
326 255
6 394
36 465
251 319
331 83
337 350
471 403
255 301
189 301
297 8
306 159
97 196
334 73
252 48
28 178
433 398
292 207
24 440
111 329
264 275
477 442
197 101
255 448
102 304
312 444
455 399
95 119
44 53
453 281
460 149
47 481
40 245
37 339
20 64
191 148
442 284
238 168
117 492
296 493
437 219
470 109
80 245
298 66
199 124
125 103
84 159
405 172
12 477
41 294
443 384
169 233
401 237
229 259
252 370
441 378
487 41
286 412
330 419
395 436
39 29
41 21
193 476
453 446
240 57
442 346
79 35
125 463
222 333
55 206
84 326
367 497
409 423
342 6
294 239
120 238
111 334
310 161
459 156
214 115
461 52
87 8
323 393
226 64
271 45
223 281
130 207
131 442
448 39
130 325
415 243
429 251
412 26
183 91
206 224
276 249
109 19
412 215
280 432
329 138
272 403
462 52
346 402
294 445
271 295
390 276
27 38
417 171
262 292
16 452
53 320
339 144
359 162
446 252
242 139
394 275
179 14
269 357
302 25
172 63
339 425
464 414
85 219
363 381
333 347
19 231
375 386
400 359
111 234
226 346
473 353
220 120
477 152
29 489
52 132
57 202
116 243
462 21
254 54
253 177
408 439
325 273
132 283
18 77
423 243
448 244
364 248
400 168
9 194
326 430
484 61
157 383
257 100
154 471
149 11
451 260
33 57
341 128
206 165
260 211
455 481
230 208
229 171
365 482
412 238
152 43
427 396
349 161
132 36
47 355
115 133
191 498
127 148
165 384
95 185
18 425
486 402
73 248
231 67
157 291
334 495
244 309
322 113
149 445
300 455
88 49
47 268
268 131
15 26
63 434
211 462
364 82
330 49
116 438
81 413
261 126
287 267
381 5
450 110
65 382
431 102
222 5
489 331
209 491
277 356
319 273
355 488
390 183
473 37
303 358
484 406
174 64
421 272
382 407
289 223
325 299
156 73
256 400
243 145
2 465
238 20
360 173
208 445
483 250
109 34
440 138
202 445
217 114
373 123
346 99
250 163
88 23
275 407
404 344
309 18
38 406
431 400
345 251
1 140
174 180
318 462
408 466
433 372
347 477
429 306
321 193
69 179
438 409
253 196
215 343
101 415
167 253
4 33
173 12
45 358
172 199
165 363
88 432
262 450
257 435
481 191
370 78
488 402
98 309
4 93
360 313
419 105
138 27
40 275
485 163
214 437
152 158
442 232
182 240
176 204
395 439
370 9
411 118
279 358
303 9
175 283
388 164
191 94
221 379
394 83
372 207
217 109
341 25
265 159
216 375
167 293
154 463
81 37
247 65
427 212
347 50
66 454
48 236
467 110
193 121
328 361
322 418
443 45
57 15
391 60
206 125
88 58
447 360
278 22
86 194
244 205
11 434
22 311
421 59
32 489
202 466
384 361
258 25
392 179
240 167
292 283
193 446
158 233
107 140
186 436
493 193
127 431
94 4
415 1
490 367
185 448
309 45
422 422
101 419
87 314
98 193
491 231