4300
474 252
368 102
121 333
352 349
220 163
283 454
89 440
307 260
227 300
463 290
159 268
156 435
452 351
399 309
238 249
353 434
388 64
397 221
422 9
25 249
55 142
435 308
420 497
149 242
384 147
268 112
47 396
247 424
85 351
100 146
433 323
387 453
26 321
331 284
385 301
295 356
16 293
142 230
472 436
435 291
403 209
105 203
479 302
154 352
351 65
388 254
60 284
105 128
264 438
239 288
496 150
295 35
265 364
300 437
228 90
151 88
291 131
433 256
460 123
188 439
46 163
447 428
408 106
44 405
45 173
175 136
171 394
258 470
407 288
230 59
499 135
118 381
489 142
265 403
343 302
465 305
234 241
347 265
22 494
167 243
379 419
313 342
164 402
43 72
483 71
58 125
359 482
124 28
432 200
2 390
47 127
368 320
437 281
128 67
162 311
230 295
490 394
148 44
116 154
78 191
169 99
81 136
17 380
80 57
447 449
428 435
255 495
128 296
215 44
355 108
404 377
271 85
129 246
252 420
463 97
196 330
319 484
364 129
187 188
137 445
380 486
333 417
65 487
383 314
422 280
9 238
175 178
424 133
405 157
254 29
211 368
205 303
432 382
70 69
366 471
458 59
476 98
85 143
457 41
173 320
58 380
58 183
316 234
391 335
364 221
441 497
300 75
458 146
68 85
408 28
88 286
385 366
10 64
458 322
143 319
199 131
166 201
287 258
93 482
55 30
380 309
384 497
495 32
117 342
223 415
202 26
244 163
79 87
261 106
426 37
21 404
458 125
235 187
170 97
128 180
489 225
74 360
392 226
420 70
485 10
388 143
306 39
126 484
91 386
275 388
144 17
494 296
484 102
52 82
262 6
83 180
392 104
330 158
80 284
146 250
246 417
457 386
371 404
142 435
175 462
331 418
66 320
274 177
259 50
408 326
358 374
478 492
150 250
35 160
262 230
499 33
420 8
413 456
392 291
105 407
325 67
239 436
465 392
294 14
192 225
451 203
47 51
301 429
441 197
279 188
222 203
212 130
87 142
285 477
384 331
250 390
178 62
306 490
356 143
220 452
7 48
99 171
452 54
103 253
293 393
97 234
365 15
9 161
490 304
135 294
36 226
140 385
227 214
210 446
251 435
484 430
102 258
313 435
40 406
300 268
3 334
201 249
410 220
24 211
357 252
330 159
396 246
460 471
269 476
411 170
453 20
131 247
183 55
461 296
64 223
57 113
362 419
139 259
322 124
228 15
26 31
277 59
382 423
251 90
112 151
24 162
410 65
472 155
451 445
168 286
399 367
287 78
189 114
90 278
294 363
246 319
378 320
95 24
466 260
263 346
361 430
496 287
294 123
68 320
458 245
113 88
18 358
324 252
30 207
70 414
233 324
145 317
193 463
75 240
439 11
441 191
478 300
275 289
462 125
370 343
283 420
130 335
87 302
9 454
221 118
294 432
101 306
270 439
32 294
157 197
388 323
123 450
240 219
344 398
93 202
474 66
254 376
30 105
411 193
163 40
324 132
439 458
249 425
71 61
110 133
456 228
178 351
70 431
181 270
324 266
184 274
3 299
404 438
484 385
425 315
300 147
105 101
26 239
152 207
340 97
177 262
113 149
80 356
478 35
153 262
388 303
102 338
128 243
129 358
25 464
112 406
8 325
416 69
276 34
484 420
183 469
118 161
369 148
36 198
312 348
151 189
379 201
444 105
463 360
324 73
480 340
18 436
358 340
374 286
207 134
455 210
372 242
390 73
124 93
441 278
468 436
489 444
49 347
59 286
211 364
205 384
172 191
383 223
9 30
17 258
320 68
310 472
398 192
286 53
331 22
310 79
24 151
351 300
438 73
290 410
294 149
341 495
70 467
349 76
334 79
148 366
339 155
199 310
363 89
111 337
269 195
198 273
425 293
218 49
460 363
13 8
355 106
425 206
282 425
357 275
141 469
476 357
167 332
421 175
365 383
430 384
158 134
427 128
178 435
299 497
6 138
244 312
18 213
139 170
297 152
121 496
353 438
123 97
125 372
255 396
281 490
124 185
314 291
226 403
252 492
482 377
189 110
324 226
248 59
212 463
459 45
336 185
283 164
36 459
355 408
398 144
329 488
131 374
129 143
487 210
87 381
492 469
48 129
188 316
131 296
194 252
438 442
106 30
341 73
481 494
138 48
37 231
457 320
315 20
230 86
319 303
124 170
299 163
331 172
321 339
92 462
404 15
45 382
455 362
209 238
286 288
371 199
19 323
196 328
266 335
490 278
448 85
101 114
139 247
87 432
395 460
327 31
265 151
366 224
462 72
360 75
274 248
424 231
411 146
481 120
398 177
114 323
437 199
446 215
0 428
240 385
416 395
398 67
291 33
105 264
191 105
354 465
48 318
464 130
102 311
488 297
120 352
51 455
22 409
338 498
383 22
269 430
498 152
37 168
284 141
99 143
460 476
294 453
435 361
172 258
407 37
389 13
468 27
288 441
291 490
365 478
409 26
30 134
154 259
252 68
211 439
267 351
156 23
384 61
171 91
128 57
70 430
309 370
163 390
232 97
428 454
480 97
232 337
448 11
79 238
177 200
52 142
165 444
357 208
300 402
459 380
310 280
2 381
271 471
69 165
119 3
453 349
38 452
315 185
275 486
186 246
240 453
249 90
299 405
159 459
191 451
83 118
351 354
325 86
251 474
330 246
95 223
27 283
320 133
471 342
440 95
400 158
100 180
437 2
461 399
202 97
67 4
358 286
372 419
393 36
282 475
50 75
358 230
215 77
271 30
126 187
197 211
243 26
28 297
49 181
278 341
346 251
37 345
116 56
92 409
237 362
437 227
457 287
217 148
178 24
211 488
52 304
183 260
58 295
476 63
405 459
210 106
452 103
11 248
9 68
282 104
183 98
386 220
368 140
16 455
443 46
203 228
340 347
143 238
301 250
209 471
78 58
161 420
20 382
302 173
129 381
480 85
157 312
304 218
173 25
423 320
400 468
316 478
216 241
343 311
134 370
428 53
325 212
446 442
467 345
78 249
186 96
260 410
128 343
220 416
236 153
122 495
326 489
82 290
101 42
412 425
478 87
152 193
135 155
352 98
199 102
50 431
341 385
80 162
78 322
327 152
0 166
155 449
91 326
220 89
15 44
132 485
178 345
1 284
382 313
267 353
136 434
171 169
183 330
4 104
256 261
279 331
281 108
434 287
376 224
269 7
492 243
89 401
185 170
335 442
147 419
353 454
475 136
466 377
481 158
271 470
301 237
198 50
337 434
159 132
491 214
309 428
181 483
5 398
192 218
489 192
498 192
328 343
72 473
483 294
116 53
142 254
305 417
204 340
325 494
60 363
143 316
152 370
120 176
394 157
202 313
5 383
78 200
26 185
479 150
55 9
264 95
364 198
390 421
267 68
283 215
384 328
198 278
454 36
45 170
335 200
436 99
300 340
377 14
17 326
187 356
303 424
122 303
224 168
88 365
80 344
172 372
2 316
204 222
392 309
9 102
201 228
420 297
312 1
179 298
6 181
457 219
22 310
330 80
445 99
443 418
142 377
46 115
189 497
306 250
352 81
161 167
465 54
407 82
232 129
310 439
158 238
400 267
199 180
279 230
1 496
226 74
189 143
140 272
374 230
312 446
466 227
133 325
259 431
60 392
331 491
82 370
489 341
374 482
213 41
389 5
80 66
209 115
239 121
352 202
0 114
193 164
341 466
397 178
70 101
92 457
179 254
95 174
9 21
62 321
327 74
140 303
419 407
28 349
403 10
476 380
396 404
370 169
199 238
339 120
77 270
376 283
310 109
130 323
145 319
245 44
347 472
231 385
86 266
129 259
492 490
246 105
127 240
330 116
88 326
448 169
305 166
275 324
0 467
286 257
301 497
469 31
268 148
415 52
311 354
196 396
1 155
396 442
411 128
307 226
248 499
17 255
432 405
372 292
49 284
281 158
41 350
499 250
302 309
15 266
162 465
121 212
154 15
496 369
95 65
65 303
58 195
100 82
227 342
126 472
482 128
331 407
9 23
184 182
300 163
481 52
264 314
329 454
323 270
336 325
480 270
466 253
187 39
233 66
39 266
395 360
119 21
397 78
260 129
144 433
485 60
374 125
79 101
372 55
233 402
25 60
165 213
104 491
409 204
471 338
50 448
322 218
296 21
2 71
356 408
468 147
124 194
147 194
101 204
458 371
283 334
48 483
326 448
5 152
342 236
36 476
46 244
266 210
133 342
250 268
267 490
184 70
116 392
96 183
55 217
404 406
242 338
139 304
308 68
156 144
120 151
247 193
403 166
360 13
134 37
379 462
384 401
293 415
98 0
69 241
148 153
344 325
129 242
310 483
127 438
89 467
12 99
117 336
202 267
156 477
439 336
89 35
302 175
27 383
476 401
406 96
422 476
218 250
85 51
489 381
200 212
311 430
119 212
331 428
257 173
9 488
23 48
223 98
333 326
79 250
199 162
138 337
88 473
24 357
90 173
238 366
148 290
354 401
182 119
292 185
173 439
340 301
252 49
227 63
166 437
99 158
495 365
338 238
447 435
461 214
432 389
179 199
452 433
52 385
70 134
426 345
498 96
497 266
181 102
40 76
86 347
64 491
81 81
17 254
321 28
417 478
29 105
38 448
333 481
468 91
288 256
204 394
12 138
241 53
129 193
393 133
124 67
148 309
64 206
86 17
495 237
342 356
304 376
210 233
324 490
246 178
424 464
102 302
355 436
481 343
328 336
403 226
36 453
159 403
421 452
189 97
453 268
145 383
116 258
248 355
385 292
256 346
148 309
245 211
406 355
191 78
305 235
188 446
349 341
145 199
148 270
39 334
217 102
360 36
243 186
478 460
158 128
437 87
298 158
13 34
464 204
291 56
354 269
462 331
382 203
326 107
293 31
133 217
105 363
49 345
305 348
476 27
114 315
473 265
151 264
321 338
246 115
237 112
444 100
155 199
159 326
357 333
50 452
167 342
187 7
355 68
96 344
159 183
300 62
179 484
322 303
419 0
112 420
20 8
59 408
87 28
361 218
23 444
139 264
271 42
111 326
171 479
162 59
473 182
167 463
118 152
152 341
262 37
397 117
377 134
162 457
175 464
261 24
140 50
93 400
226 411
390 204
263 249
432 405
220 236
241 451
292 338
228 245
214 54
189 125
82 92
56 203
227 110
12 317
69 367
131 105
161 296
397 373
278 276
365 329
280 498
337 458
203 425
331 65
190 418
10 372
76 273
235 418
88 155
375 247
205 157
305 6
379 218
495 203
384 10
8 212
170 17
442 345
262 373
143 125
498 453
78 5
424 426
81 165
412 12
21 308
166 117
188 327
382 398
408 183
247 266
135 416
114 417
142 77
55 376
329 138
143 53
331 259
424 67
431 264
73 337
306 305
132 239
137 494
29 366
484 45
462 128
397 120
49 76
304 392
30 104
9 134
245 173
93 340
105 170
359 376
181 30
269 17
364 313
31 407
304 245
374 16
136 118
46 271
163 185
142 351
485 45
71 151
344 230
252 164
40 301
331 111
129 222
387 100
359 345
90 419
287 16
134 464
88 423
460 181
32 103
149 102
254 369
451 220
236 450
251 56
167 276
350 82
182 148
493 238
9 394
410 436
400 296
219 44
77 340
444 31
134 461
182 445
17 240
190 134
42 253
29 441
23 61
210 380
470 57
303 55
491 479
127 213
110 244
436 346
377 39
1 380
177 363
103 183
169 194
447 293
234 211
273 329
61 109
19 335
242 31
362 322
36 86
182 489
187 498
37 118
499 416
280 38
74 176
223 383
29 243
307 170
499 115
225 80
267 412
443 244
66 9
95 157
498 454
452 277
396 185
102 342
232 247
275 234
469 306
50 498
21 498
466 209
289 372
285 191
287 56
417 80
238 205
160 365
142 236
274 464
158 390
489 228
462 391
197 265
115 283
134 99
308 136
361 100
143 449
357 146
78 430
135 275
140 316
405 147
464 134
25 179
259 122
13 366
131 221
356 63
162 99
87 490
90 471
420 448
446 85
15 278
405 25
193 3
2 45
31 450
129 466
441 408
275 240
313 454
17 258
357 170
160 32
3 445
245 103
188 275
405 44
69 56
59 310
207 114
65 61
380 239
499 46
287 321
127 274
33 100
270 497
29 390
187 283
238 384
159 285
329 278
334 65
227 250
364 245
159 287
378 429
328 39
212 377
152 115
215 339
336 185
427 338
473 365
249 467
252 211
341 261
178 433
183 28
125 257
44 399
181 284
175 422
152 9
124 387
79 304
341 191
29 415
133 120
87 354
417 234
347 191
476 259
287 25
283 11
411 412
49 179
454 444
453 224
464 106
262 429
472 43
310 455
75 354
208 295
382 15
58 126
385 229
255 35
46 24
288 390
69 309
253 337
414 23
481 58
339 378
273 243
50 312
166 435
231 478
493 226
352 113
342 403
290 89
113 449
339 189
350 402
91 261
284 104
14 5
235 118
361 206
18 8
296 264
242 36
262 379
492 87
490 467
56 186
488 133
322 22
276 327
440 172
128 367
373 225
195 495
201 108
469 56
172 71
107 265
144 414
1 221
188 488
26 344
477 97
119 14
194 299
323 395
114 134
211 452
299 487
448 406
315 0
71 269
386 487
402 30
103 382
370 255
99 292
241 248
115 428
79 360
107 309
295 403
207 221
61 7
265 6
358 361
130 80
420 429
311 368
250 322
429 414
58 472
220 381
309 299
11 335
496 389
292 470
44 292
151 351
209 457
318 416
349 67
348 300
168 269
443 159
425 270
242 372
253 484
135 314
2 415
304 499
469 350
142 448
299 13
322 145
62 8
427 140
292 263
32 275
434 312
82 327
199 211
195 176
343 305
220 183
182 345
195 376
324 3
369 190
187 475
335 191
184 101
364 262
37 476
141 248
75 323
386 223
252 127
432 82
117 95
292 4
380 299
302 339
381 204
31 23
215 69
22 366
128 399
227 387
135 17
192 368
444 63
190 78
12 196
143 474
478 129
280 287
126 358
414 435
458 360
281 445
163 173
424 303
190 143
160 152
20 178
241 204
282 464
12 283
257 147
128 155
294 235
445 409
344 273
133 211
8 154
180 414
69 171
166 104
256 260
290 326
382 277
93 383
166 16
163 106
113 423
10 292
53 408
181 455
18 249
403 314
80 26
49 83
188 149
261 215
393 296
73 51
286 275
143 19
125 452
227 307
451 238
498 237
192 356
457 179
345 62
88 360
296 425
427 137
352 336
484 40
444 97
372 58
429 230
183 16
175 54
144 410
148 478
186 143
322 192
255 143
355 168
445 195
333 3
339 224
265 37
135 324
234 209
439 359
227 163
69 474
237 254
84 213
356 237
429 270
413 31
51 36
84 121
124 348
73 269
306 464
140 338
399 293
5 226
389 338
165 232
339 310
23 402
139 423
194 232
263 420
309 459
80 166
14 393
162 205
21 439
129 320
466 161
239 28
219 471
55 480
290 384
138 394
170 165
397 129
49 364
175 12
178 210
103 256
313 45
484 117
290 334
347 114
142 256
79 86
66 213
97 134
381 208
373 87
216 51
267 271
283 118
328 442
50 314
359 284
253 363
49 195
309 43
299 248
334 304
17 230
365 252
460 467
54 98
149 186
457 271
389 268
210 92
258 69
353 113
328 469
165 107
2 378
126 326
130 302
32 313
417 148
467 249
199 230
416 21
144 200
468 225
317 385
455 31
144 428
397 160
119 472
202 414
241 122
276 329
494 371
371 160
410 411
141 338
360 109
310 57
282 356
242 130
161 452
232 197
209 305
130 129
44 329
451 332
13 285
156 227
387 7
271 380
218 149
111 412
322 430
287 273
403 456
260 29
78 65
222 492
122 287
116 204
37 18
303 67
146 402
262 311
43 34
35 33
445 262
192 146
419 119
76 479
360 175
240 336
329 438
78 314
19 303
321 194
114 408
162 476
139 260
146 424
457 183
297 34
180 403
374 489
321 452
479 450
139 181
472 219
385 320
123 50
96 256
16 296
272 62
175 179
103 263
298 321
207 61
316 95
85 240
44 190
493 258
291 23
94 132
452 115
17 479
88 75
223 114
176 104
283 495
110 351
25 387
448 409
4 84
324 264
306 441
199 368
391 299
431 343
458 485
317 235
162 476
442 405
9 385
232 118
322 145
32 343
104 199
283 332
96 108
402 108
328 254
54 453
296 220
57 337
73 255
83 226
131 87
473 25
495 493
138 205
400 169
368 22
354 4
465 4
112 450
56 367
320 292
364 110
300 469
76 422
148 225
312 159
36 132
477 137
195 31
201 115
137 95
452 421
425 491
293 417
136 389
182 201
312 308
277 46
320 464
189 353
364 469
453 353
491 252
284 430
397 186
133 337
110 386
229 437
206 36
425 374
75 342
151 459
6 239
203 280
486 326
147 244
98 202
455 100
382 441
479 91
428 279
17 112
402 38
426 246
120 108
303 204
163 196
435 306
86 169
348 491
235 424
127 347
300 185
126 82
173 182
314 105
70 453
343 331
78 472
432 270
474 50
246 235
41 489
11 34
377 480
404 359
206 112
150 31
465 358
41 276
234 490
443 207
38 156
480 139
261 468
19 412
148 87
76 117
3 41
21 87
298 380
345 278
309 357
215 495
271 127
469 256
315 357
13 265
404 354
174 493
406 165
252 193
163 406
299 180
268 166
47 321
99 418
275 392
387 260
239 491
99 10
368 209
474 415
121 233
227 378
395 295
341 485
243 499
179 356
22 42
363 299
218 69
313 314
427 345
336 200
63 166
227 288
55 283
16 201
431 176
323 95
432 326
177 16
372 175
218 209
8 247
316 433
100 78
424 482
34 379
45 112
252 97
232 273
326 307
335 101
196 258
436 11
379 481
156 466
175 252
351 226
12 35
114 167
1 464
343 390
354 36
133 240
365 459
118 218
319 192
302 454
317 15
496 238
204 196
300 5
83 231
267 151
171 95
411 233
123 172
60 254
495 329
288 194
412 360
404 407
213 83
98 206
297 382
430 447
452 353
85 83
86 387
483 352
437 109
282 246
1 412
241 194
240 348
60 382
141 152
235 465
171 206
88 186
485 468
322 18
453 289
176 259
463 40
149 11
258 400
312 283
478 111
459 405
287 218
223 19
484 280
486 310
348 8
476 74
445 333
122 150
409 398
438 299
162 372
272 440
223 420
31 436
342 201
272 342
362 481
262 495
305 198
206 248
175 154
339 183
185 472
222 462
113 95
319 161
453 275
48 444
232 176
230 79
422 74
408 354
349 136
334 170
270 6
12 41
76 297
269 352
166 113
60 492
5 131
406 380
176 310
338 454
386 408
335 68
422 160
148 243
265 123
482 482
375 387
37 494
198 303
417 306
150 216
347 477
209 7
317 254
60 385
146 156
76 298
310 481
76 351
474 458
441 193
80 308
303 168
472 117
276 353
70 389
218 278
286 417
23 428
165 455
463 84
234 163
496 392
243 45
355 72
265 69
378 148
317 198
167 33
238 141
382 443
74 308
78 100
380 212
167 101
37 398
61 483
375 272
169 58
482 118
39 24
173 248
298 269
302 342
483 465
261 41
201 365
465 335
47 279
381 198
96 66
49 270
42 157
67 424
394 63
440 50
150 286
55 113
455 448
265 210
103 290
155 26
213 304
436 472
170 260
327 169
439 266
276 228
153 334
397 343
393 399
37 337
302 395
343 445
155 109
251 461
487 110
266 406
379 201
313 202
371 401
20 140
369 163
497 296
491 374
125 246
436 237
132 163
108 238
200 328
289 115
225 451
210 276
329 491
46 441
342 143
135 417
432 362
10 4
230 429
176 2
239 208
371 112
202 223
51 331
446 254
58 340
469 23
366 268
209 298
293 412
182 51
266 429
285 114
44 276
130 368
76 72
36 369
93 299
130 90
345 496
337 428
303 403
23 306
456 169
82 232
135 250
31 264
378 401
30 316
184 274
346 160
382 112
411 234
325 475
323 41
321 170
425 160
318 124
294 448
180 275
377 376
492 167
69 408
76 370
497 451
111 113
225 195
430 493
320 137
30 255
425 144
304 352
476 350
150 123
250 122
498 182
349 127
387 342
65 270
221 463
76 62
257 333
178 302
291 187
442 499
143 321
25 219
421 299
274 2
476 71
253 24
3 475
169 455
225 390
354 234
296 447
132 282
436 54
93 310
161 227
401 388
107 304
456 426
428 381
304 230
107 405
232 410
365 462
353 401
488 90
389 59
341 284
190 373
184 130
357 284
24 197
2 258
185 483
364 310
40 465
222 169
79 499
462 306
60 444
386 167
78 48
184 128
1 271
401 375
11 37
235 111
221 35
18 89
399 406
224 235
404 291
143 298
457 335
279 457
476 17
417 17
497 54
325 101
328 499
388 79
190 339
226 475
416 411
170 97
332 315
459 246
44 88
423 102
411 353
370 54
71 387
441 139
93 69
420 118
197 421
261 160
136 239
151 339
436 52
220 321
419 120
208 31
485 463
317 483
37 396
283 39
31 461
382 76
46 124
45 154
314 244
335 158
498 302
207 486
159 286
259 279
310 78
394 319
303 295
43 63
454 192
5 326
254 485
461 387
393 300
396 7
17 60
214 232
70 367
6 273
52 230
160 265
84 214
9 54
117 387
432 52
230 424
409 437
177 336
137 223
230 70
130 385
117 99
467 197
470 188
270 473
90 23
237 430
337 174
414 99
3 306
230 346
135 234
70 492
215 312
383 59
445 297
396 365
414 414
454 215
188 385
408 224
7 278
305 497
96 344
150 219
417 452
38 233
225 52
217 108
20 440
237 100
317 317
83 485
201 232
117 38
114 241
372 377
226 121
317 177
248 175
127 320
53 165
69 165
125 278
70 286
238 497
314 159
144 408
140 398
288 197
439 109
338 402
376 311
488 64
91 45
365 236
253 218
235 418
48 174
461 361
358 118
277 199
107 25
275 274
471 99
60 63
317 410
73 398
315 45
91 413
1 406
477 456
227 254
429 212
425 275
394 242
441 136
161 23
297 401
352 436
351 269
31 413
163 168
214 457
370 330
237 157
465 372
478 66
130 192
320 259
1 408
44 214
89 295
48 205
493 387
8 400
313 344
364 391
348 329
159 78
235 71
443 396
314 201
245 421
33 297
205 65
131 34
329 249
306 221
460 229
130 151
495 320
211 295
124 211
290 412
483 284
32 377
430 278
199 347
496 28
93 84
119 201
302 77
298 300
30 108
111 110
430 160
307 458
169 493
257 432
216 311
189 92
370 248
447 471
499 422
6 443
144 93
170 125
278 298
406 320
282 308
320 369
327 64
409 127
411 497
308 167
259 127
228 349
321 130
52 175
471 320
265 410
36 115
414 287
459 314
474 172
394 241
157 146
125 221
70 67
86 37
164 231
80 345
327 244
420 253
74 231
142 391
358 191
479 30
196 124
149 290
32 170
316 43
116 41
108 441
330 187
270 194
392 495
91 350
456 71
303 11
254 30
73 297
327 465
441 52
343 23
193 442
337 227
268 361
154 454
493 229
275 485
332 115
465 19
91 423
287 421
303 246
43 393
358 377
281 370
245 152
94 476
55 290
151 284
90 176
405 157
142 435
50 32
404 326
250 367
289 347
93 389
282 444
173 488
358 493
145 307
283 455
245 91
227 339
15 396
405 317
252 272
156 400
226 302
170 60
407 328
217 311
107 352
340 352
345 281
88 50
5 342
285 223
414 250
498 13
330 281
53 256
156 435
237 62
474 382
211 407
70 234
86 280
132 178
311 427
329 329
23 399
474 335
437 309
174 389
22 288
44 356
291 428
490 200
434 381
288 464
198 497
278 211
389 137
64 262
92 200
451 245
432 467
276 277
18 222
10 302
159 41
469 406
458 302
183 459
275 392
242 324
35 326
463 20
134 424
476 379
124 78
46 427
204 57
279 174
477 223
116 141
399 488
290 85
396 357
101 326
150 171
349 343
215 37
313 312
191 350
428 289
68 168
77 326
1 124
199 356
349 478
318 315
400 248
457 460
286 296
320 58
254 288
325 169
334 321
23 490
279 377
45 304
130 199
324 122
330 131
461 23
339 179
279 279
92 91
240 236
147 230
19 60
81 401
222 196
187 415
293 98
402 318
18 190
313 32
164 342
217 495
27 477
109 408
0 306
43 201
431 240
152 190
91 302
499 85
353 165
115 38
356 498
188 17
50 374
68 353
349 66
43 286
46 376
34 152
205 46
138 77
267 137
439 142
228 210
228 290
328 81
79 343
213 185
411 119
325 263
181 332
470 174
402 224
229 16
63 436
366 434
71 53
196 133
196 363
153 424
357 276
119 334
371 288
407 332
447 282
466 232
258 128
205 436
453 12
301 434
368 368
421 167
152 292
155 117
393 200
476 160
494 250
38 448
132 217
352 298
382 80
60 318
255 493
357 265
199 60
280 158
177 420
212 201
171 330
382 219
231 64
167 359
307 78
295 57
207 439
371 147
318 90
83 432
197 425
485 440
451 397
169 117
170 128
310 233
452 341
258 193
404 35
113 277
334 211
2 261
260 42
484 374
306 78
3 419
359 3
252 340
457 162
143 421
154 128
321 453
498 458
494 431
208 402
465 459
72 395
437 468
342 333
263 273
192 148
3 267
459 403
66 256
29 269
249 209
14 36
494 422
354 365
267 340
152 62
309 85
53 224
57 98
371 395
395 173
292 63
319 398
6 251
372 385
446 388
424 121
44 312
177 418
111 250
164 297
382 263
487 474
72 435
182 397
70 296
359 429
179 362
465 30
415 186
74 338
311 213
26 350
268 207
457 203
0 231
494 122
448 234
169 334
83 372
168 203
132 5
219 380
410 312
350 184
374 178
391 276
126 38
245 417
473 246
478 55
29 325
60 324
158 477
349 81
285 93
98 18
398 269
433 317
2 160
338 135
263 228
266 230
499 389
488 364
419 324
150 466
142 448
277 62
143 301
394 126
496 280
402 493
162 246
407 335
323 16
245 245
327 86
476 363
227 179
3 464
282 498
298 5
67 424
77 75
54 211
343 324
169 402
149 245
433 331
348 408
5 256
342 445
308 185
364 170
486 388
386 367
373 268
45 37
112 440
3 122
446 18
421 199
444 467
299 422
182 229
485 147
444 39
224 328
498 252
140 88
456 337
105 379
416 181
473 2
125 380
399 329
28 423
391 172
446 324
54 42
41 128
19 39
219 485
237 244
332 70
407 230
109 140
321 364
367 377
257 147
476 492
267 8
180 4
328 10
52 478
458 382
274 93
78 478
222 493
415 168
250 406
47 322
187 211
88 220
367 54
398 197
206 343
199 17
28 238
217 380
114 80
26 27
5 388
234 456
124 79
486 149
472 374
85 33
105 11
417 25
223 473
168 167
184 429
19 220
100 212
145 236
264 214
455 23
479 121
201 189
190 456
182 187
72 14
377 120
145 177
2 294
461 368
149 171
391 146
210 169
257 343
409 207
230 373
495 364
405 210
18 196
383 448
462 200
320 455
484 340
134 466
186 487
158 448
94 188
357 401
96 156
364 114
488 5
370 94
156 483
31 127
75 174
227 266
73 390
230 47
365 57
44 216
164 404
92 54
455 110
119 449
415 403
409 483
429 255
90 131
258 86
112 121
387 186
76 191
239 460
18 306
374 456
360 414
469 391
1 452
253 276
180 120
455 21
276 89
72 385
323 367
488 330
368 287
479 228
40 444
102 70
378 58
325 329
220 239
43 294
70 73
46 149
170 102
191 1
238 446
165 115
446 61
201 154
234 166
111 180
102 274
185 65
394 480
71 10
156 114
188 115
116 226
329 86
87 286
84 372
488 178
91 250
256 286
452 292
324 490
116 415
333 426
259 153
15 227
194 330
297 171
398 234
320 413
51 79
303 407
437 136
238 291
429 29
321 494
336 234
149 498
276 304
458 482
62 35
366 473
145 256
490 15
429 395
326 310
69 480
468 129
273 7
388 206
52 202
436 61
59 388
193 438
272 336
223 3
476 186
442 441
457 473
368 284
446 238
218 194
176 16
375 39
245 449
3 263
324 298
38 440
230 236
424 83
86 354
41 147
89 415
388 335
120 46
284 109
155 66
434 354
245 331
280 309
424 343
493 284
76 101
337 31
115 158
12 113
260 201
116 405
241 349
247 357
466 213
279 383
90 121
305 66
227 335
178 437
73 152
105 23
55 1
159 294
407 22
223 24
429 167
369 192
401 22
235 468
204 367
340 367
285 146
481 145
435 12
16 12
35 8
10 121
267 442
464 169
45 174
194 40
84 327
349 415
383 485
204 437
156 439
85 44
42 293
305 419
283 329
337 322
295 170
113 347
369 63
89 77
469 266
93 283
50 53
390 295
84 286
225 94
491 240
33 311
82 385
214 190
364 365
35 51
251 12
75 0
78 472
238 16
300 399
305 184
479 350
136 195
142 63
155 214
377 133
370 40
230 459
176 84
487 447
459 63
64 90
414 386
402 494
393 5
189 54
257 198
394 20
83 245
459 36
21 90
130 188
147 391
327 212
11 175
239 166
257 470
356 303
297 171
176 259
165 42
93 217
237 422
168 487
375 320
262 479
168 248
491 244
309 167
343 318
484 320
291 82
237 93
265 499
110 386
280 293
363 276
198 373
212 100
273 218
198 87
187 35
280 366
33 178
348 89
409 376
310 333
278 52
404 399
137 395
189 14
142 418
291 52
4 341
411 4
443 277
313 109
475 131
161 445
386 361
89 10
195 147
200 400
151 473
369 104
470 289
207 410
314 113
306 350
354 318
448 217
327 298
281 261
58 154
15 442
304 444
91 105
357 499
325 143
99 8
149 194
456 70
183 208
59 270
440 341
58 413
63 388
1 385
392 344
139 411
355 407
364 443
295 299
294 221
82 120
166 394
316 231
292 122
244 351
192 351
264 36
425 250
488 180
24 278
190 380
139 15
459 397
48 4
77 254
226 343
89 159
243 392
366 257
108 35
386 110
498 152
402 2
182 423
54 242
474 59
74 96
493 466
470 385
139 394
237 47
59 217
109 178
435 302
337 475
437 395
47 223
77 436
211 301
44 260
171 265
213 370
336 245
131 207
101 306
206 122
340 190
220 265
67 301
277 155
50 404
479 66
2 449
250 56
168 214
331 294
17 339
437 45
104 353
12 420
42 57
99 218
483 234
36 319
326 402
158 165
231 228
177 489
397 234
300 427
74 66
257 483
380 91
444 46
466 336
393 456
26 361
95 492
311 361
115 131
148 137
217 273
262 380
466 394
322 12
430 118
101 248
191 187
86 334
170 487
296 52
413 416
408 322
36 9
492 72
61 151
425 141
373 279
173 39
51 339
457 347
447 333
21 410
244 138
126 107
11 415
331 274
96 425
286 91
15 132
284 130
123 77
208 61
452 496
335 233
433 356
189 292
203 380
371 62
21 447
214 349
123 33
310 397
341 71
56 96
226 356
285 192
253 350
346 345
79 205
413 34
326 364
244 103
165 381
181 467
316 187
72 247
497 291
363 382
478 338
46 271
463 56
258 184
29 216
273 457
491 460
324 39
142 169
403 421
388 159
346 84
331 57
348 270
152 328
18 63
334 482
39 417
101 297
365 149
106 482
443 491
30 449
119 267
188 24
183 22
458 429
486 382
152 141
322 186
250 305
287 340
109 436
86 178
328 210
45 303
146 286
236 488
107 28
52 207
81 148
77 88
470 39
180 415
101 474
279 354
47 203
492 419
449 156
219 78
381 277
64 264
252 380
408 152
359 211
359 461
49 292
183 436
351 371
345 363
70 305
8 477
396 117
273 0
430 345
475 492
108 164
44 391
43 360
424 452
413 254
46 283
220 314
185 229
444 423
228 31
360 14
483 89
441 256
453 257
101 372
36 280
171 210
422 80
32 66
320 346
130 298
112 218
299 202
477 298
181 96
462 58
147 393
149 446
203 88
312 454
235 156
366 348
428 258
325 141
487 461
111 145
216 469
171 223
373 15
111 149
59 406
299 74
372 206
146 300
107 75
83 459
307 342
100 450
91 88
401 425
423 430
400 12
235 491
6 423
72 461
367 470
396 131
189 167
319 268
195 188
147 426
120 278
80 306
394 221
498 23
454 295
159 273
264 206
129 395
208 123
93 54
37 75
94 489
109 227
415 414
340 304
82 414
220 461
34 15
38 467
262 384
10 492
50 274
21 274
397 180
234 229
304 342
183 271
498 251
165 292
96 265
179 357
170 31
46 252
219 56
293 84
429 333
107 303
77 479
159 128
357 327
169 393
165 14
265 353
145 15
133 282
491 94
125 164
416 162
70 171
255 135
321 363
166 36
16 280
409 244
423 27
421 118
484 92
297 438
305 101
383 295
389 438
103 375
389 14
37 371
359 459
323 292
181 180
460 489
85 197
224 221
192 8
453 497
287 28
130 250
397 93
383 13
240 286
152 486
210 129
89 189
334 69
101 264
253 15
64 413
135 191
51 140
138 179
207 4
107 425
370 337
203 4
143 254
92 443
73 295
485 302
223 14
278 171
186 324
238 383
74 250
390 225
404 126
482 380
158 463
153 89
446 28
282 356
151 89
384 227
29 76
90 221
244 253
77 220
456 430
32 167
392 382
8 275
155 148
464 343
284 313
194 117
325 230
319 328
55 328
405 56
129 437
190 347
420 374
156 119
139 376
258 189
316 31
32 119
462 471
137 348
465 246
477 183
11 142
470 148
56 419
356 227
75 38
412 398
17 347
223 420
109 8
392 481
452 277
249 424
272 414
13 238
273 89
83 342
490 284
203 53
133 399
437 411
309 208
55 201
121 179
187 130
463 83
360 79
355 416
330 461
51 479
68 343
37 324
461 3
57 28
279 16
428 190
250 68
269 89
268 157
139 242
177 308
239 102
18 390
203 95
426 201
396 107
283 347
350 434
314 244
113 259
301 93
161 393
482 51
60 282
376 103
263 199
154 406
296 2
449 172
225 351
458 376
223 122
56 242
338 425
185 222
315 451
344 486
390 328
462 179
282 450
2 190
96 45
47 156
180 244
96 349
225 406
28 54
148 300
225 436
10 487
290 262
249 177
357 135
166 139
441 319
9 448
345 443
99 458
202 244
93 132
38 298
205 170
322 418
206 205
192 48
310 216
393 335
322 411
50 102
421 488
436 492
287 282
92 133
377 239
371 295
445 323
493 409
179 2
208 316
216 385
453 252
87 378
290 198
300 409
397 192
184 73
207 185
318 324
63 300
447 196
19 434
195 392
395 364
180 374
111 103
207 248
127 64
262 295
56 269
461 414
339 454
139 498
322 46
346 310
358 385
319 293
38 377
93 14
240 285
240 274
22 351
415 447
242 1
270 29
295 299
105 232
230 134
180 96
406 404
289 379
24 264
493 460
326 62
199 87
213 66
417 439
387 87
89 332
213 481
132 211
295 8
142 237
334 377
281 174
53 92
209 422
382 430
344 202
141 208
274 44
483 206
294 43
227 370
352 235
446 440
448 484
74 94
471 442
117 260
352 253
27 22
452 413
468 410
470 149
193 461
168 97
140 176
399 462
49 368
160 251
87 347
441 109
403 13
273 413
18 20
395 478
391 397
307 347
496 211
173 130
227 41
218 341
303 219
439 469
72 204
51 100
61 159
173 493
258 464
337 298
276 128
25 232
431 20
231 185
315 428
321 404
245 394
465 391
360 400
104 405
357 432
92 156
1 418
382 117
415 111
91 219
451 44
64 116
153 383
163 295
200 320
214 484
228 445
346 32
289 88
21 450
458 146
64 465
434 311
422 446
18 201
245 13
482 321
56 309
105 487
308 219
56 305
102 374
406 284
224 300
251 195
341 245
62 61
373 257
56 496
198 147
13 74
247 443
253 347
334 304
375 210
367 142
369 283
67 469
270 127
323 144
389 373
286 16
274 304
300 11
11 182
108 498
294 24
223 355
159 399
461 57
52 35
318 328
149 421
48 238
382 419
144 223
92 123
427 431
294 218
400 80
430 305
181 8
363 224
475 404
462 375
410 436
116 366
139 80
170 266
37 39
263 52
28 182
465 207
425 307
387 111
417 177
185 318
394 98
3 400
127 222
158 317
183 389
470 275
393 322
213 140
45 430
464 476
183 425
232 281
393 460
137 472
142 162
260 174
427 388
110 115
284 54
296 121
248 319
493 266
258 141
71 207
183 155
432 388
169 219
31 17
489 414
76 169
195 483
371 189
304 474
381 482
103 441
260 177
295 351
344 254
461 405
413 267
155 496
67 345
362 177
91 99
120 203
186 168
209 167
142 58
392 365
306 23
200 347
50 67
173 495
252 394
161 486
482 165
11 169
346 402
353 225
429 289
309 473
492 467
377 18
384 134
9 269
116 190
109 61
408 166
412 282
268 161
326 74
95 103
357 337
415 293
82 210
35 344
163 244
262 27
14 41
310 146
189 23
437 279
297 298
433 345
6 210
136 53
156 333
22 231
24 365
75 437
133 458
202 462
490 297
190 465
463 356
231 352
131 4
155 168
14 429
139 88
141 20
205 275
358 150
15 228
17 234
192 443
405 3
152 247
64 247
103 342
194 379
384 335
3 178
107 39
479 369
390 98
225 472
122 447
175 83
169 490
285 45
48 213
460 42
290 52
394 376
256 393
80 440
118 492
31 436
305 77
27 362
334 47
495 252
187 457
299 22
419 356
422 436
478 319
371 382
111 268
14 117
410 367
211 446
382 380
310 242
456 40
439 337
90 290
99 286
309 129
338 398
186 80
400 260
142 165
285 123
241 105
472 299
98 151
383 183
277 480
372 193
31 233
376 164
450 473
102 475
226 111
192 440
200 412
77 92
215 195
300 215
14 308
311 125
160 112
445 195
388 290
375 169
333 271
244 251
227 284
247 199
139 453
217 439
383 192
239 147
362 99
259 391
368 376
341 71
266 381
171 138
159 6
278 398
150 345
481 22
221 229
34 228
168 213
257 251
398 51
2 348
239 260
489 114
185 460
341 182
172 303
161 364
262 331
176 439
314 264
345 157
238 387
452 379
483 406
309 209
57 381
494 164
278 149
109 335
369 315
118 450
166 41
224 279
71 280
45 253
262 385
124 242
122 0
258 77
138 457
190 420
84 48
197 184
371 214
29 306
108 240
133 499
278 126
406 210
315 201
438 303
46 77
430 63
492 20
477 40
460 130
178 167
204 44
258 375
33 75
168 139
138 493
119 153
363 417
470 378
181 178
108 409
472 79
99 390
430 464
446 76
96 391
287 125
352 300
227 46
185 238
231 247
401 324
93 203
433 116
147 63
472 466
46 107
497 296
112 145
74 427
170 59
36 170
322 458
356 388
478 401
149 41
217 62
117 402
370 162
226 50
16 17
476 50
199 62
60 473
253 311
222 486
8 423
233 258