4900
158 195
229 240
56 296
268 148
291 298
364 270
210 224
197 46
290 291
371 295
373 396
462 71
134 10
313 450
262 85
132 327
420 420
216 362
362 328
126 336
459 153
377 491
389 169
460 426
221 179
427 331
402 94
456 389
191 389
326 270
449 305
225 310
172 369
197 293
482 34
188 176
19 441
110 417
344 408
87 423
254 65
12 14
255 9
250 320
90 446
103 428
238 392
261 328
473 411
297 311
339 455
396 337
107 358
266 359
282 451
16 353
219 388
249 380
201 474
272 499
427 143
35 375
55 18
429 149
312 28
336 78
268 151
9 232
91 375
326 275
480 373
114 194
75 199
173 363
363 276
271 297
24 142
160 307
308 79
459 441
372 120
271 295
28 140
15 132
407 471
197 193
239 239
438 311
174 314
442 463
260 389
384 214
373 284
215 396
338 181
301 174
470 62
202 424
56 350
173 69
114 315
54 370
33 353
20 344
307 208
449 314
380 419
55 333
82 253
286 270
296 272
334 439
215 266
468 388
309 271
438 142
12 423
128 344
188 46
106 0
315 347
118 407
93 47
153 173
295 175
447 439
379 92
210 281
21 94
218 31
173 330
105 8
353 37
435 233
86 393
93 393
301 253
300 211
385 394
421 453
393 32
476 368
1 124
218 39
70 22
204 288
297 95
132 309
394 2
395 68
461 480
233 488
200 114
360 34
339 437
321 281
149 232
208 150
189 2
376 279
67 111
206 80
389 216
218 338
258 136
116 466
306 220
186 350
236 358
147 47
328 427
12 469
119 330
184 220
499 160
271 61
141 67
135 477
315 383
19 354
320 74
146 487
189 478
337 332
231 425
353 484
453 60
242 217
437 424
84 426
487 437
356 207
184 481
216 491
197 352
278 87
74 369
348 424
108 264
41 185
21 340
252 246
463 327
251 346
272 401
190 188
395 112
445 46
389 80
284 161
248 87
308 62
338 174
438 156
193 446
138 480
78 215
42 242
88 42
443 293
333 361
325 485
31 81
161 270
283 272
359 297
359 383
57 168
176 197
495 496
328 370
85 134
228 406
448 479
124 317
30 243
228 458
39 207
477 111
384 52
349 112
495 95
115 60
257 52
48 292
14 252
238 228
135 451
430 319
136 435
179 54
364 18
225 259
371 255
159 54
166 255
202 8
420 161
213 318
462 29
134 114
342 476
427 372
191 329
265 209
115 179
49 296
55 480
87 274
180 426
33 247
107 346
7 236
406 28
57 73
187 368
344 191
416 381
211 123
184 459
491 328
124 299
131 40
167 179
458 219
466 347
194 343
431 425
453 53
126 337
57 363
406 165
399 253
376 322
134 110
438 60
212 125
165 414
445 343
62 332
180 403
99 380
158 226
279 30
220 111
326 258
275 277
383 233
407 174
284 259
172 41
166 74
340 384
79 332
16 286
41 494
226 48
126 140
23 384
348 406
16 95
224 174
407 291
466 107
219 315
208 102
29 391
127 375
59 369
155 58
52 427
476 49
189 279
163 102
360 64
159 11
38 376
168 384
491 297
112 486
88 210
453 321
48 117
339 432
491 107
34 346
395 43
174 362
317 437
1 338
201 177
406 161
45 239
37 426
412 36
99 1
174 352
322 52
485 74
181 161
359 328
371 68
282 255
192 398
236 99
129 193
354 289
381 35
461 399
288 270
123 225
77 387
291 298
372 251
412 128
456 406
326 272
379 180
78 108
60 71
116 166
307 189
224 471
222 188
458 37
114 362
101 82
232 191
295 245
373 456
214 207
331 182
214 40
1 62
133 144
310 61
102 102
425 469
158 326
215 499
362 468
50 329
372 315
60 134
91 167
227 286
468 157
50 410
473 182
326 51
464 458
60 488
457 66
244 337
337 467
436 311
492 51
366 338
473 364
384 427
213 416
73 463
373 33
67 475
26 198
9 393
233 342
260 421
259 42
10 356
167 448
499 446
136 11
376 365
144 461
377 112
75 209
242 303
278 300
351 309
54 157
351 212
133 139
182 112
320 244
192 44
342 488
499 191
409 478
440 227
191 53
263 169
324 118
419 357
19 103
112 122
334 73
65 463
427 467
212 247
291 248
88 256
448 133
463 439
19 357
410 403
73 210
329 25
235 249
352 100
74 254
179 316
132 408
227 244
343 411
159 291
48 486
119 99
39 496
205 435
338 410
120 467
345 263
13 301
401 80
334 217
386 475
235 365
110 18
281 463
106 305
292 293
392 154
2 263
198 283
193 59
27 389
152 166
467 372
452 17
87 369
196 138
355 473
343 432
247 465
123 124
417 353
360 415
178 162
297 362
274 229
118 491
157 301
25 122
140 476
345 329
467 79
404 394
326 322
140 99
223 425
278 263
30 493
7 138
353 208
289 304
147 127
280 407
30 304
281 305
134 22
101 478
372 453
127 357
456 50
475 119
234 179
24 106
244 264
325 383
188 449
428 114
22 335
492 208
365 404
426 125
455 351
156 379
236 180
230 284
255 192
223 58
164 490
106 100
483 260
62 431
398 23
211 490
51 272
28 55
180 268
472 454
185 487
167 128
264 273
465 250
308 20
362 40
140 324
436 468
252 476
351 350
193 2
274 62
469 96
364 302
108 149
137 336
317 145
418 156
406 81
101 235
275 66
242 463
432 268
96 179
381 36
38 447
362 74
170 312
466 331
333 387
75 426
71 322
478 392
474 341
76 237
303 427
391 351
471 46
77 175
63 67
367 458
385 101
265 81
412 55
294 83
9 97
419 370
114 432
273 250
487 440
368 349
52 142
188 111
138 24
443 117
428 201
302 310
391 313
220 67
2 156
253 15
237 11
443 25
127 351
292 216
417 466
108 160
123 469
345 149
266 261
462 289
451 194
7 116
35 195
351 228
95 37
48 456
333 332
35 343
59 460
426 327
339 476
297 35
184 314
75 143
432 302
497 37
153 383
430 356
84 188
77 281
90 31
363 125
468 275
236 399
78 379
207 14
401 270
84 5
148 437
240 160
49 432
167 89
445 55
95 98
231 382
413 173
150 321
97 129
380 119
350 185
51 310
80 58
63 453
242 17
29 63
495 334
423 430
485 162
260 221
103 433
458 344
17 368
349 108
79 466
151 229
40 430
340 55
8 472
489 255
318 102
437 18
449 165
179 360
81 286
219 292
136 36
257 177
286 153
120 106
336 217
147 123
178 228
200 339
94 38
141 190
60 264
429 78
290 361
148 461
253 224
112 219
397 389
394 369
328 35
104 14
490 16
244 104
443 168
59 444
486 390
154 200
130 47
408 436
397 272
348 408
128 2
391 461
182 377
264 137
152 10
26 368
472 142
162 270
67 268
158 221
273 53
452 312
100 255
28 213
121 497
499 376
337 101
330 242
380 372
382 94
315 384
378 409
31 139
407 392
114 98
4 65
230 239
495 308
21 330
328 23
251 495
448 179
274 441
313 279
225 6
390 195
456 40
32 120
12 340
290 439
5 478
218 294
103 235
417 213
88 476
471 245
277 339
280 272
51 51
57 93
141 128
21 299
419 449
289 53
492 431
262 80
226 349
436 480
193 181
158 354
451 281
472 481
105 228
131 105
198 156
137 40
191 191
141 158
211 110
394 282
214 203
405 156
488 441
474 341
195 181
314 484
318 147
227 138
243 423
432 211
251 294
485 69
227 295
405 478
261 290
345 151
159 327
120 250
444 147
180 95
431 139
138 346
485 249
25 218
429 228
374 457
378 32
327 360
190 457
247 85
236 303
131 92
195 248
247 251
346 139
130 428
126 278
379 269
339 111
192 404
361 268
300 66
278 91
48 480
65 469
272 295
240 153
401 403
7 287
426 149
429 353
483 56
177 55
19 363
119 16
136 63
481 333
424 289
269 112
81 473
268 334
487 205
461 360
147 241
242 468
173 425
334 23
78 9
224 363
380 449
364 343
176 368
157 346
458 101
74 426
112 391
448 194
407 100
193 409
229 406
332 435
458 255
264 166
29 388
190 488
183 261
482 54
400 360
313 139
418 210
101 239
285 30
482 402
311 192
451 175
462 393
148 283
301 420
161 264
104 182
444 351
405 287
499 278
417 158
220 164
403 187
70 174
76 189
233 52
80 239
132 184
319 42
315 132
248 120
303 328
179 352
492 99
377 436
94 491
8 146
186 167
341 411
452 256
160 417
156 38
74 92
487 289
273 394
366 302
130 22
226 21
120 161
97 218
62 349
348 44
211 70
333 386
142 52
321 138
176 154
247 477
118 250
496 234
388 392
266 363
384 370
31 492
211 357
58 480
24 125
195 258
144 87
491 380
18 138
293 312
290 46
149 40
126 408
152 145
360 14
384 418
263 97
306 415
395 326
451 216
475 272
359 498
230 471
110 351
15 249
147 403
295 305
66 296
294 421
287 70
341 154
103 171
438 104
430 261
478 185
457 233
83 305
276 169
372 313
414 386
141 387
45 62
358 288
61 111
33 152
159 348
371 374
478 114
376 309
347 260
345 206
11 304
325 428
242 287
26 49
437 8
70 19
308 482
445 429
433 221
70 478
353 92
59 293
103 183
296 435
141 450
106 141
422 4
291 284
333 16
24 317
189 122
104 95
376 349
70 401
380 309
254 492
286 85
120 313
100 241
43 416
410 93
97 1
285 332
348 388
58 471
93 224
319 99
448 50
451 47
357 18
363 183
120 111
276 1
242 241
157 376
321 137
138 67
251 418
158 276
247 451
176 68
167 192
242 347
395 467
338 46
229 104
67 201
202 350
91 343
71 296
433 100
20 392
162 71
347 271
75 320
241 446
139 251
450 408
376 233
279 197
301 214
267 9
211 368
63 321
117 154
254 134
26 50
473 126
398 188
361 173
119 473
76 102
362 110
344 378
76 90
156 123
484 229
450 423
96 47
201 13
148 213
115 308
434 26
67 89
262 184
9 428
382 233
344 437
316 96
39 188
163 244
473 195
471 148
195 423
437 67
133 249
57 437
463 248
189 343
380 30
310 303
37 389
179 44
493 233
273 495
239 32
79 436
436 64
488 50
470 484
233 277
66 103
203 142
337 29
412 393
196 217
459 74
471 233
318 138
485 464
348 91
380 76
140 427
330 168
152 480
109 152
107 237
379 175
205 310
203 69
286 469
395 400
485 97
87 366
182 156
247 72
148 30
310 479
148 141
121 492
144 152
390 231
406 251
61 121
42 463
432 117
369 329
278 328
46 354
10 366
438 229
111 110
441 439
80 421
413 441
94 53
284 409
160 336
309 43
6 74
43 352
33 291
471 412
266 311
29 17
98 129
91 320
259 210
483 32
474 191
244 249
158 68
256 381
424 171
97 65
417 430
73 140
404 302
114 44
414 170
151 143
463 12
74 242
127 74
265 410
159 101
21 362
243 169
192 277
194 167
449 141
133 464
266 375
419 37
60 380
376 185
198 211
306 191
266 124
34 433
386 383
97 45
67 407
36 340
359 259
401 230
46 309
36 386
424 313
45 455
493 484
47 421
465 43
167 353
138 83
466 54
99 24
283 64
256 166
278 171
254 116
277 31
417 300
113 313
120 341
177 11
432 113
156 225
430 249
332 176
230 421
297 151
67 329
348 433
104 323
291 126
157 358
11 68
233 74
268 124
135 206
319 445
22 420
21 328
4 305
226 354
5 86
415 375
308 424
247 115
241 413
123 391
311 398
325 134
111 45
103 93
390 98
370 422
102 265
70 392
98 458
44 148
23 455
379 312
427 184
449 478
369 169
419 72
59 181
78 244
189 170
268 181
455 432
197 491
383 410
368 119
267 481
436 413
225 142
326 315
145 152
173 275
200 15
196 93
189 259
429 126
307 231
163 49
40 114
24 212
331 275
108 393
158 98
240 44
211 235
239 419
194 357
224 413
358 394
5 272
398 47
278 434
336 57
171 293
5 228
4 48
293 336
286 112
9 451
186 379
298 72
281 425
190 344
91 5
129 48
448 96
31 27
436 226
372 219
447 108
8 377
66 303
416 301
252 352
231 277
201 290
67 381
226 483
340 258
306 317
413 470
349 254
333 296
15 286
246 205
434 315
118 254
55 352
205 386
163 159
301 288
170 365
200 368
478 396
213 40
362 285
391 478
275 212
498 76
133 142
457 96
350 68
272 428
314 257
268 477
118 478
195 421
141 288
36 395
287 120
257 101
79 150
214 148
77 206
201 64
160 210
130 158
86 362
471 403
232 253
231 239
12 350
490 278
173 153
273 26
479 460
462 382
383 411
117 176
240 460
170 318
329 400
262 301
56 267
20 85
176 288
491 103
381 188
342 333
212 54
367 467
202 191
102 329
6 85
45 72
390 246
499 67
220 71
339 113
199 276
417 211
315 375
64 260
93 196
103 258
77 305
497 470
151 279
364 451
23 157
256 261
329 266
337 107
220 49
178 176
388 271
499 447
207 55
251 415
173 300
106 354
176 102
234 455
406 328
337 450
212 282
48 445
52 393
294 385
414 125
396 324
271 154
209 395
310 478
279 312
19 335
290 237
44 47
375 24
474 302
84 65
10 38
431 132
370 63
188 78
402 136
142 436
332 174
152 203
15 494
182 283
372 386
434 472
496 416
219 161
226 322
361 155
140 89
152 292
370 362
498 192
128 273
299 492
195 312
159 303
87 62
449 341
313 311
80 235
248 161
483 151
306 475
416 344
489 446
308 420
112 211
336 158
150 92
405 135
439 345
260 64
257 378
41 209
296 422
83 121
272 44
371 66
263 79
377 287
207 104
315 38
48 319
264 152
139 51
396 169
85 430
160 8
217 194
116 202
323 365
410 199
117 96
27 281
69 232
336 256
146 128
300 4
8 195
246 64
85 147
430 494
3 22
216 90
292 72
438 332
383 468
416 348
129 0
85 295
51 50
179 421
425 198
393 479
395 433
433 491
485 480
2 363
305 488
413 218
402 98
418 351
199 285
137 334
129 180
83 222
496 180
230 262
93 273
59 475
466 488
320 492
207 452
292 322
392 12
462 57
408 146
431 380
66 459
492 420
495 195
228 75
189 343
116 310
286 134
474 175
19 104
408 294
116 78
443 201
110 360
6 405
138 19
330 289
209 56
104 322
249 56
399 332
494 438
424 16
43 280
385 398
192 415
493 293
346 160
20 436
194 457
328 26
167 332
240 10
333 229
285 344
28 434
373 37
405 23
155 149
48 448
215 392
186 240
401 209
145 384
193 273
152 191
23 373
384 319
48 264
460 69
3 186
223 489
12 376
378 128
428 167
60 426
166 144
205 98
334 419
45 350
394 380
253 197
16 417
33 137
206 417
455 346
335 62
438 178
158 347
366 316
94 438
82 278
228 113
32 287
490 415
295 77
126 384
153 48
38 495
412 39
385 96
158 219
397 72
271 449
117 407
345 137
268 212
177 280
67 348
263 209
139 409
145 58
459 265
260 299
190 349
445 24
243 427
499 456
257 492
251 270
259 226
438 97
229 379
228 115
177 148
58 491
402 168
285 203
354 213
62 398
422 396
323 359
167 18
362 174
444 424
151 114
63 56
435 441
409 292
440 15
359 438
106 350
406 261
474 243
141 112
9 36
247 416
434 184
359 415
339 148
114 155
211 342
284 177
321 499
14 45
483 114
464 373
486 89
184 370
483 312
200 326
242 344
28 448
363 28
176 387
395 54
397 291
320 106
457 33
78 142
256 472
197 61
2 72
295 36
348 186
12 278
474 49
497 254
134 2
242 212
266 311
454 137
95 163
196 126
120 53
377 274
187 376
301 426
462 189
376 96
226 311
360 240
347 200
54 209
421 481
144 296
285 187
203 450
77 381
434 251
378 197
426 163
89 65
107 79
175 52
215 335
75 401
453 75
136 274
256 7
156 57
244 252
203 441
322 299
51 132
181 108
271 281
198 107
186 213
265 305
140 213
466 332
259 68
342 419
279 395
452 450
203 435
376 48
348 258
242 199
307 251
384 423
383 431
144 82
388 421
135 261
93 380
448 453
373 352
99 143
93 4
439 51
451 148
258 315
366 299
402 0
424 174
457 286
221 159
80 101
214 109
341 67
21 159
363 142
285 246
250 462
365 230
379 41
356 316
116 137
138 223
249 370
9 414
425 58
159 230
191 357
425 225
384 32
26 298
396 247
209 311
394 498
39 74
242 273
262 247
322 358
81 252
18 423
481 90
172 443
301 492
217 363
247 78
228 101
200 274
437 476
474 261
187 331
456 365
112 430
140 219
323 287
210 221
163 342
285 192
184 335
198 86
16 402
355 446
72 244
220 56
169 361
193 46
411 357
287 1
72 376
163 279
1 396
238 373
417 164
0 23
462 102
356 50
348 478
75 211
119 420
282 295
194 141
498 327
180 105
333 137
416 253
149 496
222 417
434 239
262 139
241 286
336 76
407 97
161 37
309 482
129 132
273 91
270 323
281 123
260 451
56 114
463 177
446 205
444 185
324 232
18 58
487 418
15 207
244 394
228 28
13 405
497 209
385 286
410 119
422 166
132 22
51 478
35 95
280 498
82 331
390 457
375 453
160 229
123 242
271 256
161 203
412 284
422 10
482 297
315 184
207 404
383 448
395 258
108 270
102 28
485 43
496 492
73 360
102 8
264 196
251 225
361 277
140 163
313 284
320 122
378 480
280 27
138 113
384 176
204 98
141 486
330 189
401 137
145 403
451 3
229 261
391 202
217 90
226 31
5 30
11 47
426 383
349 143
319 416
367 233
219 375
416 360
350 49
304 317
173 347
109 255
457 254
196 352
383 174
57 423
322 240
475 420
63 100
369 324
57 235
110 236
96 128
29 379
196 446
294 333
88 221
475 255
107 397
424 172
447 342
434 481
253 121
73 409
234 168
403 442
178 143
272 14
393 127
425 301
487 441
163 71
178 427
325 490
14 285
479 101
434 313
434 265
175 187
355 8
450 261
404 259
125 481
460 28
182 370
163 385
309 169
96 178
21 487
125 273
374 35
349 104
370 308
347 135
143 397
158 203
314 446
279 414
443 291
13 239
476 477
146 28
207 285
125 94
368 228
115 250
206 242
403 316
452 428
325 250
305 447
245 335
102 471
262 24
115 397
374 127
156 444
81 20
114 215
295 206
456 334
429 262
79 15
443 332
434 31
330 121
308 240
211 76
452 410
307 326
305 68
12 181
53 313
28 445
152 20
354 175
438 460
475 283
467 17
400 271
392 402
494 230
306 200
111 57
235 259
179 270
452 41
354 43
488 357
377 383
410 492
453 232
367 348
217 280
51 187
441 117
200 295
348 435
492 358
469 311
81 80
121 148
191 385
243 475
210 32
24 120
204 121
321 329
110 424
111 39
8 13
309 52
339 208
67 157
320 183
263 36
37 401
139 384
212 228
112 382
2 422
395 137
466 59
483 217
108 428
442 94
498 116
325 251
260 337
20 392
280 432
333 284
20 317
398 472
206 232
155 10
499 61
120 402
119 318
246 103
49 227
344 188
291 47
384 21
265 403
335 256
40 45
215 21
345 413
145 113
475 52
113 300
55 327
145 233
188 174
254 243
284 237
136 450
471 75
331 20
128 88
485 18
39 21
434 200
165 237
289 79
232 493
320 254
339 287
313 317
60 27
116 67
17 344
272 252
124 340
428 103
121 252
273 414
466 13
250 207
139 132
125 391
145 371
158 297
114 484
363 323
391 26
371 479
231 260
453 143
98 355
107 233
147 71
84 233
440 466
98 186
77 431
302 75
224 74
410 312
136 338
216 273
252 379
491 87
82 335
42 444
178 32
104 150
235 177
143 40
79 27
459 93
20 8
435 261
426 244
434 345
119 62
293 151
90 223
411 284
229 25
57 453
455 407
436 13
406 190
218 80
25 485
345 177
290 46
290 280
126 216
130 77
228 97
172 423
208 170
195 83
389 289
48 253
266 344
387 484
416 24
9 105
134 442
340 355
487 276
493 130
59 113
62 475
399 287
458 235
170 459
100 153
258 411
256 148
484 377
401 143
100 401
195 263
470 86
362 35
17 457
423 207
183 77
216 485
72 434
245 174
180 95
6 345
345 438
167 262
257 329
230 69
184 209
147 277
312 154
111 10
69 182
259 34
20 104
38 475
2 444
39 135
332 182
472 46
160 177
7 492
61 270
479 89
367 245
251 127
489 31
213 362
249 58
15 324
300 269
65 53
41 302
336 105
151 373
51 160
152 311
433 410
499 65
162 413
392 218
102 413
128 233
143 315
492 377
498 158
64 292
446 63
168 105
330 134
294 171
335 381
291 299
216 268
33 143
213 379
292 425
10 315
483 420
297 154
312 475
119 295
211 228
333 417
51 379
51 164
397 197
496 238
6 41
36 213
444 40
317 249
65 88
9 328
334 400
227 158
306 498
227 346
263 17
248 60
76 166
363 151
389 474
367 212
277 396
288 403
152 221
309 105
285 69
321 170
181 119
118 48
394 339
208 345
257 9
175 456
460 334
160 39
103 201
449 27
282 380
453 237
343 434
356 114
137 480
100 177
78 318
9 218
415 324
334 217
25 172
358 361
400 485
187 18
397 355
87 136
226 179
466 40
155 421
401 174
203 292
462 1
71 281
106 471
188 486
159 440
301 65
51 17
388 54
261 90
78 285
317 349
389 304
77 135
309 396
40 479
480 12
294 2
473 52
38 252
44 13
79 49
67 197
251 482
424 455
92 365
214 354
11 261
396 455
352 88
67 205
70 392
247 400
452 216
468 72
86 342
392 12
209 17
351 311
118 313
178 275
129 210
324 244
199 140
229 220
278 403
148 296
48 348
416 395
467 0
195 384
248 405
274 439
250 309
474 125
400 220
282 152
248 382
22 106
327 448
203 103
400 457
157 351
246 448
301 73
309 66
323 348
287 57
366 98
75 389
109 341
345 476
210 391
350 446
246 232
336 177
486 449
301 88
388 143
68 399
465 41
389 377
286 141
239 28
417 4
197 314
142 378
122 395
341 352
437 472
1 439
388 273
213 487
482 41
441 101
143 50
279 258
399 384
413 65
421 490
305 182
61 119
366 299
4 183
155 207
146 441
66 156
495 386
428 279
232 477
379 369
479 375
112 158
75 379
369 25
59 496
467 26
178 472
155 333
392 182
123 162
170 390
129 41
320 17
346 57
278 52
280 225
235 257
488 392
269 310
159 358
236 328
301 478
164 414
96 308
323 408
299 71
112 345
363 428
337 284
337 209
287 467
224 469
361 22
185 65
275 130
310 344
174 11
426 463
124 338
247 374
298 447
144 398
178 410
47 359
421 367
334 384
353 208
82 410
475 66
48 267
463 250
262 358
174 138
328 40
266 298
245 75
325 64
327 241
101 3
370 374
110 22
82 204
467 315
381 164
432 442
45 281
139 247
385 159
199 165
463 214
141 317
382 60
302 319
322 61
287 255
277 45
101 397
64 211
375 68
11 445
226 159
407 56
215 217
383 144
210 266
435 346
259 204
23 169
230 61
316 197
242 17
266 445
156 344
412 330
127 383
395 275
183 205
423 302
298 250
368 158
356 9
65 304
473 115
28 88
285 56
73 196
141 380
224 192
22 149
385 488
116 2
207 280
434 299
50 482
492 232
93 270
74 349
316 10
98 48
104 345
41 236
116 29
221 35
184 340
180 96
450 421
201 296
96 157
140 135
220 498
268 132
333 165
176 343
243 150
347 126
362 199
228 240
275 330
22 302
250 312
233 203
499 200
209 287
422 447
297 349
334 494
12 418
113 19
21 40
166 356
407 220
461 381
211 487
289 88
400 234
289 391
91 486
273 140
88 301
2 47
42 237
155 188
60 406
446 268
476 81
302 112
345 383
371 115
203 57
143 12
256 104
442 432
72 347
0 215
262 12
250 355
395 156
414 257
378 455
389 360
325 206
442 43
158 170
79 165
177 361
317 222
154 433
133 111
326 79
443 485
192 441
449 193
303 440
247 364
76 33
239 136
31 253
424 181
346 189
403 355
78 376
161 72
184 84
15 146
484 362
155 459
4 176
468 457
321 307
340 216
204 249
3 80
113 236
277 279
134 312
188 32
105 212
149 201
348 141
355 164
123 332
360 11
468 128
287 329
45 141
242 480
412 101
337 245
376 25
337 467
499 11
75 377
79 456
97 224
241 279
111 305
168 364
344 323
4 136
129 484
464 401
3 223
469 376
401 340
307 197
208 91
468 159
115 136
360 399
178 65
370 453
170 141
317 38
26 14
498 321
223 7
230 314
190 226
418 51
249 444
35 226
237 309
445 355
255 352
417 306
111 285
279 139
29 281
148 96
417 55
414 498
313 140
366 497
48 3
447 285
363 149
459 334
42 100
304 404
62 297
434 222
213 174
455 213
309 243
150 103
102 79
219 65
414 267
270 438
75 462
112 70
404 290
242 71
475 446
95 46
120 390
64 382
447 334
429 371
475 257
188 79
496 429
196 259
197 410
225 318
240 124
266 189
260 497
295 8
407 87
477 243
125 379
65 393
265 72
181 494
426 92
21 369
129 274
37 69
239 178
155 262
451 480
477 421
282 63
150 272
367 41
420 480
373 492
417 486
332 138
82 98
320 258
33 103
24 301
331 70
184 116
96 486
260 487
50 425
49 394
435 52
32 417
261 355
193 258
248 178
129 26
284 331
286 301
454 169
91 163
279 285
124 275
262 375
152 384
130 312
217 201
470 65
420 101
359 232
410 114
492 460
291 391
192 276
446 429
92 146
284 37
165 371
98 408
144 427
92 250
304 274
339 161
262 274
358 111
77 122
82 121
12 69
198 225
154 57
203 496
33 247
118 339
247 50
330 69
319 243
17 274
435 475
102 208
172 197
171 460
433 249
171 253
330 446
355 369
365 485
84 410
250 250
153 54
123 497
241 483
257 295
270 110
319 44
241 372
185 343
444 413
18 118
416 115
336 201
186 271
182 53
156 122
176 432
429 309
144 300
95 22
133 401
297 217
90 304
147 38
303 275
245 91
59 174
375 162
433 247
301 61
35 115
47 309
118 211
363 329
203 262
15 310
28 188
492 312
202 470
245 491
435 358
32 342
4 346
93 407
320 438
405 246
55 355
66 305
134 25
139 282
92 337
26 6
318 120
90 370
214 373
231 187
30 149
347 263
170 386
176 440
39 490
197 82
387 94
472 115
397 21
210 111
118 342
462 88
311 288
13 405
444 25
26 244
359 326
213 373
165 381
223 389
323 204
151 420
36 210
83 123
86 285
127 146
234 204
345 442
199 45
422 358
455 143
322 448
321 314
48 387
128 339
43 271
44 452
14 46
21 80
217 450
96 108
164 345
287 182
80 9
220 338
481 2
451 175
341 155
42 124
463 241
13 171
475 359
405 57
489 489
439 427
35 206
403 387
70 51
413 42
380 150
4 485
12 214
369 307
432 353
95 264
435 247
106 460
369 410
251 364
291 358
416 191
78 178
81 320
214 0
2 494
479 95
161 7
314 491
197 30
146 98
346 144
104 81
343 304
168 473
183 95
138 459
489 451
123 68
421 71
65 338
285 423
430 397
240 446
328 97
195 437
81 475
408 393
198 37
362 252
199 366
178 397
349 189
109 19
90 472
310 30
454 8
405 95
393 236
333 145
435 222
49 29
274 368
406 457
61 472
191 120
18 112
301 369
388 367
339 263
293 331
339 2
97 99
188 96
93 343
417 21
402 380
249 466
275 177
1 7
479 337
301 192
413 497
216 455
218 154
485 56
410 363
315 176
124 7
202 3
376 69
450 119
437 279
308 51
58 213
402 309
354 389
387 203
158 267
421 103
11 228
92 258
434 421
281 259
262 410
480 483
455 138
269 282
185 392
105 429
239 95
484 7
63 445
212 371
327 221
302 486
244 338
112 246
5 31
441 393
228 267
257 273
407 183
428 379
308 92
187 33
393 47
492 172
395 308
29 57
43 222
413 183
429 139
170 25
270 434
53 464
89 498
34 311
190 497
441 462
347 498
398 481
153 240
48 242
151 400
123 430
113 194
186 388
413 395
329 356
320 35
33 383
46 262
259 419
381 88
438 52
33 229
321 188
283 38
439 222
152 434
481 414
302 117
364 167
375 67
102 194
429 196
310 487
407 327
415 69
473 140
369 353
42 7
45 191
265 177
111 336
102 417
386 444
111 256
323 251
297 487
35 277
117 78
405 345
266 24
164 320
25 91
98 386
429 67
244 496
184 194
463 208
152 287
43 201
304 116
455 219
348 101
179 342
39 465
489 84
256 157
248 6
392 282
201 347
195 173
367 298
358 379
18 330
31 362
478 414
133 336
289 285
479 481
299 321
257 18
175 140
146 14
148 276
475 390
63 349
499 170
401 430
112 357
220 420
334 496
332 50
336 319
152 473
294 315
186 451
92 52
418 213
489 90
481 66
415 464
486 396
179 267
124 388
160 291
287 344
395 346
17 471
445 83
398 169
473 91
143 436
150 417
7 61
479 491
456 340
237 247
14 442
182 268
411 138
335 194
392 51
22 230
313 261
431 319
263 63
352 256
173 406
320 2
493 32
373 151
398 301
96 462
230 412
403 130
177 141
44 238
320 69
331 67
238 485
48 114
222 1
260 252
254 395
427 432
83 100
253 152
466 482
246 349
480 196
190 149
387 9
78 86
153 207
192 261
227 244
97 93
345 301
196 357
289 452
404 476
480 225
207 157
359 447
495 453
103 191
200 37
124 342
50 130
244 129
373 94
39 471
125 323
180 237
41 321
149 322
47 445
454 482
429 254
59 313
4 276
166 14
357 56
187 290
271 259
205 431
254 497
320 245
482 379
53 0
174 23
320 54
36 221
327 274
440 317
446 239
253 296
353 112
402 462
73 392
175 173
170 279
376 429
161 342
343 210
85 66
120 369
91 405
31 9
178 270
9 323
472 124
236 115
429 325
69 490
16 3
134 244
25 38
381 362
72 38
104 224
93 157
414 77
438 36
159 297
473 116
241 20
135 445
122 329
320 65
420 191
287 336
374 406
268 164
203 255
331 340
349 159
236 277
165 115
264 26
143 324
345 237
182 236
65 332
249 304
495 385
73 169
75 134
299 300
407 343
35 354
13 239
368 236
351 102
128 33
210 116
353 123
359 55
387 388
192 425
162 137
158 40
174 236
388 234
429 325
179 295
386 317
53 193
147 254
140 405
373 127
251 350
405 78
466 110
35 144
133 159
51 198
286 292
378 225
51 26
321 159
476 230
275 60
314 30
435 274
402 454
304 160
238 153
263 61
206 205
216 151
201 339
483 267
492 339
365 361
21 395
478 38
98 497
379 105
380 265
219 314
326 134
287 376
437 65
122 402
405 495
335 338
105 106
297 318
32 449
197 162
53 405
254 175
132 3
268 134
300 12
498 340
216 127
192 285
40 5
1 314
4 445
404 188
6 109
410 201
216 390
295 107
134 121
124 50
184 267
131 245
85 484
111 130
267 153
158 155
321 159
457 11
199 325
286 361
414 58
448 49
8 482
103 244
294 143
262 80
325 330
314 393
375 410
415 278
433 495
154 425
437 107
432 111
324 136
194 71
120 91
73 143
239 128
123 29
109 33
363 385
131 286
196 29
307 358
353 463
388 93
200 360
323 325
314 484
407 148
91 8
3 27
8 16
45 242
275 483
221 6
292 490
20 352
62 340
303 179
272 268
128 192
369 324
309 451
451 183
44 216
96 394
411 47
290 456
439 456
463 417
408 160
364 255
448 280
459 427
195 251
295 232
56 175
126 165
200 217
434 430
324 244
292 382
338 235
44 82
499 129
290 359
466 259
39 6
285 414
166 499
231 480
7 313
478 139
357 486
416 31
275 291
25 92
180 67
1 363
344 224
435 353
112 486
493 401
316 152
151 278
111 334
147 234
373 118
104 126
9 230
373 372
317 284
204 398
113 497
73 205
58 458
444 8
409 171
323 437
68 77
411 326
60 179
149 59
37 433
16 106
330 46
330 389
288 147
496 34
92 401
359 69
429 150
173 156
445 339
268 348
174 13
44 180
239 86
20 194
152 128
174 36
277 482
130 356
243 65
319 126
48 335
485 30
186 477
168 11
359 132
497 437
469 34
472 42
88 208
336 492
380 240
222 362
218 158
75 204
183 313
148 394
425 83
412 486
497 463
95 81
370 356
242 93
487 339
399 215
59 75
167 87
449 292
302 241
298 19
333 377
124 481
416 333
319 49
12 328
261 168
377 460
405 131
470 119
186 244
319 221
308 98
242 486
79 109
129 44
273 377
210 314
147 397
298 126
455 319
487 163
475 216
200 364
336 380
124 22
244 374
472 295
133 52
162 66
110 212
442 143
309 384
133 152
279 456
275 432
447 86
154 115
479 422
154 354
377 167
42 130
425 473
25 366
433 410
474 39
34 395
131 416
69 343
152 265
49 200
286 279
394 496
418 440
295 226
393 424
54 24
497 287
6 331
241 374
414 291
38 215
484 300
496 170
287 53
253 148
427 336
184 39
331 174
400 454
378 126
2 145
285 432
263 499
374 291
434 356
71 140
440 472
142 55
460 436
436 429
117 213
104 364
390 301
255 436
414 290
287 485
417 417
268 72
215 32
388 142
282 149
474 312
219 75
363 468
250 180
245 300
164 367
21 202
490 54
196 128
114 404
173 483
408 383
416 294
436 475
125 156
468 71
146 451
419 188
220 9
309 169
37 465
167 325
231 410
38 157
414 279
115 152
36 439
233 23
498 304
460 22
93 475
278 429
469 239
100 198
219 189
154 262
87 108
18 174
183 171
450 57
209 97
389 417
292 97
401 122
144 291
118 362
143 89
328 249
447 112
301 281
43 166
275 307
481 130
153 145
202 165
114 104
21 264
361 3
478 314
457 115
329 474
64 427
176 472
84 244
25 475
494 237
396 68
51 121
266 378
395 204
160 469
85 361
217 34
200 298
413 195
21 9
436 242
66 85
330 465
292 150
239 207
276 286
407 136
366 179
383 26
347 261
474 44
78 432
82 191
238 130
139 496
90 260
345 427
244 157
159 27
87 37
175 399
387 363
42 83
461 253
366 277
173 308
92 340
32 103
233 174
22 270
382 372
300 113
122 80
107 44
433 281
32 194
409 109
44 419
172 303
81 5
313 390
231 254
358 405
79 115
237 443
316 102
67 120
200 468
364 189
322 159
206 298
407 355
126 115
271 451
308 151
41 204
458 121
378 272
387 168
112 309
263 477
97 280
100 330
371 297
308 464
262 194
401 14
482 21
324 379
30 253
457 132
105 72
344 267
288 483
293 84
61 252
32 408
239 10
159 132
96 462
8 467
482 211
84 409
289 464
69 409
393 171
243 26
293 499
482 440
24 433
185 127
36 437
299 217
201 127
89 458
277 298
361 450
211 111
427 445
206 352
24 496
22 100
99 267
207 168
101 433
61 83
372 287
356 449
76 23
481 58
208 17
467 111
222 69
366 179
31 150
498 425
25 55
175 21
41 476
261 382
318 494
281 322
123 190
214 490
48 51
69 47
10 256
177 36
67 233
235 395
320 451
6 233
106 197
25 181
416 147
142 287
461 234
276 275
265 85
136 342
242 165
421 57
446 252
337 450
346 13
464 72
158 18
216 323
356 264
264 93
380 272
358 258
385 194
131 135
477 151
168 267
177 219
324 90
40 123
488 161
86 238
257 305
128 244
360 325
270 484
109 124
234 151
197 467
454 120
123 328
447 432
3 291
233 124
99 179
341 126
364 88
393 427
171 473
150 373
357 383
360 421
424 318
286 94
66 121
449 240
24 189
333 248
373 380
59 418
44 472
412 400
179 261
234 305
178 202
86 385
158 388
206 446
392 82
203 492
85 459
0 4
252 109
489 185
104 477
450 401
153 148
261 362
20 333
387 496
233 198
438 325
271 243
325 145
137 16
475 380
384 74
184 327
13 488
466 25
278 117
117 268
130 432
117 379
227 2
53 356
182 312
55 491
136 305
321 232
112 126
200 148
476 348
336 236
262 341
310 302
70 392
324 427
158 53
55 293
150 237
401 108
100 184
489 308
40 88
214 163
311 4
352 267
3 139
480 189
491 117
10 142
70 62
115 186
332 80
318 22
483 334
18 71
380 435
23 359
22 420
277 90
357 186
325 129
318 360
330 158
300 310
224 192
378 222
155 191
213 62
396 325
396 48
483 266
126 276
49 7
97 0
186 326
455 306
18 364
22 126
436 348
40 174
249 12
203 271
333 404
81 268
317 82
348 477
106 300
159 326
327 7
185 108
414 13
377 492
118 433
281 251
278 406
418 174
445 27
283 121
242 130
64 364
193 411
211 413
91 299
158 223
331 418
432 343
336 246
179 161
265 454
213 312
486 43
422 131
105 283
266 57
273 347
258 330
95 466
118 321
44 187
457 276
120 228
474 241
403 308
262 5
317 168
63 327
459 156
439 337
394 64
263 57
388 167
485 373
46 335
374 103
232 443
171 332
73 352
12 497
2 476
496 126
454 319
475 411
248 413
329 267
324 494
161 444
169 64
400 499
102 215
10 274
106 334
38 181
30 32
360 50
177 32
352 209
120 483
396 179
298 221
215 77
21 475
39 229
228 42
257 291
66 182
369 120
153 24
56 407
310 184
216 417
126 339
322 420
452 98
319 70
147 250
77 387
116 20
62 117
408 344
26 171
143 326
203 395
155 297
481 111
380 317
156 49
322 358
457 330
252 274
376 128
15 251
271 454
423 131
327 185
208 183
10 206
101 352
1 65
176 108
425 334
383 57
267 433
115 205
331 224
205 367
118 208
14 220
204 241
278 437
120 383
89 487
191 482
47 191
299 44
378 76
133 77
10 261
319 400
477 126
493 150
358 34
254 464
57 372
309 310
194 336
175 282
264 283
326 218
262 312
240 478
55 140
401 373
125 65
43 220
371 454
488 37
353 81
454 95
257 410
246 115
397 451
87 273
491 14
178 413
391 253
245 418
143 298
364 147
219 120
75 259
296 442
24 415
362 1
412 330
297 120
423 10
284 47
61 362
276 127
233 239
9 19
318 478
125 152
272 34
293 197
491 199
467 442
295 15
197 329
301 59
70 495
394 225
87 206
185 455
46 215
87 418
397 55
59 257
143 374
423 331
383 436
230 415
282 350
179 378
437 480
327 481
58 7
65 221
28 497
213 251
21 426
333 300
57 418
145 392
75 200
488 68
483 458
308 71
449 118
98 340
173 386
246 277
350 231
228 163
266 230
156 293
445 288
58 341
233 2
54 203
124 308
119 395
318 459
77 279
119 119
5 27
156 144
375 103
267 6
88 456
249 33
321 244
437 195
49 232
435 170
331 456
203 59
371 302
81 21
140 448
476 201
197 497
453 132
491 73
381 220
105 79
176 482
177 279
11 113
136 79
387 298
358 467
269 90
463 81
29 202
255 455
452 357
342 453
378 257
477 185
264 259
241 83
214 292
406 271
202 225
23 42
361 89
31 233
314 482
36 494
301 196
53 292
245 105
363 247
432 123
382 340
275 49
341 475
246 489
66 99
493 448
389 90
175 206
188 420
266 490
38 225
369 67
173 443
191 114
89 388
228 475
24 471
298 356
197 218
317 45
345 264
206 311
17 87
359 381
223 58
135 126
45 261
57 4
470 70
458 248
75 59
382 39
247 100
170 180
77 444
60 487
150 275
362 266
0 168
78 221
199 75
337 213
69 245
315 394
494 39
98 126
165 69
21 480
160 264
208 191
31 90
365 121
239 181
201 227
448 239
167 279
344 148
245 4
250 413
304 412
38 96
17 254
86 55
319 391
82 99
189 380
1 465
147 54
281 240
332 348
480 81
81 499
355 324
90 326
239 457
405 246
1 129
185 422
165 87
186 356
236 100
65 375
281 89
182 212
413 62
496 366
217 393
69 429
256 72
381 159
258 347
328 286
60 259
198 13
222 226
326 237
464 458
400 391
456 246
160 82
300 369
114 156
86 17
441 183
195 194
393 322
460 453
64 221
235 372
450 114
351 309
267 276
20 316
62 19
453 328
49 222
231 253
270 163
346 317
363 211
33 393
346 256
477 345
218 262
229 64
373 168
297 80
248 493
12 169
497 310
385 466
219 46
61 116
285 342
53 407
153 148
404 439
284 351
114 233
298 354
375 343
275 171
164 172
341 24
186 29
495 190
88 423
39 66
408 149
408 176
176 314
105 61
413 432
166 389
96 379
222 464
487 471
495 349
373 152
33 188
378 412
335 28
446 318
467 227
403 207
373 375
437 432
364 478
219 202
81 30
346 315
138 303
4 334
338 133
321 378
290 371
251 51
369 125
204 49
256 188
64 108
40 129
107 353
55 256
139 327
494 136
291 485
171 133
118 295
25 9
232 292
195 167
145 483
33 417
105 349
309 141
123 21
374 349
458 82
261 281
417 97
82 256
241 60
356 254
115 211
3 233
401 348
183 51
468 46
247 68
62 73
95 57
258 185
119 321
103 216
313 381
489 372
433 248
354 82
293 141
226 469
169 149
200 127
25 205
125 168
93 273
182 187
224 40
362 440
157 344
77 317
41 322
70 66
0 326
319 424
394 293
294 46
173 415
472 494
14 51
176 98
137 108
148 358
298 362
58 362
31 307
130 135
53 73
251 200
125 405
198 71
117 371
138 493
339 142
193 111
209 354
314 369
79 346
60 314
29 378
37 118
105 60
485 167
220 10
415 237
308 197
68 466
311 277
419 58
169 150
356 113
334 230
429 22
337 414
144 341
460 366
278 181
349 417
280 116
205 421
118 47
13 13
142 38
96 324
327 61
26 118
200 35
58 361
127 129
471 247
465 271
452 283
52 243
359 153
74 332
380 64
429 44
82 245
422 423
485 31
149 101
488 11
224 349
331 398
145 351
122 154
289 110
206 427
432 341
26 417
334 7
403 258
3 263
187 486
17 277
378 24
387 18
219 367
265 112
463 50
56 263
225 438
217 345
39 431
349 149
8 65
323 183
298 412
250 178
308 337
361 267
137 186
405 101
213 356
259 23
138 28
318 315
13 363
295 35
185 52
469 496
31 193
457 144
322 181
19 207
326 130
169 232
333 463
172 426
449 398
427 283
450 87
303 245
133 463
367 98
446 318
363 336
480 329
10 173
380 303
285 381
466 59
374 306
233 151
50 46
181 34
122 329
426 132
95 425
375 411
229 315
151 173
2 445
470 132
287 364
98 202
261 424
231 64
67 136
34 464
498 469
298 216
200 472
249 77
488 295
462 476
149 70
367 114
246 3
368 337
391 33
309 466
382 153
141 40
356 449
419 175
243 207
179 69
498 443
91 281
257 339
261 53
19 407
262 128
317 265
150 130
448 208
213 460
352 182
132 354
382 209
416 403
324 477
273 447
228 175
14 364
269 338
245 275
255 289
406 7
490 72
132 409
369 290
473 346
52 73
282 457
212 434
412 50
350 388
63 185
401 430
268 77
204 22
311 365
225 459
383 70
479 67
357 368
214 200
273 182
139 118
53 408
458 203
92 317
354 160
91 155
85 107
129 211
429 141
453 293
363 154
221 336
56 194
394 430
113 122
241 167
427 104
160 146
463 238
398 252
259 169
276 341
53 196
338 405
50 482
488 291
479 265
459 61
343 36
158 353
373 308
413 399
45 152
390 425
177 360
29 289
482 436
485 305
63 387
221 323
114 113
379 209
270 93
129 190
44 466
274 140
39 269
421 39
464 437
297 164
453 141
430 179
484 287
175 415
238 399
365 396
458 204
149 244
286 80
46 131
271 330
451 321
360 162
451 225
389 325
318 249
280 194
481 248
15 116
16 8
405 105
161 381
477 215
295 311
294 263
446 342
163 65
79 249
474 375
200 31
132 363
57 371
471 412
28 391
399 487
444 44
277 156
371 106
269 106
370 167
361 63
480 168
417 24
251 59
90 392
107 304
175 74
486 17
408 146
485 15
411 307
316 282
240 189
147 187
206 9
424 17
37 67
443 404
463 455
199 195
499 406
480 306
323 26
172 319
334 83
243 10
292 97
286 59
98 32
393 434
303 305
372 317
73 193
148 316
363 36
294 199
5 362
388 127
446 181
264 412
422 132
229 7
418 66
98 368
154 17
322 343
160 457
150 46
214 233
122 150
349 77
291 268
395 207
240 179
444 193
325 4