4100
448 220
398 146
88 65
460 488
429 469
440 43
444 56
265 242
440 493
346 139
332 383
32 266
33 455
290 394
304 478
198 271
417 104
169 448
437 5
326 482
25 218
126 266
8 321
315 392
31 300
184 13
280 215
22 216
111 165
144 312
435 267
371 194
495 352
209 392
374 432
2 35
301 251
73 128
372 310
462 240
253 403
470 146
215 385
403 492
304 178
445 399
93 239
443 168
60 440
224 4
39 435
38 226
207 193
355 111
203 79
335 317
316 309
46 305
298 31
61 449
348 454
46 6
174 294
234 489
494 86
373 459
37 385
430 412
23 244
176 285
455 79
240 11
316 271
154 286
88 466
421 215
73 288
82 467
308 247
185 169
480 302
40 59
471 17
114 470
108 346
277 142
153 63
186 17
156 321
288 340
407 244
32 209
28 480
79 467
488 336
139 264
323 468
337 31
353 146
493 303
445 461
376 270
140 98
272 414
106 296
40 60
121 13
493 424
391 149
485 424
189 231
199 476
359 364
363 389
192 213
26 208
478 138
88 403
169 118
266 212
124 276
141 306
83 245
246 487
411 326
58 84
412 452
169 109
498 272
485 32
240 191
181 363
266 70
41 121
334 288
64 307
466 458
56 205
192 49
227 154
238 456
408 285
395 3
275 429
461 245
288 112
475 53
476 469
443 94
382 369
176 277
87 298
355 494
395 495
150 400
356 123
260 240
95 116
46 155
253 370
334 359
413 41
11 162
108 241
110 306
83 342
140 138
133 22
370 347
247 380
355 372
464 103
220 116
123 60
282 266
125 376
418 469
131 390
131 281
87 91
433 241
380 22
396 425
272 365
245 266
138 20
123 101
69 455
15 195
313 192
69 297
266 439
181 339
120 249
340 165
406 59
81 273
50 138
355 329
96 323
343 453
54 86
393 318
366 475
167 408
58 179
470 88
427 176
426 152
317 399
310 118
244 75
66 243
73 294
469 421
226 21
459 164
483 280
255 353
261 349
380 275
363 171
348 351
3 143
394 126
96 172
99 205
448 340
487 17
291 373
394 456
121 17
150 354
207 456
157 257
32 320
492 37
388 248
243 192
170 243
267 137
194 266
107 367
236 495
368 446
402 27
45 115
469 375
331 195
452 28
200 488
378 337
437 44
236 266
10 180
169 258
25 277
496 364
359 484
430 233
260 79
194 184
412 157
204 15
395 243
84 9
346 448
492 314
80 135
315 81
339 442
72 484
348 364
200 68
153 59
491 130
167 266
275 185
53 79
174 480
489 448
396 110
424 187
322 241
322 5
447 489
473 13
230 371
440 174
85 430
61 445
211 76
262 80
159 487
319 167
115 333
444 160
347 364
105 368
225 21
10 279
292 173
396 335
9 374
305 188
134 447
23 218
298 197
36 137
304 457
290 355
15 272
136 86
455 214
87 93
224 180
205 449
285 368
243 102
290 146
93 48
118 276
474 117
106 416
373 10
218 411
183 15
102 85
300 171
116 409
89 239
189 340
60 147
249 474
472 303
203 391
168 418
35 321
237 142
4 141
404 462
478 74
160 87
110 432
341 312
51 226
418 430
429 240
66 479
282 178
422 39
457 486
159 90
84 344
337 397
211 440
15 242
181 189
473 27
339 292
370 314
97 390
131 289
268 26
57 49
88 50
388 479
421 397
93 400
149 357
149 431
25 360
402 164
191 206
350 375
190 30
273 221
10 139
165 404
453 278
180 222
53 394
143 421
321 326
183 237
168 470
330 333
349 45
251 232
460 393
275 102
175 2
141 48
304 185
315 306
381 110
4 495
416 286
113 499
236 237
59 296
481 256
301 390
474 331
224 53
7 434
436 499
400 34
219 77
236 204
314 34
381 117
403 170
170 298
387 368
165 406
15 447
189 498
329 316
221 15
450 405
257 80
114 238
168 157
361 333
219 404
373 28
198 101
251 128
497 220
479 490
289 14
12 494
162 330
346 194
99 384
464 296
386 208
365 79
264 54
310 79
107 484
437 35
16 157
230 40
30 365
379 209
55 172
2 243
289 217
101 348
496 389
449 418
497 383
289 315
246 113
449 452
487 205
214 386
426 355
220 444
5 309
481 451
47 60
130 483
184 336
225 83
1 180
415 175
342 350
464 57
9 88
145 265
152 348
204 359
304 430
239 276
228 309
222 72
408 275
111 352
435 92
124 189
216 289
491 392
449 410
350 307
73 310
10 495
354 225
7 214
343 158
320 99
171 71
198 42
246 431
375 161
202 33
322 0
244 418
328 166
473 193
355 178
173 398
475 365
432 380
38 483
82 275
198 358
252 105
37 396
409 498
384 412
264 112
382 58
224 8
53 211
241 50
448 260
126 267
147 424
407 58
185 37
248 341
446 383
131 0
351 335
248 40
4 235
293 364
225 387
450 18
68 130
391 191
310 368
292 369
279 309
347 199
40 464
347 95
447 339
174 330
222 298
385 422
139 227
466 179
49 216
346 416
459 469
337 89
458 270
431 130
181 237
201 278
225 74
413 400
82 25
323 87
362 305
384 61
92 1
69 202
118 141
110 415
357 77
199 299
281 315
405 131
261 463
37 458
211 339
364 450
37 293
450 39
100 399
252 186
388 192
333 321
89 358
288 295
447 446
113 487
470 228
191 370
329 84
423 80
30 392
185 287
326 420
171 488
174 427
471 276
97 415
273 157
304 38
336 61
401 251
332 302
172 223
307 23
456 353
245 230
17 486
258 283
271 196
475 430
206 297
64 446
103 155
46 190
251 408
11 234
36 4
228 343
219 61
414 35
118 175
13 160
295 487
183 124
406 66
215 158
457 464
471 280
470 60
320 17
252 73
430 332
27 140
201 158
45 98
125 468
128 15
3 491
115 275
341 186
197 21
485 408
188 154
66 456
326 10
436 387
71 430
422 366
376 450
49 124
92 421
437 174
165 72
347 292
478 280
153 40
448 27
181 490
299 489
351 248
487 125
407 287
5 58
360 329
305 381
303 409
84 397
321 92
384 101
234 168
60 214
242 239
230 361
202 275
375 29
6 53
193 362
272 265
94 198
80 133
394 400
149 235
179 330
432 471
491 415
129 18
257 404
265 223
499 487
368 467
20 226
441 374
139 65
264 213
198 86
338 196
283 93
423 487
310 462
377 207
225 154
58 358
82 483
322 323
142 433
159 191
417 14
80 100
166 409
495 196
392 216
161 333
172 27
489 437
144 335
489 218
76 222
57 47
222 10
443 379
422 364
230 455
407 192
101 310
6 425
142 448
133 250
277 303
240 305
140 118
336 237
459 481
28 265
275 16
247 102
466 71
26 22
214 49
359 433
359 167
115 218
320 353
8 248
405 450
420 101
338 398
379 109
374 149
17 260
362 1
72 116
138 181
230 98
384 204
371 89
159 243
448 338
86 332
282 456
409 344
242 202
311 247
248 473
233 37
39 265
234 96
277 111
210 372
77 7
448 94
189 300
139 460
292 489
297 77
273 426
128 207
306 367
341 292
181 55
172 74
22 220
332 406
131 299
158 394
340 60
360 459
419 381
370 351
281 63
489 167
226 54
422 117
261 33
440 263
189 443
15 112
371 212
363 199
93 2
414 374
333 285
166 274
478 104
167 388
408 259
313 156
125 134
167 235
350 239
182 107
72 40
252 49
249 443
297 467
341 342
480 211
337 174
278 146
35 167
426 297
453 295
429 92
327 431
170 97
56 30
70 204
253 480
275 174
141 2
197 72
135 483
9 177
175 325
492 288
437 62
357 271
363 243
174 287
236 42
72 196
400 292
273 494
168 5
8 48
473 310
145 205
234 460
285 154
294 409
472 130
401 232
475 329
116 116
158 149
197 352
497 83
429 97
102 122
170 98
260 462
19 495
456 405
411 253
163 241
223 206
438 487
316 124
240 265
266 285
489 251
186 463
412 486
108 115
65 14
477 131
126 325
82 348
102 82
176 346
52 117
456 399
376 342
459 272
409 468
71 225
188 399
385 257
225 452
466 346
477 290
468 295
144 103
38 402
248 98
67 66
317 152
494 23
147 193
14 453
30 57
456 85
343 70
22 193
39 68
210 341
136 16
472 178
81 132
82 362
428 181
334 149
24 245
291 328
134 172
229 305
390 16
87 37
230 85
153 109
450 122
138 216
394 439
423 462
324 327
9 358
359 104
202 343
23 384
408 493
150 157
174 489
26 392
478 113
222 108
230 483
199 25
316 221
183 94
421 91
449 360
464 430
125 309
193 166
11 149
306 453
442 161
54 332
445 468
428 32
367 20
397 11
232 67
13 213
156 267
127 286
69 106
415 444
110 194
343 460
413 474
135 2
334 355
175 41
73 132
4 103
114 293
360 253
318 198
466 225
11 474
80 445
389 80
275 347
307 352
326 470
472 220
427 313
355 159
143 102
58 280
73 147
400 24
223 285
10 70
44 41
338 374
306 125
472 228
432 433
404 132
204 110
423 376
387 132
86 278
59 30
177 496
373 484
270 429
499 96
489 132
6 396
21 327
407 165
98 345
329 191
301 2
231 34
18 225
355 118
149 456
453 266
251 178
460 326
274 373
357 459
207 263
442 216
381 228
426 202
393 479
482 255
141 195
272 65
183 159
116 479
246 332
363 69
247 349
222 323
134 373
488 79
147 342
422 430
132 28
8 348
456 26
73 342
407 97
257 197
176 442
127 225
146 422
271 490
313 393
266 345
277 299
141 254
36 424
453 64
264 21
399 313
7 72
22 472
169 266
208 131
356 345
120 187
177 2
247 391
89 342
142 13
119 218
142 135
51 7
28 447
112 316
240 427
399 119
385 262
393 420
118 446
133 249
103 238
481 163
357 350
215 70
140 499
487 334
342 283
82 38
206 370
150 195
166 447
61 49
322 52
350 455
56 440
30 483
498 12
362 11
434 356
207 78
264 74
209 194
85 106
329 292
339 291
90 479
380 5
409 152
459 54
346 259
95 15
379 376
240 93
449 242
320 26
452 9
203 84
43 162
306 288
80 224
55 145
2 22
174 435
342 412
171 133
1 188
417 266
212 380
122 157
183 13
22 294
231 487
149 226
366 126
350 307
304 298
321 405
192 307
219 495
481 386
75 242
9 482
214 492
1 73
86 337
483 36
23 461
187 66
192 25
332 405
56 394
151 137
296 377
224 196
82 15
257 205
39 9
353 118
43 254
443 354
242 130
91 426
345 266
143 130
387 37
432 475
464 443
320 83
131 260
127 397
454 214
223 237
355 494
100 429
283 251
381 43
321 26
144 324
306 166
56 287
114 193
489 488
423 79
191 161
58 55
121 171
408 13
7 196
125 115
366 459
2 261
139 99
275 323
342 283
70 433
127 398
238 36
467 468
129 13
420 11
182 188
201 41
90 442
57 60
19 215
476 276
227 373
48 115
250 355
288 390
140 172
209 267
235 378
392 176
187 365
53 312
206 221
163 106
18 296
11 73
201 389
262 340
307 428
283 310
53 58
82 72
191 193
424 291
320 427
292 316
480 7
229 197
155 186
482 244
317 25
414 346
186 18
299 28
190 345
255 82
6 95
289 338
129 198
477 213
381 449
309 121
170 361
48 390
134 325
202 30
228 452
322 116
496 414
112 121
56 186
134 367
205 414
112 423
488 187
488 441
62 221
82 297
187 232
409 482
365 174
126 111
79 93
360 300
422 75
114 472
191 330
244 248
23 397
436 209
150 363
84 424
74 213
297 18
1 113
287 207
170 366
459 265
66 250
177 171
143 340
170 291
391 335
84 414
123 266
129 20
296 274
339 213
84 370
484 136
195 85
451 123
389 366
468 262
434 455
295 145
289 429
116 465
379 180
447 200
72 355
129 428
494 221
443 468
456 78
163 279
403 152
370 466
80 292
247 338
335 366
296 394
359 124
157 264
465 90
445 456
384 389
110 426
246 230
308 406
185 203
207 323
289 88
380 429
119 222
88 479
373 454
431 236
1 232
175 88
396 318
207 120
399 132
363 170
76 145
200 171
347 261
202 407
188 488
210 82
62 307
262 299
35 435
20 193
133 36
206 195
167 29
13 414
436 66
212 376
400 364
477 412
172 247
235 179
262 360
20 298
97 324
111 282
327 484
373 131
178 312
193 79
345 198
264 206
83 281
145 328
93 335
434 475
154 117
329 21
319 416
92 349
483 416
253 56
187 162
474 126
57 218
416 167
374 403
36 32
361 309
496 34
9 306
423 430
451 163
80 104
454 123
39 24
80 437
100 144
270 120
338 426
94 328
83 106
138 320
481 119
153 351
9 477
259 162
326 432
37 62
185 258
282 343
132 77
221 215
335 232
11 344
24 25
131 105
277 107
78 269
473 258
87 232
394 482
267 198
260 72
330 156
499 298
375 465
180 483
68 448
292 367
392 79
36 168
127 23
144 313
423 206
438 117
452 362
60 184
109 219
227 172
470 291
256 78
61 345
146 288
155 129
208 290
459 47
422 244
409 86
292 67
36 332
194 82
267 488
59 106
279 376
167 138
216 249
447 276
416 278
259 93
383 424
471 320
64 194
281 246
313 474
158 425
8 201
42 205
311 127
355 101
92 90
192 374
150 308
438 139
84 419
343 50
370 467
14 166
412 434
260 295
72 77
279 271
476 80
59 321
274 287
230 414
289 366
27 422
61 291
62 465
15 145
464 405
72 385
172 478
125 484
414 284
55 50
482 193
366 31
171 42
308 140
359 253
175 97
241 386
203 88
85 303
61 219
456 401
232 133
469 480
265 209
259 383
428 320
204 242
284 294
435 227
480 92
42 146
32 7
447 135
290 235
306 384
285 351
336 263
95 17
79 306
189 360
33 338
80 118
264 89
316 216
161 51
197 148
7 55
42 81
317 454
190 332
184 475
90 475
345 372
178 186
46 424
114 220
190 431
20 195
263 454
6 336
336 276
331 55
137 343
149 225
58 306
281 339
167 94
466 372
58 12
288 497
217 456
388 402
449 407
213 408
245 65
341 71
127 433
277 25
250 116
422 278
470 160
106 203
75 137
1 73
70 133
90 289
43 139
398 478
238 345
410 463
35 483
269 103
480 14
130 398
176 83
95 52
255 146
135 202
127 183
316 136
277 49
188 258
88 173
18 438
401 327
162 280
235 436
302 431
329 216
151 432
336 358
356 246
448 92
275 492
480 427
476 443
54 110
283 16
454 142
321 153
285 356
144 484
267 20
88 447
231 97
307 239
338 68
12 163
7 138
66 287
82 488
450 42
59 136
131 233
386 365
221 452
436 171
43 218
165 56
5 132
223 248
316 312
327 61
200 328
467 335
175 118
160 50
38 125
210 71
437 169
474 448
471 10
228 262
318 14
146 245
494 323
487 222
283 310
491 315
2 335
453 310
360 29
6 466
37 251
272 216
16 474
337 246
361 487
1 65
311 179
355 0
74 305
467 342
9 357
45 310
121 11
392 498
464 333
84 398
466 354
180 209
307 482
469 17
83 168
200 323
175 246
51 55
397 249
458 370
181 259
270 3
354 154
487 15
413 318
24 424
133 380
214 205
222 440
109 36
211 305
51 161
216 386
487 454
177 465
224 445
301 210
364 347
362 155
325 203
127 275
7 350
55 260
53 74
110 129
435 14
175 173
411 338
145 243
208 398
195 174
384 433
132 496
3 100
303 494
121 181
31 431
43 481
55 438
67 448
462 17
190 354
193 489
232 453
351 190
364 293
226 398
247 100
200 210
204 250
431 355
138 177
158 314
252 182
482 65
82 320
174 445
286 124
77 219
261 371
164 280
179 477
77 242
452 426
28 129
485 8
185 312
126 123
157 344
409 231
51 140
437 344
320 77
297 75
446 250
30 58
388 110
352 61
339 465
447 304
312 220
32 284
259 498
194 10
241 269
409 455
151 144
222 198
273 472
222 19
429 220
182 104
166 317
135 35
191 357
77 434
218 4
354 461
472 477
98 400
355 213
210 7
57 7
331 432
303 183
403 53
9 232
402 85
472 27
385 389
323 164
20 462
276 41
370 374
274 248
313 469
328 481
488 23
455 238
421 319
224 258
343 176
113 234
261 245
486 86
250 498
313 309
202 122
496 89
337 424
245 122
103 2
26 74
164 444
263 333
444 85
261 340
426 287
384 226
312 39
38 370
179 414
36 351
292 233
157 384
6 129
483 403
329 462
406 9
195 493
430 21
361 139
426 43
269 139
179 162
32 82
348 217
420 63
296 237
121 212
193 305
208 480
442 176
38 37
382 348
221 233
224 312
355 435
74 150
312 477
411 253
322 196
111 259
496 242
306 407
64 470
450 351
28 273
162 392
92 418
3 397
61 313
248 227
229 417
246 323
428 393
89 157
416 251
493 200
459 265
235 152
3 23
148 185
429 383
301 311
60 21
186 156
383 121
390 435
110 464
357 136
293 38
289 446
498 62
327 135
287 309
333 414
99 290
174 333
496 380
401 327
484 56
178 87
374 219
184 68
205 484
23 41
340 350
412 312
299 190
0 239
153 86
229 333
166 104
484 255
434 163
71 237
177 418
490 249
318 51
388 26
419 375
77 263
75 259
450 490
81 227
313 450
135 87
191 394
149 153
168 28
117 84
354 240
341 146
50 196
222 159
386 438
201 142
253 464
306 128
355 203
5 387
474 21
415 492
498 18
398 417
353 166
258 15
162 207
256 100
111 212
2 478
472 498
314 203
183 226
281 120
359 39
412 287
131 334
204 179
96 129
296 102
469 449
9 54
6 131
195 265
95 118
468 197
252 68
294 282
254 436
475 75
214 113
299 239
418 346
475 3
457 15
316 123
30 427
410 177
294 36
154 106
303 390
310 122
256 56
344 104
31 10
476 171
410 246
92 275
131 328
195 419
43 440
367 364
41 73
109 278
236 188
430 116
238 391
299 240
344 495
5 143
314 375
473 333
461 224
405 65
337 444
384 100
316 232
305 104
382 210
398 266
382 118
9 328
68 121
468 309
304 264
139 325
159 119
343 465
382 120
416 248
201 219
451 300
404 17
227 108
375 138
108 477
305 109
82 470
131 225
489 50
228 435
54 481
446 387
359 250
498 328
48 275
75 51
69 351
460 332
470 148
126 187
148 79
401 283
9 231
133 32
467 498
479 361
100 22
272 277
106 311
86 122
26 6
357 14
198 447
95 169
208 168
99 73
357 357
440 0
32 218
216 425
139 352
374 48
177 91
403 498
472 283
141 489
355 498
297 499
20 53
74 393
318 229
438 25
26 175
393 378
303 410
262 462
362 294
386 488
338 39
175 289
130 163
161 316
167 338
391 311
204 188
269 317
343 374
50 207
85 221
131 295
109 240
387 246
234 323
363 273
62 425
88 390
206 44
382 101
412 374
414 126
443 468
343 183
390 286
359 245
392 327
419 491
89 2
325 306
79 175
100 40
430 493
38 40
142 137
363 272
398 406
375 277
312 194
332 218
315 54
381 192
35 207
61 152
459 124
299 387
279 390
384 252
292 210
199 274
398 286
193 414
43 297
491 68
138 355
409 175
367 453
12 142
294 402
378 74
313 105
496 178
282 92
154 380
6 426
213 205
119 404
53 406
326 162
369 396
72 464
269 130
272 439
194 133
207 419
24 72
102 372
317 20
252 384
311 471
177 258
15 376
282 296
311 68
465 108
424 180
163 389
328 45
30 287
206 374
447 90
462 83
103 49
286 279
103 208
318 449
325 280
428 333
254 459
419 91
124 71
460 343
240 287
74 140
15 270
212 133
216 314
215 175
306 171
379 1
302 409
41 198
383 127
86 470
413 137
60 5
200 37
176 20
13 292
415 103
236 380
194 127
302 452
123 409
263 109
370 3
53 65
193 412
234 436
426 131
137 147
37 486
359 189
482 213
316 372
252 397
24 404
356 446
207 179
288 332
187 322
388 10
422 240
28 433
416 156
156 454
441 405
95 193
258 300
24 77
326 427
331 276
74 202
381 188
372 281
104 21
32 59
299 344
129 454
463 327
134 45
451 119
312 75
227 46
475 422
349 251
379 153
355 181
221 453
86 237
110 93
152 42
386 142
449 451
130 15
61 412
31 264
191 12
410 195
117 270
21 385
38 467
0 252
205 245
482 221
314 292
186 445
87 318
121 73
440 388
300 251
368 353
365 183
378 411
182 127
364 348
167 55
308 254
0 167
240 365
157 334
279 54
224 344
269 219
107 345
448 209
63 408
443 168
80 280
260 174
22 262
317 124
379 189
208 477
343 379
65 448
354 352
48 345
64 78
275 317
379 171
431 223
392 294
426 375
49 472
86 186
311 423
464 403
233 190
421 172
120 76
428 338
183 326
404 477
146 99
123 179
254 25
171 406
133 498
470 98
284 182
457 56
312 447
489 421
445 397
473 262
101 417
243 253
230 284
236 499
30 377
254 211
117 285
283 426
24 251
285 106
14 160
108 243
16 178
75 97
360 462
379 48
302 461
97 123
122 384
113 185
396 5
290 368
146 14
117 425
31 22
182 402
497 398
76 142
92 14
476 152
52 304
117 207
182 206
91 66
252 305
162 56
424 148
14 452
229 422
444 131
386 113
11 479
121 383
249 87
91 65
369 77
285 144
202 486
53 467
124 145
202 157
305 286
90 478
401 172
303 172
285 197
176 41
425 148
87 150
215 26
104 179
175 437
423 241
208 377
23 328
485 185
323 77
55 143
315 266
438 456
154 470
12 223
371 182
184 289
167 310
489 252
189 271
12 16
246 464
145 73
110 121
198 130
125 433
199 253
62 292
263 137
212 68
102 127
268 435
246 287
39 435
59 87
456 228
44 71
496 202
175 189
320 106
40 373
478 297
90 91
81 392
312 205
332 293
81 415
202 452
387 327
266 93
173 446
370 222
424 217
407 366
325 99
324 79
376 217
308 155
47 466
171 389
35 360
127 355
307 116
295 181
274 47
345 61
284 447
164 215
434 208
160 71
150 111
328 336
491 379
197 488
230 391
103 221
76 265
233 230
263 236
135 28
89 37
484 480
48 373
434 0
424 482
445 94
430 426
305 273
113 274
165 3
224 343
108 120
202 152
240 341
369 465
2 227
208 311
184 338
190 108
442 118
64 114
41 387
160 347
121 198
53 273
469 138
258 129
282 77
271 460
277 374
102 492
303 279
469 162
270 340
458 159
274 212
99 375
222 167
217 111
384 343
333 271
400 353
283 443
255 34
261 406
250 32
311 363
377 406
246 132
291 147
359 56
283 417
436 310
421 5
200 154
425 157
363 33
328 177
64 498
404 83
115 325
40 6
412 278
262 417
416 10
419 54
471 275
85 202
60 408
414 6
15 260
146 191
368 378
376 474
410 284
109 132
139 377
8 1
418 403
266 270
324 334
461 185
239 148
408 398
256 299
412 322
365 272
150 410
236 233
18 379
11 146
24 479
333 150
406 384
154 103
438 172
209 331
479 251
150 448
100 239
413 258
30 364
274 278
363 33
412 10
9 233
65 423
426 385
269 398
1 332
4 275
106 291
43 213
13 85
176 45
303 465
181 89
219 186
219 455
318 83
316 131
406 179
64 381
279 332
16 185
460 281
72 20
85 67
4 467
364 451
268 33
122 20
206 450
405 342
277 277
260 75
254 93
327 166
351 170
207 458
91 367
240 20
439 164
483 325
128 295
328 348
368 397
347 451
145 426
203 104
32 422
367 463
129 138
161 194
5 480
200 368
240 96
112 440
117 179
475 96
296 246
495 303
106 16
442 194
298 103
377 145
108 182
321 245
291 89
422 334
54 296
393 122
414 295
474 5
453 31
129 449
105 101
117 124
318 63
167 59
56 469
3 44
289 164
106 324
10 433
229 28
2 65
360 474
332 416
299 186
136 137
239 429
405 93
156 356
416 224
45 323
368 324
489 48
225 9
442 447
327 235
300 24
350 329
97 12
199 34
172 396
325 187
280 411
267 83
307 288
112 35
360 204
252 332
193 201
0 477
65 488
364 327
156 217
230 214
249 105
1 429
116 421
184 179
262 248
36 303
339 421
125 0
332 51
104 229
59 378
366 104
283 124
341 230
296 439
44 423
352 45
318 397
76 320
68 2
306 190
111 457
457 497
400 236
466 142
20 4
460 377
1 386
468 243
34 194
118 264
162 430
327 322
495 480
483 256
446 63
372 141
138 58
146 330
472 38
394 464
341 344
82 206
449 194
389 50
166 335
265 359
33 328
309 444
200 28
92 144
285 147
57 316
146 275
165 55
20 470
166 59
117 213
408 248
150 66
253 149
360 317
145 18
462 393
422 306
302 15
14 366
182 439
214 71
126 181
151 231
142 498
212 318
66 259
177 472
473 69
386 430
300 333
226 383
42 115
130 148
14 344
284 144
67 197
378 350
82 45
44 381
51 76
336 108
432 470
39 13
296 405
238 425
160 96
63 464
113 202
399 193
189 479
28 183
385 108
154 258
140 319
396 50
158 191
161 84
97 442
347 200
477 245
342 85
401 490
192 405
451 366
346 91
126 492
101 226
485 12
183 107
157 125
168 79
163 167
109 330
382 113
358 456
393 212
202 52
310 146
13 246
338 113
105 211
437 316
180 58
165 422
47 364
295 322
341 68
398 311
424 450
258 132
344 134
39 151
150 398
145 349
314 163
374 335
151 271
330 311
86 332
48 347
170 485
53 343
154 11
314 451
436 430
65 72
76 132
31 456
157 226
241 28
215 471
242 115
278 366
50 424
272 216
202 98
294 294
157 255
59 448
231 471
396 347
479 148
104 472
50 362
390 261
84 291
258 457
324 326
103 388
457 226
177 375
21 159
414 471
271 178
150 325
172 2
150 398
222 4
366 254
367 272
415 109
66 451
130 25
265 242
469 233
460 222
381 498
469 481
159 148
325 92
95 161
59 498
2 97
204 281
405 220
181 71
23 320
197 248
490 153
238 463
37 311
309 198
179 419
419 130
223 190
352 244
94 170
267 263
45 448
21 471
395 302
123 202
450 418
423 172
135 293
456 13
211 173
444 118
100 242
284 215
311 175
345 488
252 406
206 465
288 149
451 227
430 183
453 426
99 232
25 228
93 86
111 334
452 156
250 407
122 404
80 35
23 286
192 425
242 127
128 250
478 383
418 432
358 260
492 224
452 309
248 370
204 398
54 211
471 8
412 305
340 445
231 492
270 215
195 423
26 364
247 323
255 4
264 166
390 466
127 108
478 194
92 375
439 34
42 147
452 410
355 307
151 144
211 87
362 421
286 406
82 388
392 385
51 189
155 8
117 441
488 283
10 447
482 80
227 449
359 376
183 31
175 67
154 335
108 239
145 16
405 246
132 79
269 149
10 183
477 276
411 479
426 465
397 422
223 408
285 125
8 435
2 320
7 36
275 156
24 468
214 272
352 281
431 198
382 473
101 293
272 211
28 13
287 198
459 425
402 362
297 244
416 411
299 299
307 424
244 74
346 332
113 458
157 50
375 396
189 391
454 477
342 461
12 482
259 129
491 471
67 162
425 141
292 483
259 224
150 100
284 3
314 348
251 397
146 323
214 126
455 187
1 20
354 297
278 13
484 113
127 122
263 403
386 404
128 407
7 498
353 130
479 291
41 167
490 230
356 39
226 56
76 164
461 227
92 430
396 92
66 428
331 375
280 181
88 70
68 260
391 96
239 421
441 370
100 280
319 283
340 308
472 398
125 268
51 286
378 218
146 447
322 444
125 330
400 102
215 213
161 468
241 106
476 401
33 34
318 76
384 205
103 158
278 209
495 80
150 329
276 373
169 149
479 451
405 146
211 379
199 120
226 373
126 292
327 54
130 11
216 497
155 367
76 171
252 433
115 423
148 254
403 243
194 317
463 382
113 452
424 174
399 164
457 3
57 25
37 136
133 188
407 105
277 140
425 335
258 381
135 40
284 406
75 39
273 330
282 38
64 387
403 207
210 464
341 360
348 119
307 230
336 481
473 66
401 465
346 399
439 11
417 481
372 75
406 492
382 498
237 188
247 299
115 140
353 309
429 456
39 201
35 88
7 375
340 8
407 408
272 38
371 199
274 41
386 244
94 180
221 268
419 331
471 320
482 34
343 176
378 411
351 382
109 413
273 358
119 301
339 33
232 391
284 210
306 358
391 170
291 400
83 464
284 210
97 55
83 266
29 440
174 461
226 381
91 283
84 0
385 210
453 423
485 117
327 238
408 292
44 218
182 51
262 128
35 319
85 359
151 118
432 467
200 325
108 158
10 291
2 44
467 395
364 307
45 452
96 44
262 306
357 141
121 297
116 471
330 156
126 53
20 481
158 58
69 220
12 266
310 79
327 366
25 129
434 43
87 71
229 30
23 350
499 438
410 496
4 115
168 92
426 131
41 41
261 84
203 110
42 125
343 13
495 369
264 369
292 429
311 352
54 21
311 187
183 53
168 221
166 40
23 188
229 92
28 64
27 343
468 231
97 69
290 312
33 92
373 406
258 325
198 36
223 312
365 9
83 259
299 385
74 101
193 322
238 303
498 73
305 265
186 467
131 254
346 328
235 164
341 71
107 493
158 39
400 331
442 23
261 335
436 93
415 335
490 481
55 5
271 489
308 360
114 309
138 291
455 312
235 225
218 148
39 342
25 228
252 291
127 467
60 365
200 63
397 327
333 42
383 452
164 456
265 191
482 130
442 255
480 289
289 177
371 51
279 328
120 397
216 383
248 99
162 277
456 300
343 411
363 289
97 78
270 27
157 215
470 104
246 451
480 451
2 35
364 352
101 133
17 336
435 317
446 265
66 449
361 255
396 261
339 76
104 494
209 461
66 113
417 179
482 164
199 249
101 336
470 415
251 54
224 339
104 38
340 22
277 22
135 201
277 174
20 327
140 233
199 229
260 58
222 116
365 95
283 422
337 319
373 105
444 441
479 449
472 401
275 319
372 249
275 263
90 2
235 295
376 82
141 434
402 489
436 363
285 268
439 219
177 475
268 164
114 121
374 247
419 438
39 150
413 143
145 315
462 355
437 233
19 191
32 78
294 422
42 468
39 431
406 333
497 216
338 26
274 463
401 212
214 45
188 441
256 479
334 186
419 70
261 124
54 438
212 293
113 348
132 254
87 153
369 390
417 437
400 207
272 191
88 302
243 338
318 128
314 351
273 4
128 233
24 35
180 35
235 236
491 294
447 367
258 430
367 168
228 175
218 120
422 0
338 306
286 17
220 156
161 101
186 493
28 141
28 210
447 61
207 264
131 290
72 154
174 389
416 292
412 402
402 134
292 186
203 93
101 431
32 423
268 114
108 218
281 149
210 136
400 80
370 417
423 32
273 294
86 97
0 42
28 350
36 254
199 321
252 91
366 301
415 136
206 135
284 23
160 339
419 494
263 412
296 141
436 38
135 70
112 374
225 487
94 492
165 113
205 293
446 417
405 71
206 214
237 464
303 490
336 249
14 223
364 99
137 310
380 152
27 125
464 344
189 104
217 410
56 354
124 422
346 2
216 29
493 52
395 306
407 297
372 231
183 421
232 88
241 320
297 464
161 120
76 114
24 350
204 145
420 432
435 328
210 266
318 3
309 55
204 65
297 217
490 76
165 480
152 74
39 258
230 302
416 52
254 306
451 292
225 458
139 223
489 12
15 349
404 160
225 325
394 109
37 22
354 236
311 54
312 7
309 202
106 394
200 225
369 360
170 4
227 446
458 309
10 69
229 474
151 267
228 454
329 397
485 117
172 183
190 296
350 336
231 351
428 456
168 283
287 298
244 339
0 367
436 55
381 363
130 17
323 384
281 210
327 4
188 266
415 499
336 230
82 117
74 67
350 10
160 94
433 490
209 257
312 434
149 497
14 45
429 131
341 189
194 62
180 168
20 382
464 447
65 208
127 398
261 491
85 329
171 421
30 371
157 380
377 342
239 306
437 243
433 168
82 278
298 127
361 263
210 170
378 177
76 275
118 357
187 337
258 204
75 358
91 141
335 232
390 468
64 75
95 327
457 349
476 178
441 107
278 189
366 3
279 8
366 442
131 249
305 405
263 242
383 232
464 354
175 218
293 206
33 91
440 389
67 490
98 416
457 8
11 228
236 175
118 142
244 454
359 101
343 49
282 475
181 226
445 98
305 208
299 238
479 190
181 239
7 46
406 131
211 464
140 270
264 299
254 110
211 8
58 465
292 55
133 192
290 474
182 78
169 95
286 482
221 148
195 319
302 229
45 453
223 13
312 185
147 488
348 418
236 211
266 258
450 28
2 251
330 241
188 37
19 499
147 326
145 92
173 194
148 299
312 219
256 223
63 477
247 404
115 412
22 483
12 233
484 473
66 366
403 166
165 254
81 274
219 165
211 78
230 392
463 359
435 394
371 220
476 498
262 471
454 443
176 285
110 318
185 12
31 176
282 440
67 196
213 215
294 286
30 425
136 376
270 494
66 71
422 142
465 42
485 184
321 419
90 13
377 431
459 127
67 408
457 242
457 486
124 170
447 103
479 155
1 436
359 250
244 67
109 281
318 209
480 94
459 491
275 422
49 336
245 234
328 469
455 54
76 138
241 80
87 24
312 73
175 88
7 171
453 271
332 116
62 123
114 164
87 21
209 389
476 136
105 306
360 304
442 413
493 437
313 36
109 432
372 125
296 136
407 379
495 101
76 91
255 409
430 191
432 342
479 491
298 408
213 436
349 158
447 7
43 194
126 260
237 4
140 498
229 386
339 399
490 224
485 416
459 246
440 267
259 391
300 419
208 57
67 365
224 57
252 15
127 268
124 230
81 217
455 117
16 310
387 294
62 359
457 372
140 21
265 397
317 251
308 417
282 377
434 227
94 6
126 38
269 74
291 251
220 350
12 246
392 236
447 251
124 307
328 404
302 116
367 93
10 471
348 27
254 144
3 134
173 349
423 481
84 442
144 66
164 304
393 8
260 408
215 340
245 384
352 396
341 399
370 219
98 204
348 70
204 352
53 203
185 377
171 328
394 269
426 315
324 410
319 319
159 84
320 34
430 256
155 172
243 272
476 377
447 341
45 176
380 4
381 451
279 417
38 405
220 26
436 464
283 396
332 255
142 295
51 4
28 72
196 59
288 271
464 24
53 88
92 362
313 285
202 325
230 444
322 92
409 303
51 259
366 44
339 384
240 8
433 243
154 269
392 481
6 442
30 357
71 411
196 122
300 236
32 250
342 30
185 355
114 251
296 237
473 480
341 487
82 213
482 274
107 236
179 227
436 465
376 61
36 7
95 72
322 336
218 127
482 17
120 404
141 448
281 416
256 466
179 122
248 338
75 14
241 355
321 106
167 177
36 197
122 203
39 131
258 296
165 258
14 93
41 286
54 155
473 322
296 310
1 152
18 44
252 76
182 259
288 425
474 201
405 176
307 96
245 296
406 418
11 410
196 420
427 404
227 251
413 400
405 375
420 414
342 423
35 24
449 376
78 175
352 423
372 335
483 159
429 117
27 242
14 440
197 76
179 442
194 424
299 92
359 451
375 71
95 201
78 262
437 396
320 8
195 141
301 192
161 178
420 82
375 188
116 435
229 72
348 295
240 275
227 147
71 451
152 454
216 18
415 82
442 5
147 235
279 137
168 300
382 440
480 88
375 257
181 97
244 456
232 29
29 336
287 459
265 100
470 292
226 333
338 385
472 169
158 337
489 251
43 326
267 224
481 24
473 142
99 15
44 217
406 183
142 73
25 193
485 259
92 496
233 212
233 282
120 206
309 391
70 109
333 353
229 337
331 167
182 202
271 282
465 78
152 177
223 459
218 29
25 208
272 310
93 111
317 357
101 213
174 126
331 171
360 360
379 60
114 191
474 413
491 238
415 439
399 495
25 138
199 117
280 402
13 323
181 373
438 182
161 134
305 464
324 492
405 165
208 55
468 19
109 182
474 460
455 25
15 373
342 332
235 214
390 122
347 100
283 71
205 137
102 444
436 362
379 278
334 193
65 87
122 302
114 174
51 96
321 422
106 67
133 15
490 341
442 23
446 337
327 77
21 3
365 429
207 309
3 96
36 393
48 420
94 158
106 14
288 146
65 279
146 395
236 198
222 136
326 30
459 20
24 153
434 480
142 241
338 493
387 497
417 226
236 287
301 11
9 194
473 90
337 74
273 471
108 425
308 347
367 286
439 267
248 243
485 225
218 242
239 175
401 457
244 156
19 489
183 398
340 29
103 156
479 177
102 228
75 87
373 410
30 295
390 164
241 130
372 375
402 460
417 111
267 155
144 14
264 286
167 327
335 456
133 271
351 315
254 87
350 427
74 480
496 380
10 464
192 238
198 382
345 94
102 467
333 112
250 246
426 97
405 418
41 261
428 38
478 392
171 183
15 328
60 245
62 11
249 70
304 254
200 299
119 149
113 302
401 452
402 363
133 179
440 307
198 26
419 221
256 28
356 90
188 271
282 268
338 102
208 384
35 494
143 408
63 154
459 256
471 316
495 213
372 457
483 287
8 422
450 402
345 116
387 158
426 385
487 22
258 116
110 195
455 293
448 105
361 18