4000
235 208
379 342
366 241
388 99
240 354
293 485
495 71
241 192
195 229
279 491
84 442
455 240
263 51
173 247
186 76
136 78
273 273
15 15
466 491
346 255
92 206
130 491
184 87
168 371
214 379
173 447
187 298
349 128
227 450
378 374
305 265
39 366
381 78
69 54
161 200
406 267
259 253
193 388
112 295
26 361
309 178
329 199
179 348
151 30
405 406
171 381
248 210
288 210
116 129
181 209
477 129
383 88
328 88
383 428
141 440
471 409
108 302
151 300
330 139
45 154
35 235
297 216
279 283
265 437
147 247
377 446
386 476
64 112
40 67
7 447
208 33
336 478
130 168
307 339
493 461
48 352
420 380
164 346
283 51
299 281
227 282
258 176
288 466
33 322
121 180
65 392
223 329
497 401
92 353
314 304
8 437
318 363
209 429
332 334
115 344
127 131
159 342
160 385
60 447
479 193
86 181
11 45
298 309
14 360
165 243
180 329
44 173
454 498
332 253
97 287
270 299
142 76
462 430
229 154
348 22
203 209
106 286
447 66
427 256
499 461
142 444
469 180
30 186
439 424
63 215
14 389
317 185
115 8
163 279
153 345
406 363
149 209
275 12
268 448
409 54
498 268
300 52
90 468
244 330
45 382
123 159
344 412
420 440
220 460
157 83
298 225
434 63
75 447
395 62
116 195
463 157
61 467
435 263
446 151
33 31
42 491
403 156
97 386
198 176
111 169
394 355
418 410
209 181
243 345
41 105
114 359
326 356
472 27
178 113
496 418
261 64
220 38
277 165
193 169
190 327
35 304
214 437
118 305
151 424
381 361
72 44
400 347
374 251
216 372
142 52
468 213
103 404
421 41
210 232
60 114
418 253
190 95
400 485
261 308
21 403
299 494
341 93
344 200
424 67
471 61
126 67
471 440
481 81
314 392
358 43
296 226
173 128
465 486
146 425
181 226
72 167
261 480
180 265
332 457
370 457
376 304
96 496
430 199
443 77
472 96
322 301
429 269
107 347
272 395
473 254
421 453
434 398
163 182
492 466
275 496
152 362
359 3
202 248
177 289
237 145
298 149
270 59
258 80
327 378
132 30
336 152
50 53
88 122
440 214
62 80
442 68
71 214
314 153
294 274
271 343
492 31
442 422
2 263
141 200
83 329
481 125
30 271
393 384
98 118
50 185
253 160
226 345
498 325
451 392
235 145
28 74
496 79
342 471
23 498
179 335
312 106
377 13
397 343
313 122
308 347
359 364
209 413
238 437
329 59
56 41
116 416
495 85
408 112
463 190
377 431
390 494
7 190
33 267
242 256
103 346
62 402
315 462
251 123
35 406
447 80
496 91
176 415
380 492
34 84
368 195
189 411
101 258
377 197
305 486
185 119
373 409
223 247
371 189
95 475
407 258
349 394
162 256
100 378
314 394
89 134
45 182
292 278
327 499
485 170
141 133
394 22
270 15
56 469
296 493
251 151
397 56
312 452
330 411
305 412
398 497
179 394
25 443
294 324
494 352
337 132
154 487
2 83
53 276
269 58
61 201
257 372
177 311
222 421
333 7
356 380
274 231
27 36
212 299
4 173
305 206
193 193
277 312
88 48
106 182
383 210
434 20
331 493
414 111
119 405
285 100
183 327
215 412
63 62
236 427
133 67
261 393
205 179
227 390
72 146
356 185
205 307
300 290
402 388
146 67
19 373
200 431
343 54
469 416
343 259
326 57
450 329
8 439
329 8
154 87
124 253
61 362
152 182
70 213
132 406
131 216
0 3
58 332
100 195
454 27
436 295
124 281
72 386
246 484
423 254
7 252
114 48
230 420
486 119
377 300
369 118
122 9
341 221
416 32
411 293
88 371
4 347
85 213
49 428
182 332
436 473
21 42
462 51
22 251
403 448
419 399
408 124
345 393
425 101
394 262
133 188
35 483
196 489
417 472
304 245
70 100
494 93
144 91
194 308
109 18
417 98
222 28
421 178
279 420
182 198
386 174
157 167
8 273
245 205
302 425
377 402
495 373
316 371
180 491
9 11
461 141
169 278
456 35
455 442
492 236
262 489
8 230
3 271
476 16
442 100
354 130
355 319
43 349
192 24
35 75
216 53
332 496
383 237
179 288
376 339
328 171
401 138
261 189
205 256
356 89
220 147
319 211
412 427
451 214
141 457
10 486
334 357
446 342
483 218
409 125
148 211
202 89
278 401
9 463
53 484
483 217
280 125
52 302
368 45
2 4
342 9
218 12
207 29
99 164
141 190
253 8
97 141
42 455
419 376
212 403
121 324
449 195
350 253
298 353
209 218
80 300
313 52
433 298
315 372
62 32
392 456
98 315
123 341
69 492
248 394
218 281
329 221
474 167
372 179
249 273
425 82
486 181
480 90
462 419
303 147
103 376
192 47
388 53
398 167
61 458
91 146
367 279
298 420
99 341
466 170
104 201
382 392
334 90
9 214
361 297
173 164
211 317
222 217
384 100
410 120
118 297
428 1
422 337
31 226
249 373
426 497
241 353
296 309
375 76
225 305
322 89
406 398
468 33
485 128
101 352
2 247
249 219
57 430
9 23
248 88
437 110
463 27
336 31
107 111
269 63
152 184
82 91
476 410
391 50
255 314
61 492
63 257
39 162
37 472
412 48
158 286
165 202
233 474
85 353
416 192
376 354
445 69
331 310
213 274
88 222
66 468
77 1
164 130
454 116
17 201
339 367
421 175
149 4
357 154
198 87
441 126
47 74
384 239
13 378
101 97
417 453
454 167
149 346
315 118
172 104
323 184
359 363
220 244
250 361
300 429
55 448
22 241
332 102
481 258
208 197
150 434
453 477
176 105
75 103
59 343
27 99
315 382
478 386
99 35
464 80
28 399
493 372
474 402
12 325
23 307
93 220
50 25
482 47
2 78
421 410
9 61
295 448
186 324
211 125
205 286
37 176
48 233
135 30
356 374
34 499
72 231
108 127
174 122
200 91
1 28
89 473
421 362
39 236
361 107
245 250
278 66
151 283
313 178
405 286
138 21
104 439
66 210
184 213
156 93
473 384
357 157
371 63
151 130
237 410
13 13
79 483
118 143
322 231
369 431
305 227
18 7
69 409
122 436
381 253
489 278
287 355
270 198
328 11
421 421
434 418
401 286
430 366
449 371
302 252
331 318
178 107
369 201
137 99
353 491
122 19
226 342
41 261
272 496
417 221
139 46
332 352
218 392
263 262
366 19
189 66
25 49
250 367
319 394
238 240
111 172
366 212
325 337
333 259
481 450
496 250
454 120
365 180
295 24
43 128
46 161
63 233
452 72
318 165
405 271
295 56
120 16
205 162
421 446
396 38
141 254
375 244
424 95
120 240
220 219
233 163
248 267
191 296
313 201
472 9
418 219
87 120
282 38
336 293
183 55
310 84
328 324
420 37
129 105
176 392
55 349
116 261
409 156
357 307
169 223
294 181
301 87
477 381
26 435
491 314
398 210
34 153
190 79
36 454
346 319
20 64
326 254
410 137
296 235
310 119
152 317
404 104
338 454
241 382
48 364
74 232
385 446
377 461
415 427
98 265
330 114
220 119
108 156
243 130
101 256
74 406
10 253
59 478
212 348
65 301
33 260
59 491
452 271
50 436
202 220
334 149
268 384
40 54
36 376
484 135
41 489
242 58
37 404
104 302
455 249
10 21
13 488
111 421
357 465
185 162
163 411
295 371
277 431
159 187
175 165
154 143
54 68
472 249
51 91
192 429
450 6
346 54
475 463
281 310
324 185
96 466
190 339
122 244
431 467
133 281
276 458
27 139
388 330
273 499
428 291
149 318
224 231
194 348
10 200
385 475
294 334
173 333
77 484
303 295
428 361
319 288
428 56
239 346
198 168
460 364
182 478
209 461
309 407
459 256
83 319
5 196
381 377
213 30
177 311
172 369
9 105
14 343
42 289
458 105
469 92
70 270
231 4
263 132
240 41
360 222
418 323
53 366
248 151
462 118
339 426
383 486
330 349
138 397
2 224
316 96
366 324
328 238
222 98
139 443
165 462
138 351
69 435
86 191
161 318
244 49
35 1
350 127
377 217
441 488
437 231
55 109
348 155
253 235
30 422
237 244
448 195
482 375
418 17
187 421
322 79
432 283
263 209
279 134
123 140
223 220
182 412
67 131
218 382
304 173
417 249
296 41
268 217
87 279
52 186
118 274
410 374
435 50
185 173
165 214
287 160
72 388
19 469
351 491
164 238
339 7
401 434
151 135
266 169
356 238
365 318
192 474
376 275
448 480
194 61
73 465
353 481
450 497
489 225
315 153
13 5
439 154
289 414
83 443
181 56
374 291
117 398
173 419
399 494
407 473
438 93
427 481
478 144
369 229
383 319
325 184
338 248
162 116
411 479
35 97
241 93
491 262
181 358
352 17
490 432
25 260
93 281
425 452
182 71
243 146
330 417
17 420
388 20
499 31
128 300
245 387
149 369
80 236
105 330
114 432
44 96
377 491
444 137
61 154
300 478
247 156
76 482
2 264
295 464
264 353
240 275
497 9
98 241
423 77
361 203
151 37
29 406
395 380
34 325
155 308
464 186
168 402
18 40
357 22
228 165
440 473
335 468
210 289
366 285
488 133
23 80
338 492
372 52
377 233
42 259
297 32
286 358
251 466
340 304
321 108
81 68
389 113
403 268
53 99
84 121
201 394
386 107
11 391
125 110
221 388
272 19
229 19
337 58
214 480
88 177
246 35
1 22
142 487
438 404
377 196
90 22
482 431
322 328
438 345
86 299
170 160
179 358
269 400
232 368
45 483
371 173
47 143
130 372
128 189
385 68
443 357
288 327
155 277
474 463
262 446
106 60
419 285
185 137
5 188
23 269
442 402
398 394
118 489
179 28
449 98
456 416
96 244
373 244
59 251
49 347
408 322
459 155
144 179
367 144
265 1
404 390
137 208
197 302
182 107
206 228
145 483
227 162
258 241
344 452
300 318
492 394
401 60
239 451
447 398
399 106
348 212
420 303
457 337
445 470
198 140
475 3
17 195
288 203
7 275
445 485
231 307
367 289
240 132
30 458
416 39
252 430
85 117
454 24
346 395
387 251
254 45
92 362
417 271
399 381
218 425
84 196
486 449
81 304
262 226
118 464
246 179
296 222
98 183
78 102
354 445
342 465
180 460
84 434
167 97
22 483
31 385
334 107
411 17
96 268
232 25
56 214
436 330
13 352
307 34
331 92
409 13
473 173
460 89
187 409
244 479
217 61
20 276
293 51
171 283
309 389
455 255
85 217
422 391
278 451
395 229
242 461
487 304
246 67
477 447
278 285
346 221
497 495
399 219
2 143
32 70
178 163
381 340
231 263
214 303
384 361
175 109
266 126
45 162
109 12
297 374
448 387
235 495
214 297
440 134
204 69
232 325
165 382
498 465
268 248
462 64
26 152
130 137
299 144
156 28
402 260
499 305
300 350
148 234
368 367
436 88
265 425
307 20
486 430
179 157
74 106
111 141
278 100
244 93
121 429
189 252
409 376
226 188
423 209
428 226
167 291
216 216
237 432
363 376
385 75
181 394
35 459
411 144
238 165
94 155
259 211
87 283
471 168
230 314
392 246
38 158
375 59
492 106
334 464
39 207
101 220
31 72
217 488
153 443
450 307
18 247
382 210
378 458
124 353
452 460
119 16
428 490
448 346
162 420
479 283
355 201
125 80
68 386
329 194
1 73
172 280
342 372
182 54
259 220
33 306
174 211
53 4
202 102
22 2
137 364
417 353
433 344
230 42
237 353
278 412
44 90
314 450
4 386
458 496
154 264
327 491
495 329
431 381
235 197
413 306
159 372
68 330
225 445
298 150
62 462
404 77
27 458
344 219
67 384
0 155
146 222
51 327
208 494
43 482
288 443
167 457
139 300
245 87
238 364
178 43
472 300
111 83
154 352
88 455
110 221
443 88
415 109
455 346
329 476
271 350
307 469
269 439
378 299
163 366
262 116
269 342
277 234
438 380
335 431
152 26
114 298
259 448
294 382
358 66
416 475
297 129
420 76
375 418
285 299
415 38
232 47
133 184
64 9
440 424
450 252
402 445
245 417
299 13
79 391
367 9
138 495
423 16
286 59
358 298
189 71
470 125
162 273
283 456
380 78
330 75
372 182
99 84
97 117
361 250
259 28
376 228
96 398
309 299
450 382
306 19
144 139
412 128
84 306
385 47
475 464
147 67
4 199
317 98
349 453
482 178
258 460
210 358
9 206
440 19
38 459
450 246
375 35
341 363
262 311
128 78
498 89
289 275
225 2
455 458
488 426
387 289
147 98
304 97
469 9
468 244
343 7
42 419
134 70
381 236
166 396
338 9
136 164
18 127
85 362
140 474
263 73
171 379
477 263
272 327
423 298
157 92
11 266
336 200
288 145
394 218
79 454
471 232
211 216
430 489
315 296
221 70
450 431
194 244
71 279
77 318
410 494
113 86
138 422
419 301
371 426
233 165
249 451
167 56
45 460
108 449
19 213
144 329
73 321
452 190
8 496
343 381
468 270
44 456
257 106
385 464
481 129
432 118
26 231
43 99
400 423
136 152
481 271
93 280
322 407
403 397
279 330
453 246
54 247
205 497
313 164
293 90
60 295
378 225
176 86
362 421
73 428
199 498
131 407
314 144
42 453
136 217
316 321
420 89
438 370
34 125
68 252
399 179
256 480
419 277
50 284
212 281
279 476
383 264
408 262
216 197
266 450
271 204
145 82
305 43
21 83
335 191
371 441
421 234
363 479
116 340
121 414
390 180
444 253
15 273
322 353
303 83
287 88
23 427
322 432
368 328
19 343
284 203
290 242
74 206
398 153
419 190
370 20
273 161
286 167
20 140
224 108
49 175
102 363
148 72
400 425
120 16
71 271
366 257
315 361
367 440
482 213
233 286
300 204
371 358
499 86
195 243
419 75
438 96
168 21
298 86
454 420
43 271
28 26
387 409
201 343
56 254
393 35
240 142
352 193
279 463
207 351
278 326
422 126
499 217
155 442
214 150
421 110
488 258
19 301
496 227
334 221
108 404
398 227
272 200
164 251
454 403
230 223
201 233
302 4
299 200
202 457
419 13
271 475
276 259
487 291
364 124
29 321
48 472
25 427
30 172
75 189
264 485
218 157
14 465
165 20
329 313
178 368
343 101
360 302
445 472
96 347
168 161
485 477
405 68
240 10
199 435
272 168
325 463
428 342
362 339
4 446
166 44
145 35
337 361
333 357
205 134
295 282
259 225
146 280
291 16
304 238
406 342
158 76
419 84
275 438
384 133
177 132
167 50
264 174
32 356
490 97
231 89
314 285
65 491
7 312
51 208
51 163
240 309
393 209
147 11
144 169
301 384
286 174
348 320
176 50
0 232
321 166
303 231
74 488
300 220
429 434
97 203
13 480
41 337
348 258
427 40
424 345
19 80
400 211
113 219
452 428
446 113
197 125
113 249
470 271
205 266
469 399
231 303
492 334
93 124
164 193
38 372
453 89
152 409
128 205
486 265
231 432
58 432
34 428
199 23
289 4
255 405
60 111
297 338
462 52
97 390
263 126
67 135
44 68
125 219
337 25
457 111
396 68
496 15
39 430
286 47
304 180
291 393
83 364
269 89
331 397
375 366
354 446
366 443
14 250
275 492
455 203
123 233
100 203
133 471
19 491
172 271
16 323
40 315
256 451
348 309
27 440
386 224
19 381
132 253
97 33
89 407
492 52
256 212
184 445
288 241
365 203
378 460
128 381
333 418
79 236
176 33
257 107
488 63
168 276
162 472
232 265
317 251
315 224
21 425
167 499
54 310
122 32
265 285
55 250
487 450
484 135
94 15
78 241
370 82
407 98
363 384
135 139
215 181
106 302
302 237
399 125
9 208
493 21
124 275
77 401
36 463
478 61
155 130
64 409
7 377
261 471
462 371
404 248
50 178
415 362
340 204
265 166
39 349
476 258
159 163
478 54
467 47
29 309
218 122
351 446
269 77
300 112
360 232
410 56
271 263
467 177
343 111
460 232
343 234
398 289
343 354
402 228
37 162
137 283
229 107
37 488
101 499
83 337
246 313
76 493
22 17
128 44
128 217
451 440
81 471
326 349
430 276
439 80
363 467
427 76
64 445
296 464
153 17
331 379
372 399
416 407
451 394
111 396
189 432
403 62
264 122
399 81
13 194
13 338
266 229
174 440
404 330
348 322
201 58
309 179
438 73
319 226
474 242
174 282
196 15
490 429
363 312
358 389
79 376
457 372
312 345
27 483
305 69
127 375
406 6
431 436
14 345
439 102
236 341
208 113
42 433
245 198
439 405
134 104
328 18
363 443
427 140
61 391
118 232
91 40
477 377
74 22
477 343
36 13
126 213
146 97
295 20
278 244
200 87
105 264
207 28
20 469
212 134
219 82
122 182
59 310
332 451
147 133
498 309
375 35
132 124
497 21
117 280
367 275
39 317
197 324
293 98
233 70
4 357
40 452
262 126
430 451
437 446
108 429
316 435
412 483
356 449
81 261
36 474
143 300
124 427
25 193
263 270
127 110
62 267
245 19
323 176
475 27
456 260
47 83
418 273
74 459
220 274
100 155
307 108
387 96
289 431
201 265
375 52
319 329
200 290
318 416
444 23
135 293
228 252
25 183
494 146
273 451
458 67
27 225
321 265
197 267
32 462
14 398
79 259
401 185
102 132
155 220
365 46
298 143
326 94
92 176
127 172
91 217
295 86
351 119
386 116
79 400
299 270
29 445
131 230
362 431
3 85
483 370
13 368
314 133
161 191
215 407
476 141
79 307
426 271
240 430
183 164
434 171
116 482
64 315
246 99
36 427
297 101
470 19
5 162
353 284
43 166
307 68
227 20
143 386
169 153
169 383
54 352
186 455
271 23
474 250
29 369
471 11
30 178
340 441
77 387
54 45
114 121
493 213
100 341
347 136
372 121
325 368
324 426
301 11
113 95
316 276
287 495
173 287
80 169
57 366
411 10
483 463
176 377
71 476
464 128
249 270
138 336
115 74
437 314
261 416
192 403
250 78
365 331
1 275
141 298
308 410
373 405
282 291
119 49
178 205
475 83
272 279
206 466
280 387
155 495
398 42
472 348
31 0
276 189
487 32
442 417
322 147
438 167
217 457
162 409
345 247
378 138
456 117
4 84
80 236
130 11
211 330
331 102
292 243
275 107
376 131
279 70
89 51
8 69
479 158
405 170
160 176
293 136
220 116
205 149
160 300
483 187
290 372
115 314
273 434
65 242
164 149
200 196
118 254
264 60
231 97
125 170
306 243
212 418
67 378
31 269
456 79
303 14
180 98
32 418
13 453
454 450
146 29
135 155
67 116
65 400
422 298
394 190
108 80
458 106
227 27
459 489
355 183
282 262
33 35
340 314
116 46
427 295
302 115
231 63
315 369
20 297
487 237
317 266
224 448
475 127
469 451
134 434
197 324
212 268
435 230
128 52
199 51
166 407
470 353
75 250
47 137
374 447
213 386
334 43
171 437
388 162
96 140
316 374
143 145
227 28
433 78
481 207
115 484
338 0
250 437
75 265
212 149
387 301
345 425
214 222
384 16
8 454
180 332
478 324
205 323
253 57
265 138
474 87
87 380
169 164
429 189
190 244
398 141
418 77
151 243
111 484
438 35
368 119
295 119
294 198
255 0
490 400
487 372
104 465
129 426
467 274
370 411
404 9
86 268
363 323
307 90
125 474
445 98
69 345
395 241
93 363
115 3
375 436
253 454
232 480
254 234
145 199
60 476
97 50
225 499
89 460
435 384
482 66
264 232
325 403
267 159
162 419
355 234
189 38
370 108
342 421
473 476
452 340
390 33
32 49
10 467
351 473
40 297
29 186
89 304
315 355
126 208
443 478
368 333
293 132
405 90
66 487
327 230
264 370
272 69
36 148
474 134
431 240
278 14
170 312
19 367
428 485
315 145
330 371
355 35
125 123
463 112
343 43
414 290
212 459
107 186
172 100
340 81
447 103
267 470
338 117
455 139
136 118
341 122
158 467
442 196
160 135
179 405
196 3
462 445
483 260
360 422
355 155
110 53
23 303
272 229
368 213
331 79
202 5
472 172
220 212
347 414
172 381
236 378
175 368
480 199
473 10
17 340
245 328
483 479
209 121
334 256
187 429
434 18
42 389
453 258
25 115
348 301
31 197
417 84
135 59
69 397
89 108
437 87
66 335
456 420
28 127
57 142
12 68
457 491
102 407
22 263
416 127
176 370
306 447
6 93
342 442
50 428
15 431
118 339
112 433
61 426
421 492
60 118
461 433
340 370
133 63
42 214
436 49
348 70
15 243
185 207
135 357
141 87
279 2
287 111
390 391
235 348
318 311
244 296
166 280
195 437
3 151
52 90
160 440
183 400
107 176
385 220
159 94
448 378
342 438
181 236
84 232
43 417
65 255
35 139
428 83
234 82
24 432
372 286
38 185
213 407
479 498
92 450
181 138
429 41
129 23
255 462
379 65
320 150
289 444
27 207
290 70
2 113
251 314
351 226
485 290
288 416
219 464
454 232
125 400
275 383
346 254
320 30
180 77
374 140
348 321
391 253
367 490
156 245
471 118
408 360
128 456
272 48
281 347
99 227
462 406
13 374
404 308
238 333
325 436
110 112
365 173
15 353
99 84
203 24
384 422
231 463
12 12
212 3
82 145
403 311
186 45
205 416
249 442
231 295
407 75
100 193
46 125
209 468
492 497
272 264
228 228
92 355
210 92
89 304
468 293
190 492
409 6
300 395
191 10
437 31
76 450
75 38
6 123
472 137
401 350
78 244
451 481
73 170
327 162
455 162
7 295
301 145
392 416
278 453
337 435
386 216
254 413
388 313
302 112
462 361
457 204
185 40
62 409
423 111
125 389
184 378
375 484
252 337
143 119
55 31
247 480
393 293
458 353
317 282
495 261
317 131
171 304
65 354
317 85
475 488
366 443
279 11
201 93
65 32
63 344
324 472
265 162
367 69
203 75
336 184
315 198
3 5
360 338
423 68
57 177
472 250
114 275
221 252
284 315
11 286
258 199
213 187
256 375
450 80
264 460
10 139
144 431
121 365
286 356
34 44
147 195
470 6
110 261
428 43
181 246
445 439
126 439
166 158
90 234
194 469
460 354
137 57
422 104
461 258
155 208
403 347
205 302
415 226
269 316
414 343
134 451
242 212
370 112
346 261
230 313
19 393
450 190
146 157
415 224
433 459
306 422
224 188
414 12
180 491
334 36
339 446
158 468
432 433
194 381
194 279
172 276
466 213
370 474
198 465
424 138
60 483
172 231
95 137
128 86
474 127
73 315
283 313
247 84
465 68
347 441
70 159
372 371
345 36
1 95
233 395
379 278
9 145
282 51
489 456
435 411
226 464
277 360
444 361
281 376
170 409
68 128
351 240
128 293
388 48
444 130
260 473
470 175
226 269
77 253
16 215
31 364
224 94
307 161
37 169
430 89
69 59
299 351
144 421
469 428
410 384
209 265
440 170
291 179
284 166
234 220
84 300
246 117
278 160
181 54
495 168
227 112
315 64
337 27
307 311
195 307
72 69
239 256
435 13
31 382
102 72
372 117
235 38
50 471
25 13
181 232
196 372
436 409
288 11
322 274
433 95
164 369
477 5
370 255
489 264
336 402
19 91
481 61
32 254
120 31
115 57
281 153
62 311
174 69
343 202
297 348
69 128
486 313
420 46
311 356
110 409
352 147
60 482
88 333
217 92
1 208
362 184
496 282
352 276
479 22
371 47
176 128
294 440
339 162
370 214
124 150
149 481
315 328
14 62
154 403
464 231
415 156
438 178
454 263
138 290
190 285
266 361
153 366
380 60
274 492
494 102
83 250
79 496
58 250
154 93
176 212
220 118
296 443
59 159
301 102
388 49
410 491
209 154
66 63
408 441
44 192
443 402
250 479
230 374
319 308
373 384
354 347
290 93
104 2
456 201
250 406
249 344
350 160
76 311
252 268
461 484
386 296
128 256
482 489
297 358
94 301
0 170
116 300
302 290
344 220
126 258
455 94
107 228
39 157
426 35
19 143
292 239
495 257
246 420
278 477
130 396
66 224
24 130
272 34
255 326
436 116
63 233
461 243
401 22
57 352
496 179
418 76
185 288
60 265
242 432
328 338
62 372
354 246
281 86
264 126
95 388
121 52
296 158
32 435
139 49
80 89
17 487
275 498
263 202
486 187
25 357
81 166
413 439
377 435
413 46
434 493
46 8
166 407
342 194
95 198
139 482
469 175
25 156
211 97
284 140
497 49
216 162
453 78
365 129
27 331
176 278
287 313
220 222
268 305
356 415
397 363
390 495
4 218
167 415
55 67
116 304
318 52
482 332
313 271
454 347
478 340
153 131
205 265
70 226
141 474
189 278
274 38
108 80
495 130
197 128
432 403
455 165
498 102
373 290
489 163
4 180
311 467
232 9
235 368
342 155
433 376
266 384
464 59
41 227
355 311
214 90
256 287
389 22
164 106
269 114
294 153
121 273
135 457
326 205
360 370
99 20
404 146
205 365
92 220
384 99
189 447
86 450
472 445
51 327
294 488
142 321
446 440
398 115
320 433
304 76
96 33
179 255
120 353
425 236
335 65
364 309
260 377
322 303
482 84
73 226
399 276
69 67
182 197
131 467
43 354
239 287
42 491
344 270
7 14
79 122
431 194
423 296
99 43
480 246
324 81
210 53
472 223
272 279
98 6
360 403
42 493
484 452
222 84
451 181
303 81
276 382
178 86
130 199
297 129
63 110
15 473
48 273
404 339
345 321
76 2
347 57
9 119
55 183
364 232
313 6
389 19
458 441
493 67
197 88
50 142
116 112
385 417
256 164
485 141
495 453
10 62
181 342
25 372
104 88
95 242
261 269
63 484
403 71
11 56
50 452
64 61
330 166
183 301
442 86
39 168
82 437
279 402
274 115
204 157
399 230
351 299
135 12
84 414
322 38
343 95
9 373
39 407
209 339
278 222
243 3
441 317
71 177
293 72
81 345
427 349
0 480
345 279
193 135
25 429
376 16
389 368
276 237
77 280
355 337
340 355
24 450
127 133
58 96
293 272
473 139
472 221
0 473
108 317
98 45
61 486
354 474
212 302
435 482
171 141
496 290
92 364
349 372
320 219
344 407
47 466
187 317
143 19
188 39
436 251
89 286
260 350
152 444
278 324
465 87
229 450
166 313
38 173
245 15
423 358
324 89
258 322
193 363
254 401
5 381
167 191
41 94
390 279
456 45
485 169
471 421
87 66
240 137
152 477
335 485
74 427
249 12
227 184
86 294
175 482
25 443
37 194
474 66
463 428
449 282
203 448
15 420
409 142
119 255
92 413
341 307
171 18
202 442
237 398
232 140
83 264
459 257
175 121
401 285
67 139
439 350
122 122
265 306
61 31
296 236
43 153
171 137
80 214
465 226
366 169
433 197
455 302
275 244
29 482
473 176
378 448
71 413
219 0
383 188
424 133
138 179
169 320
386 162
388 101
270 351
401 106
408 55
300 208
190 183
211 181
130 164
429 89
441 201
389 0
133 176
208 165
485 124
286 377
330 224
427 26
484 452
7 328
36 245
280 307
341 227
243 492
433 471
172 172
24 227
403 413
78 158
134 463
192 416
492 420
298 22
474 419
248 134
379 334
141 284
363 160
4 334
305 106
130 437
164 477
242 155
165 420
235 173
441 299
71 428
302 433
352 221
355 277
111 452
237 235
247 104
439 100
59 251
188 96
426 41
196 205
477 168
341 213
12 64
492 282
67 435
156 147
276 272
224 12
99 239
195 461
414 346
97 134
83 325
366 137
194 9
177 63
276 23
88 371
5 141
76 432
79 73
345 85
97 207
446 69
383 48
394 142
128 149
474 343
332 211
220 340
255 379
254 250
121 384
25 342
127 126
51 453
38 58
266 248
170 487
387 212
206 53
54 281
476 335
398 28
220 161
40 119
221 476
212 294
489 342
320 89
42 468
26 224
472 433
272 144
209 142
47 160
293 415
102 101
129 122
283 1
472 202
30 175
469 193
387 242
331 310
130 207
431 225
10 157
153 404
398 135
147 214
482 446
47 440
414 84
437 29
83 197
372 409
102 113
355 194
356 489
49 38
263 487
496 332
88 126
261 149
364 487
433 408
200 346
282 332
213 115
312 220
481 296
409 37
83 436
277 264
302 439
426 326
159 418
44 422
424 247
86 305
65 140
338 19
204 265
232 120
192 417
214 397
434 174
110 475
92 17
308 239
66 246
164 235
9 77
176 60
217 433
425 263
134 282
400 263
236 338
108 132
381 280
306 322
297 167
184 268
8 241
488 345
80 74
151 152
65 441
227 179
442 282
417 152
268 77
415 317
301 356
136 375
197 183
350 443
211 347
88 387
84 219
145 428
81 164
457 148
328 498
280 184
189 270
199 197
366 457
313 467
342 168
203 301
244 392
239 405
144 308
27 179
108 228
244 25
173 41
39 202
386 353
124 171
369 75
384 175
142 235
255 49
351 485
377 458
364 95
255 468
499 8
237 283
160 459
0 481
35 333
187 391
63 274
201 163
338 284
371 86
135 481
318 127
437 338
434 47
15 153
162 189
324 366
326 251
84 484
170 178
70 472
246 209
372 485
121 447
33 62
395 492
471 21
359 65
112 409
62 145
187 479
346 76
179 11
348 172
202 116
88 370
79 272
109 334
133 303
365 82
427 167
40 113
178 398
159 399
397 291
122 74
150 84
447 468
492 182
150 295
17 195
319 90
276 96
251 281
363 409
428 469
82 290
41 468
220 112
403 200
126 117
201 26
346 129
311 148
296 191
386 313
403 313
262 57
338 179
88 13
334 54
344 17
337 416
29 237
290 57
174 284
162 416
45 375
376 361
52 208
21 172
337 290
347 276
455 99
465 186
240 396
265 151
68 436
174 102
160 449
85 316
232 186
62 100
461 130
338 438
462 365
155 212
340 299
251 2
188 296
44 68
219 280
217 161
263 139
440 243
59 275
462 26
478 143
273 376
314 439
156 464
28 128
427 311
313 368
16 178
246 354
134 60
221 466
105 203
446 337
112 46
424 5
1 426
302 402
193 274
90 468
96 349
12 118
339 376
54 177
383 355
268 153
119 18
73 489
178 76
474 20
377 143
69 250
4 378
5 224
44 197
398 95
66 141
17 410
440 405
112 423
76 323
193 380
222 47
476 267
287 400
43 302
53 16
247 465
189 57
107 252
199 233
226 5
268 117
374 95
19 208
383 487
219 447
495 77
344 441
194 323
125 483
499 237
54 30
88 246
350 95
329 47
404 50
167 407
355 172
232 394
381 374
173 116
45 100
394 20
343 389
372 88
177 321
351 223
470 232
327 291
190 172
222 8
268 95
267 242
136 123
349 352
320 369
321 22
395 365
254 67
155 238
411 478
53 333
417 115
406 375
48 244
253 97
192 270
364 373
496 311
15 352
73 345
219 335
200 247
314 114
353 306
136 470
155 116
231 190
65 72
316 490
87 113
236 421
294 131
294 452
157 142
487 310
497 230
477 207
321 50
208 292
114 26
143 345
387 269
341 226
216 452
418 9
283 155
138 6
310 429
72 433
95 467
198 411
470 444
494 27
171 144
170 203
400 285
54 165
244 287
91 247
109 460
116 361
219 244
25 106
391 30
497 449
361 338
283 47
427 183
327 129
332 98
384 350
367 84
223 290
390 111
72 315
28 499
95 40
146 248
278 120
70 390
228 127
175 283
466 11
141 102
52 146
496 325
262 436
227 363
327 485
152 469
468 399
291 181
429 415
35 289
179 59
186 457
92 408
419 213
167 411
57 412
90 220
8 405
120 352
337 87
56 447
346 490
23 376
291 489
279 452
363 327
136 458
366 401
467 229
140 138
402 134
206 197
102 492
196 215
154 222
170 34
376 211
87 368
358 399
203 379
58 137
447 418
319 194
423 314
304 286
273 415
112 206
51 479
46 66
141 247
133 53
264 311
31 9
260 203
434 241
230 315
233 492
39 178
344 53
191 314
230 148
206 464
296 194
261 109
357 194
247 402
65 342
204 11
67 448
190 464
280 1
346 420
450 365
418 385
51 294
294 110
426 133
328 1
110 222
269 441
343 319
162 16
380 260
60 366
182 447
300 102
375 314
180 146
383 325
120 450
60 435
420 414
267 339
413 248
189 378
49 182
51 384
496 211
429 283
230 57
159 112
278 382
29 34
212 458
409 264
51 332
98 321
160 472
220 366
244 426
460 262
146 145
357 11
294 495
52 138
102 376
259 63
450 381
339 140
404 162
346 100
422 308
280 444
310 434
360 352
114 406
52 321
184 113
108 261
399 479
207 12
427 2
383 466
458 377
391 74
175 215
23 237
182 449
235 155
7 344
251 96
269 474
439 155
416 305
284 399
263 315
169 344
310 190
420 404
331 121
336 311
401 358
307 359
366 435
131 42
490 225
51 382
389 111
417 490
241 305
473 53
397 4
195 142
399 60
181 467
130 230
88 17
228 31
318 247
289 94
319 450
184 132
243 371
213 74
379 160
66 455
311 204
347 463
23 358
325 98
328 204
73 456
339 416
15 301
247 158
108 304
288 419
142 144
218 32
44 355
162 450
154 110
74 474
184 353
451 449
154 10
466 131
47 79
381 305
315 62
219 480
399 275
420 7
391 41
249 490
440 436
398 263
89 447
300 472
274 274
284 104
235 428
359 102
259 135
49 240
73 75
350 120
480 472
366 122
113 371
159 467
230 405
352 58
382 172
446 5
461 156
436 82
36 48
183 296
388 295
370 85
205 461
286 73
47 37
409 4
471 160
418 68
478 53
77 122
479 213
369 375
457 440
489 158
454 493
141 24
461 342
156 363
436 19
56 294
298 336
496 465
386 121
174 266
389 216
429 104
479 368
161 299
457 437
282 2
378 263
457 275
139 340
359 113
259 427
263 415
233 57
178 112
378 471
187 205
309 119
488 117
268 288
77 1
355 77
340 212
487 233
425 297
263 478
406 284
52 374
432 21
133 137
108 462
19 12
131 295
412 180
321 471
324 32
109 250
462 179
413 449
99 302
280 190
327 214
88 38
60 379
16 372
335 193
57 124
271 206
239 41
364 184
216 60
310 189
368 326
127 125
279 133
324 78
292 411
450 3
382 381
105 362
407 250
226 292
499 317
358 497
181 238
150 74
263 250
428 312
437 484
469 407
486 68
480 145
148 278
11 282
144 382
132 117
261 403
220 358
356 260
350 430
5 389
491 352
165 268
104 419
179 102
23 74
71 165
295 3
285 220
102 159
128 281
184 87
445 389
2 257
187 153
43 352
205 192
461 34
306 370
324 417
343 485
150 347
202 415
487 297
456 339
120 89
28 84
474 157
414 474
479 476
180 101
294 22
409 237
459 107
24 215
52 284
483 368
135 54
351 38
377 122
63 160
244 498
7 92
418 70
398 421
374 397
420 79
168 20
127 181
248 128
264 4
224 300
206 99
137 359
481 409
69 15
365 44
488 166
236 372
145 406
304 135
66 19
40 76
257 234
214 19
23 5
157 478
78 99
458 215
124 215
82 291
188 194
212 447
171 176
83 448
435 316
188 239
315 353
440 80
99 424
429 154
485 475
74 438
153 415
482 33
176 129
323 65
12 364
393 35
336 184
352 328
67 123
477 40
120 382
158 269
275 72
47 87
377 260
175 121
6 382
11 158
75 183
399 187
222 87
123 292
120 410
34 328
368 187
421 363
484 341
413 79
18 259
372 460
433 247
129 399
409 440
475 141
180 484
424 374
19 254
165 399
227 491
179 51
266 96
289 452
384 102
361 202
14 254
2 85
485 447
239 483
476 394
231 66
293 156
411 155
406 164
155 428
331 134
82 186
139 97
199 371
73 375
129 412
498 439
238 483
319 335
81 330
396 295
304 312
319 41
205 67
495 78
212 361
47 326
275 294
165 38
265 326
90 90
381 395
230 440
275 119
301 49
197 357
21 198
91 353
420 193
271 297
10 415
93 335
129 409