400
19 451
195 289
397 477
140 107
160 45
111 298
44 90
172 158
195 262
429 13
101 24
442 207
446 195
462 51
26 213
16 155
444 397
374 211
170 194
239 15
165 182
272 202
360 209
324 444
310 55
432 253
312 411
458 374
277 110
175 421
428 155
53 191
254 224
418 279
146 424
106 157
211 312
21 230
174 423
479 197
450 484
248 263
489 114
224 206
479 119
126 399
442 259
484 179
459 196
472 254
264 457
269 78
160 475
399 143
340 335
171 230
345 143
257 271
330 334
305 334
85 161
421 432
111 28
76 257
11 422
380 49
479 275
251 1
144 140
327 2
232 337
480 350
474 77
263 89
423 304
465 69
1 9
389 238
495 464
239 465
366 7
134 471
472 198
190 237
239 469
306 17
219 471
400 138
227 193
349 164
85 3
12 167
405 86
402 253
218 253
260 141
112 437
135 246
484 85
406 325
194 223
47 64
202 413
459 299
315 429
284 160
327 400
338 296
401 233
486 241
382 120
409 98
344 495
432 44
369 180
404 190
254 415
180 303
102 456
237 139
300 418
318 22
170 479
64 157
398 72
44 50
0 280
127 453
349 197
377 411
101 70
485 133
436 355
311 165
157 39
457 401
423 309
288 127
136 445
369 353
255 34
167 413
218 108
157 146
58 67
137 34
168 159
15 122
140 104
495 178
79 297
458 304
432 354
300 98
451 420
455 169
435 59
19 474
472 153
221 176
62 30
190 210
333 230
187 57
235 473
122 34
339 167
373 80
178 123
43 173
195 482
393 350
176 482
135 264
440 149
179 208
419 2
85 221
130 104
429 124
10 218
385 51
483 349
324 110
136 13
347 368
70 331
165 92
356 247
396 300
361 148
3 427
1 132
236 88
64 131
201 165
68 426
276 86
49 403
268 452
172 185
16 116
60 243
490 181
333 417
65 238
165 46
178 68
8 18
150 266
283 424
351 351
290 351
106 479
431 339
376 375
343 104
347 392
425 403
320 189
279 110
9 238
158 296
315 187
454 167
91 317
20 237
441 294
273 162
353 399
274 57
161 229
473 469
373 360
401 250
361 45
135 180
476 222
409 294
461 143
460 215
305 404
51 481
143 246
145 324
233 497
226 272
241 246
458 200
450 466
364 359
391 163
385 499
145 220
363 147
214 458
363 324
305 19
117 266
442 300
297 115
239 176
422 376
428 332
299 381
92 230
394 15
366 484
204 131
130 12
470 67
243 345
364 185
451 400
201 334
449 394
70 350
226 188
20 344
225 154
385 171
38 318
154 131
114 405
269 210
129 245
90 239
277 373
273 306
140 228
474 326
177 89
129 396
241 403
410 2
25 318
488 147
278 64
321 142
204 244
489 90
329 334
207 79
238 458
39 332
159 378
320 13
410 336
91 301
303 3
173 353
0 329
245 162
156 130
375 66
156 361
47 216
148 337
296 106
438 386
264 335
200 449
285 436
238 462
465 229
82 41
222 139
153 435
417 467
385 309
22 292
9 41
231 69
175 9
395 27
214 466
415 11
448 414
229 53
282 186
79 46
37 216
151 154
473 190
352 69
213 359
252 374
296 74
83 483
362 471
437 478
490 76
343 353
406 290
328 72
118 40
256 407
413 156
198 260
181 387
246 50
425 394
321 498
482 221
44 404
235 196
273 334
39 77
367 468
392 297
337 195
454 10
18 445
57 368
255 69
119 238
133 353
203 396
469 306
210 37
234 14
200 445
22 359
327 239
36 241
436 219
81 225
22 391
111 452
21 80
318 366
71 140
37 303
109 274
312 358
372 172
117 46
405 424
163 492
233 84