4800
464 143
136 150
86 71
117 322
105 80
84 96
98 51
270 0
448 440
485 308
230 109
28 407
222 183
377 115
347 172
167 220
370 163
87 303
478 457
37 56
152 83
487 473
325 250
43 257
65 273
234 28
436 147
183 115
230 10
34 60
132 429
445 201
5 3
460 384
440 335
270 349
322 92
195 257
367 148
273 238
118 284
432 360
475 406
416 115
27 57
339 450
4 159
14 284
168 9
196 474
323 460
52 466
76 498
498 99
189 443
227 123
335 308
66 11
478 310
220 335
285 357
369 59
195 289
150 383
210 215
175 198
165 33
383 79
179 241
184 233
209 220
380 263
127 44
355 447
282 457
315 75
486 419
61 36
419 181
396 63
262 129
15 71
2 427
168 250
484 33
254 204
319 193
89 134
81 298
256 296
223 215
135 423
459 209
390 196
259 378
360 138
61 21
300 227
477 64
97 320
24 313
358 203
338 196
494 448
244 271
487 250
173 468
29 474
170 484
363 272
410 281
155 75
302 472
388 455
276 131
445 337
41 152
348 303
103 231
2 195
297 200
20 341
315 323
307 49
321 337
119 22
97 232
56 274
81 251
383 296
133 357
362 328
483 26
257 210
257 439
139 260
101 55
378 159
208 269
106 185
208 30
114 225
351 157
409 22
318 433
142 292
472 303
330 4
67 307
246 87
199 324
231 385
44 153
422 109
147 105
135 28
106 355
364 101
475 309
242 273
417 293
448 237
241 389
49 130
70 160
485 295
181 269
422 216
178 77
182 196
77 325
32 169
270 35
344 396
170 245
390 439
176 439
181 191
321 269
430 230
25 391
13 267
483 58
136 287
484 13
338 170
340 413
300 370
119 462
60 144
435 141
80 302
493 463
233 261
491 167
58 15
282 369
427 71
211 117
131 415
86 195
460 469
192 278
92 260
256 311
452 152
455 192
155 32
146 300
467 388
403 137
6 26
449 37
155 286
201 160
207 286
107 139
269 19
279 299
462 362
14 36
228 414
299 321
122 235
476 445
82 441
319 231
269 441
227 269
281 424
62 280
420 341
360 169
469 41
403 492
28 431
198 270
91 108
343 349
294 65
7 171
403 228
21 326
447 172
448 248
29 81
422 10
179 301
342 134
126 0
284 98
368 6
114 334
183 311
229 310
481 329
57 88
266 236
408 79
179 214
147 208
218 60
213 421
55 250
102 56
6 182
188 238
72 374
37 155
317 107
436 266
354 298
387 346
277 121
187 295
356 456
369 334
255 426
28 82
490 310
344 131
221 496
222 385
392 146
253 260
26 209
359 42
388 381
354 246
394 17
325 41
227 250
176 194
129 482
144 205
188 119
468 341
78 409
55 190
450 470
179 161
203 477
210 38
285 443
312 416
457 179
281 137
184 184
18 457
14 313
432 14
355 202
112 400
443 433
403 19
32 393
222 434
473 235
30 432
348 110
141 342
332 157
193 422
379 16
329 211
226 246
448 113
366 433
367 412
284 309
202 122
57 316
404 425
209 382
344 434
129 410
67 485
407 461
329 261
472 138
384 158
123 50
484 333
97 489
150 203
325 381
198 205
130 234
468 102
388 191
101 312
297 369
330 169
282 56
195 11
169 106
157 431
264 145
134 493
196 214
95 137
342 373
460 145
99 472
15 428
93 488
357 117
138 390
299 40
51 420
26 494
425 73
70 183
176 42
108 56
193 224
98 55
201 35
359 58
338 152
492 375
344 431
174 202
242 482
254 473
319 145
70 280
316 96
490 140
197 344
69 98
154 390
278 19
429 207
359 137
364 267
199 204
406 208
190 225
50 0
145 296
77 369
317 68
60 245
441 308
258 257
0 10
381 264
471 278
267 310
430 183
387 132
340 129
206 145
145 383
179 256
477 142
210 108
353 294
454 271
380 295
157 213
477 232
362 391
201 301
484 130
262 131
112 223
368 102
337 318
426 13
7 17
477 403
50 218
341 331
478 4
217 73
158 487
378 47
348 20
150 80
63 184
259 264
219 28
198 127
492 56
425 125
380 499
69 403
86 430
435 262
188 64
403 4
403 346
366 282
214 251
287 369
133 277
305 46
25 352
409 4
481 369
221 334
89 361
292 142
405 175
91 227
83 93
291 495
277 487
90 157
26 491
120 230
128 12
364 278
282 6
375 273
460 263
124 448
91 401
429 268
347 496
441 20
367 431
270 232
241 496
339 360
90 120
132 460
238 71
77 496
122 372
487 452
401 434
335 463
232 492
340 264
137 79
362 133
365 356
353 132
345 458
78 44
356 287
358 210
59 446
318 435
388 181
467 157
121 141
485 302
419 353
284 177
310 408
264 147
279 175
133 469
366 476
264 64
274 222
169 122
58 333
366 339
497 298
291 333
488 118
323 276
453 259
19 459
106 263
290 135
457 238
214 275
191 323
45 330
453 466
151 214
406 363
161 370
55 403
373 304
80 395
154 48
7 385
0 25
161 466
56 142
269 118
441 122
453 461
279 486
53 406
269 282
152 311
66 282
438 60
455 439
339 18
255 462
487 198
164 107
101 0
118 72
195 370
183 411
250 148
54 462
245 155
466 175
309 249
309 32
323 247
117 117
79 162
212 224
183 418
419 377
449 284
154 389
301 144
144 338
152 51
58 50
77 249
499 24
56 386
485 160
277 379
393 454
178 208
479 105
482 361
497 398
139 284
280 152
342 440
343 425
327 494
96 401
425 405
291 95
107 333
212 129
83 237
445 105
211 114
327 424
174 45
181 325
329 314
106 314
91 171
17 302
55 418
323 113
60 333
166 467
96 168
405 231
188 31
497 202
479 251
297 325
2 5
319 330
144 331
354 278
432 87
6 223
189 487
320 329
148 249
269 339
70 244
128 26
81 258
10 125
302 60
417 159
489 304
487 89
367 486
73 341
65 299
286 431
261 106
207 459
298 409
6 329
355 368
478 134
111 288
348 488
499 414
70 118
207 341
327 58
251 74
225 252
184 168
274 363
322 297
58 482
311 472
192 64
50 18
307 171
11 14
280 7
125 11
352 350
260 332
258 31
283 12
180 483
199 319
116 455
289 21
346 27
91 100
118 38
209 494
360 277
285 73
84 140
490 410
95 288
171 251
263 353
189 306
126 295
250 388
261 94
121 39
491 107
146 65
411 110
239 207
280 271
411 24
287 216
4 401
4 382
87 175
334 119
415 276
16 460
406 17
57 278
237 28
445 48
10 235
443 356
127 250
126 223
440 38
291 413
147 296
324 148
119 235
363 158
470 34
52 232
10 228
256 461
361 99
335 53
409 224
326 278
353 388
278 452
218 145
294 422
70 365
452 118
128 189
76 168
400 450
178 480
293 262
361 287
340 154
230 196
326 102
490 56
9 32
177 121
43 79
444 323
293 113
154 249
417 421
223 82
62 317
431 254
41 207
362 292
341 233
187 444
1 19
51 178
299 362
441 81
404 194
307 385
486 50
471 313
396 403
72 47
301 310
18 3
148 194
427 232
176 489
360 115
145 177
39 412
345 296
490 480
218 101
151 149
462 204
460 475
374 358
169 384
388 175
369 39
271 36
377 148
263 447
125 237
1 260
56 16
497 346
300 398
47 67
123 451
278 10
220 83
468 152
327 241
280 208
96 48
197 51
351 473
210 312
73 476
492 64
410 481
380 341
408 62
366 279
289 32
467 144
149 362
455 287
495 328
377 236
139 91
416 426
90 490
318 479
43 15
497 311
4 305
368 229
8 413
297 234
230 150
364 116
404 379
208 319
407 251
195 437
363 399
241 463
442 453
469 60
223 485
291 318
47 227
492 159
245 407
409 141
258 475
355 273
93 14
117 415
352 352
251 164
128 215
20 493
405 70
408 341
11 128
355 199
210 410
318 200
341 455
282 227
353 451
317 137
52 446
150 435
451 256
471 402
247 79
2 344
37 152
280 410
109 49
311 487
39 171
126 129
209 233
184 408
398 62
360 2
289 302
59 362
264 240
172 382
78 363
15 174
84 116
17 147
487 45
216 328
310 26
259 194
454 371
285 444
298 204
7 497
359 439
31 66
300 476
339 203
229 379
347 207
354 165
210 364
44 341
220 278
324 206
77 479
275 131
335 214
211 425
364 342
260 423
251 396
451 61
440 90
149 33
198 139
3 356
49 261
391 399
106 269
249 216
347 35
250 376
302 182
377 313
236 166
414 137
50 487
430 218
251 342
481 431
287 449
62 336
236 337
106 454
22 194
229 207
84 369
403 331
145 386
404 132
270 233
73 171
389 172
15 355
286 140
441 348
185 74
263 4
310 273
467 221
429 332
53 48
232 365
103 456
89 229
314 359
30 211
235 387
242 419
411 102
451 381
455 353
209 488
113 70
291 19
203 80
480 72
289 256
212 64
293 392
252 153
216 108
495 282
54 304
406 90
471 465
170 209
197 278
200 231
102 310
242 491
416 305
61 75
139 205
450 126
131 433
393 202
336 200
4 388
330 242
208 410
120 153
283 230
462 169
332 483
327 64
370 74
1 95
300 431
409 141
426 250
304 41
241 319
59 493
235 245
7 390
395 443
26 479
149 31
366 488
52 481
407 193
288 274
58 409
402 441
191 467
360 328
147 348
341 101
198 206
448 76
372 206
185 196
227 398
238 186
19 93
139 290
417 427
188 279
220 475
294 90
418 264
112 155
256 65
123 305
381 307
13 424
120 105
3 50
89 347
292 241
384 108
387 431
211 153
128 427
17 283
47 422
77 287
204 159
464 186
493 328
252 198
303 358
260 224
423 159
252 349
310 215
499 488
141 49
477 210
493 269
44 494
282 393
52 473
159 486
166 369
419 4
362 270
494 74
233 123
324 417
485 338
326 134
36 484
46 468
89 13
7 391
284 485
459 141
480 189
410 470
475 146
269 329
403 189
164 263
33 489
327 341
327 18
354 153
473 363
376 252
143 415
400 236
377 280
469 211
34 357
356 231
60 9
50 125
240 315
304 67
408 273
143 131
137 235
99 349
101 462
229 327
63 97
377 482
193 293
2 198
429 227
88 358
335 341
156 491
58 76
201 313
296 318
53 197
398 285
248 4
332 0
449 329
311 247
40 326
376 5
84 43
253 305
498 173
16 441
369 6
319 74
392 422
471 116
253 297
154 370
222 1
183 338
85 171
349 494
499 478
373 225
382 436
461 478
419 380
386 477
51 288
211 58
26 295
92 182
404 279
133 246
436 126
149 316
310 22
352 498
75 162
98 225
203 457
337 59
36 123
263 76
486 439
86 474
9 12
291 178
277 413
392 424
240 65
87 41
392 403
65 439
16 467
425 15
74 220
195 114
42 462
253 458
285 28
40 339
369 294
59 184
108 498
64 303
197 201
456 151
443 89
408 373
388 459
31 185
152 462
276 226
185 46
75 29
368 470
116 467
151 237
236 27
331 112
165 300
303 380
321 473
346 98
58 229
267 234
48 441
168 419
465 324
205 353
175 392
212 73
162 291
318 363
327 250
50 1
233 344
317 206
304 54
136 163
249 214
156 403
174 297
473 176
29 139
384 30
103 204
347 96
311 118
368 17
371 491
335 271
329 104
159 5
20 485
52 295
50 270
419 208
236 224
215 245
275 265
321 99
47 231
349 20
37 359
350 69
340 408
365 185
42 21
7 24
171 63
185 59
119 221
445 104
201 355
120 160
112 477
208 293
313 159
18 409
330 350
111 220
258 171
44 476
352 300
363 51
110 23
96 48
5 229
436 41
53 206
183 408
201 17
177 243
4 366
69 47
268 335
358 180
8 378
178 402
306 212
235 394
442 416
498 183
76 299
6 286
195 481
499 41
137 396
115 28
75 141
328 184
364 195
73 38
441 224
436 104
498 247
15 23
206 440
92 365
152 134
115 98
139 347
95 114
142 128
270 210
394 70
117 450
489 110
186 191
147 282
381 122
497 145
437 248
114 203
337 29
127 118
317 305
419 119
99 264
327 414
484 221
172 221
184 453
496 13
295 370
345 143
288 176
276 342
398 226
107 390
360 87
392 87
58 177
442 312
78 157
379 269
342 414
367 51
64 378
101 364
7 211
239 446
288 148
226 15
258 186
274 333
420 118
148 18
330 478
136 442
63 408
174 367
418 257
136 42
406 334
45 89
35 265
265 284
151 175
214 491
325 409
380 340
358 97
428 28
322 41
301 416
283 385
494 476
18 201
387 482
71 276
393 432
68 106
134 159
150 219
481 348
188 327
277 361
389 46
87 205
121 211
448 389
217 404
457 442
425 235
363 196
128 348
455 256
267 48
119 441
289 418
97 100
461 329
227 226
431 202
413 167
56 404
160 213
8 125
360 469
165 285
133 223
331 145
193 440
381 99
369 313
413 170
499 318
45 375
77 79
246 476
233 343
408 154
279 393
215 416
53 139
214 380
26 187
127 397
496 71
384 9
31 217
36 150
377 383
462 81
409 306
1 208
362 142
388 410
178 141
132 103
483 232
271 346
243 361
433 398
407 92
309 169
319 291
174 345
278 196
355 136
344 188
182 356
118 206
199 70
25 149
381 331
29 9
222 4
402 124
216 155
325 162
453 378
75 144
193 127
115 354
42 400
256 459
17 76
147 227
376 216
47 172
33 109
113 428
52 256
263 367
29 121
499 88
85 334
313 74
280 130
30 428
239 322
399 138
365 256
472 398
422 241
202 371
299 308
416 315
183 352
325 179
268 64
251 324
250 205
187 64
345 31
205 217
207 84
193 456
206 425
166 17
389 129
437 221
36 40
244 353
32 71
488 69
393 152
209 239
155 496
27 396
465 352
289 84
41 173
98 482
499 247
228 116
337 240
281 165
370 226
149 25
447 255
259 137
228 192
188 469
217 236
88 67
152 183
208 229
211 193
292 306
274 211
303 21
186 464
190 84
462 409
164 191
181 409
101 275
96 409
497 142
209 314
349 438
167 361
406 57
363 379
442 199
220 489
453 97
182 258
167 495
187 496
405 183
459 368
129 358
352 407
221 127
65 62
423 70
127 84
315 182
381 342
184 109
207 101
359 137
485 241
237 379
62 172
40 494
204 373
133 21
148 57
119 354
277 65
2 394
76 256
451 317
279 457
410 135
124 486
227 122
1 109
281 316
310 415
141 173
47 14
71 274
480 195
113 42
437 109
366 467
284 365
175 317
304 63
401 437
59 428
390 128
296 412
328 23
49 106
121 321
447 96
143 44
87 427
37 256
223 376
93 255
424 360
275 268
206 228
8 177
157 117
30 250
274 454
412 210
383 323
419 385
430 330
109 62
171 369
97 146
253 246
106 190
311 177
257 234
263 369
486 266
368 272
226 368
78 142
465 491
376 461
291 236
299 306
27 253
399 322
68 124
315 5
182 27
261 126
495 292
410 24
296 333
202 278
421 375
366 280
94 238
475 242
401 237
490 126
448 428
53 242
247 16
43 220
346 281
73 156
32 193
26 483
262 329
56 80
213 35
273 274
368 307
396 100
78 269
50 387
481 26
395 455
175 228
361 290
299 373
418 287
270 331
12 444
377 384
271 68
194 90
397 45
497 63
184 145
32 76
454 234
41 13
93 349
492 216
441 307
94 291
122 359
156 216
101 135
55 33
123 372
269 250
165 372
17 119
195 349
436 50
415 149
351 477
46 361
20 343
134 487
347 114
330 108
243 3
36 283
8 151
401 11
383 129
248 66
267 400
302 295
297 203
181 70
283 148
343 79
66 303
269 329
437 265
120 451
235 33
184 8
19 95
76 437
355 402
155 177
472 122
326 457
27 121
269 359
438 310
465 464
293 356
122 234
186 83
468 94
103 273
220 152
441 122
377 296
473 296
418 32
489 298
419 244
455 369
31 41
5 245
102 497
83 151
86 76
170 121
394 54
58 273
248 466
263 499
295 125
9 88
386 65
310 350
219 158
199 117
363 103
452 56
59 465
393 35
9 497
51 63
189 403
222 461
460 437
414 485
73 107
173 275
125 312
470 335
452 345
300 21
77 315
132 252
139 489
486 25
441 148
404 390
351 130
419 126
111 312
271 185
460 36
200 444
279 85
282 22
43 84
251 434
186 473
462 236
261 326
474 448
338 202
184 378
4 190
354 103
140 467
356 477
422 100
38 56
79 53
489 172
107 474
447 241
477 293
471 409
210 90
145 446
176 48
90 329
285 33
352 296
274 425
26 208
117 48
453 416
88 48
22 443
36 47
341 470
231 365
455 164
462 441
490 100
282 139
24 432
81 67
492 376
437 355
255 370
286 54
454 208
3 227
274 476
298 39
404 467
132 30
471 212
312 94
85 313
98 446
13 109
338 179
386 358
228 275
181 141
201 367
446 135
463 205
96 220
40 262
144 1
213 172
118 115
429 377
324 204
165 27
58 189
47 355
130 444
437 276
495 163
150 138
195 441
13 114
228 292
145 53
77 372
339 210
439 196
252 268
147 263
305 269
125 205
1 352
480 107
271 438
429 475
268 273
239 124
268 282
335 319
191 413
475 265
313 31
151 415
30 65
186 151
208 335
40 163
271 62
0 20
348 394
167 281
258 468
250 259
78 26
292 438
203 122
5 119
34 16
433 8
159 65
252 471
135 220
282 292
165 406
152 134
416 365
333 171
430 26
52 436
226 9
483 196
316 429
297 488
496 202
267 82
53 156
228 20
164 40
298 10
144 329
46 450
474 412
438 380
168 404
265 343
391 394
175 248
88 207
410 472
406 85
93 29
401 311
352 321
331 66
247 150
453 327
92 294
26 427
183 30
225 194
440 301
401 117
176 115
439 490
75 86
468 345
156 168
489 369
287 360
363 172
351 35
181 168
447 443
326 59
105 482
283 51
168 45
12 37
27 345
283 451
296 454
122 251
473 304
17 463
487 260
147 380
48 338
134 328
239 347
329 460
11 344
389 113
150 32
229 401
204 29
483 12
116 352
9 457
272 89
201 26
258 111
449 349
29 158
5 435
247 269
113 334
299 111
143 355
108 301
330 372
236 313
165 165
122 352
293 174
200 246
357 495
344 310
468 159
94 373
142 473
308 342
453 108
463 459
261 448
172 71
236 91
257 408
113 402
428 231
478 406
401 481
291 187
346 245
471 260
85 293
487 465
73 393
353 292
240 388
312 114
57 264
172 48
302 166
250 285
44 231
64 80
267 445
43 355
467 466
259 14
479 53
298 98
390 53
293 3
469 482
246 105
154 27
45 418
56 456
39 295
375 100
397 103
311 495
461 440
306 278
183 72
170 286
191 482
485 60
42 484
90 455
334 288
58 96
404 379
27 466
418 444
399 254
249 168
108 62
341 62
134 267
405 376
358 156
68 96
432 196
151 462
102 374
322 485
216 161
479 227
23 243
498 398
66 422
485 247
162 26
145 178
406 148
305 50
146 265
461 373
188 431
157 464
449 290
303 480
207 17
261 283
33 82
356 259
358 451
329 193
223 372
21 475
25 130
395 178
403 24
455 208
172 91
382 464
444 473
490 185
320 3
85 103
362 353
304 294
487 73
297 486
461 211
341 318
496 486
362 88
296 400
491 169
134 320
293 225
411 78
434 283
387 231
437 371
165 101
26 93
79 153
364 324
494 392
379 57
145 343
243 93
263 441
113 86
312 397
327 406
41 75
158 113
485 280
234 95
189 2
155 260
436 120
13 371
280 283
126 244
337 425
218 369
307 100
349 331
89 471
46 177
290 131
411 57
152 127
130 497
110 193
314 137
361 398
181 179
423 141
419 307
28 260
213 137
321 336
159 62
91 410
393 206
263 382
9 157
154 267
313 491
129 264
163 127
306 490
131 196
4 81
341 50
40 384
72 406
469 213
123 232
290 412
294 369
26 405
172 156
499 32
149 485
464 128
470 312
360 122
203 454
4 364
249 397
303 396
109 173
405 124
37 85
454 195
452 183
191 332
364 477
314 191
171 13
177 279
253 142
96 38
254 457
206 452
349 355
29 9
486 310
247 286
334 23
58 53
385 286
263 250
293 102
467 78
209 464
106 497
387 462
271 54
7 493
349 329
339 208
370 230
16 177
52 118
171 350
489 110
212 409
363 252
182 5
470 330
179 391
206 428
335 66
60 329
159 342
402 261
491 350
27 272
242 359
210 79
41 266
175 199
303 254
259 38
220 486
229 81
362 400
466 287
117 197
391 378
139 276
478 293
417 482
342 5
436 160
426 52
103 477
83 453
343 258
244 195
276 63
315 326
113 138
187 134
12 230
358 78
371 4
486 336
193 289
301 328
232 481
311 79
32 187
446 394
89 227
142 42
368 218
208 458
92 482
64 396
474 456
460 423
111 198
339 299
479 157
138 140
71 212
251 301
196 455
182 197
240 137
207 324
282 460
442 416
312 226
35 7
282 138
336 347
146 393
50 27
19 126
190 41
342 90
45 441
139 390
380 227
52 231
191 87
3 186
265 486
493 167
158 300
147 275
20 346
374 294
272 423
464 393
484 462
403 158
401 381
109 394
477 281
220 13
51 169
7 76
95 316
116 352
479 253
100 116
410 499
422 326
219 182
496 238
249 55
437 251
146 150
283 398
263 123
144 3
431 314
483 3
355 27
280 451
67 334
186 232
58 477
11 460
199 278
185 359
111 300
450 122
372 109
84 233
88 135
302 81
84 20
47 285
236 440
126 179
412 304
133 312
273 470
248 497
356 324
124 434
408 467
76 426
11 133
268 161
242 99
471 70
207 178
470 370
50 444
248 97
261 462
432 233
230 386
62 33
319 87
406 186
464 79
212 335
348 475
427 481
403 90
120 398
269 111
407 91
188 171
133 7
240 301
188 65
450 471
410 250
289 269
349 316
151 105
81 61
394 499
441 360
110 150
113 414
5 231
402 20
27 45
346 35
453 119
442 386
137 403
173 204
21 278
383 22
435 24
376 464
176 330
480 169
83 287
18 93
465 440
485 421
308 344
315 184
70 261
165 258
462 207
337 190
64 335
212 221
37 499
181 440
461 214
1 13
458 45
337 19
292 275
119 175
359 101
362 435
45 429
489 379
69 359
47 326
399 485
337 259
51 437
151 18
384 12
409 4
375 342
118 247
422 20
121 89
376 133
414 335
215 421
133 403
82 136
474 180
291 481
270 311
329 342
206 273
277 65
408 116
215 5
25 378
467 489
474 146
333 344
117 388
144 400
389 250
282 226
59 363
174 73
267 330
103 355
421 474
442 233
90 181
59 9
350 115
113 378
74 324
212 446
199 192
294 356
82 88
451 77
2 494
324 477
332 270
96 279
364 105
286 390
399 454
69 197
76 249
425 34
333 150
194 137
494 32
120 341
270 428
274 71
400 272
394 450
230 232
338 342
232 446
401 476
174 483
84 322
209 102
104 9
499 42
74 151
492 345
125 46
117 262
34 400
350 17
101 281
123 432
231 291
120 208
191 132
306 294
248 128
489 15
409 352
3 488
333 483
29 495
109 459
211 498
367 496
277 413
346 321
112 400
108 429
61 232
378 152
280 219
87 126
479 121
110 496
332 334
182 295
106 361
212 291
287 317
231 431
252 64
317 429
358 217
301 277
281 271
342 180
158 413
35 429
278 489
324 145
440 110
323 6
149 399
216 35
467 289
205 299
80 71
288 22
152 290
413 90
122 433
347 256
37 280
122 382
379 315
425 446
304 171
70 249
136 305
94 139
438 103
175 300
174 371
161 315
405 326
112 427
183 379
160 459
193 72
388 134
80 72
95 165
414 236
41 166
157 51
6 136
288 95
318 33
349 462
289 332
259 106
486 401
212 294
366 498
132 405
329 106
272 64
300 276
442 186
89 193
181 99
47 448
481 469
432 217
49 330
437 73
326 160
454 275
273 38
295 173
279 405
469 476
252 51
90 121
314 47
498 31
479 496
317 45
115 461
143 249
174 164
177 432
207 0
390 483
156 480
237 37
13 288
191 206
179 118
165 133
165 494
342 163
61 496
309 159
261 176
192 453
385 435
288 221
205 445
425 178
68 361
1 15
221 81
199 193
326 253
99 216
232 343
340 441
452 293
321 149
454 213
149 365
87 192
137 289
467 292
5 414
429 35
469 359
52 3
256 20
89 230
74 355
296 321
466 266
267 248
314 287
4 222
414 315
104 91
235 51
317 423
311 93
452 247
250 132
152 356
86 6
213 93
414 12
130 361
461 380
167 398
120 275
90 24
115 386
289 46
470 203
148 106
353 133
265 100
308 103
461 269
363 394
259 26
387 277
158 389
287 349
476 177
201 259
145 419
465 169
224 434
41 287
420 372
324 246
350 37
307 132
378 163
190 170
299 137
379 429
278 309
339 18
278 107
26 392
413 275
210 491
279 137
9 103
349 51
89 333
317 51
215 396
418 196
185 257
186 69
379 64
83 317
424 218
462 213
488 450
293 376
13 50
153 424
476 375
60 3
406 417
165 378
74 473
230 435
4 111
176 269
438 235
305 111
176 362
164 268
144 164
67 309
234 9
236 220
75 62
331 297
27 334
307 496
283 101
64 38
159 287
23 240
203 97
311 328
448 379
396 327
136 92
454 463
35 222
136 190
339 463
297 467
315 366
319 104
494 98
238 384
476 153
102 261
441 180
59 265
92 390
334 307
270 81
155 140
331 158
121 292
111 170
389 418
22 279
377 208
444 17
22 467
228 421
101 125
390 22
264 12
320 335
416 98
239 442
100 423
215 422
444 221
491 179
458 185
394 14
383 187
155 338
111 405
382 235
257 64
77 273
108 373
324 249
43 376
299 415
337 496
69 367
398 133
319 61
427 356
43 65
255 310
215 50
286 367
431 450
223 395
269 360
461 183
411 93
8 5
1 62
429 197
330 70
483 327
35 149
214 410
220 431
481 322
189 288
238 267
163 120
333 313
348 284
377 294
299 259
321 385
434 152
75 103
282 264
266 58
469 170
101 332
154 41
181 82
202 343
316 419
84 217
1 149
295 432
191 230
467 95
99 365
320 401
165 174
85 102
272 431
116 54
447 225
160 270
466 129
400 362
431 134
135 485
417 284
14 430
25 461
178 481
382 477
151 498
452 399
183 236
142 77
302 299
421 90
71 462
176 387
21 471
456 459
243 8
439 226
187 109
90 316
293 365
215 324
76 297
385 167
244 259
410 28
470 399
213 331
71 41
12 242
201 444
453 321
47 445
406 392
60 86
451 349
25 354
151 18
37 101
212 36
416 134
33 122
306 386
279 246
488 377
173 144
465 42
339 126
370 364
450 245
94 431
285 253
271 120
73 288
176 308
442 286
408 93
331 327
426 214
443 463
107 266
308 117
95 424
140 147
245 466
249 90
343 191
311 386
174 466
126 385
171 202
295 421
248 431
498 479
442 26
293 293
410 401
177 453
453 358
176 169
259 198
389 425
311 454
420 53
290 337
39 398
319 313
96 187
18 420
446 94
388 460
213 91
45 150
8 242
411 350
400 184
461 22
476 141
194 124
313 248
146 336
149 353
392 318
238 246
192 410
222 36
128 80
83 287
381 25
375 91
128 292
314 127
268 441
66 142
390 463
151 379
84 388
206 153
399 328
90 444
333 443
376 312
451 461
338 459
402 332
476 213
340 30
324 290
284 460
275 390
121 174
415 427
80 58
386 121
418 331
274 329
493 251
212 150
461 445
277 402
467 364
246 106
396 159
119 70
312 33
207 395
322 434
344 122
96 254
85 82
411 14
117 211
214 405
350 181
83 175
39 479
85 50
209 286
356 334
367 328
223 21
455 426
401 397
151 299
233 497
363 88
152 145
50 480
161 366
41 252
83 96
146 433
71 21
207 355
35 279
300 426
352 111
8 107
258 105
454 12
452 492
137 317
149 104
470 39
291 162
258 364
149 226
247 404
111 220
499 454
380 499
110 300
407 85
190 470
334 166
158 497
314 287
391 147
186 316
478 214
78 329
55 89
345 79
299 303
109 457
456 298
450 342
427 418
388 210
228 469
466 223
362 238
385 133
449 105
319 423
252 279
368 249
328 307
462 214
23 127
278 424
266 331
249 80
290 45
366 489
64 18
256 333
318 426
32 493
416 119
250 203
305 168
328 119
185 133
113 290
214 60
391 243
323 480
377 492
481 114
484 244
429 46
324 93
86 99
218 208
412 3
171 468
439 217
202 499
142 476
36 167
410 356
189 279
271 234
200 418
162 105
3 36
129 91
42 327
388 216
219 260
81 152
221 242
242 372
349 423
91 236
92 237
17 353
439 133
52 140
245 491
28 66
158 248
428 157
373 52
313 316
468 444
39 246
118 189
464 133
369 467
57 407
261 313
447 426
66 52
44 351
417 312
412 72
81 427
480 192
8 307
251 293
39 328
17 290
423 9
329 482
241 292
458 386
312 2
55 405
256 378
42 451
23 173
453 307
499 456
263 433
78 360
188 367
157 469
478 206
40 433
77 307
193 281
136 35
292 357
236 43
494 400
426 130
289 369
325 379
312 289
149 89
456 390
211 189
395 465
250 189
497 287
421 180
215 42
400 57
100 360
260 488
470 446
167 186
65 260
401 492
433 229
471 402
91 241
207 182
224 339
126 309
489 221
115 47
456 57
417 15
3 56
354 29
216 474
86 21
366 133
215 487
389 299
41 186
221 332
171 100
409 445
18 298
197 251
308 133
149 154
62 77
106 4
330 417
290 174
308 416
255 156
456 23
61 496
329 349
301 282
79 0
150 210
313 97
83 348
2 473
50 84
88 416
185 157
183 271
39 476
484 491
366 147
143 292
141 280
414 472
325 442
5 494
443 475
175 170
144 26
462 29
446 194
203 403
174 131
459 387
230 65
212 444
236 449
81 208
180 230
24 495
341 357
185 381
52 137
15 360
390 196
242 478
381 188
319 298
37 407
472 131
75 119
68 37
245 163
393 149
497 277
135 270
151 338
475 320
180 55
251 491
321 422
110 346
144 202
109 282
413 33
152 433
470 340
3 73
74 67
345 249
19 71
262 332
152 22
78 89
432 184
459 181
27 253
307 69
203 23
56 268
202 116
456 61
134 24
92 312
413 208
132 289
121 284
306 246
335 273
309 384
418 120
373 268
190 297
173 181
449 393
10 81
142 3
380 318
482 128
337 472
261 395
179 321
67 382
7 486
222 254
374 168
437 492
290 248
281 127
20 463
44 82
438 382
201 39
167 318
142 183
431 356
177 255
489 110
448 96
351 348
16 23
15 77
177 453
432 305
120 458
393 453
335 17
56 183
1 388
424 75
432 495
250 355
317 109
58 239
87 266
289 409
486 103
409 304
462 164
474 341
146 434
303 219
402 482
222 359
435 255
250 146
353 367
328 352
443 171
437 238
499 382
338 78
234 338
354 247
440 196
483 328
400 87
421 286
498 154
262 143
142 433
152 364
217 495
166 332
71 12
395 455
33 70
408 233
332 268
316 262
443 272
211 299
438 195
349 132
128 436
221 111
328 270
117 373
57 45
57 136
91 480
403 304
37 477
97 311
426 221
494 413
65 221
268 57
190 355
291 117
81 318
88 12
237 409
306 57
193 146
127 215
20 285
114 30
193 57
131 211
124 471
192 125
34 41
396 460
430 224
394 39
51 363
124 334
392 140
287 282
497 85
370 266
296 17
427 484
195 489
313 58
35 172
65 357
318 69
146 314
353 100
315 40
375 257
397 291
73 267
352 36
302 422
440 75
411 450
292 219
129 107
131 105
462 16
85 48
362 132
84 231
124 68
325 251
42 499
266 74
463 115
38 470
45 265
68 330
401 457
416 360
317 30
46 399
447 279
264 483
67 162
230 348
100 191
42 407
481 494
462 308
130 444
62 352
34 176
485 130
342 435
317 401
152 159
290 215
198 451
113 406
107 117
308 195
454 59
53 350
10 288
232 15
367 141
169 146
128 401
336 154
407 470
481 5
220 411
362 124
30 271
388 328
375 137
196 197
399 330
118 102
117 410
403 202
349 485
238 424
430 329
152 427
432 189
100 133
109 5
276 462
142 492
129 164
361 18
348 178
280 113
23 466
168 249
86 278
202 369
199 325
252 484
173 351
336 36
41 273
87 446
438 317
482 230
248 419
449 195
308 96
414 81
331 183
313 434
304 417
242 367
351 355
58 346
235 24
149 394
192 276
446 237
467 482
254 280
327 215
163 203
137 136
171 429
363 468
385 485
204 19
226 480
178 56
80 284
31 413
42 230
319 223
58 340
120 286
353 312
367 447
435 16
445 4
472 459
296 160
180 210
42 0
56 406
43 220
486 489
71 74
149 380
220 390
176 207
371 192
491 29
397 239
95 427
238 194
354 420
130 34
386 386
145 24
244 443
284 40
114 82
462 355
245 263
323 182
374 273
154 194
285 366
145 403
97 381
301 383
269 303
42 283
307 155
450 39
79 403
486 234
441 45
160 448
131 186
311 483
30 357
223 317
220 315
196 220
455 169
325 349
132 224
232 219
110 439
343 182
269 189
86 329
129 210
249 246
230 112
470 60
230 260
75 45
266 302
472 124
473 221
298 149
220 458
397 382
64 330
19 92
273 333
44 105
351 403
367 145
57 433
45 337
383 287
90 473
97 1
74 414
63 422
380 224
106 283
465 130
222 171
356 484
441 348
103 252
397 144
430 470
308 455
94 475
448 43
396 184
98 397
320 470
195 13
148 52
182 301
324 113
449 257
105 33
285 242
387 208
178 35
342 169
144 338
381 436
473 445
342 277
100 71
437 14
67 295
448 437
403 101
358 125
158 204
447 463
171 295
330 186
355 202
40 172
461 351
296 274
403 434
357 491
357 355
2 146
84 276
378 451
428 339
43 236
200 86
381 490
176 223
277 212
236 383
235 170
296 197
483 383
374 51
407 341
487 84
360 409
212 423
262 238
327 140
226 306
296 379
454 460
172 325
208 232
254 260
310 443
327 50
101 293
486 53
137 360
270 474
397 350
88 482
475 12
318 267
146 201
161 114
291 101
185 185
298 0
295 439
341 460
253 474
380 294
155 92
66 17
219 425
259 315
327 308
427 234
288 497
464 74
27 301
339 255
107 212
3 137
97 403
229 344
138 202
294 109
479 145
422 212
380 198
358 182
268 59
57 286
360 408
210 21
276 387
451 49
38 384
139 454
150 487
189 368
330 140
286 336
400 309
7 208
242 280
192 366
152 363
271 249
122 364
103 481
382 250
134 54
360 272
259 125
346 362
2 301
137 176
485 288
349 37
170 344
210 91
454 362
463 214
430 226
59 85
335 385
291 294
66 322
299 151
13 326
127 145
321 16
156 116
5 158
3 5
97 175
389 65
280 403
481 204
141 62
448 41
187 329
151 239
243 253
431 450
448 256
124 410
26 269
428 133
138 32
59 283
348 87
343 301
5 480
43 324
217 147
328 491
82 404
10 479
281 325
434 441
352 229
351 410
43 230
262 131
414 34
121 174
475 262
243 464
141 332
331 138
129 210
115 159
490 63
389 477
270 124
353 175
85 474
205 56
187 129
163 319
345 453
216 136
453 320
5 311
449 94
304 188
348 430
493 271
248 190
314 234
409 371
345 168
76 495
476 50
222 116
69 139
275 67
240 137
300 228
174 245
285 101
31 479
102 133
324 377
463 203
74 138
158 225
220 419
322 87
203 196
187 44
463 124
114 462
43 203
300 414
16 217
48 86
71 399
128 151
354 247
386 92
317 428
199 396
483 389
437 21
417 38
163 124
438 233
288 277
43 481
199 89
27 411
311 99
250 450
198 439
31 456
384 436
332 200
89 436
309 168
206 26
150 227
312 221
350 89
422 100
41 394
305 473
73 68
19 116
408 323
280 217
153 439
140 16
304 337
5 81
108 114
193 64
285 110
51 5
105 136
382 474
447 147
67 187
156 372
196 438
7 64
355 328
196 12
350 347
429 353
467 207
271 389
499 160
17 409
45 51
377 122
121 279
466 176
49 189
479 474
38 97
277 487
499 246
93 325
178 201
409 374
115 145
157 32
441 115
18 174
297 338
117 247
423 270
311 436
410 472
421 291
278 301
47 198
24 277
479 492
219 202
348 240
272 334
301 5
180 66
404 171
418 329
99 374
162 342
166 411
202 72
225 88
286 332
461 272
117 162
365 292
32 188
22 65
422 157
223 176
347 454
283 479
205 266
460 235
498 367
440 478
66 52
384 165
290 205
367 345
138 259
447 84
149 22
179 321
497 72
378 254
86 197
315 162
249 291
159 275
105 247
151 451
468 172
229 35
232 110
221 96
33 222
245 168
342 182
106 276
31 339
36 485
499 117
260 203
478 100
199 419
222 84
108 350
385 43
5 337
285 469
192 227
395 318
353 437
213 237
429 311
296 96
213 317
21 147
247 474
245 351
287 446
148 320
363 395
84 33
3 368
95 222
392 47
484 343
432 245
57 49
146 361
31 205
205 211
185 52
255 304
251 283
103 43
290 399
285 466
186 375
449 140
187 134
477 341
439 23
72 261
475 348
53 70
282 6
410 110
415 319
102 165
208 166
417 205
23 351
226 54
46 62
196 27
220 85
108 25
286 159
7 33
455 261
119 413
23 237
57 29
195 438
456 159
217 255
106 226
132 240
302 184
211 179
116 350
375 432
443 77
462 14
275 451
216 417
7 395
276 239
30 64
75 471
227 338
64 292
385 185
370 49
80 187
390 433
365 196
273 265
279 161
112 235
5 407
154 180
271 12
76 430
254 301
140 3
148 333
18 56
105 33
72 240
174 185
234 462
228 391
52 7
95 359
118 16
196 100
112 124
55 468
121 40
43 161
494 113
22 191
76 364
105 127
165 149
111 279
170 251
258 191
403 223
239 205
305 373
498 288
256 417
309 405
66 229
343 353
396 60
424 365
344 473
474 29
160 361
112 437
481 331
406 223
428 384
257 145
285 234
3 255
160 393
123 165
370 78
490 466
183 266
91 415
296 27
241 417
355 457
140 353
428 336
220 46
43 357
443 329
437 329
222 298
463 449
28 345
163 333
452 18
285 346
226 395
313 434
243 467
172 168
356 383
429 101
310 428
257 472
301 253
403 46
348 376
221 219
404 376
246 237
83 208
104 384
318 161
128 269
289 61
444 153
106 145
73 225
197 416
21 182
81 351
79 276
495 429
157 300
37 400
108 403
139 473
134 64
333 309
370 115
120 474
119 166
391 226
142 44
79 441
144 15
291 160
89 223
375 139
39 98
1 265
90 499
64 493
302 224
191 249
224 25
191 311
389 195
240 435
228 383
398 319
331 224
299 42
181 272
370 174
291 72
71 223
216 381
458 487
237 371
396 1
313 313
8 87
374 202
86 100
271 102
326 336
378 102
374 125
152 411
483 96
320 295
177 55
42 388
259 487
488 131
444 155
95 301
356 453
405 469
72 294
482 177
279 250
228 361
272 6
102 380
175 108
163 274
163 204
191 57
189 274
430 180
333 485
290 25
346 41
335 196
373 418
21 170
31 4
10 249
129 155
263 465
239 156
361 278
336 254
381 404
84 377
362 163
188 270
311 5
201 34
305 499
169 426
430 326
75 52
59 293
258 56
64 175
453 349
456 425
330 141
18 337
0 266
36 233
90 40
426 200
199 291
69 83
261 220
272 499
292 188
244 331
6 402
252 161
438 312
453 208
397 120
387 324
57 249
141 275
475 499
290 67
3 26
246 359
210 264
453 370
202 3
257 49
210 60
372 9
69 149
269 178
2 318
67 8
136 411
410 208
128 463
490 200
411 131
395 88
459 473
328 200
250 13
425 86
95 312
313 298
476 17
335 83
443 478
241 255
463 79
43 151
203 91
74 385
473 466
439 470
22 284
149 268
206 272
85 75
225 153
170 398
333 53
31 358
113 129
208 124
275 428
372 103
488 478
444 446
268 314
450 383
3 291
415 100
175 209
363 352
251 252
305 385
243 436
65 188
312 208
137 126
229 87
65 9
307 70
236 361
244 76
219 186
138 100
161 134
487 165
417 376
262 90
378 222
410 357
66 296
422 222
161 55
64 3
425 226
439 223
299 161
200 184
136 370
5 338
4 297
174 344
434 421
496 288
145 164
460 406
481 63
118 234
238 142
221 182
258 15
29 160
196 409
280 229
419 332
482 285
481 423
197 156
296 415
79 193
451 441
5 392
126 432
75 123
158 216
232 296
456 416
177 261
342 153
337 457
94 261
37 319
327 75
342 234
279 123
417 274
166 230
163 274
249 292
9 90
386 259
27 93
354 194
199 205
162 48
309 389
208 257
332 198
284 388
363 27
301 63
294 132
406 467
259 309
399 156
415 120
213 137
183 295
0 419
467 383
272 162
271 129
327 332
72 456
483 464
27 436
420 284
251 173
334 327
335 362
335 233
222 102
397 48
320 406
141 397
412 287
268 413
97 183
139 448
412 170
458 122
258 291
465 230
57 361
76 151
237 244
347 411
311 459
217 96
346 131
271 358
123 258
293 39
487 221
243 433
407 251
43 53
283 18
379 360
11 193
437 455
366 248
60 136
85 30
161 277
488 431
41 432
472 111
184 334
119 311
63 427
332 379
397 458
318 468
161 276
84 329
430 450
439 302
332 342
471 24
307 494
278 459
71 348
182 250
414 255
35 302
181 329
287 219
187 430
206 105
286 200
151 290
445 68
410 90
466 277
123 382
193 273
121 402
4 264
372 155
457 418
247 259
478 490
420 34
491 18
218 479
121 130
198 221
163 66
344 461
343 129
254 467
221 36
153 375
31 226
496 377
136 340
183 244
130 466
336 455
286 474
104 407
128 408
474 302
263 144
125 170
490 458
347 380
107 211
289 0
229 490
183 286
30 365
183 366
173 12
338 20
279 460
368 442
245 407
403 194
217 360
319 29
409 207
270 18
370 16
7 60
346 99
316 190
408 228
92 499
371 433
393 431
373 150
410 113
160 470
183 313
342 377
436 354
372 103
120 206
118 242
341 479
21 464
44 157
8 429
362 137
68 380
382 108
221 293
264 144
458 233
110 299
153 152
256 398
457 25
267 228
59 75
392 460
469 80
361 288
425 477
209 75
35 345
139 444
88 109
342 255
54 398
403 305
203 207
84 159
239 160
88 203
15 150
82 332
120 484
313 295
370 46
243 23
319 406
15 234
341 407
158 209
14 247
306 61
72 218
230 390
93 163
313 170
2 108
444 395
190 123
21 258
133 412
170 116
351 452
211 37
247 192
292 369
282 261
331 98
489 354
17 414
84 434
395 330
77 439
414 191
449 119
32 287
403 434
386 54
92 254
299 450
171 339
452 91
189 454
308 136
50 30
317 326
8 486
277 212
255 438
57 191
478 205
139 441
348 382
488 378
180 440
131 139
82 351
157 435
71 124
6 318
496 473
312 323
387 4
294 89
133 143
200 204
145 463
197 191
421 345
285 38
177 101
305 268
204 112
88 462
280 127
453 94
270 128
133 117
58 9
152 279
483 191
155 204
396 481
326 352
390 317
419 464
232 420
384 76
390 288
268 472
418 23
151 221
338 188
198 136
416 396
440 202
407 399
380 447
299 303
472 59
23 42
314 243
319 107
396 50
22 210
85 164
237 292
481 236
373 75
323 31
233 289
40 263
210 492
147 273
332 362
256 120
363 207
314 422
472 35
97 210
226 346
138 182
418 463
390 471
2 291
432 66
329 88
80 473
246 392
106 228
200 78
285 214
488 63
98 451
14 460