4500
392 12
337 437
30 244
18 122
305 337
270 368
341 183
230 17
55 146
203 125
339 127
164 101
287 196
426 62
257 420
432 302
239 1
246 121
243 269
459 116
336 401
84 81
98 177
175 314
439 153
133 379
332 130
326 297
211 119
39 104
406 468
321 324
297 146
267 419
35 393
294 226
159 223
252 378
44 258
263 428
159 336
466 396
45 343
462 145
249 256
76 353
177 8
154 398
169 327
220 273
352 205
280 14
392 11
121 33
313 288
124 385
133 324
167 91
236 179
287 481
334 337
345 364
114 364
191 351
477 283
340 411
277 329
192 473
6 169
309 166
51 171
495 434
25 36
215 14
495 113
450 355
71 329
193 148
499 185
320 236
499 476
157 13
486 276
297 202
368 344
367 107
41 271
307 214
228 418
31 375
82 223
404 333
481 153
190 450
186 333
309 362
375 186
462 319
21 213
409 260
367 241
12 128
342 260
178 171
398 422
145 61
394 480
133 50
0 228
61 323
38 38
224 370
189 413
479 39
299 62
303 240
369 18
278 167
339 63
486 308
369 237
218 483
385 263
491 203
379 385
276 404
275 417
182 0
391 316
231 161
254 42
60 34
202 475
390 190
498 393
130 228
212 367
483 200
404 97
335 326
231 135
52 111
463 358
174 234
248 355
249 257
292 354
329 310
352 346
239 219
448 351
70 221
422 12
461 53
232 178
313 296
259 463
321 365
451 75
282 347
105 199
53 31
193 249
447 234
306 46
249 186
407 106
118 319
225 181
359 431
228 457
420 24
241 339
414 93
440 193
244 196
228 397
498 150
384 273
319 445
483 42
148 68
388 391
424 118
50 113
422 136
160 130
469 342
287 402
95 384
432 79
329 339
341 12
286 327
273 226
120 105
26 256
499 121
239 266
379 276
412 141
271 153
347 72
474 93
329 134
213 421
113 261
126 42
370 454
32 412
369 495
103 153
274 395
161 455
231 365
359 392
397 143
67 130
75 244
378 394
315 404
18 444
486 280
87 144
408 208
55 119
124 129
377 11
466 250
468 390
135 49
44 327
309 32
277 463
357 385
141 7
451 25
305 11
155 438
498 392
364 415
397 54
417 340
443 274
164 235
284 411
238 151
184 180
143 399
284 461
468 1
378 278
289 272
210 183
428 297
212 60
466 144
484 109
235 383
118 427
190 252
403 254
286 428
328 87
400 430
283 464
242 221
493 161
196 384
181 55
115 476
120 245
207 82
317 105
384 442
194 288
42 75
355 98
37 181
111 35
0 438
11 246
259 94
478 4
411 455
284 11
257 26
460 404
361 464
406 130
418 246
173 453
403 312
493 28
64 440
230 456
202 416
362 93
97 313
121 193
204 8
387 405
309 461
425 199
329 171
269 184
137 99
412 442
322 40
332 257
214 238
154 63
8 416
82 369
414 106
466 203
108 118
432 205
257 417
88 357
41 438
38 209
151 30
70 302
59 474
212 255
170 273
42 219
440 178
136 124
327 354
324 103
160 435
204 256
114 417
208 145
354 7
390 246
48 358
332 460
67 459
233 396
467 237
416 127
251 407
113 52
7 430
217 438
194 20
289 421
418 160
20 497
243 273
131 410
222 143
103 315
63 290
27 188
315 31
290 295
200 418
200 256
194 207
227 417
190 240
253 17
366 461
86 273
35 110
105 69
384 257
399 208
248 299
182 279
74 415
333 473
81 274
334 33
302 275
367 413
282 345
306 120
393 149
259 392
461 428
38 364
425 197
496 437
216 25
441 31
4 143
269 274
160 85
212 103
17 314
11 79
52 299
448 169
413 297
226 59
276 226
423 116
53 53
78 272
155 122
117 19
146 159
96 386
490 158
472 160
91 359
158 336
5 143
441 459
18 419
145 19
135 146
199 421
45 40
14 278
149 200
211 131
18 295
453 159
319 8
219 278
114 410
406 377
188 119
390 347
366 59
205 388
161 353
245 405
35 58
258 260
391 184
480 321
332 261
121 285
63 151
413 340
70 177
149 319
18 258
317 391
279 236
89 375
132 440
498 187
447 167
351 108
281 190
452 183
469 113
116 73
414 32
62 30
201 336
94 63
454 72
308 264
491 86
26 250
437 123
290 377
337 236
426 493
177 119
84 378
304 498
382 201
83 218
406 444
7 284
356 0
116 314
400 17
267 107
82 278
155 56
292 224
218 345
316 218
449 247
245 400
101 253
323 479
424 184
321 229
81 283
449 29
398 50
9 349
480 17
73 92
316 135
332 365
436 386
133 148
49 385
490 230
210 2
39 313
394 486
121 360
241 475
25 423
272 140
157 35
479 252
240 231
448 147
34 424
73 236
121 19
250 474
476 463
276 312
150 15
227 170
498 123
46 469
109 375
262 171
275 118
201 241
389 15
440 150
238 423
442 365
339 212
175 44
208 315
183 304
474 358
334 410
231 324
200 380
51 192
311 462
56 327
194 12
14 445
220 486
351 105
317 14
411 42
210 492
296 119
330 393
155 123
447 16
396 387
431 499
462 300
479 242
107 370
315 25
12 473
78 387
253 215
110 247
240 164
136 320
65 388
11 318
334 72
311 311
310 82
382 243
337 124
494 213
239 444
270 161
48 251
318 200
448 154
318 280
100 40
428 306
124 17
90 440
103 310
393 401
144 413
390 275
489 482
278 384
398 228
331 400
101 298
452 1
282 401
441 123
429 234
252 369
161 406
216 194
95 264
30 109
237 92
426 420
156 226
306 204
457 54
353 489
342 58
459 305
428 476
211 252
121 210
116 315
9 283
399 332
442 456
400 429
349 179
257 326
383 358
412 415
256 340
250 117
275 98
75 61
313 203
265 138
453 286
421 381
214 314
270 321
250 8
39 171
349 452
310 296
63 232
424 74
44 319
417 174
235 319
374 344
482 400
187 140
21 435
249 108
429 87
447 372
395 32
336 486
134 244
329 498
72 197
16 253
280 116
287 286
130 15
268 162
154 113
400 455
415 175
115 150
374 345
229 62
49 121
217 65
63 35
233 46
152 487
456 101
387 432
299 243
257 18
483 67
374 411
87 383
385 290
487 54
468 259
232 216
133 17
53 450
496 196
35 138
239 0
432 491
235 127
497 84
3 344
256 480
215 378
20 195
249 101
212 7
75 217
87 445
395 208
256 492
130 243
244 291
135 221
200 28
112 222
66 197
29 116
346 322
17 245
346 366
225 266
336 58
355 300
8 423
267 102
346 116
407 249
470 442
470 42
116 171
220 435
403 183
5 250
495 101
467 23
141 193
103 192
344 329
104 459
61 352
320 371
120 259
201 79
474 443
114 24
311 90
273 186
436 214
315 279
154 283
328 134
178 147
477 432
243 22
226 433
305 156
416 46
125 277
72 469
345 99
42 38
225 156
370 315
446 161
297 37
23 452
452 125
409 201
223 281
214 152
309 449
347 371
1 77
398 473
424 73
112 244
400 318
134 337
350 123
12 432
237 499
125 36
237 189
470 34
39 313
262 36
408 200
129 110
435 261
334 27
123 211
30 446
135 376
499 16
300 338
337 363
399 37
226 462
349 489
302 48
437 388
88 64
26 197
458 217
96 461
25 292
91 220
96 55
423 226
64 447
162 223
261 402
216 62
51 339
240 65
305 205
269 177
374 393
462 148
461 332
124 59
131 486
393 67
146 79
26 316
40 210
464 188
102 301
492 33
450 5
210 232
409 256
1 332
480 283
115 464
375 441
280 92
11 6
85 173
490 157
368 463
3 382
35 184
69 106
463 27
260 20
276 174
6 21
305 277
93 338
279 272
216 468
474 411
85 228
385 411
374 427
161 105
142 378
336 196
223 211
231 299
473 335
357 359
489 331
169 14
286 434
403 301
212 355
435 229
141 149
428 320
278 367
245 89
285 420
483 433
233 361
48 67
278 58
242 405
419 267
202 411
64 58
265 457
186 277
278 200
20 179
47 207
148 150
422 144
78 434
147 406
325 163
221 195
453 103
371 463
227 224
134 425
234 291
420 399
99 420
452 199
258 472
474 499
143 406
192 397
303 73
236 191
239 480
83 310
125 44
268 306
83 352
496 255
154 317
90 268
467 106
78 42
393 77
336 52
301 388
462 28
72 456
436 50
360 311
355 20
326 486
190 475
230 410
79 38
307 237
343 169
211 126
204 273
177 456
345 392
272 479
435 307
209 344
155 372
244 70
408 362
338 422
332 450
489 420
157 412
433 148
274 0
273 497
453 330
222 303
282 298
457 495
191 69
293 167
89 199
61 37
460 497
299 251
24 144
408 140
288 181
34 342
339 415
245 159
462 292
443 320
167 244
166 400
67 358
57 459
497 156
5 471
74 457
453 157
297 98
280 362
204 438
353 314
473 395
39 450
122 288
384 482
235 141
352 50
10 154
163 261
232 7
316 20
177 159
257 269
483 327
265 389
55 39
434 470
272 381
169 326
160 247
388 53
104 395
50 240
2 466
325 213
85 86
245 493
114 263
90 355
244 98
137 207
29 300
181 424
250 301
48 202
255 262
158 289
381 211
177 60
125 383
322 354
347 210
325 419
274 462
60 415
474 19
171 49
473 3
157 352
406 75
190 57
346 161
225 348
260 228
463 254
109 237
447 137
57 456
418 273
40 331
202 330
380 367
370 373
77 205
133 379
437 483
497 323
23 135
363 222
328 283
372 179
168 437
246 319
444 225
409 16
347 337
204 111
337 79
136 426
306 266
250 269
444 243
378 99
173 319
102 94
125 1
439 326
146 293
19 185
53 442
279 280
243 400
331 483
262 80
347 468
89 68
311 449
48 386
205 189
135 73
74 160
486 260
54 365
402 132
427 425
205 456
208 206
42 448
381 40
360 304
224 228
29 449
187 35
76 429
2 393
53 212
472 428
294 39
24 378
303 48
4 451
9 8
309 65
105 403
59 190
270 465
266 283
170 151
80 454
199 247
311 434
362 252
143 283
14 8
57 167
470 317
178 413
478 332
87 339
29 435
252 499
282 151
302 371
177 305
52 234
168 376
480 215
350 30
391 123
143 364
182 448
361 113
297 212
51 192
127 385
236 432
435 232
103 370
175 89
323 280
156 79
294 491
373 136
111 145
9 264
64 254
220 43
255 278
470 17
254 158
442 449
181 490
361 377
466 136
416 36
468 289
132 424
60 262
407 358
122 24
278 269
312 39
317 498
368 420
78 139
88 122
465 21
250 122
258 326
214 217
358 27
451 182
297 491
349 364
388 204
325 323
362 166
17 138
410 31
170 385
7 340
361 111
233 472
150 464
181 343
370 217
251 39
382 322
38 48
105 83
407 426
444 430
420 121
153 461
346 182
23 175
286 206
178 236
200 371
215 181
250 381
273 437
111 1
402 155
239 149
75 7
289 498
471 20
333 210
392 476
152 180
386 267
4 290
162 416
449 204
438 229
166 199
201 211
218 278
279 103
462 309
307 355
227 251
313 131
107 60
92 58
325 111
402 478
395 181
386 416
145 344
396 324
387 163
293 97
52 105
415 73
280 366
117 74
205 359
419 283
193 165
128 12
342 370
52 30
446 89
434 438
114 443
107 182
279 1
106 400
473 183
49 21
448 105
464 18
153 5
170 384
248 346
69 151
181 442
32 121
59 480
275 318
0 173
174 382
283 131
166 132
154 108
214 215
85 454
459 178
414 91
289 482
133 14
457 358
479 166
498 341
159 390
63 274
156 11
142 89
222 291
252 308
375 228
182 318
496 312
403 493
475 263
129 45
403 460
127 438
279 235
125 125
251 290
301 41
130 408
51 295
103 204
284 155
473 330
143 466
460 322
85 398
295 287
248 214
5 51
286 375
352 284
427 263
304 456
364 228
376 287
343 267
423 479
162 128
94 396
218 157
407 406
46 155
222 203
106 294
21 227
11 392
7 225
181 290
19 312
451 397
17 395
226 294
422 440
188 240
397 369
127 259
266 305
360 173
319 488
215 466
210 192
418 79
369 217
381 451
349 240
487 332
479 366
158 66
306 401
122 198
309 56
213 250
275 76
416 73
391 95
287 484
415 453
170 57
9 136
377 404
236 210
76 216
282 67
321 86
136 441
497 443
45 446
22 210
135 173
268 438
422 378
331 407
317 337
474 353
257 326
36 203
271 346
265 464
402 54
347 86
30 38
484 344
406 427
100 358
297 393
123 220
480 71
261 306
159 297
123 87
142 269
467 11
327 413
319 232
319 229
267 166
362 201
128 252
110 120
365 81
301 259
183 488
294 281
430 296
235 306
427 53
416 377
142 394
126 243
472 314
480 297
498 92
196 195
167 479
60 306
418 33
373 213
347 453
101 20
178 277
183 336
65 105
499 99
195 207
21 477
127 19
111 354
401 477
456 159
318 420
305 368
434 236
41 179
51 281
410 142
330 229
186 93
45 395
454 185
14 240
111 328
34 141
471 75
234 287
207 427
148 52
140 13
44 82
215 181
175 95
176 125
219 5
252 362
399 116
356 59
387 413
407 319
394 421
208 378
157 481
33 267
280 157
239 174
207 324
271 306
432 235
92 447
309 3
119 345
404 208
474 327
498 143
416 233
463 393
226 476
243 120
130 259
285 24
200 369
28 345
80 472
271 312
315 172
369 433
493 286
113 125
268 467
52 111
356 184
160 15
488 82
194 404
280 118
339 331
176 332
156 219
31 108
281 428
361 346
484 2
128 354
174 449
413 396
433 226
94 269
204 93
349 434
52 250
81 481
314 243
463 110
218 470
398 494
193 351
354 111
466 177
127 482
230 492
218 40
161 163
109 164
98 217
319 458
440 150
246 401
363 106
76 61
407 81
433 327
438 100
130 139
473 256
248 109
1 203
367 319
483 162
232 328
286 82
84 51
304 78
184 182
243 167
101 113
292 151
103 386
25 82
339 233
342 498
201 439
110 343
358 420
248 94
28 90
493 387
465 112
295 150
317 2
467 390
41 418
156 259
341 145
230 181
179 32
324 425
268 233
5 434
28 478
420 106
493 408
21 266
416 310
164 168
58 233
4 483
242 452
449 160
194 436
468 31
456 225
310 144
79 77
55 316
274 459
368 328
94 119
429 241
261 10
95 446
429 319
123 451
464 24
460 424
456 158
383 280
425 412
341 194
362 356
315 397
77 136
255 35
276 171
181 36
482 389
61 276
80 264
288 184
461 44
202 248
380 417
181 437
131 305
161 23
272 345
481 329
216 349
372 88
125 345
234 53
181 459
223 295
332 261
157 11
111 293
210 359
297 344
149 391
266 280
478 163
344 38
239 459
48 60
405 111
16 25
484 140
287 50
311 208
71 119
412 321
180 35
379 122
366 329
462 380
395 484
375 440
251 239
300 114
78 151
176 57
49 94
144 161
221 337
308 308
129 144
31 221
195 161
491 410
143 413
398 305
245 38
278 273
387 348
0 430
339 317
412 176
189 389
78 408
216 410
407 386
459 197
359 438
201 155
68 202
7 344
382 318
91 104
452 12
294 331
148 304
481 134
375 412
321 22
285 453
191 389
439 192
130 3
158 298
352 331
27 78
249 211
167 410
274 340
23 471
276 69
203 24
288 109
131 430
235 461
351 416
108 426
429 290
440 91
274 439
370 144
355 302
64 119
311 374
345 190
259 187
63 121
82 314
244 351
313 214
482 479
258 16
158 443
386 39
331 98
94 160
314 201
172 301
175 230
421 335
22 20
494 180
347 437
289 76
142 91
423 454
470 125
68 33
72 128
78 454
466 403
456 172
473 281
11 480
316 0
20 432
465 190
128 14
91 312
255 269
223 233
210 30
63 193
173 278
84 136
391 251
275 403
184 348
328 100
100 47
332 496
187 120
487 149
313 167
288 430
163 68
451 11
56 226
356 14
2 229
480 441
344 394
94 107
207 380
279 274
123 307
279 111
260 162
181 266
196 73
494 469
480 212
290 445
311 36
265 146
439 314
60 97
56 135
15 6
132 263
422 295
258 255
269 53
172 371
296 450
419 368
432 290
87 399
287 222
221 251
417 404
353 160
296 477
335 409
24 163
310 319
427 298
352 421
292 196
147 24
244 88
231 418
170 29
103 318
421 457
214 324
337 338
167 67
329 133
148 2
174 353
152 311
232 101
149 356
380 376
464 148
67 476
5 195
366 237
46 109
285 287
478 260
328 122
107 145
148 9
362 108
419 174
275 366
74 3
379 424
73 306
283 343
391 492
81 140
101 109
248 127
388 387
361 226
372 68
77 469
77 372
46 291
10 348
351 173
97 84
243 82
425 22
366 26
18 168
129 447
75 120
7 378
456 315
235 368
189 180
52 312
455 118
318 450
123 317
254 169
251 73
95 497
375 29
49 462
261 393
13 179
409 336
151 372
241 217
398 386
50 282
401 450
253 358
175 219
241 376
449 281
278 344
225 397
211 5
399 275
306 472
161 264
137 67
284 312
51 230
12 182
485 453
311 265
337 238
466 339
120 78
274 416
165 251
256 0
275 228
200 7
272 433
0 213
26 261
491 284
319 429
382 355
473 156
394 46
385 310
240 360
128 357
108 14
14 145
373 217
224 141
74 426
139 348
461 426
63 17
446 304
160 234
390 181
227 485
295 284
496 464
321 35
49 477
122 282
499 416
57 496
274 75
276 484
262 413
283 89
394 325
59 229
262 406
391 449
85 341
305 186
73 82
59 479
261 474
390 181
29 112
39 300
136 155
69 315
257 398
224 352
433 151
57 135
85 48
389 300
486 22
104 195
26 411
385 15
49 287
251 128
428 430
86 290
458 64
314 155
359 215
366 38
174 144
192 275
75 111
133 434
481 413
324 90
105 7
146 61
41 154
437 397
39 321
237 23
178 497
64 52
90 389
385 282
57 116
79 430
364 484
397 65
155 345
204 73
487 112
119 350
247 28
202 56
79 138
136 439
491 109
350 52
335 434
402 235
165 244
229 334
399 381
78 478
404 406
370 282
132 243
123 341
397 231
370 325
265 328
289 358
410 108
42 139
227 97
342 297
131 392
126 423
253 382
288 204
487 9
252 10
352 471
55 376
53 249
430 425
135 170
279 219
359 397
495 173
470 438
330 189
112 101
483 308
13 217
227 123
134 352
323 479
207 486
87 378
155 113
283 17
89 290
188 62
236 300
238 35
224 206
160 420
229 336
53 143
267 94
446 132
112 401
239 269
0 171
284 326
196 155
298 68
482 285
437 338
373 70
129 175
447 97
285 289
284 176
270 190
323 403
156 216
338 435
458 395
74 338
345 243
163 122
259 495
333 497
420 196
223 206
155 49
190 170
347 440
131 326
82 469
38 306
93 238
486 376
66 51
146 412
34 263
259 161
159 293
341 444
3 431
332 64
234 158
99 374
200 433
255 82
388 282
373 293
21 481
384 359
271 439
54 31
192 157
450 165
110 203
134 291
207 113
123 466
340 293
79 222
156 393
27 334
479 396
377 400
111 352
143 262
145 234
391 197
363 337
393 193
484 325
290 379
346 43
337 413
488 38
283 416
250 496
393 311
63 81
433 122
236 27
261 76
125 381
71 5
198 340
165 464
343 35
78 307
221 41
432 415
331 61
57 215
378 433
14 450
425 294
173 299
227 161
43 286
291 353
193 114
430 490
25 211
18 125
19 103
371 91
152 451
18 202
488 62
364 249
395 354
154 289
451 68
354 381
86 494
460 498
340 280
491 242
219 365
320 361
453 238
41 191
246 457
19 412
161 234
440 384
25 408
328 94
328 476
322 34
32 414
46 134
376 372
89 389
251 96
186 262
305 204
161 228
140 51
137 33
269 153
413 78
24 294
123 241
275 204
119 445
80 160
32 17
407 308
256 122
236 158
214 443
23 41
93 375
260 15
168 82
12 29
176 81
174 389
93 299
244 449
109 64
82 176
337 494
468 489
499 445
388 204
245 213
440 263
278 190
125 201
82 446
379 137
26 258
57 53
355 472
36 154
182 316
310 118
459 19
465 278
482 458
23 205
469 80
270 464
17 247
46 395
385 99
210 277
331 263
235 267
421 38
354 272
242 456
475 17
295 202
12 292
498 130
62 388
204 319
418 184
432 221
172 316
94 317
80 382
150 277
315 168
440 423
231 21
38 182
236 207
351 186
168 101
489 201
20 230
266 193
266 291
107 198
15 438
173 201
330 448
116 323
98 145
19 408
442 330
389 409
95 31
132 92
294 115
197 473
18 166
457 464
162 284
74 417
470 178
478 247
422 301
298 446
354 373
55 317
79 296
327 296
388 174
142 311
136 182
201 339
303 154
290 158
427 466
496 217
464 398
199 474
272 239
112 349
167 126
274 19
315 246
272 102
265 55
238 414
106 402
408 439
449 409
227 199
416 377
127 223
49 232
471 326
27 321
299 435
454 194
292 74
28 121
177 417
183 293
47 267
58 289
51 456
155 7
236 278
354 423
155 363
41 255
429 479
414 69
115 228
154 221
342 260
29 182
328 19
138 64
354 227
183 196
56 257
35 190
465 292
8 389
497 121
452 401
322 426
154 366
87 290
402 309
343 282
153 283
347 171
399 292
488 53
310 434
477 44
189 346
87 442
63 49
302 84
10 367
234 477
119 17
326 173
307 373
156 21
45 461
105 3
57 296
230 93
490 367
65 207
150 31
432 5
441 65
433 86
415 304
321 19
44 34
407 499
20 352
165 415
419 65
361 270
363 328
47 444
151 205
88 465
470 153
71 372
459 411
215 356
375 226
261 388
387 271
123 20
436 260
325 288
58 207
35 39
483 274
331 434
399 486
140 272
144 221
133 63
419 455
182 200
89 146
417 295
167 328
88 393
181 455
162 266
305 92
218 49
484 140
126 49
173 383
105 118
181 318
125 90
142 452
98 159
454 83
412 16
409 474
429 352
118 442
386 92
493 275
415 104
6 477
213 394
12 179
497 170
112 46
350 475
134 254
338 449
317 441
415 102
454 78
372 196
140 425
200 259
363 134
463 116
10 369
49 176
198 374
272 398
373 310
417 123
424 8
301 255
209 241
171 216
264 15
440 43
302 405
39 141
109 18
387 2
31 471
197 288
39 229
40 470
93 412
272 457
64 17
110 425
493 125
140 281
324 258
163 81
74 479
497 202
56 183
6 236
377 87
169 203
173 416
180 61
18 118
487 305
230 434
59 449
230 224
482 51
484 407
238 145
199 58
93 87
323 255
195 99
155 200
468 364
425 180
151 149
454 295
81 138
440 184
408 492
395 170
429 242
387 380
438 19
106 438
46 384
335 282
482 241
457 490
171 303
452 234
381 174
164 258
442 314
158 104
127 203
297 53
433 56
428 37
475 372
256 34
316 21
114 443
434 151
454 71
157 457
131 258
16 390
204 295
252 310
365 362
416 379
287 163
200 349
73 215
250 27
49 181
125 418
69 163
87 411
220 375
133 96
487 351
498 1
312 43
406 250
481 29
192 174
375 269
484 244
272 301
482 86
5 173
336 459
370 426
302 275
224 90
293 287
289 211
254 144
246 453
482 12
38 228
349 27
271 414
215 333
272 395
68 49
9 129
55 405
32 231
174 209
349 256
319 319
315 490
443 426
290 62
142 277
304 329
95 491
176 76
471 310
211 448
77 40
297 72
156 485
46 181
290 182
1 395
237 109
387 317
231 180
458 178
359 225
216 114
42 454
116 244
193 366
258 327
252 122
459 55
88 408
90 358
105 378
340 443
112 343
23 79
257 195
420 333
300 116
422 488
233 342
208 38
218 278
252 466
373 470
378 212
70 314
192 320
115 175
370 384
464 228
423 246
79 73
42 196
184 231
74 464
355 417
195 282
101 73
395 448
12 474
288 125
445 434
461 333
69 60
140 332
78 385
311 416
112 9
241 353
169 296
214 315
449 376
449 261
209 402
377 196
321 73
7 17
202 266
179 321
153 272
9 171
87 83
444 320
25 199
496 185
352 195
71 210
323 154
56 373
421 33
458 285
303 243
361 318
139 357
481 40
64 144
79 491
311 151
351 23
61 337
384 347
409 413
419 307
32 232
117 476
113 454
197 76
246 268
126 58
451 385
381 107
98 15
166 460
483 410
99 369
216 396
162 483
290 477
210 81
409 323
129 179
107 23
291 326
236 353
90 269
377 187
202 471
431 327
89 221
90 267
15 188
23 159
136 177
259 166
341 198
230 20
395 470
296 337
191 39
308 32
72 281
105 37
365 126
347 36
155 454
495 290
301 23
200 18
36 437
488 311
332 377
347 218
407 79
118 495
380 98
232 427
316 452
78 337
225 181
488 278
420 233
256 483
353 221
10 456
120 390
267 350
420 452
383 467
462 328
426 2
281 194
146 10
347 97
131 77
207 425
158 119
454 479
200 266
74 159
49 62
413 194
498 169
488 333
161 382
384 302
497 440
302 17
114 495
424 2
427 245
216 483
462 437
203 170
330 162
77 277
472 231
252 490
175 470
204 240
43 337
129 88
105 392
387 431
433 72
169 164
147 360
149 386
408 110
124 204
482 90
174 201
43 306
128 426
19 219
56 333
273 414
306 37
468 231
303 45
209 402
114 324
62 357
319 116
320 471
413 443
497 154
312 439
218 40
259 441
126 237
151 167
204 251
482 309
206 25
279 137
462 416
125 393
9 24
347 296
239 182
336 113
52 236
129 149
442 270
359 388
408 420
171 362
171 464
489 6
143 230
146 268
162 457
334 123
419 23
57 33
146 10
99 394
43 51
173 228
468 337
257 33
395 228
193 428
434 419
149 182
451 430
239 147
122 465
340 73
459 393
255 398
144 457
8 354
434 187
376 34
67 255
483 133
413 314
85 28
211 200
130 86
85 14
479 369
295 59
452 171
69 254
211 208
414 213
252 72
106 201
308 128
113 25
191 291
172 27
227 129
67 383
397 209
430 153
64 228
399 77
183 17
77 469
34 247
171 343
396 287
267 277
154 204
348 233
112 197
326 20
403 191
400 246
399 152
380 182
260 463
332 279
248 295
42 261
457 135
274 213
342 353
58 41
126 348
46 258
278 238
429 224
470 33
185 181
364 221
37 65
344 476
271 221
335 445
80 166
379 292
497 206
247 74
422 55
165 226
464 320
397 443
476 394
75 219
441 161
226 291
267 330
51 423
220 391
57 386
30 152
358 288
362 28
435 457
183 137
309 101
396 148
394 206
426 373
34 469
261 219
49 113
388 380
271 100
339 108
112 180
469 221
101 470
427 183
172 389
490 463
111 482
188 386
111 5
326 466
185 498
111 439
320 234
187 351
311 91
124 378
451 423
245 93
128 53
442 24
487 301
135 284
22 450
307 175
142 134
132 134
425 327
414 95
298 245
189 453
183 109
384 313
258 134
39 129
5 238
39 481
265 493
295 174
202 140
274 103
89 344
23 258
205 14
112 289
242 3
464 301
466 425
412 348
329 76
314 451
433 186
179 206
232 50
42 475
430 434
278 316
426 19
385 154
443 131
486 497
150 186
463 450
150 468
44 375
179 331
370 359
417 464
14 49
376 149
84 409
225 158
29 214
368 4
487 415
264 312
498 326
276 415
383 313
41 279
462 280
139 220
184 332
234 56
57 50
459 462
473 141
356 37
41 2
417 224
36 380
206 34
449 386
52 335
466 184
464 93
313 428
113 455
363 497
399 199
13 421
62 359
396 486
489 270
347 289
169 258
292 235
474 376
63 93
278 26
119 29
309 94
50 284
281 274
473 265
186 32
391 487
325 101
223 139
428 166
425 70
306 450
178 69
163 280
306 241
270 293
239 277
61 79
354 141
407 194
226 179
18 445
46 470
109 344
10 270
192 390
340 287
357 350
130 18
111 372
17 288
417 381
312 108
250 478
172 18
198 157
102 251
221 68
264 1
123 330
220 127
414 315
166 412
282 123
347 148
289 393
126 216
325 206
185 291
161 75
84 209
460 211
280 38
39 181
364 44
171 14
330 436
349 438
413 348
496 483
229 261
477 137
344 207
498 154
229 29
238 160
223 165
204 199
232 3
400 95
110 96
33 423
361 292
492 234
217 275
388 488
478 298
6 217
372 322
351 4
16 453
119 441
492 240
95 175
270 225
173 347
271 232
376 58
144 484
111 368
209 362
160 499
69 187
9 18
375 441
246 212
153 391
483 365
392 498
223 431
278 15
247 248
307 49
386 124
492 451
165 497
497 53
240 178
196 66
359 249
461 423
315 105
323 467
465 150
433 67
82 40
288 212
113 330
306 447
251 499
497 150
204 268
298 346
264 444
46 347
270 475
432 7
326 437
88 107
175 291
331 373
85 257
439 472
419 51
402 245
396 22
291 399
97 100
396 89
436 361
188 442
302 207
144 121
228 128
420 84
458 403
13 251
75 395
298 452
198 495
17 201
452 446
398 160
102 402
263 294
237 390
97 304
425 391
19 94
30 5
409 439
43 340
88 422
374 470
465 386
439 424
370 335
347 244
146 268
415 449
340 261
65 4
395 289
235 490
496 414
206 266
458 257
31 101
71 398
137 257
182 389
76 76
320 404
25 423
373 318
80 440
444 65
354 145
488 339
253 90
208 336
93 311
264 18
417 124
233 336
77 54
482 415
172 153
76 155
473 197
137 301
366 53
51 81
420 73
15 39
375 25
189 75
93 320
296 453
141 362
268 29
297 218
223 251
258 469
166 300
453 231
137 155
236 172
97 188
79 8
385 112
39 454
126 426
380 132
347 422
451 373
92 115
218 248
69 167
319 476
208 87
242 273
297 197
385 330
190 394
358 464
270 76
2 397
381 248
170 234
108 228
344 473
222 52
219 414
391 143
231 39
164 99
296 325
156 461
207 33
349 346
274 65
462 471
219 277
363 343
424 389
362 323
375 120
34 436
432 447
338 425
376 163
488 354
315 172
57 496
343 374
439 406
377 469
98 401
96 448
189 462
285 20
140 404
192 13
312 27
452 124
139 150
4 329
353 480
476 171
45 411
169 171
141 336
89 47
347 239
53 185
58 37
293 191
204 50
77 485
110 16
18 30
211 249
229 374
45 64
475 206
229 442
278 145
44 222
462 367
404 243
132 367
58 462
365 425
411 114
482 442
324 21
122 352
226 35
452 352
410 123
65 279
276 491
214 195
414 172
416 28
395 319
133 48
326 306
272 498
441 237
110 255
459 117
5 232
436 186
161 457
236 346
190 79
274 365
37 404
432 189
360 305
206 327
485 493
492 32
269 258
365 285
402 379
111 324
362 407
216 48
246 24
103 305
170 436
340 229
270 59
365 124
452 130
476 71
103 437
47 320
105 372
103 412
89 359
119 214
114 451
327 335
492 213
1 282
364 162
74 194
318 134
117 439
10 270
60 445
265 465
337 107
372 370
81 292
6 461
264 200
388 473
38 92
374 380
395 39
233 238
225 469
260 52
174 194
139 270
235 234
194 404
126 424
216 66
379 207
260 74
399 143
235 0
232 437
477 462
52 479
448 210
114 129
323 208
330 289
375 462
218 417
193 69
487 344
404 261
336 218
362 16
368 235
25 449
263 100
80 2
64 168
297 380
441 179
320 473
287 271
41 195
117 6
202 234
496 104
175 458
326 184
271 389
338 194
147 296
150 454
122 227
459 67
246 271
244 400
24 66
113 384
242 65
151 230
187 444
255 499
183 362
251 433
128 307
103 441
395 127
354 106
173 369
141 313
66 271
189 237
473 90
155 302
385 215
12 158
158 72
286 267
52 341
148 37
330 180
159 104
62 226
447 13
179 235
6 440
30 245
187 47
349 3
219 194
352 234
158 231
350 10
204 444
333 402
435 352
308 164
242 94
460 370
457 41
482 491
88 315
362 12
367 275
469 64
150 86
169 321
332 309
105 371
126 388
240 439
455 413
7 401
123 197
238 319
310 433
248 72
84 250
25 463
27 304
390 346
168 29
190 412
283 352
240 296
87 261
174 332
85 42
91 34
353 209
142 181
254 16
266 242
205 190
494 292
138 84
114 237
1 158
362 304
452 136
398 102
287 39
81 72
106 372
433 24
58 312
328 427
22 312
354 94
238 227
312 201
290 229
387 278
82 291
427 102
56 35
426 325
250 343
68 360
384 208
20 353
281 442
106 348
295 303
382 313
366 33
114 46
324 156
447 2
456 259
146 226
404 12
356 72
284 154
362 276
129 21
315 235
83 262
417 422
87 378
264 152
198 453
109 378
232 23
134 408
134 188
53 280
204 38
44 409
37 341
362 259
494 166
281 177
451 429
160 198
350 38
491 424
154 401
276 452
360 239
279 410
42 347
237 332
93 98
439 134
393 130
149 301
479 239
168 430
480 430
321 328
104 183
84 164
117 111
350 360
270 329
28 481
314 164
262 266
400 407
390 54
355 145
384 39
321 186
469 52
233 301
484 290
454 189
300 68
428 423
253 2
484 50
214 133
399 298
57 329
235 151
148 447
338 442
129 32
437 159
313 450
240 22
211 297
218 46
470 12
14 146
49 75
208 498
148 115
296 460
463 206
5 31
474 112
496 196
355 455
405 285
307 168
318 497
43 19
383 36
34 365
292 397
248 83
51 353
165 248
306 347
379 480
92 164
360 205
160 441
226 215
236 65
62 386
405 406
442 457
175 288
37 476
412 467
320 137
238 463
162 337
318 44
208 393
98 262
203 68
136 110
27 282
168 224
130 89
399 425
65 72
400 74
393 454
444 164
479 66
403 182
226 142
387 221
336 287
207 486
448 39
173 343
67 476
417 193
470 49
121 316
242 35
342 374
38 136
202 286
320 18
12 105
179 398
185 399
237 15
406 393
88 186
162 432
125 8
57 79
396 448
335 31
405 490
126 177
315 295
313 328
286 135
34 325
225 317
184 71
316 462
0 90
374 405
413 162
94 0
300 470
1 342
332 135
313 258
54 459
139 128
116 219
45 425
94 2
73 122
436 278
221 390
295 437
99 95
447 60
30 193
35 247
383 384
494 368
179 48
28 48
268 318
96 144
146 165
287 190
321 72
462 75
12 42
489 109
169 464
157 289
388 51
287 45
265 123
171 282
182 444
114 52
196 302
319 210
253 195
119 458
34 74
468 81
42 46
10 309
98 211
114 20
417 487
462 402
36 182
478 134
186 70
225 92
303 234
281 44
3 56
482 400
333 389
287 450
111 375
438 150
22 210
49 53
455 439
473 11
497 343
413 451
395 35
122 490
35 50
106 255
8 390
131 440
242 341
69 418
68 354
416 7
412 90
381 465
328 219
62 354
157 178
213 328
318 53
103 187
443 205
95 62
2 451
144 78
497 97
451 213
73 417
360 367
184 485
205 241
96 364
42 119
299 105
158 108
295 118
323 114
176 238
41 271
201 30
127 186
251 198
116 430
149 324
162 328
69 333
50 219
338 17
123 92
52 138
108 133
99 348
438 283
406 275
158 332
18 108
306 137
68 121
298 274
454 217
403 460
179 24
41 453
397 369
7 16
2 302
150 467
251 101
229 440
124 157
117 387
376 494
116 276
402 296
366 414
226 357
381 269
74 405
126 274
143 323
125 486
453 145
98 127
420 204
214 327
66 44
39 183
459 443
239 7
421 362
219 105
226 147
404 452
78 152
476 30
16 221
218 453
433 322
378 317
144 353
249 92
128 63
6 288
147 87
301 97
55 68
67 20
324 133
286 323
206 403
476 114
67 74
396 195
12 0
205 275
219 8
71 455
95 347
435 429
379 243
163 236
109 434
67 83
406 433
188 353
319 464
39 165
360 239
239 435
210 224
84 297
252 430
277 156
437 199
442 64
153 316
250 458
41 262
47 170
375 299
116 88
253 195
434 155
90 113
189 25
322 153
435 273
281 426
126 64
129 219
35 420
230 134
248 138
160 271
423 147
235 35
82 39
46 488
453 16
394 488
141 142
268 216
495 76
493 49
120 473
393 474
108 156
146 124
247 356
3 306
193 22
413 239
79 276
292 459
448 33
27 38
107 89
18 295
197 102
75 363
337 317
325 320
296 297
153 471
129 396
418 8
99 323
451 184
143 31
64 95
134 91
33 443
91 241
195 403
266 288
457 122
442 103
400 283
106 91
339 405
265 88
263 109
293 217
248 214
309 437
380 164
107 443
184 413
316 50
338 231
353 82
37 148
431 148
239 437
194 389
477 430
39 460
177 240
454 333
122 425
441 264
59 2
416 48
99 96
327 84
167 289
289 181
329 56
346 72
462 420
350 40
352 291
32 389
74 29
306 338
454 196
199 247
148 14
462 467
51 99
240 289
470 70
479 30
454 151
71 325
365 416
208 273
15 218
99 92
282 89
138 258
357 237
103 189
156 357
456 65
206 59
482 49
431 177
180 461
286 385
154 104
377 3
73 214
306 392
482 173
283 88
177 472
161 140
498 132
197 169
80 306
207 404
433 62
375 490
228 465
69 13
369 382
96 447
339 442
467 254
194 173
145 102
243 224
356 158
327 93
251 54
310 408
322 311
301 95
60 50
415 381
263 130
429 284
79 211
317 268
294 46
149 364
88 439
98 244
189 444
350 277
185 292
103 12
107 360
262 257
138 20
150 177
314 254
317 79
199 393
291 135
351 493
285 292
388 439
235 235
12 77
370 86
98 50
262 325
82 58
78 24
201 73
327 80
11 15
260 144
131 210
56 52
344 482
273 341
428 85
162 9
95 440
342 384
210 45
103 104
128 144
217 33
113 182
49 396
393 476
187 310
214 24
359 95
288 410
495 132
141 216
8 158
394 88
486 351
455 456
101 89
475 436
470 170
67 440
417 19
181 312
188 456
51 395
306 47
32 339
55 301
311 25
114 415
266 206
162 100
41 74
10 115
286 368
309 480
351 205
17 226
182 33
428 57
105 85
424 234
388 489
14 331
246 199
405 480
432 365
439 420
35 326
194 449
281 173
378 355
433 132
165 247
305 467
52 94
180 262
251 328
159 68
268 117
450 258
123 25
297 382
60 62
363 333
6 107
314 144
128 237
336 248
215 294
240 141
255 120
448 420
489 358
476 460
70 109
486 278
12 45
107 284
469 73
32 322
318 327
416 346
446 446
92 253
246 14
134 332
253 2
360 434
394 94
55 188
466 316
361 41
177 479
404 320
494 146
326 288
134 312
259 242
495 81
95 351
36 242
96 81
15 289
235 456
497 262
78 290
331 463
294 292
112 361
7 50
338 107
271 185
428 325
258 382
86 275
369 205
286 122
263 465
274 301
415 498
288 271
86 346
138 471
332 233
283 102
61 192
377 474
299 333
67 305
433 409
114 153
275 302
120 400
53 390
388 246
17 469
167 176
148 455
188 305
259 332
24 324
298 321
6 402
59 449
358 73
79 492
147 472
224 354
245 119
365 277
98 485
162 234
189 265
422 162
494 378
54 182
355 371
273 204
153 361
286 332
177 363
187 365
72 176
295 411
40 169
154 12
246 139
256 168
182 287
165 179
361 29
400 71
275 68
429 25
357 280
143 67
433 386
62 330
93 357
26 209
73 134
273 32
53 319
107 29
60 235
116 124
196 273
341 368
393 323
104 270
190 103
489 247
430 123
332 404
465 23
157 358
242 39
210 282
164 295
383 317
294 224
498 499
368 342
165 339
462 113
216 269
369 152
127 58
462 299
322 459
317 279
318 332
114 411
207 29
198 278
3 90
441 344
186 1
192 161
275 204
473 154
306 491
401 194
493 285
244 215
495 168
0 413
325 165
46 114
393 32
474 97
441 248
101 267
429 480
184 293
300 204
47 9
204 458
244 449
16 49
217 488
402 11
177 217
184 79
463 75
172 429
177 437
204 114
94 130
275 485
189 130
491 75
34 89
390 195
97 130
118 406
270 314
384 372
303 299
374 68
497 266
55 47
13 26
8 112
97 459
89 283
211 139
80 80
128 97
227 470
228 225
391 197
422 350
149 275
343 225
492 376
423 192
70 47
159 288
247 78
214 109
248 188
120 425
22 328
150 248
325 249
446 378
229 217
492 368
446 230
106 188
232 438
485 381
169 303
233 497
106 268
456 447
224 206
34 77
177 246
347 184
414 355
72 146
366 495
226 416
456 312
250 184
66 189
344 88
437 87
356 429
229 43
101 164
93 453
200 135
171 271
478 47
45 85
433 402
170 412
224 159
195 127
168 327
415 261
349 364
293 352
247 57
221 22
328 348
335 315
438 28
427 358
295 416
318 473
385 228
239 488
467 461
288 435
196 487
351 55
259 397
454 497
371 358
206 176
343 199
79 393
251 281
49 7
332 47
275 219
59 69
30 367
302 27
366 171
226 350
248 70
67 486
344 202
230 290
490 403
148 73
206 69
428 400
299 107
326 260
329 74
293 386
265 212
383 95