4200
186 259
472 185
142 181
469 344
119 125
28 329
446 69
228 225
110 185
59 6
123 449
144 317
111 85
191 99
470 411
170 404
89 156
190 142
338 231
357 11
340 457
379 237
314 138
176 459
465 276
225 235
53 440
378 369
320 16
427 69
473 290
299 97
91 415
146 489
0 281
91 355
444 192
183 470
281 258
386 359
446 246
39 111
480 499
15 417
486 301
443 294
391 311
226 94
83 334
116 225
80 435
480 207
29 377
487 163
374 310
408 374
485 320
172 447
216 318
471 39
334 54
218 266
361 77
412 444
21 444
232 380
87 454
331 212
227 468
278 170
44 453
125 186
486 382
200 297
189 54
109 23
289 375
304 327
123 150
447 216
96 145
99 179
243 35
3 282
452 470
423 133
172 349
231 400
198 158
64 283
158 239
466 173
352 447
98 270
339 328
325 45
76 287
323 276
58 319
141 178
312 362
211 416
316 484
494 294
429 366
105 58
84 87
35 423
194 288
468 485
30 33
172 293
69 458
277 347
26 127
342 270
186 190
174 405
200 2
221 20
430 481
421 178
102 14
155 456
293 296
181 123
417 175
133 205
53 486
466 262
32 431
121 160
65 218
72 147
167 117
99 293
324 97
464 20
328 426
74 119
94 121
296 107
312 11
350 281
43 217
148 168
180 75
293 269
416 245
363 217
363 435
385 314
334 187
465 201
320 14
487 39
498 266
130 283
64 310
28 480
0 459
34 176
298 180
425 179
396 66
2 140
454 111
298 239
440 140
154 263
154 112
378 141
276 152
315 8
340 192
151 343
371 192
372 37
216 21
88 150
142 465
76 442
33 449
89 227
342 473
437 96
89 497
149 167
176 218
262 316
11 368
61 414
451 235
256 285
287 20
485 196
490 282
231 61
288 23
348 320
268 131
480 285
453 210
428 481
298 481
201 190
456 309
44 262
400 408
428 153
349 39
321 265
326 340
215 52
225 467
450 64
201 493
203 430
411 154
487 483
174 61
371 189
303 130
390 267
420 203
243 170
435 270
462 416
469 114
81 29
93 194
39 31
313 295
301 95
78 224
286 141
330 252
235 9
276 485
41 477
0 197
319 284
200 287
401 133
162 21
67 334
217 108
255 107
202 30
107 408
49 132
237 245
106 231
217 472
301 382
431 258
394 301
441 102
87 446
320 342
29 250
358 387
494 98
481 465
373 48
181 440
185 423
6 418
242 143
377 75
185 43
197 309
263 431
378 138
332 351
453 198
85 213
312 163
128 432
480 293
233 1
276 13
431 270
413 135
210 173
69 290
451 396
327 266
256 67
418 57
107 88
302 371
34 45
477 466
111 14
15 309
323 196
466 144
279 254
280 231
373 489
237 349
467 177
244 417
474 223
163 14
237 82
127 317
283 123
137 456
117 394
442 4
148 440
47 408
491 427
269 179
28 217
246 6
423 347
70 342
356 250
184 233
51 445
68 163
119 186
433 57
61 236
29 375
136 210
489 428
107 479
196 258
117 487
334 294
136 392
494 404
489 492
289 178
341 392
79 357
414 312
401 12
387 328
390 430
358 375
355 379
490 317
304 51
346 459
203 138
394 334
327 198
376 235
128 468
326 218
382 59
71 92
272 283
213 310
186 162
394 423
240 41
444 236
195 44
34 142
477 398
96 280
16 156
124 325
395 144
203 302
247 277
61 126
288 19
182 126
402 326
219 428
164 142
39 16
10 211
109 425
206 487
495 58
235 222
218 472
274 130
407 273
251 21
393 320
447 391
70 427
355 349
343 289
157 19
230 234
12 168
7 191
101 218
292 3
475 336
466 362
487 101
475 374
46 238
481 368
147 493
194 51
193 2
21 390
476 350
370 103
294 488
206 378
381 396
84 350
212 208
161 51
277 199
289 136
356 323
169 271
322 3
357 215
457 367
218 378
333 434
422 88
318 480
228 481
331 51
259 312
363 396
95 421
409 492
168 237
8 118
473 337
404 182
50 331
61 362
296 120
60 395
375 70
51 379
430 455
267 383
279 42
315 483
475 226
463 76
194 143
332 471
6 20
351 237
451 408
380 412
307 247
317 440
171 34
489 369
104 454
348 109
92 235
461 163
239 67
63 425
248 286
306 395
484 106
14 157
421 435
34 394
187 81
467 204
73 210
164 457
418 29
264 12
27 10
429 77
2 119
257 492
240 103
209 63
72 76
12 76
470 345
426 46
250 9
220 394
203 175
56 384
249 121
483 172
250 276
247 412
257 104
59 4
419 497
73 269
345 491
337 437
336 167
177 115
361 438
466 397
133 64
37 22
47 234
363 20
285 297
253 110
115 42
391 313
82 34
378 316
254 279
298 67
182 442
380 327
224 396
460 198
221 210
444 350
222 120
417 307
270 7
49 170
483 385
271 440
109 417
48 1
68 363
305 347
174 103
499 37
236 251
313 311
13 309
429 257
417 236
95 198
368 187
424 145
437 204
473 47
49 46
261 22
221 117
72 418
308 247
498 423
235 44
205 311
421 248
336 134
184 338
377 432
429 52
108 301
348 218
117 82
456 249
367 230
149 177
276 291
215 457
353 275
438 450
50 58
44 211
401 239
23 228
132 278
431 452
22 93
175 132
381 491
222 483
12 100
392 223
32 288
415 107
409 237
295 354
417 311
50 191
271 319
449 73
377 403
496 381
365 252
243 23
358 246
199 465
40 370
159 91
50 72
309 74
428 311
122 456
147 198
17 25
450 270
26 466
199 328
80 374
250 416
163 175
141 108
479 362
305 181
106 138
212 355
166 415
224 493
191 140
165 223
494 60
378 116
296 20
246 78
494 228
403 496
105 9
223 396
430 84
222 28
235 388
303 434
279 253
246 379
103 470
382 411
379 97
469 261
191 27
107 215
212 37
47 363
259 317
401 122
3 41
429 475
261 90
344 85
464 41
363 90
353 419
16 246
7 85
112 337
405 198
235 220
83 117
286 134
109 194
88 39
14 112
54 17
454 127
168 250
192 271
190 32
130 46
483 59
396 137
187 95
167 301
270 274
261 102
149 408
447 222
334 237
106 313
293 388
139 61
332 461
345 331
229 22
81 327
316 212
160 330
483 3
130 179
282 254
14 243
465 431
20 314
479 151
391 126
187 272
86 382
66 371
246 283
111 295
360 179
9 427
283 372
51 493
99 265
8 185
468 465
279 325
476 488
115 259
383 367
250 154
378 469
253 316
463 124
303 364
143 323
195 165
10 426
191 99
284 461
426 51
376 253
93 58
317 352
72 60
67 200
22 322
490 445
421 275
491 453
129 76
241 134
413 176
275 103
64 104
8 60
165 343
401 384
89 258
319 70
122 13
187 238
183 144
419 177
482 104
32 262
397 111
288 274
229 310
266 63
475 146
489 274
11 492
103 242
312 452
317 274
12 434
431 4
181 195
151 202
465 163
275 183
309 362
24 415
330 39
185 290
417 158
150 26
268 280
84 253
27 432
218 401
405 39
86 149
352 438
101 237
273 317
31 228
495 434
473 55
197 326
484 10
388 466
98 486
92 8
440 34
287 119
11 159
308 44
482 449
39 160
329 436
164 312
246 212
267 12
338 72
434 317
135 174
12 323
331 86
120 104
76 272
283 260
304 87
388 91
104 287
223 427
239 285
498 239
251 338
410 117
286 441
115 344
167 422
8 128
84 351
475 480
240 160
99 258
201 45
184 488
415 157
443 407
146 7
345 441
410 250
191 255
451 197
119 159
139 471
322 479
311 223
236 297
407 52
449 335
175 108
266 133
40 443
450 209
2 38
140 295
402 412
109 332
491 205
176 80
411 130
205 350
499 223
275 441
277 406
15 76
209 304
247 133
194 101
491 197
344 196
460 132
316 98
304 422
354 307
289 332
183 266
489 494
436 182
89 116
192 65
369 456
441 401
354 469
166 135
183 345
477 363
461 143
417 293
452 117
450 272
38 241
88 133
315 379
495 376
293 256
64 187
440 14
483 5
140 294
139 2
365 323
319 469
262 178
296 88
360 67
160 98
231 250
129 100
476 398
7 124
163 121
136 71
429 103
397 471
473 421
245 37
6 190
221 416
4 120
187 17
467 217
467 200
300 198
448 449
425 129
250 455
379 441
44 386
358 160
81 442
331 183
374 178
94 189
161 95
464 451
168 201
401 283
481 487
288 201
330 281
89 214
155 81
319 468
480 51
345 29
213 61
240 176
217 439
386 186
137 379
80 202
485 157
145 481
34 318
99 433
499 217
150 188
8 6
410 321
351 340
402 255
284 416
207 142
180 1
232 445
147 318
475 312
145 484
154 472
258 32
249 253
294 109
116 251
72 154
495 378
133 275
43 249
243 417
271 250
195 423
241 3
168 194
30 69
393 165
197 184
290 151
261 298
49 436
442 229
107 474
249 437
38 92
362 293
395 281
205 133
488 443
489 298
219 156
322 20
56 113
264 371
22 346
134 377
458 423
397 77
14 65
158 499
144 405
186 372
5 39
334 243
42 345
2 324
196 113
226 176
399 252
451 343
72 421
345 85
162 31
448 94
93 29
434 458
330 89
129 472
216 335
181 315
139 110
223 35
63 187
292 302
145 314
236 243
180 69
100 433
27 343
224 49
7 473
62 10
482 190
25 43
359 198
308 58
445 350
38 32
334 360
175 330
425 331
252 263
196 105
300 205
254 75
48 376
386 113
303 463
6 369
67 181
91 217
68 376
260 389
249 458
140 446
129 276
39 65
22 381
86 87
163 175
51 192
158 63
26 438
159 313
346 33
102 226
454 290
179 170
480 66
12 280
409 120
37 141
375 448
388 412
87 313
6 51
466 490
280 16
329 493
378 439
18 28
318 480
3 472
39 349
481 483
456 403
397 390
191 493
405 272
437 79
482 344
335 295
311 448
293 115
407 493
21 171
4 425
397 191
40 7
490 288
192 373
264 298
292 89
213 455
34 49
394 150
446 368
168 81
48 109
454 462
485 455
380 327
18 489
496 130
418 410
284 339
137 462
51 400
355 281
331 116
267 241
109 77
158 65
26 129
91 206
162 481
160 77
66 394
24 179
441 415
254 443
405 77
477 243
25 309
425 332
425 356
285 44
461 386
16 443
149 340
321 107
184 163
58 481
12 103
18 82
377 306
383 124
219 135
444 361
45 244
452 369
266 323
209 237
32 79
419 225
333 34
197 92
426 369
324 107
190 438
96 194
170 419
54 480
193 390
486 498
220 90
413 439
28 338
417 123
200 61
95 337
429 33
255 144
252 207
146 431
126 294
213 94
426 296
38 120
118 119
62 25
316 190
380 327
450 344
257 298
487 151
36 352
349 268
476 143
75 101
395 474
68 201
349 460
80 495
466 388
265 51
93 28
356 81
277 474
124 158
161 35
387 111
231 198
193 236
189 207
181 268
321 436
249 250
97 23
263 181
84 63
444 28
109 178
4 300
310 238
273 480
91 472
22 13
101 322
382 215
336 291
227 63
165 157
180 328
10 114
178 295
323 94
124 122
274 284
23 128
108 84
408 296
309 51
226 430
146 263
54 108
23 334
491 133
462 41
155 24
319 472
418 185
307 495
131 43
171 433
18 154
303 132
35 426
209 464
227 261
221 207
41 133
267 97
490 384
260 81
405 145
183 432
427 323
366 490
276 58
65 390
374 146
424 220
184 409
23 133
340 264
397 96
193 233
118 16
449 35
181 378
310 354
30 364
206 89
0 248
138 334
480 417
137 364
274 405
38 173
437 149
245 231
316 187
55 291
326 434
165 5
211 359
75 327
417 241
342 282
468 269
186 332
197 449
354 323
496 471
120 244
327 286
325 217
8 144
430 380
237 335
194 95
423 449
42 270
404 192
461 384
217 372
173 499
322 414
237 379
124 170
456 209
426 303
299 133
14 435
270 230
325 251
52 316
438 100
144 95
331 194
67 457
456 400
314 92
472 278
301 403
112 448
251 109
243 391
326 51
133 257
360 448
116 458
411 413
360 55
249 407
365 43
444 168
261 173
304 110
14 85
33 105
214 478
369 136
187 309
66 47
495 320
131 279
44 112
19 394
153 256
299 120
289 18
44 95
206 402
339 348
305 72
402 372
8 19
329 272
171 48
220 247
378 167
131 351
97 274
30 2
122 251
121 182
277 263
17 165
365 335
259 356
228 170
42 162
286 89
137 223
322 457
476 357
61 53
327 459
461 158
261 210
392 84
199 235
252 21
209 217
73 118
140 468
130 154
243 182
405 268
226 232
89 80
133 202
162 2
13 460
170 475
59 274
361 414
436 259
328 114
232 145
113 401
55 372
55 96
364 150
382 312
244 442
497 324
326 377
190 11
486 339
466 360
127 398
9 327
441 63
60 337
90 173
398 25
473 146
148 305
469 338
132 31
355 214
91 129
140 181
373 133
494 127
25 339
166 121
36 386
223 460
485 96
473 313
311 383
40 447
137 460
491 10
76 269
399 346
379 19
153 39
18 252
443 147
120 395
281 110
422 8
104 4
170 407
143 429
376 481
441 183
193 365
135 284
482 121
141 34
425 362
466 294
441 296
191 410
372 413
421 473
329 294
53 377
306 351
333 196
380 35
400 126
411 425
47 387
273 393
107 188
482 199
347 74
336 275
40 38
363 208
354 461
190 45
396 407
104 348
383 81
208 484
261 136
23 471
364 160
348 297
348 324
250 182
309 195
85 86
294 349
162 301
346 148
407 352
53 242
176 11
347 288
424 384
355 461
121 300
449 71
395 322
4 297
344 145
83 166
15 429
230 229
229 30
234 428
23 137
148 287
76 199
83 348
309 352
152 290
361 430
252 101
250 109
106 109
275 94
376 190
419 142
24 458
387 149
286 259
398 410
109 286
134 474
179 192
482 295
226 331
285 195
304 330
439 387
334 411
101 66
61 210
168 372
373 85
196 55
465 11
298 95
421 426
118 284
80 100
284 452
0 158
488 421
308 304
67 280
346 494
204 20
393 259
197 373
280 266
130 245
192 98
24 428
64 114
66 495
299 144
302 202
475 299
104 143
423 136
130 23
44 121
381 335
60 437
55 430
175 192
290 185
465 368
334 167
162 30
26 252
307 461
113 181
324 282
418 217
92 247
220 401
88 136
425 101
31 0
192 333
370 59
427 335
354 336
218 261
365 16
329 96
277 172
455 442
11 453
52 225
478 104
240 273
374 66
66 18
351 258
317 111
298 221
409 96
209 152
20 127
224 74
247 349
144 353
307 54
131 155
111 359
132 110
176 204
222 359
469 95
58 73
146 286
234 208
360 56
35 443
17 232
81 259
465 116
22 77
85 124
483 154
264 196
400 468
179 292
239 474
399 148
286 149
357 46
102 20
463 69
301 137
249 332
301 235
312 66
190 323
329 397
446 25
493 445
238 198
173 172
320 329
479 424
470 106
478 188
258 424
414 293
126 59
294 15
81 279
454 459
208 123
148 284
229 154
353 142
166 319
1 378
302 339
297 480
20 125
401 276
69 278
338 315
182 47
178 484
295 115
238 133
269 4
10 387
381 350
170 215
93 399
238 23
355 248
225 36
312 375
154 126
294 233
133 344
180 328
444 311
444 476
332 34
273 213
64 342
58 154
406 86
461 3
103 144
180 316
191 328
307 344
430 197
41 453
281 63
374 74
50 225
112 171
384 234
76 385
392 300
238 486
490 298
442 199
15 445
126 475
171 59
108 433
386 453
16 150
224 19
97 243
414 126
360 209
94 150
303 288
275 486
136 41
93 117
62 431
258 460
19 40
473 429
235 128
130 211
231 103
346 206
332 180
389 112
263 44
332 483
322 66
459 107
76 310
241 52
13 491
31 499
281 384
364 357
68 16
119 494
52 151
331 318
430 384
280 72
56 45
463 113
72 230
40 423
327 1
492 134
133 340
77 23
380 266
134 441
288 301
452 254
424 340
77 136
208 354
400 357
322 116
198 363
138 247
248 91
225 466
158 240
115 210
477 235
29 496
149 111
217 317
157 453
89 141
348 86
444 150
118 248
463 118
365 169
260 102
420 465
57 337
399 78
166 173
21 228
340 195
364 170
123 409
403 373
460 65
67 251
351 256
374 185
354 166
268 92
409 466
303 40
119 467
492 55
283 137
184 365
35 475
385 48
273 10
427 140
391 233
341 494
32 94
260 68
160 238
205 381
421 421
240 360
267 392
381 232
449 51
26 65
465 336
347 411
51 239
472 126
121 294
240 314
234 5
243 1
234 394
167 300
13 7
400 408
492 280
331 133
199 442
278 210
121 164
255 477
104 25
171 228
394 77
434 412
265 128
374 29
330 499
358 393
301 195
327 110
244 294
88 11
221 443
459 366
196 194
71 215
295 152
229 243
7 41
169 163
192 124
475 395
288 374
421 333
444 442
88 249
112 188
483 176
394 333
379 294
361 90
242 451
46 156
197 323
338 405
29 218
465 383
257 356
189 106
48 31
132 485
25 136
312 244
429 8
155 58
1 308
259 16
173 95
419 305
210 222
293 257
492 91
447 258
216 102
133 489
474 264
252 265
9 0
360 416
475 290
98 15
384 476
71 358
15 57
131 342
452 78
169 276
387 444
46 469
458 103
368 179
296 284
284 120
37 157
447 497
364 364
340 46
256 248
157 263
106 271
349 289
417 410
354 371
340 304
408 401
432 298
434 128
248 81
238 71
68 137
353 186
84 432
33 193
309 340
111 190
331 267
177 313
184 249
53 383
284 376
26 313
441 69
150 460
31 42
179 240
426 99
384 33
78 10
350 269
459 239
6 314
127 143
244 35
419 163
39 297
111 55
476 65
25 404
446 126
367 57
8 126
11 145
8 244
13 441
181 210
24 325
320 39
427 3
18 64
361 346
253 57
474 324
229 230
208 352
261 175
153 75
73 269
366 16
458 81
291 231
408 491
382 168
23 228
292 161
7 42
451 6
330 113
343 426
278 411
439 51
479 39
160 444
461 52
485 378
110 271
114 276
296 18
247 348
10 320
362 391
397 369
482 165
91 80
491 177
229 221
260 282
227 208
112 273
151 40
163 97
225 261
132 277
477 22
194 231
122 487
209 408
73 372
452 43
221 165
386 443
78 450
10 499
272 157
197 122
71 423
37 360
489 296
170 21
104 466
306 364
124 226
98 367
410 198
215 402
346 131
81 453
452 276
433 443
65 76
352 130
342 488
285 241
262 331
149 307
24 366
444 307
174 148
346 395
297 85
216 413
367 495
271 150
93 319
248 56
186 11
499 100
341 380
63 136
296 455
321 213
20 320
468 117
12 47
132 167
80 162
157 348
350 447
119 281
337 296
159 367
319 376
256 10
147 160
467 320
385 443
115 288
257 257
304 83
250 122
284 436
137 183
130 293
74 487
135 101
468 412
140 294
305 139
299 396
68 304
247 266
406 453
211 362
297 16
138 15
304 400
83 422
215 441
280 213
315 142
406 416
210 135
275 46
294 367
171 426
45 363
316 270
484 303
319 379
247 282
182 457
231 51
492 117
330 447
441 272
40 497
485 347
393 103
470 260
38 187
402 494
264 83
387 219
450 101
383 206
16 197
248 417
34 247
46 240
365 216
66 487
334 257
212 51
163 79
119 183
29 201
137 21
92 145
246 24
82 43
240 481
250 98
346 341
81 284
353 392
232 298
408 419
322 418
350 120
155 485
186 469
490 184
330 175
199 435
478 428
410 282
232 70
411 160
297 430
175 345
495 150
421 407
325 403
24 95
80 175
496 179
216 118
294 339
274 398
326 345
479 104
174 236
397 212
142 438
283 46
48 317
76 278
34 469
64 254
429 58
89 496
114 278
117 305
55 260
106 243
347 382
118 85
149 373
311 367
413 292
461 446
77 313
134 38
144 111
21 198
46 73
203 462
120 13
273 320
63 175
57 231
317 262
136 28
395 466
110 299
246 161
474 424
314 175
286 109
159 458
383 159
121 58
71 87
259 93
269 196
428 323
85 178
206 245
63 73
373 454
467 26
302 119
294 293
254 116
74 432
443 266
324 309
396 416
10 395
443 156
331 279
309 371
468 268
342 16
470 384
410 215
186 437
82 212
180 332
116 337
103 106
415 59
327 427
174 312
320 337
468 117
341 3
271 278
294 309
193 113
180 116
405 103
167 218
50 487
324 347
453 18
77 279
206 221
385 405
94 232
202 205
208 415
193 43
352 331
297 339
307 398
353 477
196 212
51 21
220 98
117 228
7 26
247 46
303 66
298 484
189 398
313 352
395 249
80 358
49 100
498 377
207 208
272 203
224 255
353 323
51 297
175 470
369 411
477 274
258 172
422 275
480 299
48 87
445 375
327 480
210 346
54 177
381 417
172 326
2 457
106 377
200 53
464 281
55 69
241 293
421 165
464 164
251 401
128 364
345 49
247 456
133 55
324 302
480 366
324 348
225 482
388 430
64 425
346 204
498 471
137 88
104 419
172 453
318 207
108 300
108 163
70 356
10 94
460 394
242 342
325 136
419 467
245 65
269 483
306 91
31 119
390 443
397 487
195 62
215 215
230 155
11 323
417 300
46 373
216 378
366 288
107 41
458 285
268 204
296 79
199 75
370 179
167 441
356 119
186 214
369 71
394 416
68 381
254 312
42 114
254 322
215 408
194 362
66 173
253 314
241 214
394 452
245 464
83 61
275 101
172 270
38 144
377 67
231 107
73 484
306 125
385 328
190 22
47 79
246 108
323 300
104 339
303 69
130 350
451 387
9 257
253 476
395 399
6 483
467 126
103 80
408 125
499 488
420 450
58 47
199 166
357 233
302 304
6 161
400 432
41 457
285 409
308 295
130 180
158 167
99 97
74 261
250 359
309 426
473 22
40 219
453 172
328 397
58 255
40 334
144 458
219 81
228 429
110 380
399 358
307 268
382 498
357 234
160 484
6 18
237 485
9 46
443 190
298 338
24 354
164 338
271 168
98 384
116 352
62 60
328 15
365 222
456 210
194 74
92 468
453 200
98 329
372 462
152 394
248 170
360 177
197 412
148 131
335 295
355 264
131 398
472 36
98 348
422 428
396 293
345 14
196 201
163 296
190 68
238 168
197 438
202 450
81 394
42 351
467 269
19 249
285 451
299 491
419 384
29 222
236 167
368 226
22 432
352 383
403 212
2 442
392 100
347 205
56 326
95 389
490 375
326 114
105 276
12 126
200 376
395 393
471 288
73 115
498 494
58 425
368 254
354 61
118 260
86 53
442 26
401 33
499 433
61 228
206 104
332 425
170 258
46 79
194 141
135 119
397 45
299 46
459 265
377 5
59 77
103 316
349 353
138 356
436 349
305 199
476 142
400 490
69 146
288 299
418 264
161 275
321 315
432 460
465 132
209 310
126 376
230 164
21 327
176 368
420 457
452 334
324 248
395 204
3 245
9 35
310 422
89 170
482 484
116 22
332 300
176 178
194 310
137 406
127 215
25 166
0 47
295 329
33 176
421 42
77 37
311 283
305 240
224 400
422 288
88 192
222 106
268 264
23 417
484 258
424 150
49 361
190 276
452 196
239 224
261 225
8 168
408 72
324 166
306 484
29 247
205 394
10 251
168 474
232 385
387 5
366 8
284 436
485 57
281 88
313 76
244 394
318 174
340 5
341 142
241 146
392 370
122 447
273 254
492 142
499 357
365 379
168 366
423 1
441 153
229 56
450 106
280 325
330 268
262 472
470 172
394 4
303 214
321 368
363 428
285 313
192 362
228 2
355 360
13 3
59 296
402 94
420 361
129 35
359 102
126 244
248 330
396 21
241 403
331 217
30 104
467 116
470 223
435 195
199 325
121 301
395 110
472 375
410 167
270 453
197 270
452 396
269 297
200 348
66 11
115 31
499 448
171 82
130 469
146 459
260 181
291 267
495 7
175 263
217 405
27 445
193 414
212 479
180 315
326 264
148 246
194 293
376 147
469 218
29 358
39 115
235 289
296 330
446 230
487 323
120 163
429 15
346 314
129 493
258 26
124 307
100 406
405 171
389 328
186 374
342 418
59 77
260 77
159 207
31 206
369 146
13 151
317 298
144 212
238 298
457 402
160 215
386 58
386 65
292 275
45 425
2 134
63 456
163 262
320 74
72 46
50 189
340 86
298 219
18 484
238 388
103 475
385 398
315 489
116 124
49 459
445 13
469 403
18 8
434 485
31 338
380 7
93 81
153 220
56 243
483 171
498 146
396 87
428 384
360 63
23 397
410 409
164 468
329 232
217 34
373 263
270 248
182 105
177 215
310 335
358 85
231 294
233 208
444 127
190 161
410 304
65 213
34 321
53 230
116 363
126 270
370 341
446 249
464 404
91 123
208 275
421 301
10 291
418 154
167 454
111 461
26 78
251 176
258 60
423 304
426 375
216 402
3 148
405 15
490 319
446 496
150 51
342 367
373 160
466 261
74 41
471 77
106 100
161 222
378 216
443 436
190 156
156 12
27 193
13 61
410 17
68 311
179 412
72 411
24 404
297 390
320 98
198 268
342 278
494 211
148 72
228 438
450 338
384 237
298 329
346 249
60 60
472 267
30 91
496 396
139 406
4 293
62 459
237 54
266 256
329 83
21 266
104 409
146 323
152 340
89 297
209 351
118 150
241 182
430 0
406 237
383 69
380 410
316 445
53 469
53 434
200 382
292 426
102 305
497 290
87 254
105 87
237 297
331 75
75 330
420 261
183 481
243 303
100 415
385 60
494 153
388 290
68 47
352 32
174 170
277 349
288 262
411 382
310 377
208 242
355 237
219 480
135 390
306 314
226 87
92 43
333 73
120 480
364 401
424 324
25 39
153 201
83 314
191 64
158 245
483 251
83 365
108 54
220 218
305 266
309 447
20 398
230 494
395 140
316 95
486 171
372 341
7 139
55 456
53 199
302 65
282 388
442 238
456 390
8 163
462 114
364 317
311 482
474 94
41 59
230 142
483 379
18 455
411 491
42 425
342 316
205 196
434 125
367 499
14 243
357 376
45 476
310 221
315 209
120 136
278 209
88 202
157 262
105 459
236 420
89 147
195 79
56 294
145 130
373 275
3 160
488 230
303 401
110 299
435 470
179 82
136 214
328 268
79 146
66 433
432 315
246 155
301 127
109 302
430 299
459 482
64 433
334 299
98 367
338 296
230 386
452 369
489 367
13 280
65 68
384 431
439 349
476 482
285 92
391 438
420 67
0 202
2 485
204 187
335 452
190 42
264 418
137 142
274 253
322 150
433 191
40 58
40 224
317 369
307 177
244 60
263 79
64 97
136 117
421 121
163 471
241 112
106 427
33 378
380 381
72 355
265 314
390 465
334 305
335 207
120 493
72 79
28 383
352 489
110 164
488 273
237 125
405 229
108 344
225 438
293 488
154 149
114 410
215 45
104 300
293 402
482 224
459 218
207 10
27 163
437 317
442 15
96 174
370 347
285 204
45 95
97 430
340 199
96 63
364 408
310 201
277 9
227 144
7 89
252 434
103 34
401 41
216 46
393 497
54 438
386 31
461 99
150 483
46 154
414 247
300 262
124 224
221 77
18 203
490 80
114 271
312 93
139 367
216 380
319 385
268 270
369 205
40 81
87 20
119 86
201 1
78 419
348 325
28 299
379 367
138 18
464 345
64 302
183 455
192 280
51 2
59 460
394 272
144 99
37 481
483 263
34 238
415 61
212 383
102 296
166 443
140 92
394 130
86 204
484 429
283 130
91 387
12 342
293 485
466 156
420 331
421 301
214 454
189 189
485 426
221 143
235 3
134 361
65 482
411 72
202 402
141 195
389 145
482 153
310 183
366 301
102 82
388 287
476 169
95 430
73 313
317 169
30 309
143 303
227 448
350 54
101 281
279 343
497 491
26 261
414 159
93 244
31 17
38 481
411 360
25 133
154 337
498 194
497 185
133 141
195 76
210 335
30 149
492 489
102 27
38 18
262 17
386 131
465 145
357 424
409 228
65 235
429 64
249 63
204 279
355 234
69 252
401 65
406 451
479 393
263 9
26 369
353 377
374 412
188 318
398 232
467 97
161 464
379 396
27 262
496 84
188 235
152 417
369 89
334 59
420 200
421 449
326 446
210 274
444 200
284 398
347 343
159 251
0 9
123 38
474 379
114 472
389 14
455 267
178 110
162 289
238 98
44 84
210 416
469 106
356 155
350 253
357 203
64 361
251 209
88 188
12 226
92 55
322 253
364 48
337 0
98 378
314 428
196 494
452 25
32 165
271 308
11 234
95 128
337 428
468 346
424 277
332 480
233 17
65 6
358 97
328 254
34 308
154 142
167 231
248 106
414 51
285 19
147 278
206 380
79 336
466 174
154 3
372 150
157 387
337 437
44 367
176 165
307 78
161 330
289 327
378 410
429 203
333 164
396 429
117 39
65 475
331 83
234 219
459 203
493 243
462 148
313 37
115 138
321 472
299 277
39 110
165 30
46 468
249 499
390 442
270 367
302 456
27 101
156 388
131 338
486 149
186 446
84 299
124 302
431 257
219 275
305 322
290 385
236 203
498 392
259 126
434 268
221 61
450 462
152 377
27 433
379 139
290 213
367 316
425 414
42 150
472 497
382 199
403 115
7 470
448 401
21 118
31 383
197 242
119 333
119 349
340 498
64 350
18 131
397 431
434 444
441 439
491 406
373 175
497 394
147 232
350 445
328 20
262 234
67 377
79 233
232 38
389 419
402 148
79 407
203 300
91 365
124 496
23 82
328 497
82 20
466 327
347 432
18 146
376 461
195 438
476 455
374 279
427 365
125 277
429 358
224 328
177 372
307 348
197 200
221 135
315 279
64 39
37 162
124 82
20 265
220 171
302 349
214 447
76 229
439 339
20 357
229 163
363 49
249 36
24 61
192 322
213 339
353 256
191 103
368 329
0 63
412 441
240 302
383 127
318 168
377 323
338 190
239 106
495 202
115 341
163 19
210 159
416 377
332 415
245 459
22 200
493 97
400 435
414 85
253 135
310 232
275 130
89 149
203 366
207 84
455 170
329 371
100 17
432 97
56 284
336 177
275 431
366 330
415 27
14 280
364 21
3 325
474 491
358 92
28 29
51 65
288 483
352 380
330 240
24 285
314 238
169 213
43 441
468 387
19 310
183 483
308 236
227 187
279 134
15 437
355 160
495 66
298 495
236 348
485 480
219 112
325 299
241 240
480 220
383 61
44 499
235 66
253 204
190 315
252 385
45 205
123 107
103 40
240 422
254 191
155 225
25 325
66 481
53 118
179 46
397 436
3 224
280 133
448 108
345 471
28 52
160 242
283 152
426 115
306 375
101 180
358 461
294 126
244 424
322 348
136 275
499 219
204 491
452 132
103 4
57 297
40 483
487 69
184 175
50 265
298 490
303 151
129 156
80 450
150 225
1 254
325 286
130 352
484 30
34 82
231 439
423 443
12 271
298 262
28 196
38 349
352 326
482 194
144 334
59 414
168 294
432 412
265 493
375 62
496 101
41 262
205 228
351 316
78 70
266 150
351 458
284 157
351 203
37 118
32 347
141 449
361 52
46 425
488 478
80 273
35 484
64 473
141 93
163 416
66 71
30 429
438 269
472 166
285 141
488 362
163 317
370 481
407 376
355 268
41 247
83 287
112 429
22 148
64 253
176 185
466 482
251 206
225 405
46 75
289 10
179 387
368 452
329 401
21 275
22 36
175 63
344 106
106 287
392 366
403 170
4 68
275 369
126 107
182 352
362 25
412 472
276 393
295 132
260 457
493 316
231 282
240 20
307 75
293 346
368 199
268 48
418 224
331 395
247 396
273 14
338 461
354 37
170 114
424 149
318 430
64 269
290 401
329 157
355 97
149 122
171 224
448 269
164 441
189 132
146 263
224 463
352 336
302 430
432 22
304 226
496 250
3 221
378 286
235 332
455 233
309 236
5 478
271 110
242 21
284 312
275 240
76 360
291 480
354 378
105 75
177 159
380 453
91 180
13 110
343 326
63 320
150 5
115 420
442 421
233 357
97 226
439 361
341 25
403 82
157 47
206 360
313 186
366 438
400 404
83 231
51 96
101 498
418 201
474 68
425 360
439 60
273 374
399 230
312 466
13 154
15 321
359 72
362 328
85 225
309 263
359 20
18 360
414 312
380 288
149 240
300 157
383 440
22 73
39 134
288 186
359 53
477 303
484 218
443 339
102 421
441 104
465 313
477 459
247 231
471 357
366 248
40 124
197 249
383 62
248 89
494 24
327 107
325 471
310 163
84 121
225 265
430 25
484 42
273 408
117 84
184 97
221 484
85 225
287 270
359 321
345 388
495 353
176 24
188 173
146 487
104 272
298 371
266 34
442 134
70 391
488 60
396 255
480 61
332 481
154 119
7 43
397 499
376 355
28 425
412 64
188 26
249 368
403 338
473 15
407 345
257 395
2 247
309 153
487 482
454 141
184 493
493 461
168 433
359 221
285 48
74 123
492 473
312 324
191 247
92 137
32 98
198 202
207 35
369 7
0 194
188 323
137 36
322 33
254 157
206 33
156 391
364 132
456 0
247 28
165 148
98 192
246 50
437 296
155 453
148 306
482 155
192 188
73 471
128 366
399 179
70 186
319 407
408 434
315 127
127 7
51 480
30 78
374 297
251 467
126 30
37 251
291 460
283 81
447 364
43 263
450 346
254 465
251 121
100 14
373 66
47 228
158 277
426 429
249 32
414 177
280 227
187 452
385 71
287 322
85 333
31 182
147 387
360 285
151 399
465 461
41 377
154 364
294 199
83 80
110 395
122 498
302 242
314 161
483 187
372 453
136 68
456 404
41 135
34 316
129 45
422 352
68 170
221 76
8 214
109 305
155 470
213 83
244 457
496 379
332 227
296 369
125 320
456 104
272 166
211 342
46 254
424 485
413 115
329 498
303 422
392 291
374 310
267 105
484 119
198 115
484 169
489 346
450 461
128 445
288 75
329 191
177 186
301 105
103 90
364 483
274 258
68 257
214 0
471 187
303 51
220 170
16 139
101 209
7 319
394 81
272 147
333 75
180 301
392 135
470 136
246 256
365 96
96 167
354 80
483 68
238 9
1 203
264 106
425 454
35 123
270 319
246 159
461 104
91 427
415 205
461 413
9 13
180 179
111 457
25 387
248 94
149 115
74 249
55 265
389 499
171 90
102 11
467 417
196 415
120 58
471 463
477 433
112 332
290 157
44 75
169 167
135 293
394 170
436 209
208 450
392 177
188 379
149 494
409 156
66 345
161 381
315 390
222 138
295 279
355 12
32 192
337 376
47 167
376 231
33 483
12 84
316 426
272 200
356 317
14 34
415 423
313 175
313 82
362 387
252 461
5 69
445 284
451 342
425 344
179 327
263 459
385 191
392 431
248 9
43 100
375 263
290 459
41 40
428 104
417 255
324 180
316 422
264 122
466 267
446 41
0 146
189 209
493 237
247 81
182 93
208 142
101 409
450 499
455 495
250 378
410 372
146 427
401 226
345 262
303 367
365 291
352 156
245 55
488 197
291 344
487 22
432 499
498 88
435 382
112 305
29 186
465 374
100 175
289 366
85 297
88 93
101 451
358 292
490 346
191 346
369 281
132 178
118 301
35 483
288 406
92 147
373 170
345 409
275 325
122 487
80 212
15 62
354 33
379 373
72 196
329 422
452 441
94 462
445 423
329 481
480 85
255 273
182 353
178 453
440 309
373 300
362 372
405 389
262 68
265 136
411 186
127 94
408 363
286 73
406 353
291 467
240 386
91 398
351 274
435 269
421 143
367 309
198 135
204 124
261 312
499 321
267 24
387 478
404 176
381 26
493 310
197 172
423 86
360 140
410 126
270 296
457 183
319 489
114 155
467 375
196 227
251 466
297 463
491 490
16 201
11 373
397 362
448 60
201 320
299 160
308 463
146 69
410 265
420 465
340 24
103 240
58 388
204 206
197 355
56 195
420 213
427 68
480 170
342 227
388 181
144 141
62 196
462 143
108 473
349 382
474 301
189 453
159 33
388 245
441 356
422 297
217 213
383 201
429 197
231 226
219 317
365 227
370 282
255 327
62 331
132 456
409 36
421 173
419 421
129 310
107 212
425 403
105 324
373 309
387 386
203 104
332 106
388 68
248 54
385 495
452 310
198 17
43 213
486 120
282 462
174 116
371 241
417 451
260 328
214 290
395 499
106 269
190 79
133 346
194 438
100 19
388 498
63 150
122 283
245 50
18 404
145 271
223 389
70 62
353 335
187 284
54 100
31 145
491 96
34 164
35 37
387 486
488 276
59 451
1 111
15 157
428 371
112 13
427 3
191 182
467 132
232 378
23 373
469 263
280 366
256 355
193 315
443 143
94 181
292 3
160 447
170 160
173 440
296 283
465 452
85 339
217 432
157 317
433 92
310 478
333 213
380 66
62 378
60 324
179 8
456 204
364 191
483 126
409 389
342 279
118 227
11 427
96 187
131 169
147 381
94 294
360 333
211 327
3 274
283 123
328 34
225 239
217 44
434 208
340 479
206 128
407 310
498 217
238 355
237 481
275 238
71 183
10 488
262 134
258 365
399 45
136 86
482 124
185 206
185 268
396 25
335 243
312 155
11 185
19 403
141 248
431 294
134 212
198 294
11 249
146 456
394 411
387 283
341 377
145 424
449 378
121 394
49 137
322 285
188 412
160 341
488 329
393 444
90 474
223 92
400 101
364 370
5 295
24 104
28 346
224 169
415 478
115 197
482 317
229 289
483 23
352 390
186 471
297 98
42 276
229 21
243 442
89 94
198 248
446 113
135 226
56 22
219 402
219 171
313 53
428 449
191 296
119 133
231 377
5 416
437 273
67 234
180 32
280 157
122 230
457 78
100 109
12 13
37 171
77 231
180 350
146 5
490 223
452 265
33 221
346 309
44 323
355 414
423 76
307 488
66 397
7 116
129 19
190 19
102 18
368 119
477 135
358 366
483 467
189 311
120 17
340 387
153 16
445 47
35 76