4600
446 483
53 109
447 46
248 120
411 292
47 331
256 253
174 195
95 315
422 103
363 394
321 249
487 45
109 114
62 104
87 492
453 8
54 141
113 401
45 154
337 376
129 92
287 94
261 304
407 235
481 183
284 122
19 154
121 271
227 128
472 183
43 315
308 426
327 449
455 421
298 224
316 293
239 279
83 455
42 0
35 342
317 24
30 320
443 188
317 151
186 23
190 289
67 81
30 498
271 246
470 338
483 421
201 286
94 222
74 136
479 136
12 461
133 148
336 43
194 77
452 5
147 233
314 142
140 214
461 197
35 411
185 431
70 18
92 386
22 16
152 18
479 353
1 165
208 113
42 190
195 254
339 494
136 342
409 154
351 276
39 370
153 238
256 224
462 75
91 348
366 485
190 244
261 197
310 44
234 321
427 352
346 281
476 267
273 482
110 385
107 476
214 2
78 260
336 470
170 41
378 279
375 388
85 420
464 136
457 396
100 50
332 237
4 447
281 308
193 277
253 244
98 152
412 319
289 176
69 100
380 311
199 299
220 255
244 284
32 184
87 53
290 133
432 419
79 294
423 213
309 124
276 28
347 407
436 188
141 488
299 357
157 373
480 350
487 229
265 224
278 19
152 352
123 68
215 84
150 202
326 490
371 311
71 454
495 70
59 359
216 136
361 210
413 225
454 341
66 400
419 72
424 196
116 424
360 48
102 331
174 10
174 281
235 45
467 245
104 230
218 378
441 320
398 79
273 354
254 352
276 339
387 25
301 201
101 3
187 162
24 55
336 361
258 198
443 424
6 225
104 47
220 77
156 45
399 118
322 281
472 5
382 451
152 359
363 184
346 105
160 50
263 370
421 349
273 21
246 364
264 131
208 350
247 336
306 217
498 498
3 480
431 471
330 238
422 435
40 193
95 120
342 53
402 358
379 263
480 27
158 478
180 96
432 219
436 428
426 90
70 434
405 282
20 2
289 236
281 294
266 330
235 229
87 108
224 489
16 319
149 204
152 26
245 329
109 84
26 181
468 388
22 96
450 373
461 394
40 240
422 95
324 306
266 157
498 263
434 490
46 14
392 435
265 198
134 490
23 226
114 160
109 491
217 488
382 411
3 30
125 422
228 425
434 301
417 495
337 432
298 203
139 384
434 43
385 256
482 421
81 408
252 449
289 42
454 469
351 172
446 309
87 329
130 27
374 21
306 399
455 211
447 456
351 94
350 382
303 236
497 184
485 236
131 249
70 275
447 85
394 273
102 245
272 481
355 233
484 146
210 13
321 439
33 157
391 173
261 235
272 194
283 110
211 257
32 414
351 133
407 331
77 97
431 9
94 349
348 286
151 79
370 58
215 472
497 256
491 459
5 111
221 115
373 288
54 285
418 257
89 405
3 325
335 18
367 286
72 429
360 67
125 75
399 231
487 193
152 249
360 330
446 157
298 433
218 171
428 352
110 137
462 17
35 465
251 149
79 255
322 323
250 291
22 300
345 149
398 361
44 497
6 110
396 342
13 304
9 114
103 441
311 119
84 418
67 346
453 335
10 498
290 128
428 260
261 164
378 273
122 160
122 422
264 128
285 18
485 277
70 294
413 88
6 381
80 349
184 426
276 33
161 194
306 66
83 441
66 67
79 313
87 40
21 54
72 351
480 306
452 57
498 402
284 217
66 4
282 364
249 250
296 59
477 263
204 454
373 412
225 123
163 305
359 312
15 184
490 431
341 347
250 442
11 339
195 34
250 77
179 330
389 351
114 327
281 218
131 319
442 7
312 356
21 105
290 171
454 36
384 132
427 147
486 134
20 438
368 34
216 122
473 47
227 105
323 88
259 360
367 454
163 53
158 179
202 184
72 300
285 157
304 456
442 212
2 143
29 462
84 222
270 245
202 410
498 349
209 25
332 257
310 77
108 347
383 320
473 311
320 455
264 258
322 476
471 206
21 176
399 0
97 457
367 21
370 299
177 217
326 431
8 361
208 488
309 469
132 443
398 134
244 304
280 162
221 66
94 252
104 242
199 493
366 202
1 419
136 236
168 178
39 463
451 28
349 99
42 112
246 481
137 293
455 342
408 418
22 28
270 355
200 126
180 322
241 67
303 182
212 229
192 323
204 252
203 496
108 53
387 246
391 207
49 24
442 198
227 310
165 316
295 349
171 217
284 475
157 264
346 88
263 370
474 38
386 467
21 29
127 347
54 408
432 18
217 455
117 227
395 444
145 134
352 190
166 169
433 136
76 175
397 279
170 340
307 223
253 56
255 180
440 380
251 309
117 225
452 468
264 234
369 199
390 409
78 221
357 408
83 364
495 434
126 481
204 17
426 285
466 309
190 181
491 406
483 441
261 460
194 287
487 25
434 63
136 377
137 365
229 494
280 220
53 76
94 406
43 258
67 20
201 9
268 109
402 44
4 251
39 163
188 199
114 378
255 475
192 251
97 244
464 421
349 229
487 18
128 443
463 30
40 47
157 17
61 160
263 59
223 418
469 154
32 263
90 435
186 139
383 282
55 135
364 348
218 405
348 351
382 346
393 164
181 274
286 402
462 94
12 49
56 37
152 481
417 88
228 243
25 455
443 463
163 81
486 307
11 381
79 186
350 393
19 325
227 31
126 305
206 41
430 490
324 262
203 83
178 93
48 431
394 55
136 491
151 58
291 474
161 162
407 371
48 11
395 278
435 127
169 373
215 141
256 451
386 39
132 459
242 64
120 33
376 136
46 108
435 27
41 190
61 96
459 448
78 461
88 206
431 13
7 109
61 147
186 263
74 299
216 171
204 316
304 336
296 80
460 203
393 231
179 1
302 306
267 491
49 380
246 355
465 481
128 253
16 378
177 166
337 442
258 393
81 393
474 62
265 230
313 286
287 158
316 493
336 441
322 83
291 385
218 420
173 256
486 198
365 41
483 15
409 54
448 241
155 342
72 274
60 421
431 386
231 199
141 248
183 67
304 315
235 474
82 23
221 260
301 68
84 438
345 284
377 345
187 293
419 32
305 112
498 331
382 237
337 81
0 375
190 20
347 304
179 277
389 429
350 253
191 190
326 434
131 36
181 203
88 318
430 452
283 393
482 280
361 18
393 171
44 361
18 436
65 391
320 49
302 455
145 22
456 346
234 324
379 87
258 268
220 467
361 40
321 356
374 195
367 34
248 119
55 411
302 266
167 121
76 474
497 470
168 73
249 305
245 402
22 129
96 3
43 243
451 309
5 216
251 177
296 372
135 351
469 352
325 289
115 136
458 253
326 464
270 126
381 428
57 367
222 403
498 153
463 265
334 449
478 320
44 437
288 275
479 179
320 257
393 304
57 435
252 352
478 235
163 374
241 211
115 220
226 463
80 465
415 41
361 414
351 245
20 257
436 139
396 499
155 108
395 142
494 212
300 147
21 324
36 463
36 262
225 151
116 262
155 158
72 383
129 368
125 276
267 1
353 413
21 164
158 8
73 416
64 152
476 373
188 85
200 12
15 224
338 277
435 484
219 493
361 360
488 200
202 338
251 255
271 55
415 272
189 429
81 488
213 105
42 410
274 402
478 94
372 142
126 317
162 159
371 197
398 376
214 359
115 100
7 466
90 386
316 422
263 131
88 249
11 476
378 131
225 286
280 357
26 449
461 406
455 40
268 332
192 353
305 483
301 307
45 312
87 243
375 213
315 202
178 463
446 326
464 409
118 24
473 244
2 144
36 286
119 458
311 305
140 311
470 117
281 293
36 367
81 368
70 411
227 396
74 101
10 173
197 39
135 480
476 23
309 138
96 12
317 428
91 259
376 309
102 413
133 10
230 139
402 214
462 153
254 129
155 388
427 116
96 352
227 63
53 72
436 389
317 149
260 106
415 261
26 137
147 370
9 159
225 229
382 263
245 39
428 136
104 400
104 355
270 200
124 332
221 323
324 413
19 390
3 85
74 286
156 382
41 73
302 17
281 267
306 185
321 26
278 234
442 426
478 382
66 64
388 455
368 139
30 212
149 387
173 385
267 223
296 182
199 309
428 451
136 332
358 86
173 309
87 136
371 115
179 66
373 437
77 419
484 241
480 459
344 133
209 5
187 464
273 357
308 239
71 53
491 444
254 282
270 164
131 341
259 141
79 163
82 484
77 8
467 418
52 57
415 163
127 113
470 102
193 252
157 279
223 265
47 149
313 329
23 317
311 445
108 282
119 242
250 42
461 196
254 69
232 365
478 21
475 212
316 300
79 169
434 474
123 155
484 333
2 288
233 7
142 313
407 193
88 261
309 157
78 49
266 63
84 163
375 244
44 60
81 191
165 476
131 367
200 140
429 467
327 202
368 14
60 321
434 275
285 148
49 243
159 363
378 315
411 95
7 253
297 307
283 88
455 314
455 266
234 155
210 236
250 61
234 430
57 310
310 168
411 342
58 359
174 70
18 436
42 85
393 25
114 339
5 28
295 69
77 460
48 29
442 139
421 151
461 28
196 478
173 124
483 459
30 231
19 10
95 48
425 61
252 340
369 39
461 258
70 16
397 390
29 119
270 191
219 302
280 83
59 415
374 453
36 43
53 256
156 56
469 0
193 82
473 74
332 414
430 434
176 254
373 327
18 57
359 495
431 237
4 140
445 490
33 230
487 334
242 438
291 495
429 211
137 484
398 403
189 469
224 328
7 366
423 449
297 25
114 283
275 228
218 470
200 72
406 104
394 39
387 0
64 185
169 316
219 201
171 67
247 261
127 247
196 254
131 402
37 345
73 97
67 312
237 144
248 268
159 495
496 494
180 46
363 60
261 201
121 434
195 284
31 368
475 174
77 80
425 106
56 114
279 351
495 123
243 368
363 95
89 403
449 359
271 269
471 164
99 33
317 92
312 146
321 201
133 139
98 250
216 58
409 154
277 347
215 404
351 21
424 79
290 441
210 225
390 414
447 33
477 341
487 116
169 142
281 160
262 302
213 379
33 479
326 474
231 311
184 42
473 82
23 460
185 115
29 86
471 427
120 328
297 449
443 460
120 318
473 224
104 383
214 186
12 489
152 40
434 243
326 336
148 259
227 201
287 334
113 108
289 111
60 234
194 86
256 3
79 166
401 229
415 35
25 115
8 428
23 29
366 294
54 201
403 14
200 133
241 42
153 166
252 30
468 65
420 298
464 77
306 352
387 366
333 74
354 264
294 341
488 377
431 12
26 42
27 334
228 79
245 268
151 234
299 349
147 471
48 72
424 111
329 207
281 163
428 15
208 487
216 222
234 196
90 147
333 112
43 117
238 62
296 140
489 389
212 447
19 136
100 113
320 295
459 281
296 453
292 387
461 5
53 8
156 47
159 144
261 489
403 203
195 351
92 199
147 185
173 305
270 18
314 273
407 442
395 125
12 203
60 39
47 325
372 466
110 203
45 31
86 223
75 448
0 282
319 167
324 147
17 492
118 94
36 183
308 25
80 283
322 172
497 493
459 222
277 369
253 69
144 322
123 191
325 219
239 123
122 496
489 63
158 139
175 459
336 46
182 335
8 416
409 356
78 357
79 368
289 356
30 184
227 434
153 153
128 53
49 392
308 250
242 390
201 318
364 417
104 37
306 398
255 464
322 215
84 185
41 253
289 225
159 424
429 16
421 313
57 58
308 323
65 365
183 402
319 267
156 400
298 276
240 462
178 405
91 414
167 114
339 484
408 456
473 351
164 338
396 246
69 73
291 56
459 135
402 326
226 130
406 410
373 377
282 147
61 403
369 373
358 81
389 208
59 118
456 214
461 75
1 204
261 30
165 292
118 72
54 419
330 197
74 461
460 55
458 356
82 373
306 179
239 292
410 196
410 151
226 219
423 371
402 79
223 36
460 419
339 342
391 15
328 21
428 465
173 288
13 386
417 107
399 320
16 156
307 162
381 426
150 34
465 304
193 52
471 189
383 153
168 162
35 274
91 348
488 463
201 264
224 2
174 118
275 123
285 190
468 82
468 166
323 118
22 434
123 16
21 494
8 358
132 42
390 44
359 223
339 379
233 61
31 63
39 407
449 306
389 324
343 417
388 209
143 18
386 410
256 118
476 407
301 117
161 460
183 192
423 372
433 375
438 156
63 465
123 477
154 12
281 364
74 497
15 169
432 69
40 253
160 188
305 368
329 462
6 318
43 364
239 429
437 476
293 178
7 0
364 269
133 161
10 497
19 207
129 25
278 451
491 169
37 291
105 149
319 218
83 111
392 362
191 322
352 329
181 484
253 360
21 397
394 239
446 32
409 413
216 427
96 40
183 208
209 486
204 288
251 28
391 287
462 143
324 434
418 314
174 5
254 24
263 196
80 148
62 61
341 489
29 278
338 437
275 212
352 47
76 480
267 103
98 319
253 81
396 274
131 23
399 70
118 385
34 14
428 198
188 448
78 269
58 69
134 269
316 334
314 486
442 244
415 433
15 392
19 20
396 411
333 150
388 295
162 452
2 274
222 90
359 190
112 152
421 269
103 98
436 90
334 269
203 378
123 102
122 70
333 142
144 18
166 166
470 32
306 328
418 473
15 380
33 129
398 479
77 306
396 354
123 14
244 83
185 326
248 219
361 159
30 81
100 358
390 196
24 422
247 49
429 442
423 263
242 314
121 173
27 320
186 369
452 151
329 430
150 489
149 78
11 363
221 179
375 463
386 464
365 251
45 485
248 146
461 468
141 343
15 434
303 169
172 201
483 256
97 1
431 485
349 246
277 443
258 422
238 152
403 496
482 455
102 448
268 82
425 63
349 410
431 440
493 152
260 103
456 329
314 358
456 388
183 163
438 234
238 441
290 28
484 494
294 272
206 86
1 63
325 132
424 350
354 108
63 270
99 467
177 19
407 413
429 133
219 442
236 219
247 458
304 26
150 83
21 98
161 356
340 22
224 338
446 117
387 431
250 361
381 338
251 427
412 140
83 32
251 132
442 171
197 351
434 246
344 199
407 308
330 358
48 100
217 407
190 347
208 456
294 440
367 89
82 397
430 131
263 17
188 33
384 205
303 237
436 171
479 148
358 195
295 161
420 406
253 364
320 110
402 462
403 466
364 121
253 485
2 146
179 16
74 42
279 416
87 377
377 67
263 418
79 87
346 410
275 352
314 99
413 447
414 217
338 169
154 130
276 443
460 9
403 455
223 386
115 183
102 310
228 345
432 217
128 160
12 278
230 255
202 178
395 495
164 468
98 86
29 171
32 226
34 341
227 435
470 257
68 195
40 73
290 148
160 324
455 270
25 24
203 185
32 80
48 450
36 197
368 499
225 66
407 252
187 259
369 487
182 10
435 289
289 74
398 225
348 450
326 353
390 373
305 381
332 423
472 354
205 220
286 192
444 430
42 46
385 483
493 411
52 419
493 428
6 341
143 243
449 354
79 470
203 191
114 385
91 35
256 438
130 296
226 394
292 74
410 120
383 177
96 403
184 435
129 441
37 190
396 272
94 486
177 475
360 298
333 144
82 451
247 441
336 65
139 326
298 480
158 49
305 34
321 106
400 489
179 450
223 437
275 427
402 317
467 452
448 115
418 301
94 31
96 166
344 282
263 87
489 494
28 273
231 294
135 350
300 131
420 166
93 375
45 195
0 495
462 12
165 448
331 381
399 112
394 279
219 243
89 157
282 208
354 118
320 14
497 489
155 472
200 270
317 100
447 245
109 317
118 410
291 127
239 449
81 190
285 485
495 300
8 374
344 277
143 214
203 16
489 493
263 210
310 189
286 80
250 257
19 395
374 368
169 310
352 113
99 102
402 137
364 94
223 262
476 60
77 367
360 31
241 66
255 475
407 403
13 41
288 157
377 32
195 163
128 399
1 47
185 79
25 404
166 401
461 249
468 495
26 38
456 180
155 120
23 63
104 62
72 388
273 245
260 449
348 468
15 388
468 350
106 52
305 345
94 272
267 267
157 414
94 146
266 114
177 101
164 141
30 134
231 236
37 303
123 491
379 386
88 138
43 199
397 194
318 348
467 491
406 438
84 125
239 352
454 202
343 268
402 470
58 225
380 133
476 95
333 3
494 208
259 273
467 37
237 156
148 138
76 205
330 406
110 12
66 421
189 64
386 409
487 444
429 444
392 367
371 406
466 225
499 365
254 225
382 318
308 491
196 382
140 236
248 378
299 250
167 314
76 341
137 405
350 63
282 418
176 242
319 5
370 142
368 170
341 476
468 250
484 149
386 16
395 124
226 486
153 46
239 393
299 81
496 376
147 1
243 278
284 323
466 414
85 6
335 186
436 278
427 155
171 420
396 165
4 418
465 122
16 9
90 204
433 167
168 438
216 80
255 263
29 352
211 221
407 466
244 46
201 195
467 24
41 224
143 363
338 45
406 460
16 354
373 496
434 449
381 393
8 3
207 137
210 37
356 418
316 470
17 452
476 369
94 485
200 370
267 89
49 38
244 174
22 65
367 469
362 309
312 248
237 222
112 19
290 448
270 468
420 458
328 287
272 249
471 274
215 325
215 238
264 116
181 460
429 287
96 400
1 144
366 260
131 238
38 330
298 273
232 308
96 71
172 60
186 220
45 143
233 401
17 261
73 498
137 50
451 354
498 85
345 304
42 217
47 328
102 81
241 198
269 334
246 337
58 293
288 432
185 455
216 21
371 54
104 141
496 8
93 407
211 494
63 290
119 106
39 111
161 221
55 280
118 282
75 301
85 28
483 363
384 270
176 52
193 108
116 280
40 189
36 210
352 103
61 99
62 471
192 100
233 223
357 99
400 203
231 432
147 337
459 66
470 384
492 135
268 164
205 108
170 160
263 93
45 23
494 177
277 459
183 39
138 362
65 392
325 391
80 148
215 472
208 40
27 37
53 200
309 295
307 111
204 331
206 423
100 249
209 201
92 229
92 244
136 82
473 9
158 313
138 54
446 225
262 346
47 473
121 316
427 208
391 280
203 483
85 98
151 303
385 294
390 243
325 477
338 378
192 151
57 496
221 182
28 3
328 336
4 427
487 301
82 431
266 231
329 285
441 351
497 332
427 326
155 387
266 104
255 493
342 310
344 164
167 415
251 372
152 348
149 255
38 491
222 83
369 157
8 403
235 162
340 6
393 162
267 347
340 11
173 374
39 34
450 17
242 58
406 53
161 246
89 408
491 199
208 164
67 212
374 217
223 155
169 66
413 468
332 288
163 106
140 357
375 54
112 442
496 469
215 371
131 157
208 156
320 122
187 417
486 388
395 413
480 209
29 416
205 393
351 213
71 220
274 492
434 298
119 238
461 282
439 334
490 92
67 0
269 163
51 254
167 255
316 298
214 147
393 345
411 419
491 244
88 334
132 117
356 23
157 251
437 169
262 449
449 279
442 329
83 70
325 345
143 250
250 141
338 210
481 143
239 249
83 473
90 328
203 67
318 298
468 360
161 107
387 230
59 110
180 181
27 494
96 357
498 22
232 346
341 337
438 214
39 433
261 374
441 129
428 464
176 112
219 248
478 338
300 458
140 389
235 333
190 19
41 331
30 189
378 126
340 223
156 168
42 231
360 417
233 484
96 140
388 410
248 167
126 218
107 48
381 266
137 342
26 424
465 178
304 56
279 195
363 496
227 288
205 406
390 440
80 439
201 338
5 321
39 449
349 131
249 147
341 83
7 238
417 367
275 324
19 73
422 55
195 382
288 1
441 400
191 30
220 374
195 392
193 226
209 234
233 395
330 311
49 427
294 189
13 318
244 70
477 32
414 166
19 172
424 55
437 461
187 116
360 158
236 234
320 406
153 297
460 54
333 483
172 362
32 127
49 185
217 276
294 26
50 483
390 314
127 475
443 328
338 314
400 155
413 426
75 220
126 66
401 388
250 459
439 73
110 282
411 488
367 179
163 205
19 417
244 405
85 498
164 187
195 423
201 64
285 108
175 277
165 263
223 76
2 267
401 162
2 112
292 312
18 369
287 307
212 389
240 383
71 298
73 404
469 266
226 127
256 106
369 401
330 273
40 444
106 184
296 441
106 109
330 440
99 476
217 469
353 164
314 457
362 276
42 239
366 183
141 268
22 122
395 362
307 204
388 435
229 265
226 36
329 335
163 57
378 428
92 380
338 231
7 406
146 52
87 401
22 364
487 80
442 396
100 234
22 249
15 340
376 251
438 93
150 205
486 101
333 29
112 78
337 171
75 472
373 335
199 162
242 247
143 38
273 37
286 95
435 295
398 153
247 164
221 336
289 249
130 207
138 122
146 95
67 327
162 221
236 440
40 213
104 330
367 183
279 377
24 154
159 66
230 422
110 258
360 452
11 251
225 342
437 149
328 371
445 4
297 490
56 181
11 337
372 12
241 231
237 151
218 265
39 396
7 300
104 1
252 367
61 116
117 329
201 499
355 446
288 146
179 4
193 344
208 42
273 66
69 449
66 10
259 139
292 105
458 266
485 396
12 210
40 46
45 130
76 93
91 253
257 364
61 122
164 303
221 121
71 290
152 290
282 137
95 411
29 74
470 53
116 14
61 335
317 8
101 458
211 393
109 44
166 321
124 22
144 182
324 345
487 215
204 477
240 269
195 299
353 270
136 18
353 469
477 197
8 170
415 430
326 219
392 376
399 492
26 368
65 395
462 351
180 53
174 166
318 272
394 222
240 23
344 31
80 93
115 321
103 88
160 30
406 429
273 52
421 157
52 299
2 486
391 14
33 34
307 418
140 351
226 201
84 232
325 70
243 165
253 292
174 346
127 413
466 80
90 400
51 239
77 494
361 406
440 321
239 394
97 99
153 231
463 323
245 237
402 140
432 488
186 8
421 106
38 313
65 239
330 128
123 116
374 408
229 336
230 167
266 320
51 179
354 271
361 14
154 99
87 115
123 86
192 273
438 397
136 82
63 3
471 467
227 38
374 346
13 456
276 104
135 131
403 327
193 489
440 264
379 347
433 27
152 355
252 477
411 90
93 240
59 474
12 416
262 286
94 386
342 275
259 222
401 477
318 162
278 94
441 258
137 9
364 226
55 289
231 468
209 467
441 176
93 268
407 306
192 355
483 1
224 387
216 242
256 125
72 35
293 386
247 13
92 431
72 112
432 147
114 304
480 141
262 408
214 73
281 169
22 258
145 264
358 98
224 362
249 466
204 148
13 42
325 451
415 105
253 250
54 348
341 219
479 386
460 455
124 193
304 93
357 499
97 449
163 67
385 173
321 412
307 89
40 335
440 484
234 456
156 45
117 140
27 497
453 96
142 487
80 429
428 446
247 289
208 378
51 411
175 445
34 373
60 334
319 426
234 0
398 53
194 390
388 15
463 73
60 193
474 105
51 492
133 403
281 151
62 193
138 332
57 89
424 24
450 117
470 243
148 185
75 368
235 194
267 315
360 198
156 179
23 335
238 59
210 8
201 371
55 124
214 191
215 465
82 490
85 18
203 404
124 233
280 130
298 359
410 399
431 158
493 418
477 454
315 83
454 188
164 16
60 362
327 230
220 275
293 261
166 305
391 348
331 290
2 171
422 129
287 264
182 353
308 133
216 11
51 123
491 23
237 216
446 51
179 416
177 19
324 324
25 195
338 67
90 356
485 192
456 13
366 124
257 490
353 26
1 326
349 405
473 345
248 86
2 271
290 427
104 31
79 467
34 129
337 417
109 125
138 322
298 417
259 356
383 56
234 112
369 236
81 83
21 194
466 182
461 375
258 256
75 65
46 337
254 110
87 383
57 215
484 225
433 356
264 243
208 168
405 498
81 429
124 338
20 454
181 90
198 482
47 439
277 274
236 446
329 383
99 323
400 387
243 83
179 333
2 7
357 387
316 407
97 290
244 292
234 118
100 425
216 433
59 499
297 493
377 147
322 127
366 328
411 222
55 109
468 90
329 409
168 325
115 498
290 266
236 211
488 25
310 188
39 204
50 221
368 337
464 279
107 42
264 330
291 370
461 171
81 111
288 142
140 101
219 255
466 431
308 455
143 306
10 118
191 183
20 412
191 411
453 336
18 150
21 217
240 161
124 334
476 173
275 412
167 117
400 494
302 485
291 208
178 445
480 153
66 369
132 352
40 109
112 85
302 410
71 485
319 394
68 195
459 147
116 343
189 126
463 16
76 343
289 254
408 106
475 121
326 326
287 107
44 366
277 251
236 198
93 200
248 55
55 161
356 207
186 171
40 397
241 149
404 116
223 382
3 164
342 50
10 329
48 129
381 54
253 325
377 469
377 346
359 125
185 432
103 215
112 371
20 143
112 205
87 276
292 335
237 443
272 134
116 247
154 172
349 349
318 407
105 227
204 195
127 464
31 389
260 83
78 495
201 133
261 190
377 288
83 54
40 115
214 356
28 156
5 368
127 378
457 324
19 232
48 161
51 499
82 79
427 163
148 160
203 128
268 262
316 80
47 352
60 208
365 262
482 440
170 370
46 110
194 127
141 66
65 243
174 44
207 499
159 101
81 208
470 362
295 202
406 138
346 342
456 318
110 63
434 439
401 281
260 480
398 95
338 401
445 315
314 365
318 5
65 326
40 252
454 387
377 335
30 212
382 223
139 338
277 492
273 73
405 178
126 386
287 156
471 464
181 85
442 286
112 0
252 359
246 4
340 58
122 123
198 222
60 4
496 337
262 190
220 122
8 168
176 346
163 147
84 147
285 344
196 378
237 249
254 448
358 483
106 94
168 332
336 157
494 228
270 185
159 257
277 491
337 19
166 453
100 0
197 103
481 238
487 393
194 219
202 241
187 52
385 161
318 355
436 73
258 312
421 206
49 269
288 198
151 387
239 307
410 104
342 436
330 243
462 329
423 24
428 17
178 462
170 165
239 348
12 106
164 349
119 434
132 214
453 259
66 136
240 192
481 328
72 82
263 311
187 34
51 38
1 467
133 81
281 171
129 372
221 294
80 145
211 192
452 212
200 164
209 370
199 440
374 190
353 271
305 490
28 392
359 209
142 29
200 492
216 424
70 181
327 290
482 150
214 38
203 286
157 415
207 264
454 356
127 82
72 159
51 284
345 100
482 262
255 488
264 182
216 471
261 186
336 43
81 96
382 402
317 136
400 391
247 377
459 206
365 226
363 383
335 268
31 60
400 317
352 138
461 164
350 68
111 223
171 38
441 44
181 53
297 258
135 81
140 396
123 446
181 5
126 338
398 17
186 9
147 299
315 38
458 108
183 166
56 421
466 354
260 497
108 499
432 57
453 95
394 72
430 428
118 75
444 56
65 17
168 131
21 64
172 483
1 480
253 208
62 58
407 219
218 174
83 15
111 151
223 389
317 357
432 153
61 288
305 377
8 478
42 325
308 381
361 67
275 162
220 115
186 189
364 479
495 405
408 299
188 458
315 483
489 358
146 99
476 50
381 303
128 336
218 423
490 436
98 431
398 117
307 170
150 85
342 23
322 497
455 102
85 363
221 122
221 74
477 219
22 198
386 358
133 150
438 104
36 476
93 389
59 286
371 252
127 61
58 213
167 302
165 365
339 253
179 238
457 61
111 156
366 331
481 497
454 352
328 271
160 342
128 273
378 72
133 0
65 5
307 44
261 85
338 324
62 101
14 17
26 371
202 125
474 392
244 35
307 280
122 424
50 467
39 103
455 428
433 25
421 372
457 93
417 182
135 295
165 332
203 149
126 191
435 258
293 453
233 32
456 100
68 208
311 6
286 459
336 118
490 72
165 257
440 448
95 434
118 75
77 260
303 174
432 203
8 239
123 225
178 242
302 79
438 98
409 465
83 76
148 246
3 425
373 165
100 295
223 321
433 70
244 300
355 237
328 28
106 364
458 451
382 284
382 260
77 172
249 291
389 160
85 397
415 393
40 311
484 367
437 263
415 417
6 182
62 271
487 334
285 168
452 445
57 168
192 186
330 134
146 441
191 219
464 231
394 106
473 5
268 378
148 262
296 184
307 154
489 359
27 294
91 126
146 332
370 148
282 339
132 200
272 280
11 323
281 88
93 258
488 106
369 214
250 136
291 165
376 57
203 132
258 404
236 294
294 405
244 458
159 428
208 228
404 283
371 71
329 185
144 317
31 318
306 365
382 281
190 97
229 259
163 393
39 340
245 251
209 333
261 341
69 220
3 321
392 473
11 227
44 74
392 7
372 427
208 50
148 254
13 250
495 229
69 28
131 34
219 166
359 341
61 332
153 429
254 417
496 397
471 117
124 40
467 215
266 348
103 27
129 266
495 468
349 124
10 417
435 480
321 81
413 295
76 235
4 418
315 182
300 0
392 287
2 276
125 211
90 120
386 80
400 219
343 382
151 249
230 205
286 86
233 403
138 51
469 161
344 494
346 136
275 496
272 238
301 130
250 249
181 391
110 137
371 82
183 305
10 22
460 413
169 148
199 46
207 159
154 168
157 51
399 0
91 432
62 24
125 244
136 165
302 307
241 98
256 173
47 424
190 118
267 7
53 211
370 466
487 113
16 24
377 144
428 416
440 320
64 343
8 65
224 52
3 310
335 465
242 259
377 382
389 284
495 496
463 295
260 365
242 302
298 276
192 471
291 78
421 484
50 207
112 281
91 274
92 115
226 278
160 186
322 455
452 402
197 317
34 267
69 457
85 128
99 219
297 278
262 242
302 219
352 164
291 414
381 444
74 235
421 107
414 235
137 95
412 366
485 186
495 298
427 406
125 80
210 378
121 423
494 325
341 423
189 346
142 132
219 422
29 217
304 492
87 295
14 441
479 499
150 499
406 474
406 77
455 31
306 117
294 428
351 152
499 135
268 392
314 493
62 339
332 195
491 366
159 419
271 5
356 138
464 421
350 262
146 371
340 305
234 452
105 134
269 437
182 456
301 389
229 496
44 364
82 61
332 387
392 242
380 103
24 248
363 197
68 374
32 9
461 408
42 118
407 418
226 163
53 441
290 28
392 282
195 334
221 474
68 27
483 465
65 301
498 7
234 428
289 66
326 118
88 103
21 368
31 495
437 248
128 436
70 227
413 20
346 265
145 486
451 415
216 128
487 368
297 214
132 221
191 86
189 458
178 279
127 63
163 61
498 64
143 291
163 68
186 408
394 9
424 331
459 345
213 492
58 446
20 362
301 190
0 63
343 342
405 178
92 470
386 420
211 442
10 381
289 374
236 48
379 183
380 12
5 190
489 93
308 415
106 361
424 109
451 458
489 119
89 209
129 81
23 327
208 193
419 385
286 349
32 155
168 17
60 412
358 25
440 49
262 166
127 398
209 38
158 430
139 198
131 99
427 121
166 6
243 487
337 85
93 29
47 221
486 113
138 107
8 344
362 430
181 270
308 341
271 390
440 318
418 263
236 71
77 197
36 402
339 320
202 225
299 432
45 249
208 285
481 35
318 216
338 195
36 351
241 498
169 307
70 33
104 439
136 306
60 33
205 24
250 400
184 407
8 49
186 82
117 216
284 167
362 287
138 474
325 398
57 231
264 494
433 480
138 368
253 69
445 199
451 459
218 47
448 135
217 227
295 134
153 187
326 432
406 15
265 465
48 231
225 323
303 313
33 10
431 293
492 287
98 377
424 295
431 316
395 225
359 0
39 43
475 13
380 218
183 233
317 146
321 231
396 394
405 476
269 430
69 336
213 114
409 167
335 490
215 192
193 231
274 426
291 84
302 101
334 172
318 337
421 151
46 491
467 317
99 451
139 236
350 168
335 205
47 260
304 171
254 262
40 349
434 380
481 332
4 88
426 315
467 174
165 199
368 365
168 484
220 468
136 307
12 423
35 324
347 59
173 339
189 453
333 66
398 475
63 314
129 254
280 341
392 448
165 297
281 261
229 333
493 353
128 217
393 5
417 15
355 92
45 442
8 396
223 378
192 258
12 138
332 174
122 144
441 224
485 288
473 74
428 66
136 466
324 408
424 381
474 93
35 279
27 19
250 396
6 250
388 442
468 371
15 220
297 91
231 309
383 134
53 56
23 163
72 189
70 347
292 496
127 396
416 327
75 6
256 166
460 82
453 496
69 429
372 320
129 366
0 455
11 13
176 53
94 386
85 100
96 17
413 377
57 75
81 181
347 132
66 189
186 160
441 371
44 255
473 313
120 173
38 473
27 483
370 67
167 473
490 455
185 116
191 404
85 242
226 273
462 285
445 293
16 0
107 386
51 60
234 80
54 23
6 124
191 433
406 228
36 359
475 249
153 221
463 166
291 238
23 41
334 106
106 320
58 203
263 66
146 461
336 349
474 52
337 343
423 17
376 96
345 459
32 203
222 498
88 347
389 13
471 464
284 75
278 430
496 195
156 42
243 142
47 493
188 69
87 384
480 463
275 315
19 325
175 307
155 241
106 264
228 396
471 430
360 364
59 250
144 356
350 68
413 239
309 397
134 453
416 248
63 114
292 43
351 82
175 467
83 358
106 134
64 163
28 77
327 276
132 439
7 323
63 334
84 272
225 224
472 218
184 494
389 35
470 476
296 240
450 497
131 231
395 56
486 47
323 275
214 313
489 307
142 74
346 52
276 78
296 424
270 248
135 332
161 159
252 105
103 457
40 54
463 86
134 435
210 449
114 457
265 277
351 103
155 259
337 49
473 283
383 485
317 95
255 19
124 478
287 7
413 79
166 328
115 376
325 152
109 326
455 440
43 226
485 306
355 51
334 174
159 181
276 218
237 477
307 383
242 213
145 95
423 156
32 311
315 38
216 358
298 424
3 171
329 193
244 488
163 37
70 79
149 174
151 198
82 386
451 459
406 176
332 96
259 329
219 217
75 74
351 288
311 225
418 354
194 493
30 163
94 209
384 452
150 243
481 387
198 84
261 432
381 104
285 445
162 140
67 357
497 237
314 270
476 160
153 233
248 170
232 35
487 342
85 468
355 490
74 418
350 406
362 187
133 83
76 0
209 295
385 143
265 206
366 199
432 241
411 372
407 180
374 495
463 247
237 459
377 171
77 163
351 80
163 291
291 484
279 239
234 0
58 164
216 499
240 425
149 148
181 4
499 56
155 55
367 315
486 244
408 96
176 415
206 259
95 192
283 350
350 226
243 370
369 409
186 459
107 462
318 187
95 140
196 169
484 251
495 415
11 470
237 403
14 40
84 444
294 109
336 367
237 496
257 79
390 459
273 295
482 349
490 443
112 78
181 38
453 449
271 176
432 464
356 9
453 298
260 440
160 99
447 448
27 249
60 205
0 269
118 333
276 335
265 108
146 241
190 446
474 99
416 461
470 258
57 124
65 275
226 317
265 225
326 174
379 144
413 387
220 231
418 31
492 349
442 183
129 138
90 132
445 104
362 358
482 416
43 271
88 399
476 270
444 205
201 303
190 175
406 114
498 262
111 325
360 490
480 53
37 490
446 422
132 483
251 160
284 467
366 294
416 224
430 195
498 360
35 131
98 188
302 294
471 448
290 414
319 331
173 270
45 357
192 471
484 29
496 443
89 268
492 215
262 358
70 274
258 260
300 458
252 356
156 102
368 75
258 446
68 40
397 432
255 113
495 441
236 239
359 343
58 177
35 352
478 320
432 106
64 236
444 84
39 168
243 100
46 407
447 353
285 115
80 196
489 393
132 75
419 225
403 344
196 329
2 290
396 26
263 286
371 312
332 207
160 410
169 75
429 58
173 117
165 66
311 106
33 155
232 296
140 304
134 487
278 336
362 488
274 26
339 477
37 145
407 171
99 197
255 77
46 380
298 281
239 211
218 110
406 272
77 451
438 46
234 63
51 216
95 448
278 177
175 286
309 315
364 82
11 408
140 119
252 57
269 291
401 491
116 487
290 159
57 45
108 229
297 143
91 11
40 392
178 369
36 215
150 488
248 400
372 161
219 389
32 124
468 340
179 433
444 84
481 470
199 353
496 89
452 496
241 87
309 492
60 419
407 345
98 210
371 8
249 470
94 442
282 281
66 414
498 462
284 10
363 331
420 483
331 359
298 224
69 424
344 459
157 129
191 103
111 255
225 414
357 360
141 171
86 139
453 59
69 436
268 237
72 284
495 40
117 256
180 146
457 186
167 376
332 114
221 358
272 443
156 298
322 481
473 149
209 260
196 426
16 130
415 316
209 440
196 262
260 326
364 229
457 218
184 31
241 289
233 406
56 13
495 241
390 378
138 468
246 451
82 187
355 114
55 349
111 64
242 103
332 372
442 106
137 142
431 126
32 378
244 16
257 441
319 91
411 0
451 310
497 9
124 33
234 352
269 179
282 198
70 11
118 467
109 364
490 107
486 392
409 375
316 82
173 18
18 135
297 436
445 322
207 294
499 69
248 442
140 120
131 383
350 62
426 101
209 311
203 416
291 47
129 464
483 107
95 154
90 353
27 392
39 35
457 235
177 390
10 205
440 317
231 493
95 142
453 157
425 156
203 9
325 217
176 332
338 160
366 123
16 428
315 393
128 407
297 272
330 305
474 159
152 270
413 57
214 99
255 218
79 140
209 458
142 405
417 237
361 480
260 283
177 377
136 76
348 305
463 433
444 30
301 289
347 96
48 66
136 61
53 303
114 68
325 114
352 108
441 242
26 213
442 201
277 203
360 78
363 478
8 323
465 307
403 161
227 312
225 451
107 216
284 279
245 221
181 109
351 97
310 122
324 229
284 252
182 453
431 145
320 45
352 292
453 285
97 108
59 33
101 175
454 18
91 385
494 199
149 273
395 197
279 311
416 71
25 63
60 98
144 308
100 381
18 348
456 406
291 468
143 16
386 392
277 449
0 478
103 123
172 149
461 498
70 451
15 377
327 447
255 75
308 471
320 208
114 327
295 276
144 405
297 290
239 383
361 426
49 239
241 464
314 221
25 202
431 236
183 392
467 258
82 291
499 128
307 254
382 113
370 454
244 379
262 167
445 483
74 475
439 494
67 315
17 105
342 444
336 300
59 377
168 156
284 493
247 167
132 91
45 129
8 2
21 289
124 122
97 466
312 50
366 388
494 232
176 235
36 188
65 13
21 447
292 234
253 305
248 39
20 238
92 293
434 381
3 114
432 410
460 453
341 97
181 178
414 335
23 357
222 302
101 441
175 243
400 393
432 280
18 148
293 304
185 111
77 79
489 41
494 361
310 302
480 335
23 491
201 246
48 46
487 275
371 149
42 14
147 271
272 326
131 17
480 65
497 316
209 57
271 486
140 203
39 81
425 473
219 62
460 126
401 268
269 300
166 272
396 312
490 313
331 20
85 121
290 311
221 434
421 499
203 492
425 413
386 94
156 350
328 106
226 468
268 82
206 495
159 435
100 102
122 150
123 431
95 60
494 413
413 316
160 267
33 468
62 437
140 419
377 70
390 320
402 103
451 159
446 109
63 110
112 46
330 38
98 236
1 425
93 444
64 414
234 105
42 97
368 148
218 34
355 246
201 109
120 257
218 152
115 418
464 282
320 79
315 146
423 270
66 169
83 16
473 130
79 170
318 16
402 448
46 389
350 257
15 247
252 470
240 85
367 219
298 56
203 39
161 466
135 126
495 228
210 70
240 468
336 142
442 411
300 239
496 488
87 150
472 363
449 339
410 212
268 168
208 209
27 323
450 221
301 162
84 297
265 364
6 177
88 102
193 300
288 240
390 189
405 227
419 214
278 354
22 329
390 398
222 82
156 417
431 24
321 457
321 16
45 438
392 179
479 133
225 85
275 119
347 467
181 32
386 266
95 459
357 260
195 486
403 431
455 351
160 187
203 128
67 482
13 248
233 459
397 493
112 458
425 24
56 311
77 458
269 294
54 25
11 478
410 101
304 266
453 217
346 465
299 8
108 265
76 312
157 193
3 473
497 122
433 428
238 405
199 363
388 7
486 254
207 251
369 248
465 12
329 175
183 163
280 128
292 144
337 357
182 450
72 341
121 32
437 357
220 360
219 137
243 460
211 205
305 450
314 81
256 123
138 143
123 291
435 419
128 416
366 125
318 310
342 290
147 291
151 132
269 220
180 223
280 364
166 392
473 86
209 333
476 81
372 347
118 100
16 160
137 246
57 234
24 307
98 251
383 23
243 250
325 4
220 424
316 105
191 387
220 141
74 252
452 48
0 298
458 70
317 16
102 447
254 226
477 126
150 353
455 213
69 245
169 280
385 290
177 337
478 429
181 249
297 52
351 133
56 298
166 161
461 373
99 269
247 67
420 428
141 249
495 227
359 211
353 164
354 245
26 30
131 332
237 207
193 280
78 440
453 249
474 97
218 414
482 73
353 317
67 254
334 347
410 414
430 193
290 263
145 284
469 316
24 276
56 206
498 69
318 487
436 451
218 292
217 154
471 52
158 422
269 390
156 492
186 179
294 439
223 476
293 439
215 44
102 169
238 124
463 100
404 408
52 399
53 474
26 121
43 376
119 36
29 313
344 275
214 67
43 139
78 290
186 188
209 146
122 289
389 447
207 85
484 145
119 259
380 389
265 145
182 276
441 236
12 63
130 285
276 78
220 25
66 355
353 407
196 275
75 475
412 437
83 282
394 396
137 202
200 126
402 402
139 234
297 343
481 3
433 279
304 257
464 6
413 370
498 317
144 461
250 73
207 408
156 333
388 101
80 293
48 88
322 482
178 39
42 471
250 159
268 327
333 406
129 233
402 98
59 127
52 399
307 310
495 259
213 464
109 383
323 293
275 157
196 497
468 305
316 90
418 70
329 85
170 251
202 458
85 424
323 261
423 489
248 483
447 271
6 461
254 56
66 330
179 382
187 262
353 0
70 356
441 123
374 399
209 463
387 428
42 146
135 211
194 317
88 384
197 493
401 95
277 304
186 467
82 456
308 225
81 287