4400
499 182
83 89
131 329
391 84
486 200
363 8
410 357
226 441
343 427
341 55
380 42
206 253
239 133
409 280
391 99
281 142
232 390
71 365
449 215
267 463
323 288
497 130
423 234
161 75
130 119
161 354
460 11
496 219
0 51
151 257
400 391
133 432
149 484
51 204
19 99
239 318
301 343
77 236
311 76
195 90
296 294
305 209
428 256
308 153
411 280
23 459
243 163
499 8
213 393
344 402
220 84
427 83
319 373
450 356
446 482
276 145
354 243
351 433
439 135
415 159
470 350
365 291
299 66
459 216
118 364
449 303
238 338
64 228
85 57
391 14
159 31
126 20
453 366
1 478
489 244
446 268
59 312
378 311
27 359
75 189
344 497
188 24
253 82
491 252
266 190
73 382
402 277
143 200
30 208
452 496
265 371
35 399
62 176
387 265
454 442
439 463
339 150
232 127
379 444
134 223
458 145
275 208
260 360
420 418
415 142
13 373
272 32
208 401
166 334
128 96
59 473
123 68
195 398
343 208
283 427
424 329
37 241
454 199
118 149
291 374
247 385
417 157
58 371
58 125
221 76
401 186
106 132
383 377
85 302
81 78
407 220
462 5
205 297
446 268
142 175
60 90
247 242
465 477
454 157
85 23
62 28
12 487
364 168
322 395
325 301
21 403
409 233
382 335
103 466
141 180
270 98
340 53
382 369
378 305
181 336
216 464
303 243
263 229
476 19
320 86
489 302
387 193
381 250
216 269
301 336
286 209
262 72
293 126
284 144
333 172
488 317
60 49
130 291
162 175
261 107
261 334
379 103
353 148
269 260
449 70
279 70
494 235
214 394
390 140
164 350
167 223
125 152
295 79
254 255
362 457
143 16
119 123
123 22
135 324
394 392
315 84
171 26
272 309
449 385
235 162
386 465
117 254
333 11
118 264
73 440
456 481
456 216
91 427
103 80
324 226
310 350
376 139
301 481
219 0
162 102
68 306
61 48
411 37
154 246
186 30
363 79
148 494
421 171
103 239
465 377
227 428
419 275
108 103
455 72
175 179
486 117
18 95
132 399
145 429
311 138
218 332
326 26
198 366
105 100
477 301
81 70
197 204
159 353
425 157
337 114
83 100
195 323
74 101
383 180
318 219
403 194
73 388
254 230
182 271
424 211
281 11
215 6
359 330
488 226
192 136
237 177
352 275
377 284
316 426
145 260
306 487
375 49
131 379
2 482
193 165
176 427
285 327
9 243
469 496
132 497
174 161
288 221
358 378
304 165
277 174
161 450
351 436
315 389
371 334
499 170
449 416
95 175
418 234
82 105
102 239
400 66
288 129
7 188
206 146
172 164
466 483
271 186
75 317
3 439
109 298
66 2
29 58
144 162
267 447
38 226
292 369
350 290
478 432
78 210
374 36
372 103
289 340
9 143
82 364
14 12
366 43
101 80
242 395
194 97
175 9
231 232
22 468
252 433
143 352
241 183
286 369
209 113
108 75
439 70
82 43
86 453
33 300
47 40
137 128
137 241
325 313
133 368
302 199
52 385
68 297
167 145
258 354
429 228
299 218
261 220
25 233
386 348
388 411
39 433
175 25
190 176
397 352
52 323
209 51
348 456
101 277
484 367
448 359
77 265
486 247
332 191
39 363
274 218
152 279
156 313
342 179
31 347
170 91
142 435
391 379
9 342
62 492
203 345
110 10
109 133
324 448
312 293
12 363
494 438
252 16
47 150
497 446
37 430
366 168
399 31
225 257
250 260
105 287
297 453
86 68
368 258
52 262
477 32
471 64
432 471
122 75
21 331
261 471
491 410
293 127
237 391
3 18
306 339
292 461
29 455
214 231
493 249
282 266
182 323
294 253
328 466
297 268
240 201
463 58
38 231
474 256
126 275
114 478
291 284
240 258
341 320
421 306
72 187
10 203
308 106
72 304
73 488
189 369
279 165
396 4
112 317
92 223
53 239
23 58
317 344
16 115
421 158
345 437
141 345
451 355
12 301
290 375
244 85
102 331
336 24
341 498
73 448
187 286
344 126
470 63
178 161
172 486
276 100
445 369
225 269
70 249
124 237
174 360
192 221
245 276
126 380
328 438
76 200
178 368
431 421
434 1
339 461
61 458
328 115
384 359
460 405
142 307
19 84
305 168
444 211
91 402
193 422
474 272
140 269
42 153
154 423
236 329
139 345
461 150
9 467
372 197
356 469
405 366
34 376
439 211
465 330
253 383
155 158
280 227
232 147
422 174
3 238
84 158
308 143
462 397
446 169
490 335
201 303
179 396
459 88
418 470
353 424
435 23
251 360
359 215
389 335
74 133
144 245
388 10
407 452
474 202
37 353
8 464
212 91
31 187
10 171
448 449
325 363
76 383
98 428
263 287
421 339
84 189
199 65
369 324
27 106
312 195
12 416
7 320
360 224
248 390
192 370
85 196
431 17
445 13
301 381
220 60
250 74
139 305
481 449
408 360
56 8
425 72
392 68
292 284
175 104
474 392
440 219
236 412
425 371
252 33
93 78
152 325
482 343
145 143
4 463
472 53
477 60
480 249
385 369
326 124
17 60
279 300
64 457
181 367
400 342
272 285
110 494
337 425
68 444
408 482
387 424
336 232
333 364
86 316
441 218
131 412
64 310
119 262
130 481
323 152
438 30
376 95
372 400
197 214
48 293
217 457
189 288
4 406
222 374
92 442
354 15
177 223
338 271
252 297
301 468
350 75
22 239
492 227
293 247
40 189
146 193
481 109
15 187
61 338
280 238
105 5
81 135
406 283
432 419
387 10
437 233
325 237
316 459
206 169
358 109
303 98
208 356
43 284
474 75
313 456
461 255
242 271
406 394
313 0
10 338
423 52
142 447
406 100
269 458
68 465
415 127
483 371
7 475
51 378
334 482
89 216
487 148
42 331
331 393
83 356
260 341
288 359
459 402
213 46
363 81
208 281
4 131
106 44
274 363
197 157
374 109
257 286
469 361
107 151
359 300
493 42
401 120
374 133
32 213
294 87
220 395
378 354
398 76
440 485
142 25
134 489
128 16
230 243
394 97
250 337
231 254
226 95
229 133
198 100
188 113
360 492
346 260
337 239
224 97
122 129
118 366
235 108
351 98
196 465
154 97
351 298
393 385
370 77
178 474
87 420
412 218
330 448
39 111
60 167
296 263
129 34
494 267
365 216
181 345
442 413
211 187
425 146
75 457
283 147
68 105
175 223
23 332
295 6
173 62
325 355
241 322
89 306
375 235
80 306
220 408
96 375
373 283
92 373
372 448
406 376
451 440
273 81
87 474
388 68
276 113
435 65
223 17
253 376
182 98
7 185
412 254
38 455
328 137
438 482
210 200
493 344
425 161
487 118
38 13
478 375
292 314
184 413
141 16
114 289
326 323
430 121
76 239
228 320
302 256
309 166
10 13
26 302
420 436
301 14
241 310
477 131
44 34
50 161
302 37
360 16
490 128
219 142
462 418
175 448
114 265
130 336
138 477
265 156
22 410
220 66
49 264
150 49
210 93
130 200
68 12
493 342
337 58
477 212
12 299
416 4
340 127
104 46
203 478
240 369
287 77
341 312
362 188
281 491
43 424
289 263
457 464
22 282
346 294
446 499
3 359
338 362
409 343
173 442
163 464
41 265
78 302
342 235
78 292
216 123
238 474
438 5
139 47
194 460
312 486
345 140
2 315
11 183
477 263
79 36
302 492
146 473
60 232
24 488
463 138
112 240
98 53
100 402
363 237
223 146
138 27
194 420
103 493
256 205
94 432
424 188
161 396
128 422
410 221
211 152
244 373
278 176
78 194
432 379
377 293
320 7
280 16
9 367
424 235
168 117
305 18
414 444
367 318
391 394
398 277
3 103
279 143
189 281
12 209
3 473
333 390
258 175
394 113
348 267
384 319
337 368
313 42
360 252
498 180
309 252
207 397
392 312
446 338
47 81
55 458
200 402
430 240
353 458
77 324
143 53
422 314
356 481
85 235
267 68
172 83
480 76
389 231
69 224
306 335
145 117
371 213
305 346
156 301
126 158
211 234
400 121
102 485
220 108
176 39
123 487
416 201
432 455
32 305
492 2
471 190
255 137
335 342
496 60
218 492
78 474
95 281
267 478
86 50
89 339
179 114
167 64
20 95
252 100
454 404
94 244
233 277
119 349
409 69
61 115
89 127
260 491
469 37
87 379
71 407
21 176
241 250
197 189
141 113
17 449
45 447
224 111
460 278
199 195
311 221
348 260
251 252
289 460
340 72
479 228
405 263
13 353
394 498
463 62
363 35
334 480
443 408
38 58
253 255
476 238
350 416
21 176
488 454
26 162
391 328
91 6
211 148
146 456
370 105
140 461
441 233
493 326
384 236
343 384
122 137
406 171
347 324
278 427
89 335
16 157
15 332
480 459
268 226
331 478
439 138
224 323
149 232
320 217
101 33
22 163
334 75
252 280
59 33
369 30
187 1
333 237
48 54
280 166
144 316
307 111
286 436
168 31
100 435
320 489
4 54
481 195
475 339
224 233
116 35
36 445
182 155
210 221
387 83
399 490
454 384
320 206
89 240
28 340
181 190
244 200
247 186
377 77
311 75
462 101
47 427
82 350
71 81
164 292
135 311
195 416
474 89
181 367
207 64
106 61
262 389
427 202
279 9
84 304
257 90
369 46
248 304
238 452
96 320
131 402
170 231
172 178
45 145
209 354
415 252
141 167
369 29
391 420
224 0
443 327
226 334
490 312
116 474
294 228
483 213
444 277
455 153
298 469
323 0
253 359
378 90
472 246
167 99
100 363
42 243
429 43
355 268
243 420
148 472
185 389
167 483
489 481
302 474
475 139
351 477
68 80
178 229
329 392
255 197
293 429
472 149
418 222
142 179
3 13
402 143
478 40
374 421
248 467
459 176
154 75
155 310
39 74
466 185
235 220
149 73
222 28
102 473
5 140
5 97
92 8
49 260
181 70
390 423
99 281
356 349
159 253
327 363
49 50
271 145
218 284
164 272
98 293
433 266
363 103
111 291
51 455
378 12
435 84
366 268
117 387
140 222
86 128
178 320
317 135
271 449
222 36
329 435
53 320
423 114
405 417
224 386
399 308
393 102
222 186
73 259
481 339
467 66
386 67
54 146
447 203
91 325
112 169
341 272
387 18
287 116
355 144
453 11
466 254
292 346
457 188
380 366
432 438
6 347
345 170
373 412
90 293
314 317
89 202
72 8
476 328
325 359
371 331
437 130
328 337
377 230
96 285
223 257
457 380
50 81
494 302
447 275
92 436
490 114
474 34
362 63
422 450
282 39
169 293
482 219
301 497
282 212
469 249
129 6
439 426
81 179
455 285
221 28
494 47
433 212
275 468
419 296
335 197
343 201
272 357
354 177
389 426
175 137
495 211
137 305
484 434
220 70
99 439
339 441
153 445
414 272
420 280
330 185
238 108
465 173
202 10
288 319
308 444
155 464
269 303
238 144
215 253
45 310
251 166
111 236
8 257
37 377
62 281
241 367
392 300
163 58
229 447
391 451
415 38
341 398
394 36
142 431
241 109
127 187
423 345
102 91
320 283
416 491
211 383
35 157
215 455
402 50
354 297
335 145
43 121
158 28
312 290
399 300
487 53
398 379
470 262
397 352
196 290
25 314
323 407
362 413
463 391
188 117
114 317
291 23
403 10
300 449
249 215
121 51
430 88
202 371
224 252
43 99
413 272
179 420
333 237
128 393
362 149
318 316
191 477
487 109
410 94
162 139
190 159
99 283
154 121
373 301
401 230
354 268
189 314
403 33
279 374
375 383
199 141
470 46
155 242
189 309
448 66
77 351
486 139
260 177
478 492
75 133
254 231
398 429
463 443
169 301
185 94
235 397
443 236
331 58
367 98
16 20
223 316
455 446
123 209
201 215
200 453
37 128
58 306
101 435
88 373
467 271
168 125
214 54
112 111
61 45
417 480
296 430
376 140
349 251
318 351
156 402
31 370
177 193
128 89
314 278
401 69
194 281
335 421
32 408
305 448
280 446
228 222
362 76
179 104
455 63
318 349
71 111
157 349
290 248
379 137
206 104
237 280
54 253
13 424
372 438
384 319
393 4
80 112
68 108
171 111
312 375
487 341
42 384
484 496
133 332
288 363
496 340
445 25
302 50
488 458
277 174
31 225
189 23
131 463
75 258
133 154
496 239
123 472
468 38
223 108
323 454
146 11
389 171
73 91
49 191
217 414
139 179
202 100
64 180
438 185
339 491
230 424
248 187
226 354
314 69
23 449
312 137
161 169
112 53
96 234
148 161
192 166
266 287
468 246
431 330
173 258
34 123
310 404
258 283
352 36
337 72
61 375
396 2
407 222
309 8
21 4
22 457
97 214
312 288
471 417
175 244
367 144
48 210
345 29
66 158
82 197
72 255
257 496
70 320
328 165
21 379
337 201
267 43
183 434
351 80
176 6
3 378
440 395
424 403
414 285
334 342
98 496
492 258
78 207
224 415
294 258
460 245
140 131
417 227
159 176
182 120
499 335
230 37
441 291
429 155
497 355
203 263
22 447
155 48
463 100
359 379
125 257
241 171
250 117
293 158
279 410
245 328
365 130
421 328
483 158
365 350
466 332
280 69
469 488
440 435
166 432
41 151
322 143
261 282
293 73
483 406
234 72
202 80
408 452
110 475
178 243
76 476
397 144
484 208
495 366
150 424
76 161
157 191
326 398
323 270
176 119
191 158
239 411
215 245
72 499
243 325
301 250
394 171
231 50
416 230
155 226
239 66
110 231
481 396
166 436
407 157
315 195
458 450
195 406
406 173
498 119
370 1
24 152
202 116
347 255
333 471
389 2
85 72
321 499
287 418
75 339
386 46
496 391
149 344
17 43
163 55
408 368
20 33
149 432
39 74
397 348
350 372
297 287
138 287
206 470
309 278
324 281
24 196
392 321
364 174
81 410
130 379
412 342
126 2
76 414
114 166
390 326
113 317
104 187
9 103
381 310
444 171
219 58
379 320
346 111
373 95
327 280
122 3
5 239
5 100
118 434
260 120
437 9
48 225
328 393
56 58
229 62
120 0
172 448
411 351
298 19
151 285
288 125
217 125
225 294
228 74
46 344
205 488
65 335
229 253
163 393
307 285
137 244
192 279
482 161
32 104
241 133
110 183
308 29
323 179
254 386
82 51
391 152
488 287
392 456
202 69
206 408
152 361
141 195
356 197
153 475
108 389
424 394
423 71
250 85
323 247
150 356
9 405
44 394
202 349
418 436
344 256
118 124
171 497
46 111
86 27
268 199
93 47
118 193
130 16
115 368
225 453
358 118
364 86
435 402
190 66
323 205
181 35
384 293
404 352
379 430
481 490
389 148
193 74
442 7
228 323
276 410
380 305
391 486
388 244
162 178
383 430
317 337
130 64
416 201
483 386
229 147
147 464
390 118
478 192
367 185
95 206
11 143
481 327
423 254
432 221
152 85
275 315
231 469
23 405
292 499
146 6
323 21
491 146
190 65
250 469
27 58
53 197
24 38
144 35
256 447
385 76
391 260
230 160
417 474
473 105
111 61
434 472
470 286
204 426
247 160
218 454
4 275
165 272
159 28
328 310
386 415
28 213
225 130
104 110
215 494
56 78
402 178
465 342
268 372
32 21
475 16
143 251
375 479
360 308
118 34
301 40
105 5
135 329
439 330
324 91
21 154
333 232
75 423
295 150
171 195
63 180
283 498
330 206
15 158
192 190
82 133
490 493
323 187
369 477
69 262
269 45
278 442
366 102
104 353
400 13
45 275
273 464
170 328
486 103
145 37
171 178
24 79
266 13
491 347
461 135
181 412
354 230
184 311
16 72
438 288
415 416
380 483
312 189
144 403
440 150
329 142
221 463
477 205
52 488
475 320
232 365
96 8
319 438
11 132
421 335
252 301
284 336
377 484
387 448
99 374
16 180
143 280
485 89
429 472
292 389
254 405
265 376
315 202
335 85
272 178
479 108
296 376
361 263
64 174
400 100
280 15
295 416
5 276
248 132
373 287
192 393
269 127
182 457
394 436
114 369
477 167
43 93
209 125
299 256
357 273
140 51
467 489
265 435
419 325
112 366
259 292
271 156
465 380
317 453
322 360
379 431
377 151
277 422
179 438
211 428
480 388
377 351
138 299
476 495
361 409
201 88
96 472
204 472
426 414
274 21
305 100
252 153
427 34
472 29
457 106
494 35
238 437
237 224
219 376
285 213
154 432
404 338
310 102
16 108
482 88
189 142
147 139
173 441
470 75
33 145
180 279
217 380
104 418
146 306
371 175
107 283
473 377
332 363
471 283
224 348
343 305
444 413
206 490
417 117
114 28
307 451
331 146
416 376
34 287
462 62
197 406
135 421
284 170
306 467
168 107
413 30
295 11
353 209
179 1
381 271
222 293
292 188
417 405
44 208
123 451
209 358
279 320
343 345
164 415
22 1
383 332
195 287
497 30
383 49
320 176
321 264
452 394
299 113
174 221
173 195
53 297
469 382
79 184
99 312
165 244
428 121
409 48
430 124
173 258
434 313
77 345
239 107
73 382
103 390
85 247
44 128
11 490
174 13
178 442
186 273
246 343
244 115
91 7
265 174
340 116
461 51
159 417
151 200
90 84
331 255
383 27
17 227
240 246
189 43
316 270
466 227
194 414
422 62
236 285
401 187
239 428
346 362
414 250
334 497
104 356
383 165
244 340
86 252
295 484
107 127
355 463
378 73
135 49
187 300
339 223
152 88
303 78
180 498
347 217
426 14
31 304
144 309
414 275
112 82
210 209
173 219
144 417
318 403
55 279
2 5
446 394
325 6
356 249
318 5
372 204
360 244
406 255
383 4
86 320
381 347
418 148
417 406
309 62
341 236
93 364
111 195
202 39
140 436
293 58
114 459
55 165
273 474
478 461
281 8
355 417
417 163
421 273
335 335
423 231
447 28
223 16
408 58
346 425
336 48
7 140
157 450
425 63
376 430
290 255
24 10
25 145
270 442
129 446
177 105
485 52
420 477
35 209
486 328
377 382
374 174
125 236
151 31
314 402
157 28
38 104
102 34
476 63
361 372
330 457
9 39
368 315
376 281
110 255
489 215
389 339
75 363
247 366
268 79
459 61
165 278
312 349
412 119
492 140
97 125
164 322
489 458
239 384
140 366
81 349
40 129
345 322
189 116
47 92
153 457
87 6
355 170
290 399
39 119
244 282
456 136
446 261
145 445
163 186
387 137
267 96
419 428
396 112
204 460
269 443
301 209
379 357
256 156
127 21
155 148
136 223
484 111
409 83
269 482
119 72
169 8
436 238
202 440
400 184
479 258
319 169
26 280
288 199
72 135
135 415
491 228
191 271
206 475
309 100
25 327
336 281
371 194
486 124
309 426
184 386
407 288
421 4
55 434
421 209
477 479
207 408
31 468
295 251
203 238
65 457
90 228
274 253
378 461
387 260
498 39
179 424
280 406
340 100
162 335
166 113
373 139
459 374
477 404
142 106
63 180
261 60
313 153
467 35
148 43
82 354
130 146
52 114
214 410
97 244
209 376
367 264
490 82
487 326
433 467
499 129
41 348
2 260
148 207
250 469
175 148
294 185
299 158
68 347
443 365
94 166
282 153
235 461
140 272
91 222
204 73
273 90
203 97
304 127
448 203
351 407
92 124
134 145
344 243
108 202
220 140
293 202
164 2
126 380
103 156
81 217
160 159
108 354
482 215
270 413
320 430
406 121
118 264
7 40
95 315
455 467
170 315
170 248
128 186
342 148
366 83
94 423
129 378
445 55
468 111
394 215
336 140
404 300
193 306
473 411
230 288
455 428
28 400
438 477
126 9
444 132
407 344
74 391
446 37
148 19
234 414
406 42
195 422
80 310
73 388
28 54
482 303
56 483
461 11
372 494
127 439
283 316
207 34
423 357
376 153
419 72
466 462
384 325
487 13
401 464
18 60
216 429
265 353
216 272
266 226
165 88
256 245
132 300
157 464
469 55
479 385
347 241
418 298
311 83
399 406
318 65
494 418
123 34
306 111
189 339
427 425
22 354
6 183
499 154
62 163
400 321
414 41
339 99
182 332
90 3
68 82
352 409
295 414
26 475
166 102
379 215
422 93
128 401
56 428
444 480
301 118
11 196
296 215
399 203
206 330
264 490
251 274
40 116
443 46
0 66
134 109
54 379
281 56
336 35
15 189
159 132
329 168
235 22
225 477
307 134
476 431
57 72
40 227
126 450
368 484
445 126
358 2
410 352
239 491
32 99
231 254
274 191
213 412
389 9
143 439
222 197
269 472
51 132
434 309
145 177
156 302
305 443
147 366
357 215
314 386
492 389
432 398
310 266
275 145
436 200
397 270
242 11
495 18
179 146
323 429
231 177
472 331
197 36
104 119
357 406
147 270
20 349
115 79
77 331
383 242
364 365
376 132
150 459
105 371
152 181
358 428
112 384
272 330
301 161
68 228
351 158
359 67
147 371
54 326
68 76
441 437
69 433
392 318
41 71
253 497
277 46
430 463
294 241
403 54
283 447
458 323
390 134
357 317
144 389
465 412
201 212
497 407
77 271
194 241
90 470
16 447
263 368
461 298
353 57
356 364
187 488
474 314
132 430
319 331
95 128
340 137
396 297
420 190
431 473
295 114
414 22
242 164
462 177
86 203
420 167
155 442
109 459
389 129
313 93
221 61
50 408
205 61
103 446
271 477
92 387
409 66
82 358
35 3
58 45
64 121
415 478
290 72
201 376
469 31
444 366
275 190
104 494
440 332
310 207
94 211
130 402
112 355
210 212
109 147
120 121
451 174
246 387
264 241
273 299
166 233
276 217
212 293
125 380
439 4
216 435
189 386
93 346
410 301
300 304
425 20
46 420
160 376
470 144
295 424
9 95
312 461
254 285
17 376
233 232
167 457
343 449
147 209
10 436
92 409
281 163
435 17
246 327
323 95
371 68
163 119
432 233
370 327
56 187
271 388
197 289
238 438
147 40
328 237
498 10
25 421
290 280
107 460
408 388
456 431
50 279
12 119
447 482
21 235
123 3
292 292
83 320
212 382
471 82
444 40
313 469
249 469
282 456
344 209
492 190
469 301
272 394
228 334
69 71
426 102
394 44
216 70
304 329
264 428
320 275
97 208
30 134
442 198
407 312
2 286
439 251
145 323
157 64
135 374
476 78
474 62
484 222
404 190
118 289
416 168
228 291
277 13
64 258
70 219
357 323
75 424
248 297
213 220
446 257
188 348
262 422
497 162
353 247
388 401
69 323
466 304
170 297
408 243
314 86
409 330
255 172
321 336
409 355
112 34
234 355
130 152
315 497
96 127
380 20
343 336
140 301
450 310
405 162
248 358
189 220
244 158
494 296
3 65
99 403
111 467
120 333
182 241
220 435
455 130
466 100
401 150
312 459
121 351
62 218
290 370
28 103
399 34
99 374
130 254
221 50
235 241
334 341
276 418
400 54
6 83
86 367
326 259
110 398
468 447
169 24
127 110
144 49
424 378
132 95
497 406
147 354
195 233
3 333
387 324
259 403
270 245
4 345
96 448
248 466
491 416
27 417
467 470
349 23
119 391
149 333
187 116
201 296
481 235
411 204
108 368
465 170
368 230
179 469
435 316
232 427
344 426
397 259
283 163
406 98
431 254
222 55
203 471
206 424
480 184
404 469
139 88
319 369
338 359
175 350
277 274
52 260
19 473
137 301
251 154
260 43
99 35
6 483
259 302
339 64
33 239
180 243
113 24
384 499
349 303
429 411
171 478
303 334
135 43
49 440
336 239
274 310
145 287
441 280
344 256
347 280
376 377
253 27
378 489
292 137
401 79
57 74
408 424
467 213
5 395
134 369
179 341
480 408
40 176
284 422
54 384
113 131
159 430
271 367
356 389
469 416
490 109
34 26
239 398
293 1
222 97
438 428
188 253
429 271
193 229
465 65
197 99
30 431
298 208
97 301
217 6
116 66
445 207
105 150
3 36
133 251
31 78
331 424
195 219
300 113
178 388
487 266
197 375
83 369
171 347
205 33
99 240
448 321
323 396
433 405
8 179
257 66
342 39
259 88
201 37
277 59
177 380
107 117
486 374
73 43
76 9
250 279
452 27
424 50
307 276
307 357
275 316
355 64
4 118
7 466
378 206
438 285
402 55
282 45
88 388
250 355
486 16
44 0
50 439
67 468
177 209
25 374
438 304
422 381
199 294
0 282
67 77
133 290
336 469
209 267
122 276
293 459
311 109
48 337
157 213
423 467
341 334
138 448
181 131
425 413
195 381
458 278
68 262
83 443
210 256
33 144
104 185
146 178
367 267
481 46
13 24
210 256
204 354
485 200
465 238
119 262
40 160
274 429
225 109
365 209
354 287
472 250
280 310
77 118
164 147
23 410
166 177
383 85
286 223
461 368
131 103
264 80
361 171
132 390
452 86
374 350
452 306
468 198
169 233
232 397
160 333
363 108
45 326
49 246
467 331
435 362
294 450
473 51
293 156
94 106
308 245
403 320
371 260
345 223
121 40
373 78
38 281
459 88
335 83
267 361
223 154
104 54
457 18
26 77
35 250
348 472
293 343
104 103
327 164
204 449
379 300
81 429
370 269
353 392
253 57
211 120
26 329
199 315
392 483
85 225
49 280
123 433
37 342
358 79
29 364
16 414
196 260
30 97
489 66
123 235
207 95
424 334
1 233
68 123
200 245
25 153
87 249
444 149
228 476
192 154
69 109
222 208
157 117
183 104
339 146
93 158
344 46
131 369
492 345
442 199
352 44
146 468
469 291
267 90
244 197
159 459
167 165
282 381
485 324
323 317
327 176
74 268
138 171
368 205
256 482
27 311
279 108
252 25
115 248
297 19
331 211
377 308
189 350
175 11
181 26
202 350
470 8
180 276
333 108
91 48
359 89
50 470
495 490
90 302
173 462
173 240
48 4
355 402
266 90
116 382
84 447
307 171
299 54
163 487
388 485
426 106
428 99
442 476
130 275
237 32
272 304
160 262
17 173
263 15
249 283
82 379
402 333
388 389
229 54
39 403
361 117
68 465
294 289
416 10
43 424
80 153
267 167
340 241
108 284
419 103
335 358
191 353
95 89
143 431
186 324
293 182
0 47
188 361
224 294
70 104
109 119
286 151
244 377
13 479
82 352
210 433
286 269
359 254
185 233
57 354
389 372
271 202
416 389
35 460
416 140
259 105
108 26
403 45
376 352
205 416
201 459
80 415
21 488
221 291
146 59
431 131
333 35
276 54
366 249
241 311
416 283
309 0
398 25
377 212
480 274
85 434
202 182
22 166
457 223
282 95
226 455
490 65
120 412
13 266
429 486
269 255
255 198
75 430
142 5
132 304
239 123
305 217
235 441
164 179
274 193
0 299
364 1
265 491
109 336
323 278
385 391
89 444
375 493
498 164
468 369
344 130
200 207
0 1
180 435
480 17
316 455
308 481
324 180
17 73
203 285
176 192
488 89
82 265
281 215
437 432
415 250
309 281
283 115
50 162
179 315
270 31
12 495
27 430
3 188
473 396
440 59
148 150
267 281
496 82
14 49
151 285
419 429
396 312
474 202
369 447
478 153
0 140
70 342
382 380
276 426
485 355
357 217
350 485
67 125
26 198
484 433
215 29
341 403
457 111
410 168
173 326
318 240
82 174
54 241
19 316
172 182
251 4
341 29
6 101
300 260
45 32
413 284
39 260
224 255
423 496
174 134
375 448
122 493
86 309
126 28
63 105
461 150
31 314
268 302
62 38
422 68
204 107
220 336
443 95
91 296
430 366
314 117
462 305
467 289
169 48
5 445
95 232
399 466
268 126
164 167
87 182
142 439
275 143
238 214
10 218
436 181
298 440
98 102
243 261
161 417
362 413
497 167
133 457
83 248
415 254
288 100
39 354
497 282
496 166
236 235
416 358
151 172
126 67
328 101
18 370
135 341
8 380
189 132
381 494
100 124
224 148
3 388
171 115
133 0
88 19
378 369
393 4
71 381
482 20
242 251
93 0
232 377
9 453
447 421
397 242
243 47
288 474
89 246
98 311
182 75
444 186
43 60
293 190
210 466
218 275
275 304
181 163
468 359
280 42
285 416
315 30
4 28
126 103
266 445
20 224
263 449
361 317
7 306
272 155
430 69
373 342
357 58
417 54
96 326
94 50
80 233
113 261
217 84
29 91
316 483
432 402
219 431
237 146
301 226
295 361
56 231
141 20
426 413
91 59
109 22
108 37
299 41
477 73
165 16
499 358
260 333
264 284
430 479
57 1
214 231
314 204
224 270
36 456
367 150
25 479
17 328
369 485
410 316
332 346
56 75
408 183
319 317
148 24
377 101
184 206
410 92
214 499
307 487
489 250
230 26
354 366
351 247
415 75
273 262
189 99
134 329
146 450
474 454
55 295
353 352
444 240
91 115
102 158
261 398
276 444
310 491
90 130
205 14
276 5
456 478
307 317
267 90
44 306
453 242
446 100
192 306
421 242
400 283
33 376
320 13
356 309
291 130
144 298
303 496
326 272
442 111
202 485
143 209
303 246
198 96
402 249
491 390
25 176
52 244
257 410
71 224
354 466
264 362
210 351
475 420
31 388
374 417
479 233
480 369
466 282
32 30
273 220
396 23
119 298
61 300
24 377
195 132
347 231
434 459
379 57
446 409
179 411
144 172
41 158
440 476
7 359
80 324
348 132
282 328
129 319
196 343
476 153
236 391
203 323
232 170
80 82
345 30
202 111
269 490
318 96
455 61
386 177
309 387
216 86
405 92
435 197
350 454
197 263
438 439
109 400
335 23
53 41
152 180
22 108
204 273
335 341
18 11
251 73
159 328
272 467
164 416
370 207
323 366
305 420
320 113
136 415
308 7
188 42
150 461
86 210
51 206
69 273
346 422
102 320
287 357
274 374
433 303
170 496
416 108
222 327
94 89
96 210
252 403
364 136
347 402
108 302
76 250
172 30
350 422
132 274
148 138
293 258
254 434
42 315
143 23
464 264
475 237
140 412
49 79
482 356
159 396
146 442
472 87
9 171
297 323
313 493
251 298
232 106
422 358
381 274
391 417
6 197
109 218
297 147
355 158
406 131
74 366
453 405
76 398
221 315
308 373
171 386
345 412
270 255
382 119
36 3
200 273
491 394
41 309
320 140
272 249
467 226
483 346
96 421
88 59
285 170
56 396
308 308
416 253
372 78
433 298
71 260
155 133
295 414
406 48
149 115
193 178
376 117
38 177
88 473
143 478
374 225
386 51
305 35
465 302
100 29
142 399
32 23
437 149
197 179
294 343
374 199
316 340
369 250
75 206
184 309
35 218
270 410
445 421
223 427
456 263
162 175
198 450
99 46
226 135
330 149
348 372
64 204
307 164
222 433
243 382
101 406
316 130
403 223
2 114
229 478
153 310
261 391
289 351
338 360
9 367
92 20
77 209
373 156
90 384
266 447
353 185
167 219
294 22
488 70
48 296
107 217
460 53
404 220
80 101
469 94
114 442
151 61
217 191
427 377
324 159
196 194
265 30
404 363
433 60
208 392
461 333
386 167
387 421
374 290
236 320
114 343
404 351
394 117
346 474
485 322
368 23
53 182
45 485
45 309
53 331
164 106
273 14
287 51
193 13
333 161
357 430
133 447
416 113
87 379
53 263
286 425
107 421
407 191
0 4
335 304
410 405
419 0
403 36
49 58
71 96
378 382
181 428
42 11
243 449
212 481
406 296
218 350
41 365
370 477
133 393
298 205
57 44
80 69
479 312
409 481
363 51
479 139
3 396
345 373
355 246
42 410
260 113
479 112
441 154
399 349
406 75
119 50
119 464
276 51
32 451
2 37
29 247
495 333
207 32
130 340
250 414
27 24
137 363
17 6
355 78
5 416
466 114
78 476
27 438
241 206
96 411
10 243
428 125
9 5
346 487
401 139
163 448
163 281
287 152
83 180
449 495
109 88
65 267
57 39
97 444
208 298
393 193
170 218
224 174
161 179
170 422
222 415
196 186
190 386
418 483
330 273
214 219
487 291
330 131
75 396
47 280
473 283
354 292
466 144
175 78
0 128
43 198
384 222
460 91
426 74
200 379
98 257
400 414
45 437
186 83
363 472
108 233
377 336
332 462
392 344
324 360
58 244
318 219
310 442
368 279
158 236
345 68
482 108
46 246
329 379
204 84
317 44
380 312
126 194
390 65
425 18
262 66
285 483
277 432
211 447
36 145
66 221
330 381
479 400
280 228
312 160
204 336
0 481
27 437
2 126
496 418
336 279
114 110
42 122
421 391
388 106
327 457
191 454
355 157
237 22
35 487
323 401
382 91
28 175
301 410
180 382
13 149
111 16
490 127
370 5
111 412
221 259
213 291
300 412
287 420
259 38
439 322
413 82
257 322
84 294
176 410
411 116
484 190
169 374
232 327
91 40
299 343
486 312
77 364
137 287
325 364
38 396
331 264
438 451
245 440
203 374
342 274
316 466
341 179
6 485
377 73
268 97
261 28
393 255
394 190
406 382
278 219
335 444
396 461
402 126
352 493
267 457
423 195
226 435
273 116
41 232
181 150
179 162
269 294
485 424
306 163
382 391
188 436
398 69
47 84
429 152
461 400
447 49
484 384
353 173
405 257
260 394
408 438
232 439
363 177
192 217
461 169
457 426
496 149
85 355
359 43
443 366
415 172
409 242
415 252
361 262
8 172
110 121
60 417
446 343
412 423
444 139
65 373
374 402
109 413
457 459
326 321
493 252
495 93
345 402
164 410
83 207
180 25
294 45
388 241
16 240
379 153
378 461
215 297
210 253
64 324
497 19
272 242
336 491
393 119
381 33
92 410
435 316
362 273
366 229
321 102
255 382
195 53
350 486
239 262
439 412
432 155
398 436
427 56
175 234
119 321
83 56
373 212
485 370
99 87
189 203
85 272
325 297
283 133
395 175
440 22
177 334
271 372
428 427
161 50
223 455
11 133
345 306
176 236
323 182
385 127
400 365
162 322
455 77
105 297
171 203
389 45
417 200
128 12
63 197
152 141
274 286
445 15
104 119
301 473
101 279
144 186
9 353
430 158
455 316
371 35
80 126
327 261
273 349
398 307
448 188
327 402
270 223
194 272
245 374
153 496
34 198
51 150
160 395
64 334
369 468
94 435
48 302
3 273
432 322
362 254
156 381
456 189
461 278
152 150
498 59
257 158
160 33
280 161
495 320
288 344
132 216
370 235
360 180
2 226
480 293
174 217
406 488
267 130
132 220
279 271
429 131
16 388
401 441
262 296
493 396
465 402
137 125
305 187
265 350
143 160
377 97
86 317
299 135
355 205
476 283
414 486
227 258
51 282
79 128
377 313
68 424
401 194
381 57
407 206
218 499
96 50
219 447
435 34
239 370
154 290
129 68
178 420
203 356
484 229
395 134
58 361
55 315
372 459
17 289
288 280
330 88
387 384
271 402
272 322
465 10
430 426
199 94
302 460
42 402
36 138
352 289
104 446
257 259
48 476
256 126
214 188
425 439
341 102
424 196
58 465
244 389
335 341
301 443
345 137
128 343
132 233
179 480
239 236
65 436
62 140
180 173
464 129
231 105
153 157
123 7
249 64
405 367
162 84
74 206
402 7
240 54
34 386
475 271
207 273
265 40
65 121
250 446
403 30
187 333
341 57
121 162
29 442
378 26
84 43
50 304
358 338
225 142
413 392
18 200
92 472
94 135
81 157
187 344
30 485
394 227
389 223
165 15
393 271
314 43
348 329
168 365
359 58
451 393
93 125
97 321
456 185
194 191
388 38
375 382
109 270
493 269
136 350
121 158
53 381
210 436
153 401
312 378
123 12
137 263
436 68
253 235
278 392
282 300
182 18
288 9
130 143
493 281
439 266
499 115
51 345
98 210
440 56
68 410
173 64
132 58
293 109
354 238
38 423
442 136
498 72
215 82
364 128
395 60
175 155
0 246
456 78
134 99
9 249
313 55
113 35
496 297
387 258
181 202
191 425
497 475
58 189
317 64
477 274
281 64
311 152
83 134
233 119
368 69
124 94
481 33
331 89
347 330
32 218
496 381
356 75
264 345
262 266
40 434
498 239
243 322
456 161
281 326
248 41
487 149
35 224
314 321
3 366
436 161
42 35
111 284
130 251
17 227
161 244
483 410
84 12
173 226
405 392
433 454
456 5
229 272
445 343
209 43
57 448
336 497
282 451
202 299
26 264
8 72
482 40
52 491
69 66
458 225
32 326
331 243
367 340
183 61
456 313
113 244
241 13
317 449
248 375
491 19
443 127
167 499
342 425
343 71
296 264
90 301
396 180
20 422
483 116
429 55
299 291
305 394
344 393
120 474
493 444
423 112
463 437
214 442
13 158
422 58
211 162
342 364
286 460
76 215
270 121
413 357
251 422
315 70
44 447
392 435
399 389
178 167
110 215
373 245
155 123
285 147
11 366
178 480
195 150
123 254
111 317
239 388
310 215
162 54
342 206
96 406
74 93
308 126
223 184
159 33
180 378
245 445
425 44
46 275
30 472
289 169
410 493
208 29
435 220
427 223
129 129
223 375
353 55
239 31
417 77
455 399
196 97
493 52
328 121
93 39
61 210
203 234
263 471
191 264
487 199
180 470
197 468
24 403
287 51
128 115
366 204
153 435
488 62
35 147
38 168
378 480
215 99
70 81
345 330
381 114
436 184
153 62
465 134
185 177
144 104
308 165
100 11
425 314
461 440
108 461
293 499
451 486
420 360
191 373
487 117
302 72
486 276
410 455
484 304
408 447
112 128
491 69
383 64
5 417
230 196
47 113
452 23
384 498
372 372
341 427
351 211
487 143
450 338
142 249
196 286
267 402
471 308
373 258
175 206
254 230
195 257
281 302
152 147
371 17
296 376
440 213
208 147
337 279
29 159
445 331
234 225
386 212
323 57
116 111
341 350
108 370
24 388
36 241
110 177
405 259
472 406
405 345
125 33
192 243
426 154
231 489
54 160
70 117
80 229
79 186
56 273
162 39
280 433
110 198
309 242
148 367
213 134
167 406
1 190
196 211
200 427
440 427
397 106
335 10
196 329
103 267
306 104
37 265
315 439
181 499
219 124
258 330
88 284
474 425
136 89
16 22
301 189
147 456
318 198
380 335
102 366
471 483
100 260
199 360
212 415
391 381
211 431
215 150
427 151
240 41
63 416
457 108
417 364
415 104
291 235
454 295
278 393
154 277
137 378
145 205
86 201
484 36
38 149
300 51
92 466
234 40
1 7
372 191
147 418
5 139
434 439
184 459
236 64
294 190
396 226
279 291
327 482
132 264
315 366
184 284
177 260
267 270
461 178
448 491
482 460
399 305
117 268
332 436
126 205
283 478
269 374
209 63
179 449
167 193
477 346
106 203
473 6
184 226
69 286
246 484
142 52
172 498
434 259
464 357
335 412
139 100
163 457
258 348
41 194
40 277
480 370
377 499
77 453
239 413
250 498
402 337
335 392
3 75
432 269
34 467
419 119
76 173
373 82
128 186
463 414
136 169
20 443
248 365
279 97
95 339
177 381
273 498
425 12
134 276
95 357
476 168
193 15
449 405
91 66
332 78
99 55
498 468
186 119
216 99
438 317
198 163
13 115
480 323
99 438
295 114
134 46
61 272
177 327
245 363
293 120
175 77
397 392
363 26
125 83
400 79
94 63
31 450
273 108
46 11
477 224
271 194
318 111
290 184
47 347
467 35
112 192
84 143
169 361
445 447
378 146
61 197
0 325
433 92
455 273
498 331
377 432
395 121
305 195
394 185
72 205
397 362
357 184
398 334
133 378
24 195