5400
35 309
292 27
116 234
80 160
123 149
171 221
61 325
59 10
47 147
273 280
226 280
19 40
274 99
442 19
104 100
409 383
410 491
77 202
362 379
380 9
231 337
14 403
414 292
440 74
206 313
445 65
458 432
383 465
484 84
184 177
60 440
283 94
148 323
54 361
370 10
199 434
337 101
246 65
139 103
416 38
455 197
130 362
327 413
498 365
43 163
103 182
128 455
278 386
99 276
138 332
118 470
423 189
255 308
411 21
59 394
444 328
42 15
280 426
291 369
32 130
313 186
142 487
225 293
70 272
105 177
147 208
398 75
235 422
444 153
399 147
327 355
222 343
121 369
90 3
133 413
99 474
461 298
92 93
366 38
215 162
222 323
398 214
137 472
477 486
485 433
140 377
72 312
33 363
366 194
459 123
97 499
150 410
4 410
448 242
256 370
193 16
230 330
303 443
429 219
152 280
9 414
78 293
8 434
480 111
86 374
225 439
201 35
297 375
469 205
427 98
114 225
56 120
64 344
64 211
491 345
112 68
213 353
287 190
154 221
447 119
410 92
128 173
400 111
169 277
375 370
447 96
217 489
334 355
66 133
330 250
318 410
115 442
133 384
105 254
373 287
379 53
78 283
394 359
137 478
200 415
12 364
354 148
355 81
214 40
142 422
184 396
339 460
196 299
53 472
111 302
207 426
61 342
54 285
115 307
223 43
407 316
316 235
316 113
5 171
445 382
278 147
460 129
280 469
293 156
310 185
463 404
99 17
154 24
332 5
48 270
438 407
494 307
273 254
277 310
44 278
426 223
204 174
144 238
246 337
22 437
194 57
74 486
10 145
150 229
499 194
101 198
357 289
43 447
109 130
409 172
395 153
328 187
277 452
289 324
261 23
80 311
297 307
452 155
236 160
354 102
152 87
376 308
255 10
492 271
443 365
370 253
440 191
143 50
374 69
93 284
95 488
295 25
32 245
405 248
202 268
355 111
271 355
217 83
354 379
96 209
463 150
341 466
369 255
325 336
120 243
83 270
295 67
164 379
479 328
448 421
33 181
388 156
239 156
387 457
167 446
96 483
302 482
89 289
125 171
266 266
36 97
16 202
81 184
364 181
102 412
445 312
468 487
144 186
143 60
6 31
367 162
144 454
243 169
192 86
352 220
169 458
160 241
425 185
366 93
357 289
101 469
308 155
341 422
482 452
336 336
499 488
294 203
224 495
81 37
109 416
226 286
27 278
315 239
184 452
93 182
3 42
197 194
116 311
116 390
226 450
290 452
7 77
73 84
473 231
499 6
292 82
212 225
464 319
271 28
62 149
43 364
411 65
228 92
482 379
182 196
0 60
138 472
57 7
90 63
69 30
465 89
315 362
181 177
57 131
280 305
21 119
36 323
415 284
16 117
313 249
310 198
170 314
173 300
363 79
110 116
205 432
146 427
456 372
356 180
337 14
133 136
312 358
495 22
139 79
329 11
209 304
470 491
143 231
311 144
112 6
290 273
200 317
42 289
469 156
22 398
386 306
16 8
30 50
130 363
374 169
325 311
154 435
19 296
292 297
155 330
455 404
221 297
86 7
15 115
365 407
65 38
46 252
302 82
297 76
97 432
95 172
459 274
70 249
398 478
308 362
266 53
351 115
122 340
455 289
197 138
176 321
425 114
48 74
150 227
12 346
18 99
373 107
209 329
308 296
158 107
13 468
84 425
265 364
5 206
196 72
245 54
169 372
446 170
250 217
415 448
399 262
221 285
115 125
421 430
390 275
243 79
356 403
119 179
238 473
46 124
31 434
307 143
314 52
121 105
54 64
178 37
322 305
430 399
182 289
64 351
431 72
475 308
339 287
113 446
422 77
12 159
154 453
5 171
276 468
384 127
164 330
488 62
314 338
128 418
270 496
420 192
352 53
192 247
193 192
121 305
316 115
69 133
304 471
439 426
53 81
263 176
90 69
408 251
170 404
400 388
432 292
345 172
419 285
329 37
343 112
80 450
436 159
482 149
427 240
173 422
450 481
402 289
40 40
445 162
50 62
206 197
370 483
120 51
441 141
254 301
251 284
295 334
335 187
280 278
52 262
95 305
94 2
394 498
160 487
49 339
389 63
46 256
159 259
252 18
319 100
236 6
192 422
462 384
14 379
494 242
47 418
420 89
439 142
481 166
6 452
15 30
138 395
6 413
431 150
102 258
117 250
172 191
75 161
393 486
228 441
359 387
476 128
122 131
297 268
220 103
485 303
50 235
148 476
478 408
19 79
181 80
271 488
1 205
192 346
287 394
281 272
400 498
129 110
378 374
329 427
82 98
185 315
143 485
245 333
264 121
201 264
104 297
354 473
171 106
352 46
171 311
309 134
96 71
298 439
218 474
424 127
294 300
285 461
294 437
58 31
147 410
59 112
437 104
62 413
460 460
271 414
400 131
54 433
372 496
322 204
332 442
242 246
59 478
416 380
263 353
115 326
290 410
366 174
88 227
188 428
343 400
383 311
244 243
240 289
494 468
410 62
161 178
156 5
385 72
426 424
103 148
410 393
420 245
473 277
205 360
112 13
324 48
144 495
136 421
389 384
298 130
160 152
157 311
384 169
445 42
42 162
407 48
146 452
229 327
187 119
484 435
335 151
146 160
81 479
215 283
265 323
475 366
29 426
95 132
26 413
427 392
441 68
20 187
14 87
58 102
389 54
205 394
54 224
56 204
339 136
459 271
137 104
382 286
270 167
432 329
222 296
216 212
399 15
102 236
190 265
319 12
406 79
304 377
81 312
448 360
483 420
376 259
397 473
492 259
88 167
463 424
488 310
325 179
268 387
153 279
143 458
390 324
53 401
214 194
406 134
406 14
126 241
214 135
394 23
191 58
483 334
497 6
186 323
211 174
454 306
116 216
392 449
351 6
52 446
80 417
283 458
52 339
326 409
433 118
177 220
406 476
482 12
335 403
78 20
326 398
114 384
185 443
449 7
453 388
305 2
312 385
76 89
350 364
335 402
474 283
111 12
24 381
136 94
114 211
110 214
450 441
236 224
83 136
24 185
39 388
126 182
271 352
68 54
457 473
109 255
267 283
16 220
314 143
355 153
219 429
222 465
41 170
306 458
495 477
217 182
364 35
239 343
398 487
461 159
415 207
342 70
290 34
178 359
12 457
238 385
350 231
253 460
270 243
220 59
242 117
152 438
281 458
446 243
255 31
90 259
329 22
56 433
144 471
428 86
471 156
239 166
478 321
65 493
404 100
218 137
75 498
457 222
466 209
92 255
14 73
95 35
320 195
166 151
90 464
472 447
465 61
235 211
56 296
396 152
289 313
311 114
337 365
426 120
375 155
228 18
53 241
436 323
326 373
189 455
254 416
330 161
225 219
367 65
217 281
446 264
230 6
223 258
230 67
74 149
20 106
199 154
329 73
299 488
443 156
424 488
2 49
268 254
319 227
360 136
252 388
395 307
417 482
402 470
120 147
105 328
483 140
65 305
293 312
320 216
57 88
137 245
351 59
286 257
245 171
411 498
305 497
480 306
129 222
222 234
62 249
241 327
132 45
210 158
375 425
365 30
275 432
491 2
260 127
150 129
127 5
3 413
72 285
359 335
421 201
450 81
409 483
381 43
201 41
319 91
473 428
212 184
187 249
228 203
184 299
304 230
143 164
449 159
346 215
416 308
390 267
103 218
113 151
44 336
279 315
95 363
400 252
353 308
363 439
90 81
163 48
212 394
406 159
226 13
321 104
224 495
65 63
66 327
15 179
346 111
326 294
46 441
249 78
17 400
333 465
13 107
354 349
8 77
90 112
216 234
81 263
179 440
119 147
326 245
208 134
428 172
465 35
113 327
227 67
32 483
90 60
261 397
474 296
408 269
356 416
31 477
269 437
84 210
308 389
375 410
434 16
51 156
483 252
319 17
0 210
122 203
100 442
239 384
5 426
194 499
476 361
151 225
436 98
339 235
498 244
112 214
370 284
36 164
181 353
415 355
58 33
475 38
274 10
436 214
66 279
493 130
356 394
492 144
379 144
240 331
46 229
14 352
368 268
122 50
406 401
434 37
427 316
327 410
124 201
333 115
246 42
437 326
470 454
450 429
261 201
431 190
394 159
427 445
495 263
16 401
291 253
422 451
361 70
272 101
216 337
380 457
283 462
268 317
98 105
306 218
260 211
370 237
34 7
122 150
403 382
487 138
89 194
265 409
362 302
140 389
198 79
393 372
189 481
438 162
232 139
351 244
334 345
204 73
75 220
102 326
316 479
25 442
351 406
60 142
31 66
145 200
72 81
62 38
52 113
253 352
449 137
482 104
29 283
3 186
364 105
436 458
400 180
438 461
104 103
169 499
51 487
69 166
205 124
89 483
336 109
246 342
298 285
420 80
118 180
285 275
85 482
163 73
34 485
441 453
452 490
478 462
129 356
332 399
234 186
295 421
116 422
59 394
474 266
446 479
107 93
427 83
156 192
30 442
396 43
33 323
285 200
408 363
262 266
452 240
162 349
271 100
346 130
396 331
162 172
117 195
130 269
314 45
487 287
330 196
19 235
288 215
79 156
423 196
437 193
42 227
179 451
81 166
349 25
198 329
24 11
133 315
212 155
294 447
495 52
139 476
191 14
170 427
476 270
316 445
173 413
216 210
376 204
82 297
126 225
89 280
447 3
158 222
21 12
64 304
280 16
382 203
483 471
94 52
350 459
224 410
472 375
79 440
89 201
426 161
293 215
70 367
89 93
105 80
384 462
478 21
76 164
136 212
265 59
370 82
344 467
342 94
34 316
17 421
435 123
191 296
163 228
173 261
342 105
419 278
151 226
243 250
462 228
139 231
313 227
46 10
104 157
325 388
162 491
466 343
491 97
177 9
123 6
111 351
481 465
43 31
281 133
213 138
369 243
323 352
362 182
339 221
110 319
162 165
360 272
369 128
138 351
357 46
249 261
78 321
204 231
364 473
112 337
432 77
429 481
16 107
329 144
315 355
372 439
63 477
457 84
287 284
330 447
60 497
318 432
163 490
316 374
211 27
456 428
261 495
103 237
233 277
485 432
223 48
377 209
146 286
70 187
486 433
430 252
184 47
389 100
326 199
78 205
485 389
385 34
124 99
376 488
272 357
258 213
275 347
133 487
26 421
206 55
307 13
412 489
441 344
43 153
359 268
157 122
8 196
295 394
382 484
342 24
89 6
353 452
291 364
137 338
393 318
183 344
333 53
249 95
100 274
394 292
266 459
8 52
446 127
111 303
179 181
39 305
257 269
133 245
83 401
219 123
467 329
382 254
201 152
426 131
275 301
261 173
225 394
373 121
424 23
56 484
142 104
225 96
341 251
152 210
333 276
105 223
477 152
304 487
470 178
480 83
256 98
344 93
214 333
356 217
201 490
446 413
361 343
95 171
382 202
330 99
323 215
220 436
275 300
331 24
107 98
196 311
256 215
48 40
257 470
312 405
170 310
6 259
430 31
85 453
52 164
232 267
203 375
28 452
476 479
77 211
22 436
151 125
165 130
100 52
309 274
84 264
23 479
362 442
395 306
470 299
66 448
175 202
6 270
101 55
266 483
271 30
155 140
270 274
326 172
298 222
487 135
466 234
177 10
316 180
479 72
372 139
193 398
20 400
307 200
35 121
3 74
66 306
432 10
34 337
411 111
98 332
66 398
261 65
245 243
168 429
68 77
475 392
292 262
462 495
468 100
26 349
7 471
481 92
281 439
402 367
199 193
91 1
418 117
361 352
134 15
92 381
273 202
316 67
414 418
18 130
479 382
205 396
340 486
278 186
405 122
167 180
33 104
222 258
463 451
467 435
316 97
151 411
331 441
359 468
450 245
128 229
477 430
268 333
372 318
292 398
431 277
234 459
217 464
268 456
243 32
481 87
498 411
204 485
305 181
427 64
145 255
185 407
92 475
293 306
204 316
446 85
396 135
452 180
488 113
498 72
159 231
494 331
316 9
191 198
114 121
229 470
229 112
87 266
72 321
490 232
169 277
264 436
116 65
30 68
140 456
39 380
212 299
161 33
83 380
354 204
174 198
162 83
349 255
76 249
333 422
51 66
2 2
67 167
236 470
278 97
478 228
380 317
202 42
422 41
97 286
336 128
211 271
26 498
99 413
187 454
373 432
434 90
257 227
50 353
302 345
74 328
498 132
174 454
347 200
338 449
429 444
67 26
24 141
406 445
399 475
259 93
183 124
352 193
398 292
490 402
82 201
185 416
222 80
281 212
161 69
365 471
498 90
83 432
377 374
202 341
434 128
105 461
7 469
114 457
211 405
458 456
372 293
374 144
356 94
163 7
478 369
311 28
312 328
203 247
88 41
21 257
218 375
196 126
435 225
483 162
118 146
440 441
437 490
84 166
173 145
366 99
479 151
332 178
277 291
332 387
144 365
92 354
332 362
88 289
303 268
414 71
364 422
412 206
372 154
299 349
448 45
49 166
196 428
71 381
268 473
190 404
110 264
126 135
276 442
210 66
489 79
1 477
183 354
360 266
115 56
101 159
177 415
343 2
383 225
50 415
171 3
267 93
228 133
75 246
164 4
83 138
115 154
360 437
203 298
206 220
231 318
233 308
310 261
486 429
196 46
401 389
482 219
352 21
267 210
66 279
417 431
437 149
438 384
35 297
369 141
311 241
401 101
362 45
326 64
110 200
89 374
93 11
384 71
133 445
224 151
435 199
201 494
378 372
170 139
281 265
7 39
492 92
489 408
472 206
407 167
41 434
298 348
420 134
79 182
186 405
105 156
150 121
493 158
297 380
146 15
407 430
23 153
413 251
458 364
32 238
172 365
213 425
60 322
5 485
391 491
147 191
312 348
6 149
30 157
25 303
234 28
33 432
183 109
325 298
36 493
210 209
135 61
383 276
261 195
38 240
431 4
204 38
187 95
253 210
366 69
449 278
62 452
413 482
281 97
91 238
300 169
230 301
77 435
482 466
206 191
47 20
58 138
233 252
314 98
19 338
468 180
484 469
451 382
480 397
488 84
254 423
76 288
75 336
302 154
197 57
429 9
499 244
348 340
290 84
275 163
343 309
278 243
478 328
77 230
166 310
233 65
353 420
257 309
315 280
337 411
420 364
109 119
459 271
356 309
472 249
58 131
226 168
348 189
419 204
14 425
491 85
358 99
409 196
477 467
378 76
441 166
285 151
274 402
211 96
197 130
261 184
352 108
297 340
44 52
477 68
5 411
10 320
17 363
182 419
348 346
364 413
416 289
191 150
98 190
321 402
438 148
256 434
274 290
194 53
473 171
82 172
492 478
342 444
364 361
59 376
289 64
353 424
426 205
248 44
298 24
172 69
355 237
379 280
333 482
153 74
246 306
137 87
31 90
452 331
207 247
311 11
435 349
54 164
60 213
238 154
223 359
96 262
43 431
413 475
401 228
387 418
357 147
238 24
355 388
488 42
405 62
411 299
316 193
406 318
472 228
439 144
259 48
331 35
363 302
382 244
14 264
264 269
293 371
111 354
396 0
415 99
251 301
346 178
496 419
147 253
249 321
221 87
474 8
162 52
148 189
306 45
314 14
385 422
276 460
460 348
448 24
177 375
54 51
470 24
277 402
75 469
408 378
239 296
200 235
276 401
298 200
214 82
4 465
425 451
300 280
156 237
465 100
151 334
358 371
125 473
294 487
365 201
349 203
290 456
358 50
102 66
149 8
473 317
268 5
138 250
488 420
20 294
128 305
176 23
496 338
177 301
354 291
346 43
351 204
106 488
54 209
70 208
25 55
413 43
294 146
66 51
197 134
439 87
110 326
16 467
268 459
102 194
89 475
179 300
288 440
2 285
345 194
102 72
467 371
369 15
66 261
247 435
374 263
441 38
5 337
296 310
4 126
101 398
50 93
385 280
417 190
384 387
311 262
485 486
353 279
392 354
142 271
387 140
178 16
353 328
490 184
162 149
399 494
439 263
395 301
491 325
64 312
426 228
214 376
155 412
118 68
191 47
187 260
277 78
407 218
254 130
132 249
244 416
179 383
37 35
360 74
238 28
256 425
153 164
76 323
243 308
355 195
455 434
13 395
113 84
67 272
21 367
135 199
434 117
153 314
240 471
352 13
290 478
142 108
431 443
103 71
266 26
461 311
206 73
158 474
246 171
390 77
128 119
237 25
191 62
386 390
255 431
409 238
198 398
193 51
122 482
8 297
108 240
166 469
295 166
189 176
253 393
13 79
456 381
443 250
492 147
430 181
419 247
145 339
242 470
452 191
488 217
309 460
430 448
466 475
151 225
119 155
86 404
137 484
234 394
393 433
114 78
325 323
14 386
356 323
14 256
325 308
268 354
302 135
462 50
128 268
275 114
370 99
83 213
107 8
441 169
247 352
175 407
293 424
247 189
297 1
309 113
467 475
110 430
332 269
389 72
38 312
411 16
229 409
269 346
367 188
40 62
469 466
243 67
108 115
468 490
456 258
233 278
60 423
45 195
267 392
57 286
303 158
419 468
167 384
425 40
102 386
353 317
385 423
390 96
438 345
103 359
489 246
170 336
31 49
293 67
353 151
309 350
171 8
393 80
120 190
76 170
487 222
497 281
229 224
70 388
99 168
266 173
10 88
489 436
3 393
44 134
485 357
217 205
285 8
198 110
132 405
479 126
408 472
196 329
69 137
157 118
292 168
256 424
212 154
399 97
231 216
425 444
1 68
76 142
105 139
396 126
105 89
61 228
57 13
2 258
376 126
294 12
436 20
174 402
351 0
216 74
370 82
151 493
488 223
362 79
58 445
34 111
339 163
28 96
206 396
22 382
394 82
455 168
422 330
331 481
55 273
207 399
245 277
353 358
290 85
30 67
178 200
215 416
12 17
265 243
125 218
153 139
159 372
202 108
89 81
206 385
137 497
126 414
124 234
171 331
399 414
466 201
469 429
299 181
276 334
52 64
204 254
126 57
17 215
297 180
418 459
308 3
417 407
493 434
118 394
308 164
217 17
446 127
308 186
20 245
162 437
43 425
334 218
433 169
201 352
163 82
86 119
378 471
405 355
249 371
35 23
392 410
389 104
291 191
288 49
486 163
88 450
168 29
50 275
479 454
36 252
223 142
113 122
330 102
325 370
394 431
193 361
317 138
329 82
132 108
124 118
420 470
0 64
339 441
395 50
154 318
460 431
406 378
332 73
444 236
19 157
370 190
180 213
147 188
296 10
480 279
250 272
337 252
193 102
4 176
347 88
20 159
389 307
233 426
14 221
378 29
219 33
98 249
437 399
261 246
377 85
358 93
346 479
81 47
75 39
480 86
97 422
82 0
426 486
59 315
344 292
177 437
38 415
166 276
374 327
265 280
225 251
231 475
22 71
463 164
102 97
372 443
295 199
37 454
269 73
365 96
386 465
380 42
170 276
104 46
178 44
148 221
196 404
327 231
247 70
19 290
85 350
49 391
197 232
305 87
35 466
283 22
417 421
198 163
62 87
484 154
375 240
496 484
67 423
493 324
466 314
164 364
108 404
136 66
5 305
124 294
316 40
462 407
423 233
173 12
166 485
77 9
493 41
464 74
250 60
374 309
25 216
120 391
457 133
439 109
403 462
2 415
322 71
157 316
328 245
82 330
191 494
387 160
86 184
96 203
12 336
52 322
213 390
23 25
486 22
484 314
229 389
460 339
7 52
149 117
299 336
182 232
392 490
26 70
273 330
166 474
297 138
28 70
447 362
385 403
218 433
322 369
60 299
203 135
104 68
256 353
85 256
98 438
8 329
159 477
451 134
124 177
247 248
111 152
407 47
480 496
217 125
277 155
142 130
198 480
333 246
354 454
244 418
99 453
430 105
239 258
435 381
482 363
367 35
82 93
441 274
252 62
69 10
140 29
361 211
458 338
144 195
465 164
117 389
494 65
175 399
133 85
300 111
498 115
60 19
145 80
142 353
363 397
278 64
275 4
194 140
187 85
250 191
80 4
69 219
119 426
363 97
60 104
71 163
34 58
138 131
336 179
429 132
196 199
55 59
51 472
57 102
293 238
243 307
379 225
3 164
261 498
454 366
381 321
379 25
8 415
446 369
2 344
395 375
287 50
374 303
405 338
429 432
91 50
275 172
188 470
320 278
496 302
475 126
151 377
144 207
76 159
355 90
318 430
481 103
406 105
443 207
139 163
213 372
396 83
405 488
118 437
239 226
204 466
343 214
421 356
367 339
429 498
280 75
178 99
204 113
321 84
99 0
224 312
395 312
152 473
410 301
379 122
88 1
215 83
291 283
122 137
487 159
86 403
3 119
233 264
200 59
411 406
218 299
463 136
461 466
119 115
237 223
224 498
433 177
460 439
428 77
88 82
485 267
239 174
438 488
400 472
230 490
289 311
447 448
414 252
219 260
483 385
383 456
485 207
499 169
98 445
27 427
47 186
360 364
353 286
110 150
140 105
416 340
140 281
385 216
476 407
292 104
412 460
19 28
197 397
342 18
446 147
333 221
85 345
131 45
195 290
395 241
81 187
468 312
28 221
480 353
457 356
316 273
301 221
118 188
206 350
497 460
181 4
349 330
375 118
409 480
73 422
109 304
116 6
80 77
430 496
353 60
333 239
460 169
357 134
484 430
242 416
420 333
163 275
393 122
454 390
312 302
107 28
386 421
498 223
220 466
27 280
371 425
94 212
199 331
113 304
72 35
369 355
130 492
466 32
275 24
326 421
449 87
9 285
361 335
154 359
492 433
358 33
245 363
47 304
460 444
480 160
16 32
377 201
233 498
22 343
264 360
448 201
486 65
253 309
168 347
280 407
440 160
376 138
295 37
334 423
435 255
288 166
367 451
450 165
360 100
313 324
25 125
190 261
70 364
211 295
202 90
103 344
334 494
32 479
254 129
385 218
384 189
493 173
190 251
203 295
119 50
27 16
277 497
361 70
365 199
142 424
120 420
266 97
76 455
84 150
368 182
371 321
346 252
3 216
11 36
439 59
75 483
332 318
388 205
256 45
469 106
26 398
495 442
397 144
295 423
457 333
155 163
416 329
397 1
390 271
330 261
244 329
499 406
463 428
473 388
346 219
470 294
236 224
368 465
241 133
319 163
327 198
379 474
475 95
218 277
390 365
46 49
307 134
414 46
286 270
341 387
181 484
208 311
129 270
255 76
92 370
420 74
48 419
366 152
429 376
93 84
485 171
305 492
390 292
414 71
458 176
160 256
419 491
261 220
296 48
270 369
443 388
159 191
343 492
220 377
462 124
295 313
305 447
92 452
23 195
223 6
114 333
176 235
455 34
434 438
159 104
344 205
248 102
446 4
233 443
419 166
480 195
495 66
370 137
185 87
93 245
430 408
144 60
94 106
396 99
55 380
85 55
158 400
256 185
480 104
123 489
185 399
317 455
92 180
119 187
284 129
38 212
272 214
321 34
485 218
99 217
273 41
441 36
74 283
239 49
38 54
306 362
169 75
107 123
163 262
391 226
291 447
162 281
315 415
134 335
52 301
342 85
473 177
312 135
184 47
454 52
266 74
150 260
383 436
50 257
484 398
346 293
75 127
42 360
47 390
43 28
113 99
129 237
224 439
486 293
345 260
335 440
52 112
48 485
94 288
186 98
391 430
57 384
244 318
61 100
128 291
243 456
194 94
33 224
17 418
179 371
164 215
327 366
351 216
4 227
177 445
228 43
427 420
239 285
237 172
315 152
108 366
312 410
134 302
73 197
420 4
219 104
470 84
153 398
125 173
470 9
52 154
74 198
484 480
4 165
317 221
439 319
82 426
80 103
300 216
72 5
461 221
157 291
189 431
456 310
320 166
320 427
477 372
204 247
412 313
35 208
380 82
360 326
430 462
178 440
446 82
303 103
394 407
191 461
123 436
102 499
278 295
20 275
22 256
69 224
433 286
368 456
283 313
275 228
21 65
147 305
408 319
226 303
264 155
91 269
121 239
35 45
320 399
155 55
279 194
481 77
33 64
229 349
430 168
233 4
162 451
270 381
184 422
429 348
470 300
391 372
418 91
490 426
481 90
285 498
75 113
177 266
467 108
277 407
263 249
200 362
95 277
52 322
23 131
431 481
354 493
436 175
101 124
214 426
276 435
48 499
117 351
460 77
336 85
334 89
451 452
229 387
61 47
30 133
115 84
77 462
137 321
445 13
292 90
25 11
11 68
272 425
3 480
417 232
173 191
143 104
491 476
375 373
6 52
137 406
220 473
146 66
432 209
299 91
455 76
144 177
454 318
298 416
0 309
1 216
320 25
2 144
369 163
215 229
487 228
53 204
123 207
268 200
143 55
131 68
97 98
416 127
44 51
361 215
283 396
274 214
358 455
118 276
357 80
308 185
390 345
404 213
413 365
420 173
93 57
7 403
30 190
93 276
343 426
175 454
168 126
81 449
225 379
459 199
236 434
279 119
332 126
343 36
209 246
155 263
166 302
344 14
290 49
475 437
244 133
259 150
99 264
143 192
243 176
111 454
73 480
458 242
278 258
356 302
417 339
141 363
377 84
133 485
423 168
301 460
111 19
283 413
105 62
239 427
233 201
181 202
444 159
417 491
293 75
414 273
136 211
147 408
245 365
33 132
92 168
187 187
452 55
118 323
250 409
110 357
411 483
494 143
135 207
282 411
36 280
343 49
309 24
390 342
474 54
75 275
462 419
474 114
437 266
176 444
153 39
375 286
430 64
272 369
281 417
197 406
455 317
194 393
235 116
171 84
211 62
481 98
212 26
292 307
104 2
41 468
255 257
322 416
286 37
454 94
0 419
88 3
396 308
276 282
218 132
194 299
397 430
456 27
186 110
112 248
217 290
48 5
422 324
213 222
168 60
479 167
22 20
180 419
202 419
403 457
256 272
202 449
328 154
116 10
111 14
157 80
85 180
356 205
279 7
419 69
236 447
467 398
170 110
29 148
457 372
496 284
233 213
219 51
61 61
428 335
415 24
204 85
142 1
360 60
129 421
220 280
30 217
328 187
187 200
424 209
494 144
210 421
472 79
493 429
265 385
410 421
358 32
385 114
27 0
273 246
378 156
226 493
32 260
313 406
115 72
216 237
10 109
41 278
208 334
220 34
307 325
357 482
448 165
17 243
341 475
484 290
135 71
183 62
468 167
239 496
86 83
45 308
86 96
283 86
120 146
471 355
337 279
444 181
276 137
113 461
103 469
40 449
363 238
257 223
72 331
266 349
9 158
106 311
249 447
94 389
244 221
0 417
98 81
219 296
257 374
195 184
485 212
302 235
311 348
31 60
409 383
393 297
461 270
217 499
389 62
284 311
81 133
67 136
433 31
258 286
322 42
255 453
189 159
359 57
469 352
87 390
39 230
0 480
479 352
415 218
381 368
2 51
187 462
494 69
207 472
15 252
205 381
40 122
179 246
98 399
141 1
231 37
17 180
33 232
302 497
217 300
351 183
498 71
492 390
363 344
96 199
432 230
352 153
252 472
223 383
384 202
240 364
45 116
200 257
106 430
82 2
37 324
395 433
175 35
379 388
439 38
268 327
333 372
196 472
356 437
139 420
284 92
208 379
489 181
463 260
114 447
123 45
330 152
39 371
111 6
396 271
450 50
274 17
489 283
220 471
243 197
290 212
443 27
61 350
111 284
232 24
422 77
81 355
226 104
110 121
392 337
240 359
228 194
330 366
189 69
267 50
114 432
312 57
259 58
342 373
249 222
300 426
134 23
128 381
354 360
50 90
449 98
293 142
8 29
99 123
25 198
482 366
275 140
50 294
167 386
109 392
171 269
292 261
142 305
17 272
363 497
95 419
61 164
194 388
363 422
472 293
11 389
381 306
101 138
24 431
175 120
389 485
246 346
151 34
306 389
238 21
440 169
186 185
426 354
128 380
25 289
178 452
258 388
378 59
490 359
480 402
240 18
364 221
107 486
227 368
389 414
435 317
3 329
35 121
353 429
218 163
115 230
118 249
308 374
85 496
251 151
169 417
139 491
329 385
253 246
12 409
226 494
176 300
421 229
158 211
227 127
357 229
478 194
420 328
176 138
141 6
423 427
270 162
48 414
161 452
361 153
0 25
325 87
317 176
239 99
226 327
56 318
13 435
115 386
25 433
439 292
219 18
181 215
129 342
294 81
86 142
168 7
94 86
114 345
444 263
91 206
24 22
310 499
238 37
323 425
217 263
133 114
329 289
483 314
247 311
453 277
136 186
124 473
319 230
346 239
297 115
490 289
288 321
211 300
225 26
141 34
148 295
84 275
441 478
141 67
196 41
227 94
68 332
414 351
442 239
354 112
401 239
61 344
496 42
68 124
158 74
369 62
189 158
136 305
224 482
375 129
224 420
104 102
306 144
383 370
483 248
340 89
286 236
278 253
377 134
208 199
261 387
45 429
234 302
136 34
163 458
230 12
114 387
383 186
409 272
373 118
208 244
480 213
466 346
480 259
458 195
82 41
470 71
373 127
161 205
15 9
373 325
64 98
136 340
112 448
66 45
289 485
198 126
472 270
29 16
211 305
346 487
410 293
273 168
225 283
144 434
111 241
191 18
358 176
124 327
373 322
308 190
317 14
284 358
227 141
298 165
4 290
84 496
165 414
49 209
143 390
483 194
64 255
283 26
354 274
448 407
449 79
93 256
467 118
112 378
395 46
336 410
407 400
314 272
481 424
166 216
410 477
84 2
28 326
452 367
274 234
313 400
9 75
194 407
137 328
374 306
68 32
284 210
483 475
251 451
167 464
293 418
420 429
255 377
244 300
35 59
459 370
446 348
107 468
296 140
298 244
129 170
233 366
194 265
216 216
32 445
215 383
312 326
203 487
140 419
478 448
318 175
375 438
258 116
256 483
79 407
77 406
273 60
326 162
378 319
116 42
278 263
441 184
171 90
10 144
444 163
338 488
278 115
231 214
49 37
444 340
246 128
41 373
388 371
42 367
261 118
381 159
343 39
482 322
319 366
30 492
332 263
378 220
286 463
0 462
302 335
316 296
21 400
272 357
76 409
28 314
325 189
229 261
84 168
387 211
55 403
18 269
489 239
202 249
211 128
463 54
350 13
265 131
488 224
485 37
204 416
106 365
127 29
50 335
398 63
318 289
58 305
44 336
85 399
27 247
301 148
13 343
474 4
80 279
316 463
231 417
283 372
402 337
24 262
325 304
93 274
79 143
331 151
402 124
223 417
417 430
125 376
232 431
210 99
62 164
82 378
251 146
483 365
479 5
309 8
282 304
299 254
257 214
190 130
399 159
441 265
141 317
248 66
166 226
390 310
188 80
226 472
189 291
148 62
422 168
324 309
63 56
270 123
106 320
332 460
77 5
322 125
44 219
445 422
232 62
142 187
12 273
64 221
135 53
222 65
374 57
113 398
22 438
110 236
48 128
485 294
420 126
345 160
82 464
26 142
181 167
440 20
93 193
247 356
421 228
285 321
219 148
86 251
487 93
73 48
343 35
161 59
219 263
79 358
352 153
320 457
329 34
227 112
321 423
151 326
499 94
242 289
40 219
164 328
377 379
414 238
149 72
187 428
286 368
373 266
75 139
25 194
158 404
327 104
431 479
74 331
472 430
1 316
497 364
243 166
256 374
298 9
437 405
125 485
103 224
215 498
44 178
82 240
344 203
182 262
445 275
58 108
425 269
133 59
77 422
148 228
237 333
90 446
283 175
399 215
66 386
64 114
206 110
165 498
112 50
178 200
308 57
326 236
147 85
359 311
39 77
262 359
157 277
452 353
420 440
326 203
169 338
449 242
241 375
277 466
166 353
263 455
43 475
412 441
253 43
472 272
131 144
421 234
439 141
81 225
428 212
50 260
2 449
324 499
318 243
449 102
409 484
311 64
5 453
348 224
348 110
255 320
406 479
472 28
254 346
58 54
314 34
484 108
460 316
412 160
114 278
114 213
277 24
329 426
150 134
245 29
349 498
329 0
380 255
453 302
208 134
21 363
472 22
190 5
17 284
414 454
19 132
8 28
454 296
431 189
218 456
454 28
380 419
26 136
290 260
247 480
343 498
372 268
125 167
303 414
221 142
126 217
246 240
37 486
175 52
9 320
348 245
16 315
451 228
488 43
375 93
91 87
355 70
238 315
230 480
475 393
111 451
43 453
440 209
261 80
252 467
213 270
86 452
180 229
124 389
483 21
108 499
422 426
242 316
148 12
405 324
275 475
429 16
77 170
251 221
188 339
461 355
308 253
335 47
289 340
213 311
163 272
198 322
490 85
97 440
116 138
466 2
371 243
414 395
468 448
139 165
372 8
262 101
0 180
21 449
260 289
413 234
408 275
360 112
404 250
389 457
312 21
264 207
102 35
335 178
195 422
430 475
428 68
100 44
493 280
422 473
60 106
381 335
299 468
71 94
51 204
77 312
19 215
250 193
224 121
395 86
61 271
191 325
370 341
121 292
117 215
173 395
231 177
498 407
1 30
86 69
381 52
268 15
209 400
373 18
456 285
56 268
93 369
210 248
40 315
31 184
79 157
187 204
111 162
45 185
254 464
17 483
499 135
35 137
7 60
197 260
28 464
185 253
1 473
289 396
432 393
403 172
228 363
26 90
127 340
304 423
406 381
368 173
162 257
169 403
15 170
486 366
120 43
16 171
419 473
219 157
329 203
67 122
64 58
250 445
368 191
424 406
80 126
236 292
47 94
116 405
124 62
105 454
126 244
69 473
131 397
101 288
262 460
370 168
465 326
369 120
27 333
311 293
85 459
53 47
453 132
194 22
476 77
173 151
125 102
352 242
383 108
420 453
473 145
324 291
411 438
123 45
339 290
249 434
482 276
409 155
177 287
364 455
459 153
108 389
483 84
44 312
265 366
364 464
255 90
28 40
85 19
161 3
437 424
201 411
418 271
58 462
269 447
452 422
163 228
164 412
224 147
13 208
25 341
431 229
269 132
151 311
314 355
131 313
76 104
375 184
498 346
293 434
208 268
348 97
10 372
371 13
73 86
428 236
466 98
231 359
23 87
294 234
47 189
293 278
462 475
173 21
455 313
433 318
416 15
239 281
146 278
364 110
347 220
170 292
4 165
252 401
136 27
68 47
325 35
363 362
383 139
452 36
355 190
205 237
371 123
401 297
407 17
89 265
410 254
419 260
13 414
293 24
71 1
389 361
75 248
387 252
140 310
0 192
281 347
322 58
355 152
170 223
341 262
369 111
223 251
17 140
164 237
238 310
23 87
335 479
231 99
409 75
119 224
423 262
320 400
53 246
321 27
289 75
38 162
265 10
151 262
499 282
444 167
255 89
69 468
419 442
17 152
228 328
90 488
389 152
250 262
289 294
221 71
86 431
441 259
21 351
486 444
112 372
462 430
250 367
161 383
35 169
498 179
167 116
268 440
55 408
202 370
441 196
127 275
35 27
379 421
365 408
281 365
147 329
48 95
478 398
67 210
389 365
481 417
210 408
317 101
471 265
313 371
147 265
292 441
214 182
442 23
240 79
409 223
170 388
138 309
19 148
366 205
475 408
169 199
153 185
302 338
209 476
241 115
408 356
390 34
409 122
54 333
408 150
390 315
124 79
79 28
85 144
404 445
497 60
97 73
411 150
126 251
219 473
329 368
254 127
102 72
257 163
165 8
323 165
96 407
287 447
443 176
121 373
285 348
273 470
120 235
486 185
10 99
467 57
37 191
263 73
88 139
147 372
38 254
13 322
269 134
162 301
174 213
413 136
106 311
46 186
223 79
178 385
442 233
425 497
70 479
470 188
413 158
264 117
439 451
437 278
79 61
126 100
88 105
416 39
225 194
273 315
200 301
34 451
448 142
474 459
0 370
29 444
414 413
216 145
423 205
266 153
105 354
459 244
135 193
240 228
43 361
162 13
317 95
89 48
8 117
488 63
8 8
273 369
14 274
479 489
494 290
144 98
342 452
497 456
184 478
191 237
103 79
174 205
253 272
389 263
327 113
473 377
246 187
461 246
87 261
51 292
390 82
386 47
3 85
415 383
473 39
118 458
163 76
348 292
56 268
234 89
467 235
274 207
306 65
326 235
379 393
327 229
129 270
355 213
97 132
24 122
80 422
498 142
287 95
215 198
287 195
430 449
9 106
172 56
143 315
60 350
432 22
292 388
453 61
45 499
473 402
324 69
64 53
148 174
372 351
46 364
165 12
118 328
384 174
489 290
141 27
49 402
290 425
486 194
45 95
498 31
453 19
424 322
497 17
368 73
289 221
233 266
94 454
129 204
494 478
357 470
224 487
412 258
304 14
462 250
134 350
221 460
134 87
104 145
70 483
57 324
90 359
166 290
346 184
14 147
117 193
32 223
481 194
208 297
47 286
488 22
482 181
120 209
206 469
452 224
400 277
136 361
152 490
26 154
301 498
43 392
115 271
465 76
373 449
235 25
48 420
454 75
136 382
351 74
151 342
119 156
17 51
394 108
262 21
372 272
165 416
187 415
491 132
81 152
177 364
137 168
243 77
460 91
165 231
74 163
171 316
220 45
5 41
414 114
238 120
36 138
54 403
388 223
227 397
114 469
490 256
334 251
194 85
317 146
161 359
28 243
288 333
226 248
214 146
266 140
279 452
208 302
377 185
82 96
417 104
360 48
299 407
345 46
192 493
205 162
257 354
39 85
333 45
43 265
257 399
203 309
111 388
73 263
211 340
444 8
56 481
388 305
203 208
53 85
247 396
102 110
195 356
254 141
258 380
131 297
107 367
256 335
450 70
411 329
189 162
143 207
364 98
306 383
469 68
464 211
174 68
425 418
59 369
102 179
328 169
36 233
420 435
358 292
474 371
385 121
328 163
261 28
263 193
261 419
483 84
153 77
495 157
378 430
461 406
75 480
66 289
77 463
256 486
357 287
408 82
245 242
122 236
429 359
130 386
470 42
119 465
474 475
257 114
20 353
185 70
360 447
411 251
238 289
76 167
101 447
42 484
72 198
409 16
402 354
396 40
357 225
52 16
130 332
37 310
380 3
450 222
326 92
233 361
380 416
363 309
145 481
32 257
274 218
72 441
481 28
253 320
336 191
23 306
468 319
174 60
134 200
145 124
338 460
376 378
188 70
404 92
349 185
255 436
377 123
152 179
0 211
402 257
415 336
7 277
189 235
436 181
158 323
136 81
459 348
418 364
456 499
185 322
110 158
133 440
120 488
51 137
395 472
308 305
82 162
398 168
201 271
446 334
267 359
59 82
299 226
78 478
152 255
413 115
407 115
455 47
184 27
499 6
311 431
94 160
180 245
16 344
178 381
93 314
249 297
375 152
482 48
303 453
68 487
102 69
468 476
355 57
415 4
436 207
219 78
323 382
226 251
132 191
5 256
53 77
82 254
302 280
234 416
403 458
379 154
482 357
266 347
351 190
249 181
259 139
21 468
219 82
125 99
355 203
133 131
237 260
41 215
483 392
350 127
133 387
96 229
428 116
306 363
44 279
271 407
375 156
90 292
244 446
1 216
199 451
212 134
201 436
328 105
84 185
424 30
111 217
333 20
383 39
171 491
398 280
436 442
86 125
423 26
94 330
282 425
411 293
230 346
303 465
2 410
293 387
104 426
298 404
296 290
281 34
314 467
261 32
157 102
480 347
30 433
358 75
368 164
10 121
86 450
213 165
52 88
366 6
262 156
446 165
199 58
377 80
464 365
467 138
338 473
406 447
374 368
32 116
238 95
45 394
59 176
117 110
468 463
471 483
0 231
141 270
350 199
64 19
9 314
287 383
183 347
215 46
162 57
152 99
493 252
429 50
160 404
367 46
381 129
212 339
109 382
433 353
372 459
125 350
233 382
229 264
310 416
474 297
396 325
77 478
28 242
146 358
256 189
170 14
353 138
20 382
87 314
125 305
155 312
194 250
366 389
157 275
424 29
354 483
462 173
415 283
142 490
31 413
427 398
36 53
287 132
446 408
214 375
187 423
25 369
110 233
360 392
421 120
103 285
310 127
410 417
260 225
138 52
451 143
49 418
402 339
100 336
63 201
124 314
35 102
335 150
42 498
118 48
185 315
442 73
343 495
220 204
257 103
98 210
128 60
251 147
336 383
84 351
17 399
354 208
210 53
51 189
89 104
419 21
94 274
269 213
270 289
244 341
52 379
439 343
342 32
415 42
394 178
430 351
412 263
316 136
325 122
227 219
240 267
41 498
64 187
328 311
4 334
213 73
268 56
441 4
46 110
141 208
60 292
408 423
59 472
446 224
296 236
3 25
24 36
75 397
60 88
274 404
477 64
121 487
343 245
207 414
122 241
386 200
123 34
358 294
370 34
271 305
330 166
55 126
23 206
294 130
386 83
148 420
259 215
460 121
387 102
196 20
220 9
44 82
228 196
230 402
59 98
265 1
480 390
96 320
302 3
439 243
15 189
404 87
60 275
229 217
237 447
456 425
7 309
5 352
107 235
186 236
89 166
408 451
123 421
425 357
100 425
114 364
303 115
242 19
88 363
162 472
397 325
486 470
323 257
344 492
80 282
300 30
333 21
443 61
418 456
382 220
436 370
337 496
367 239
454 80
52 455
132 116
86 301
410 119
463 261
395 255
137 43
416 196
257 471
279 359
431 27
397 161
10 367
106 234
314 229
185 412
28 218
20 169
288 467
80 430
37 251
146 476
24 27
498 63
274 133
160 129
291 206
73 57
291 153
382 32
444 458
176 419
89 325
292 48
331 229
333 224
200 220
247 479
394 76
209 97
227 169
375 221
278 370
23 300
332 422
380 257
29 129
454 408
309 470
199 98
322 140
360 384
216 375
303 460
57 110
279 13
86 284
6 6
307 365
139 29
139 491
120 371
131 168
138 74
24 440
432 189
74 199
74 145
105 290
252 229
242 162
299 32
390 181
46 305
187 49
41 37
408 326
346 13
440 39
332 336
25 464
15 264
409 451
93 89
319 366
29 346
378 413
94 180
337 120
22 492
381 24
202 63
428 289
181 48
236 368
185 13
129 262
213 200
142 39
405 159
5 313
78 286
318 235
355 25
369 156
180 377
292 251
392 235
135 73
441 73
438 372
486 478
31 68
459 51
210 25
338 364
3 215
450 268
293 321
477 306
35 163
266 10
97 180
253 158
84 232
456 46
25 374
442 442
494 408
433 253
470 204
420 271
39 473
146 370
28 185
348 124
486 416
96 114
124 83
167 349
247 208
83 124
66 272
180 377
131 412
117 465
236 101
426 37
259 128
313 72
48 140
56 13
479 34
469 4
205 103
164 489
465 452
77 99
328 31
444 109
75 459
412 413
450 163
291 190
263 61
201 456
469 311
198 109
465 448
404 19
360 170
475 68
19 325
357 404
13 347
159 153
66 440
104 71
262 368
281 247
204 377
40 335
296 25
474 90
110 262
284 230
150 470
296 111
15 169
16 5
10 381
321 175
99 428
296 425
25 213
90 429
264 229
106 130
73 61
323 80
162 183
5 459
71 312
481 153
10 86
467 498
25 20
448 141
66 124
337 96
26 443
172 427
410 142
203 279
211 483
18 378
338 226
38 375
29 261
199 20
370 391
412 19
160 395
20 212
161 78
22 209
489 187
329 46
177 399
234 385
115 241
467 104
331 453
66 5
377 360
104 266
285 247
495 16
80 297
375 367
76 241
280 249
296 65
316 462
199 473
214 402
6 314
120 33
39 338
50 186
304 268
16 154
22 441
238 363
230 455
48 466
215 306
372 329
143 11
337 188
91 342
156 403
437 449
139 276
463 476
244 190
196 267
61 112
327 71
378 299
265 57
364 426
255 481
344 88
276 398
240 181
85 219
169 249
25 22
350 308
350 488
108 446
411 399
322 169
320 238
296 200
126 86
419 12
100 382
132 115
149 228
448 225
474 86
460 469
129 499
340 310
108 332
231 300
469 19
110 53
105 141
79 258
270 231
465 350
466 370
98 98
175 467
53 398
367 149
0 13
175 497
329 340
140 135
7 412
317 461
455 117
375 422
153 34
385 145
367 119
69 203
170 317
216 244
245 223
88 83
432 245
86 115
250 261
25 78
392 257
226 342
264 347
381 101
98 418
389 118
321 317
135 458
54 343
418 351
286 299
44 6
473 219
332 482
61 224
333 358
200 305
152 60
13 465
235 385
356 464
281 124
434 29
373 268
119 488
287 143
2 406
477 183
166 475
199 309
167 79
384 33
445 220
185 388
125 310
274 420
396 481
11 408
176 330
318 236
379 296
54 457
140 381
209 31
192 158
237 408
293 212
432 121
9 90
401 117
389 487
468 175
83 137
467 331
419 260
408 137
94 151
384 462
345 86
245 93
2 37
249 482
104 147
238 33
2 465
304 491
18 391
380 273
456 102
214 347
484 376
27 474
288 430
17 263
357 133
22 262
244 211
358 124
157 200
18 448
439 12
255 322
447 458
412 136
483 404
132 478
452 468
250 11
274 240
225 267
29 131
342 99
75 126
178 53
353 85
97 196
371 145
455 352
488 318
74 219
197 472
292 206
69 1
93 42
310 344
327 170
269 191
317 22
427 197
282 496
44 280
425 379
231 415
86 232
451 220
44 12
219 148
1 188
230 140
484 94
264 392
436 164
186 386
83 105
101 465
245 217
96 498
265 23
255 179
251 351
216 207
207 295
483 435
427 209
155 66
310 412
428 272
158 98
204 466
431 93
310 157
155 176
51 258
437 421
124 159
218 189
484 340
127 425
486 320
238 55
319 494
266 400
499 99
65 276
369 203
360 496
24 31
289 368
141 428
87 226
267 117
310 305
230 252
424 289
344 69
63 14
414 15
114 181
457 265
468 179
27 178
209 181
49 52
332 350
428 42
159 419
224 196
300 469
259 306
227 76
90 455
323 290
471 356
122 437
469 280
458 90
123 348
252 19
221 172
214 84
3 150
198 226
47 227
386 498
74 306
114 113
256 16
372 437
226 79
360 494
85 195
44 318
190 208
233 148
233 411
61 299
377 236
316 259
109 425
231 202
167 35
51 197
134 423
3 424
418 361
408 363
33 355
416 304
453 75
487 149
300 186
274 400
12 178
103 90
144 121
157 186
384 312
235 60
484 370
83 90
305 403
110 492
148 339
266 26
27 453
491 253
154 328
358 266
208 166
139 313
351 353
165 148
209 87
458 252
343 45
448 393
237 0
191 411
437 386
339 458
211 465
145 183
449 217
235 355
20 157
10 227
375 371
311 27
132 436
482 121
14 327
327 282
193 252
490 19
477 131
448 181
364 188
258 445
152 165
323 493
220 172
395 185
65 448
384 206
179 197
24 366
1 194
298 351
222 194
177 140
321 199
240 477
274 38
203 498
343 426
98 378
64 416
364 494
52 481
178 100
319 232
278 54
405 320
366 428
68 480
179 44
373 241
279 419
269 148
74 335
213 113
29 25
19 129
110 245
345 423
7 288
342 164
484 285
65 100
80 203
99 133
227 111
383 472
472 358
193 152
117 47
72 407
36 498
243 443
218 147
287 89
105 226
363 482
434 442
145 281
266 14
477 244
216 493
352 360
13 189
88 45
304 130
481 12
307 341
340 224
165 25
103 479
461 271
65 319
100 395
261 210
454 366
360 239
99 22
63 64
109 112
95 151
15 414
107 428
152 322
200 299
278 170
293 303
474 240
487 358
68 74
441 249
488 374
248 153
217 439
404 312
315 178
444 351
279 331
5 51
202 431
453 205
361 481
73 246
456 335
262 60
309 24
250 203
208 149
89 499
163 277
455 493
196 478
161 400
303 475
258 19
76 6
339 212
458 289
477 412
324 415
291 239
294 486
135 394
245 2
279 76
421 408
238 86
486 117
92 400
271 290
148 351
415 347
137 487
251 373
140 114
353 75
61 284
178 499
1 197
125 423
183 132
218 399
16 421
173 57
199 461
164 444
292 347
186 79
304 281
395 437
12 445
229 100
99 74
123 259
34 452
436 248
499 217
138 154
211 16
329 164
108 410
109 493
424 252
33 295
232 228
173 280
232 245
171 254
13 183
135 294
394 399
116 71
78 394
262 255
419 289
52 91
436 379
132 161
309 360
88 17
150 41
138 114
220 382
418 309
455 86
485 53
477 202
96 102
209 55
196 358
301 480
359 100
114 237
449 343
213 423
316 389
3 215
449 455
116 224
310 367
421 424
126 295
249 250
305 222
432 458
290 353
454 85
174 2
345 68
491 123
12 410
125 307
114 368
444 75
442 231
155 106
253 215
465 281
355 3
313 122
476 139
224 104
106 430
498 250
373 303
214 489
148 237
457 191
118 263
494 401
359 413
128 1
134 113
116 446
68 341
480 429
385 44
326 56
306 491
147 324
165 31
120 213
404 166
429 78
331 375
288 275
128 191
304 268
214 262
103 272