5600
94 469
319 245
87 440
441 239
343 219
43 418
23 350
328 355
156 228
74 240
420 413
259 365
122 450
18 203
263 470
439 355
453 357
149 110
349 40
260 442
360 192
394 155
10 383
112 74
166 167
80 38
256 87
37 191
395 378
348 407
115 10
220 139
249 68
108 221
164 450
494 220
375 24
408 388
314 386
53 372
262 480
419 485
176 18
396 308
216 423
434 96
87 183
251 6
227 188
138 359
80 391
416 484
224 307
193 176
48 38
19 246
83 310
329 438
99 112
387 77
26 315
350 173
179 113
154 101
312 407
150 144
129 244
52 66
242 353
392 245
344 142
305 263
201 427
391 486
63 300
467 279
452 441
407 317
270 132
391 61
205 83
327 41
460 334
188 379
125 54
197 432
195 469
248 354
340 248
401 492
271 403
345 368
38 223
207 104
165 160
243 450
492 370
57 71
302 452
358 97
29 279
100 55
261 76
324 349
341 101
5 225
446 464
39 202
306 336
496 247
197 323
45 240
163 41
345 102
51 465
97 204
111 80
156 197
398 373
474 333
58 239
55 331
385 4
192 95
342 43
366 189
429 391
285 412
366 444
261 130
334 418
350 358
56 298
23 359
192 454
46 497
181 102
459 101
48 66
110 151
340 242
134 476
240 121
65 419
401 107
377 179
37 88
386 227
86 445
252 261
258 130
233 298
251 291
358 192
343 300
394 468
296 184
157 28
299 389
496 75
254 53
141 225
452 143
89 379
140 391
21 341
491 250
42 106
298 94
246 400
220 494
30 141
169 368
257 187
262 321
374 105
330 16
12 367
246 135
378 101
294 386
136 251
358 285
231 178
430 8
2 478
119 150
371 384
72 140
461 128
86 186
55 187
54 416
403 67
168 300
38 281
33 314
451 27
205 391
251 182
160 488
138 106
490 279
420 9
490 414
101 233
273 76
344 8
75 327
480 248
29 95
409 370
397 414
157 360
394 455
443 409
15 55
186 433
443 357
272 106
192 285
361 225
233 465
144 205
305 308
255 476
347 335
249 16
228 96
51 407
168 122
29 346
280 35
392 216
174 75
360 164
389 366
183 73
130 122
282 180
156 436
123 389
405 355
452 224
483 133
256 355
202 151
186 285
353 482
57 79
95 28
394 269
342 485
459 430
110 472
408 94
483 266
474 31
256 389
22 426
133 239
243 130
268 187
169 429
360 121
1 78
199 456
293 248
178 41
14 104
198 288
406 274
158 182
423 380
158 266
357 297
428 292
479 100
382 48
21 1
431 242
50 23
271 131
24 195
300 301
89 390
165 498
32 495
376 175
441 455
253 386
178 298
251 33
81 10
363 133
227 454
329 146
129 130
325 452
253 154
44 125
476 194
42 61
236 8
464 270
156 177
328 217
250 187
49 79
64 183
489 264
410 143
273 171
123 40
46 451
76 229
423 442
4 404
413 465
235 92
122 229
446 244
431 450
381 48
83 480
244 297
440 424
95 6
398 66
17 219
300 444
239 93
498 75
393 243
335 263
492 480
224 309
259 290
190 155
487 492
289 125
49 83
90 82
148 145
216 488
285 165
110 16
91 376
119 460
223 336
317 306
116 67
357 41
49 227
72 47
172 36
472 361
295 74
219 62
402 443
460 435
303 39
415 71
31 246
83 386
45 107
174 400
293 13
92 32
431 342
231 164
378 456
30 55
469 173
469 101
388 371
263 429
0 191
289 30
269 384
491 224
476 314
179 165
49 270
464 271
288 481
289 47
102 166
191 319
272 71
295 160
442 160
203 410
292 294
178 344
69 61
227 169
335 45
167 406
30 384
217 484
31 318
336 6
177 486
409 27
40 301
461 56
466 482
276 16
361 111
172 307
476 430
327 400
306 163
400 495
479 336
6 469
328 362
200 342
370 5
159 110
166 262
96 120
489 485
96 224
31 350
132 120
20 8
23 459
306 179
367 275
245 285
0 374
216 73
430 200
162 438
200 89
62 181
166 148
373 51
401 114
234 404
264 33
344 107
286 288
63 151
288 5
379 160
233 288
341 448
238 164
105 3
184 439
439 167
70 202
168 312
217 323
208 403
10 481
121 53
204 148
153 185
345 492
133 385
333 431
447 326
329 71
362 52
72 366
420 302
114 494
318 89
344 183
165 26
79 206
354 286
323 135
128 359
244 21
304 113
439 429
353 251
155 120
338 67
221 79
74 111
200 188
371 392
418 44
250 388
27 350
485 456
167 350
223 465
430 264
45 27
278 221
194 398
318 286
365 32
143 39
79 439
331 195
239 451
191 102
304 341
149 218
69 289
107 169
433 144
172 37
259 478
229 302
88 453
337 47
438 454
245 333
28 18
321 429
383 120
313 12
231 187
328 315
484 152
148 287
325 417
247 320
475 436
241 476
375 415
369 430
263 314
184 467
396 144
116 5
369 279
318 429
96 452
456 146
434 80
349 105
277 111
399 449
425 252
168 140
422 301
467 389
208 186
182 151
156 104
235 298
79 25
330 53
52 176
256 286
391 338
301 458
407 21
273 200
192 184
485 293
35 114
152 304
455 243
200 334
132 463
341 435
341 212
240 171
457 245
83 496
306 201
222 236
436 213
398 347
493 128
94 235
40 28
123 247
433 347
311 323
111 418
482 152
175 304
49 222
70 132
185 484
220 377
90 407
107 156
136 340
76 100
128 82
329 468
315 251
427 115
33 126
130 38
342 15
89 305
438 243
227 159
36 475
383 447
455 479
319 490
442 443
25 247
215 70
173 207
322 383
9 100
490 207
74 492
297 184
427 163
322 87
63 154
453 211
190 298
140 260
55 361
461 82
152 433
140 28
411 177
130 314
21 273
265 120
305 95
110 62
2 232
239 432
143 65
363 44
157 185
399 355
437 64
497 212
92 441
118 137
303 4
129 248
221 176
123 246
160 26
110 233
166 162
227 201
98 161
199 442
149 107
171 450
162 86
379 169
158 254
110 350
450 314
490 91
337 171
49 114
347 498
12 12
65 365
27 240
34 163
270 78
28 36
122 294
463 42
148 2
204 473
287 259
202 154
326 278
244 40
390 227
239 91
309 402
494 305
320 188
266 381
417 443
237 146
188 391
245 52
377 336
447 449
104 17
147 150
42 282
9 391
334 284
186 101
406 143
331 33
414 78
21 449
95 331
74 110
14 283
472 320
269 244
261 271
273 373
155 408
299 167
451 17
118 485
481 490
23 376
454 312
262 289
120 328
290 209
345 194
366 157
401 169
440 136
361 162
422 66
233 17
386 73
58 37
27 4
380 39
204 50
339 186
366 318
27 311
357 157
314 372
393 224
212 67
229 334
400 73
442 3
76 485
22 328
332 134
26 49
451 64
103 82
400 142
453 469
126 279
4 163
239 292
359 397
231 451
24 440
443 483
469 467
147 371
6 491
393 332
396 384
466 344
339 499
469 366
145 292
307 447
92 1
399 398
349 451
244 130
466 226
45 39
411 435
278 44
376 269
153 23
368 273
124 471
189 207
351 445
393 186
188 11
409 337
288 87
217 111
189 384
424 35
470 86
130 335
456 101
124 7
132 109
432 344
403 256
54 121
307 107
118 447
284 495
82 379
342 424
161 152
187 383
469 437
272 10
111 452
311 80
189 87
432 443
51 473
94 187
294 105
404 401
249 264
496 40
317 183
335 338
74 478
415 375
237 395
347 39
119 348
287 10
453 160
133 219
407 357
462 79
480 53
318 219
259 229
265 314
4 76
406 100
327 78
326 173
64 64
264 25
36 183
195 52
123 489
198 180
259 382
436 161
232 92
173 106
272 491
420 438
391 276
207 178
352 218
135 33
58 416
452 251
155 94
436 499
32 131
13 134
147 291
383 301
259 379
223 57
347 31
160 143
173 238
309 367
252 377
294 444
47 310
257 98
449 203
334 45
31 481
125 199
353 179
410 8
417 112
144 133
128 265
355 304
23 302
179 164
460 275
437 325
275 8
211 46
91 77
410 397
96 123
154 35
396 449
62 64
50 313
430 58
214 30
332 286
302 237
364 364
41 263
271 301
348 169
246 334
231 439
414 156
192 179
129 68
485 440
253 43
101 387
417 36
174 315
404 102
318 476
239 268
69 359
380 10
196 269
61 126
135 427
459 475
396 179
119 88
131 233
120 224
260 84
251 37
491 434
263 155
275 309
21 2
365 344
466 401
380 61
341 27
354 367
46 300
240 102
335 17
241 223
307 307
197 354
140 410
65 188
498 403
258 340
36 371
272 123
36 2
381 4
371 229
381 88
190 417
286 121
344 26
333 380
234 3
413 30
71 226
482 330
22 69
292 240
215 59
413 64
421 251
481 147
235 292
62 362
336 425
303 348
228 32
36 137
19 314
393 301
132 90
11 375
467 154
213 303
220 182
285 479
126 141
433 266
481 361
138 347
196 169
201 442
79 276
91 237
39 450
41 484
211 23
177 404
208 178
360 243
74 280
421 145
264 200
413 206
54 97
266 51
345 102
378 319
409 276
227 321
305 448
323 120
24 368
46 0
95 84
216 258
256 169
221 137
196 372
321 134
38 250
352 439
258 383
12 82
404 167
467 239
211 61
430 290
143 235
172 328
439 238
408 388
378 195
419 129
116 426
176 240
179 6
241 380
462 289
457 253
492 366
428 276
67 203
291 210
38 210
448 315
55 477
24 208
338 285
211 443
35 306
312 387
119 214
356 53
159 82
300 165
441 151
207 80
290 8
70 350
17 181
158 19
79 72
358 183
478 269
75 69
309 14
80 239
293 428
362 436
101 452
455 15
447 43
403 14
364 238
419 474
345 381
306 429
464 424
194 164
85 443
457 121
361 246
175 389
326 6
458 389
256 279
174 265
132 204
294 78
404 348
230 213
494 249
25 388
404 459
402 219
193 489
236 211
100 54
60 263
4 426
58 370
135 261
317 232
310 267
116 111
176 214
315 198
438 170
129 341
412 342
183 31
242 105
11 271
34 343
121 71
441 391
4 179
412 429
48 321
432 74
141 164
214 108
278 456
149 4
346 260
291 414
371 30
301 386
81 383
454 188
79 54
234 396
177 83
256 498
424 225
242 188
148 65
374 456
461 278
38 375
289 159
41 182
420 161
44 343
383 353
407 498
246 314
397 493
343 423
149 5
45 268
185 391
199 193
323 411
287 12
24 214
248 76
89 65
260 20
373 133
484 143
457 132
478 82
358 206
211 321
441 359
102 256
301 479
390 153
166 125
191 177
106 42
107 439
459 47
33 368
363 184
316 369
451 321
379 294
468 161
20 91
199 409
240 474
128 1
478 131
160 146
188 169
460 118
166 295
15 271
307 199
68 379
52 475
270 371
33 431
374 90
351 405
380 74
75 92
75 8
154 405
74 235
354 194
341 386
157 372
71 357
88 316
291 491
362 140
423 413
3 247
153 298
372 355
299 385
393 299
204 374
461 399
93 130
16 315
187 434
143 25
341 110
101 231
223 484
398 316
63 147
445 401
108 68
453 169
468 259
133 198
97 24
154 95
262 190
477 22
399 302
264 120
352 92
76 218
34 427
74 474
228 449
18 371
40 336
448 323
22 360
384 81
28 119
162 390
264 143
297 491
111 163
107 61
279 315
243 184
10 313
115 169
41 238
427 133
308 433
294 375
308 330
302 30
273 189
332 464
455 37
53 129
42 418
234 12
48 322
487 329
498 59
149 102
87 391
177 76
303 396
78 471
353 464
153 380
344 478
16 337
318 151
70 421
433 360
182 156
337 482
393 22
476 335
79 42
471 416
312 256
79 126
90 390
271 284
263 243
80 467
471 279
52 398
111 41
49 337
319 145
167 386
73 64
107 144
60 152
260 430
56 224
466 339
124 147
390 89
409 387
18 323
73 380
421 422
259 184
330 322
208 431
495 349
345 281
286 102
32 257
481 46
238 89
88 300
241 214
453 330
153 150
30 471
245 79
115 303
125 4
435 297
147 333
467 431
385 492
250 253
299 270
211 83
235 37
251 299
129 477
127 56
27 135
66 10
313 124
129 181
479 291
124 416
347 478
322 91
196 85
355 424
360 496
385 418
217 95
424 489
45 198
333 52
414 425
49 251
433 227
370 30
447 264
94 495
438 146
83 416
341 487
483 438
356 201
148 220
61 425
124 73
477 459
384 309
413 391
470 285
316 198
462 193
188 115
113 408
324 478
465 197
135 17
70 300
373 344
121 219
144 434
393 97
259 473
216 129
415 172
370 186
231 83
50 184
92 271
250 163
360 268
286 67
220 348
44 208
279 445
379 17
115 423
396 125
106 374
398 464
3 373
456 268
304 234
6 358
22 248
16 256
175 234
82 154
363 247
192 126
144 142
418 424
401 111
337 166
131 7
381 235
355 134
368 189
48 11
259 374
482 422
156 275
282 10
257 239
217 145
139 302
226 213
176 409
76 479
486 13
100 59
193 367
409 307
170 413
140 309
231 429
57 474
484 387
478 339
336 94
396 48
113 327
237 474
305 290
155 165
224 291
11 256
415 269
34 420
229 86
367 174
149 312
199 424
115 133
79 30
78 451
279 327
153 191
333 368
33 458
250 489
97 109
378 113
33 12
450 412
439 114
426 318
94 88
73 477
7 210
13 153
480 437
481 144
12 134
444 314
303 397
6 194
159 400
265 236
1 192
158 67
237 440
28 436
414 332
42 101
106 273
63 407
52 87
73 44
358 64
314 369
416 162
414 320
409 75
268 31
99 410
350 278
215 336
20 378
331 481
106 414
322 438
377 169
213 374
290 302
171 424
438 104
277 87
163 352
384 186
448 283
413 335
23 298
28 480
313 396
310 211
1 420
441 132
358 378
32 7
431 1
457 56
143 369
221 234
272 158
293 457
144 72
370 207
187 20
416 250
462 353
273 226
211 463
194 214
221 421
422 226
282 4
373 380
466 278
288 447
404 91
163 82
141 401
421 386
136 180
33 189
267 450
414 306
373 330
252 460
38 446
451 26
258 321
451 324
271 225
316 239
321 28
281 331
217 314
495 202
243 354
156 28
187 10
341 70
382 60
358 445
471 421
242 309
486 230
307 45
284 109
137 123
306 458
272 418
472 24
230 119
148 215
78 386
309 187
99 419
216 191
112 457
119 187
269 206
251 105
214 76
51 388
198 204
474 358
382 322
442 447
14 464
350 442
129 92
363 159
351 228
37 79
119 315
22 156
113 388
317 125
365 180
384 368
78 63
386 358
157 312
276 328
270 172
116 127
138 399
479 480
411 341
9 16
25 30
271 31
8 138
170 88
308 374
437 54
265 387
199 323
3 422
446 328
307 273
24 63
395 445
139 355
224 306
189 148
31 249
239 312
252 39
265 410
316 412
151 203
378 81
4 351
31 382
7 302
365 338
283 384
239 260
419 274
422 463
64 460
124 453
345 304
66 228
140 110
313 382
464 292
495 44
278 320
122 26
364 285
169 340
452 499
126 261
224 371
183 48
354 289
445 159
387 199
309 11
393 28
320 475
19 209
29 167
193 297
434 4
344 409
260 104
365 296
20 386
435 441
230 55
215 289
340 175
38 102
482 149
124 432
493 154
321 495
292 375
379 366
275 227
183 75
223 388
274 400
341 95
3 61
202 424
451 218
172 42
44 490
274 7
161 168
164 267
142 483
201 308
387 373
448 477
217 70
322 24
119 491
405 164
88 474
192 107
2 39
381 217
76 46
214 155
275 237
72 230
391 417
143 274
103 278
201 443
467 320
163 23
39 439
413 68
28 127
19 458
27 30
76 400
408 103
192 142
225 183
452 265
391 116
246 95
39 494
166 447
323 358
149 329
250 362
490 415
225 278
308 361
261 104
207 236
378 21
204 399
16 103
71 157
104 407
253 318
117 495
206 271
453 440
303 355
122 203
333 145
6 347
451 493
229 119
141 10
262 459
415 197
354 130
38 486
304 311
306 143
267 422
362 12
220 220
275 17
162 194
394 460
453 20
140 197
208 34
493 133
330 322
452 408
395 185
348 342
338 51
325 154
19 105
177 40
57 91
285 452
264 220
92 179
229 217
251 232
365 289
111 244
5 196
233 415
258 252
303 81
87 448
405 129
169 458
49 82
386 226
298 187
218 150
367 391
475 447
236 470
214 341
389 199
115 71
323 474
55 225
173 127
108 494
453 78
12 277
355 2
189 398
48 6
249 260
207 267
237 224
417 444
143 303
375 158
132 110
335 198
177 39
386 360
290 285
414 339
193 302
200 122
480 383
143 100
367 229
305 202
498 456
260 75
85 494
104 487
37 218
109 292
4 67
204 495
334 295
449 119
93 28
263 150
102 73
154 258
312 322
278 311
386 311
305 390
229 472
42 261
53 267
186 3
351 58
205 390
361 37
417 154
156 454
379 32
290 259
433 385
197 455
266 211
454 435
259 423
184 183
302 153
157 90
148 488
231 8
45 205
359 92
399 463
495 16
127 130
16 138
445 60
123 213
0 211
486 77
113 260
413 170
260 267
108 422
430 260
465 339
283 328
143 325
193 182
313 490
128 320
380 329
394 73
136 3
433 246
6 122
145 46
165 272
194 405
18 273
112 125
305 335
160 396
430 448
438 205
25 243
424 419
344 405
409 170
417 333
455 342
240 275
47 452
358 405
31 242
219 228
63 495
243 24
324 76
281 174
269 262
33 159
64 194
216 230
63 325
19 133
409 370
323 111
17 308
50 33
261 48
43 269
145 176
252 287
313 469
84 386
45 82
128 469
199 461
287 345
330 262
485 158
270 91
400 308
341 287
187 450
72 454
130 82
221 69
391 235
473 34
469 475
296 18
331 97
442 496
110 118
129 125
216 95
255 399
38 116
419 96
402 225
159 343
264 33
268 381
267 155
482 93
111 236
334 279
127 442
413 128
253 237
185 42
441 322
290 292
389 479
56 209
404 143
176 67
448 169
324 296
389 68
304 307
438 352
147 490
471 65
154 60
454 76
398 191
484 247
78 189
250 225
368 486
53 155
176 45
193 354
422 0
159 83
287 226
69 449
14 434
494 40
116 169
212 300
47 367
56 196
273 125
111 306
313 142
39 165
19 489
342 232
167 293
371 353
303 455
389 440
332 317
338 236
36 449
316 51
99 436
61 224
30 373
15 25
42 196
185 406
138 413
206 27
233 158
465 77
370 36
353 206
442 202
3 44
95 331
267 171
395 194
67 180
57 278
326 434
340 451
364 11
391 331
341 422
352 124
160 306
12 74
276 365
409 307
138 132
155 356
51 257
289 403
33 470
257 199
150 359
370 449
280 367
289 113
89 121
279 493
67 101
319 144
451 196
180 228
85 441
50 335
238 488
310 191
390 271
130 419
369 41
408 353
318 149
123 49
395 408
361 254
398 314
10 180
261 201
142 42
378 198
186 44
236 468
240 348
268 126
19 222
75 137
138 427
329 246
6 113
220 76
390 367
400 118
320 253
295 161
359 314
359 25
494 397
97 447
73 234
308 217
206 93
372 384
482 345
310 53
129 488
207 30
1 372
477 107
120 173
487 124
150 479
228 198
145 496
82 178
395 71
164 390
126 102
447 388
442 108
96 109
140 423
147 304
263 493
166 124
249 384
215 153
204 251
247 444
474 201
272 329
219 369
471 288
29 346
306 270
380 471
246 255
411 372
365 394
370 174
410 383
388 119
222 126
422 92
146 469
298 396
265 418
59 370
68 237
359 88
411 374
129 91
463 9
403 40
67 180
63 126
97 477
103 452
396 320
289 377
273 42
313 440
162 391
480 224
312 230
456 339
431 223
84 438
330 246
427 488
114 397
227 342
146 211
383 182
60 395
289 173
465 333
76 102
326 479
61 56
396 490
65 17
307 179
425 150
490 138
387 204
399 456
19 114
297 397
292 403
428 209
394 82
36 245
224 471
27 215
205 285
154 275
306 123
273 462
452 232
288 115
71 191
158 39
437 90
493 455
164 229
163 273
18 410
381 52
267 242
27 261
36 324
447 34
496 343
427 72
187 300
491 67
107 110
201 149
456 44
125 46
320 472
383 141
193 190
433 116
377 312
136 312
346 266
461 436
360 194
346 240
307 400
10 190
191 414
310 63
462 0
472 288
429 134
324 207
176 122
434 257
422 53
319 422
210 268
315 280
372 423
323 13
203 180
446 185
101 395
395 257
45 63
197 219
279 474
448 21
279 455
360 234
8 53
173 180
312 219
142 488
2 185
217 317
2 57
452 163
272 103
166 199
419 317
143 215
237 198
5 443
29 368
421 365
397 38
257 94
435 62
99 251
68 289
346 316
331 422
378 299
498 104
273 396
112 269
319 269
212 349
69 324
42 242
280 490
436 439
353 389
492 371
160 452
120 60
334 7
306 452
408 212
109 156
426 181
450 221
422 245
422 15
109 491
481 464
255 241
130 417
141 461
265 474
34 301
308 386
190 220
433 466
475 98
131 42
115 253
498 434
449 37
28 272
88 58
151 361
130 196
157 281
107 271
73 274
160 141
213 233
52 202
152 146
40 379
132 284
218 155
44 482
255 167
77 424
285 195
391 228
361 416
187 400
175 468
461 112
198 187
242 174
173 250
129 394
178 213
221 113
95 396
415 117
42 202
398 344
424 327
95 141
42 285
105 283
247 69
108 66
93 445
47 350
245 118
183 176
141 423
172 256
374 237
439 439
284 416
95 189
331 208
346 191
474 225
146 451
370 221
19 254
105 315
433 66
95 202
477 468
225 236
325 149
441 99
367 117
306 225
285 462
153 489
66 483
287 479
53 212
467 9
324 72
490 424
126 109
77 85
322 103
105 154
253 147
264 46
123 120
435 423
412 260
244 440
272 479
43 383
392 325
249 362
286 216
177 239
177 264
220 106
261 499
498 177
75 14
487 115
38 198
310 274
214 450
281 406
289 486
163 325
187 181
249 264
356 326
442 426
33 33
384 162
191 146
12 382
349 266
316 499
125 387
190 127
33 340
178 323
148 323
4 194
458 188
366 106
32 166
199 308
323 417
63 435
170 14
281 76
427 19
407 449
76 53
245 449
272 462
137 275
469 273
461 493
99 280
298 327
487 132
49 350
285 310
325 465
393 455
327 458
259 320
225 86
35 336
150 322
98 159
432 287
280 419
51 245
424 380
12 350
200 412
74 413
230 337
293 399
209 123
296 472
58 321
157 21
344 445
104 159
446 294
65 389
486 226
458 117
319 411
175 322
236 19
356 249
1 318
442 1
473 210
383 238
111 383
328 40
51 307
101 285
26 497
76 167
136 12
423 34
357 455
326 98
348 445
263 182
36 349
411 57
295 9
245 295
187 259
66 73
210 239
88 168
187 236
249 164
199 175
130 24
123 408
353 456
490 323
24 116
174 26
388 287
434 321
80 133
58 474
65 147
167 269
357 153
170 206
381 106
131 221
129 363
171 106
281 482
450 13
40 305
444 476
150 280
265 379
205 230
229 323
444 270
275 396
454 302
260 297
18 335
50 243
349 499
333 221
235 130
287 284
112 127
259 84
463 262
493 24
199 20
290 74
323 496
150 417
215 277
113 410
6 85
85 15
237 355
338 418
54 324
303 477
61 167
281 62
438 376
396 126
201 137
133 38
456 24
301 283
46 23
108 266
282 52
259 193
464 371
195 449
279 18
37 350
412 340
69 319
445 350
339 465
4 146
22 325
460 312
335 324
442 6
410 443
137 224
95 170
471 101
471 142
492 250
443 9
328 256
458 12
477 125
124 298
123 333
145 146
470 83
442 332
276 413
489 352
374 265
218 437
79 346
448 189
50 424
180 391
403 230
356 139
437 233
418 480
126 412
347 64
248 449
214 289
142 24
141 203
140 368
66 359
401 220
496 15
406 451
182 176
167 162
395 390
222 456
368 313
229 348
149 216
357 478
354 363
67 351
220 496
355 207
279 286
301 256
60 127
304 60
222 94
484 323
280 469
282 206
406 0
68 364
194 56
271 426
277 48
396 338
398 497
136 252
360 29
157 289
349 272
366 313
136 71
40 202
408 268
269 175
39 167
223 337
115 85
133 494
185 393
242 30
134 435
464 378
168 346
119 473
138 369
441 337
40 127
395 333
8 300
467 164
354 399
484 42
389 469
214 470
0 74
9 457
187 486
332 325
151 207
77 303
141 289
268 18
203 181
481 164
180 64
463 301
343 34
356 300
270 232
306 70
379 122
460 167
345 67
274 144
448 348
489 351
221 441
474 258
422 277
341 307
108 454
489 156
456 452
36 197
267 78
52 195
214 499
66 364
9 411
259 192
396 309
250 249
359 469
246 76
383 281
87 439
96 344
148 428
125 404
335 184
231 245
244 387
104 446
357 162
354 113
422 117
218 250
220 24
452 77
210 318
258 187
31 297
78 354
258 31
216 203
448 445
333 299
245 44
206 289
402 103
72 61
163 176
52 142
71 235
54 4
191 133
282 164
18 75
106 360
416 128
74 174
474 364
261 259
48 71
174 467
380 302
330 98
92 44
279 382
238 15
148 185
349 429
356 283
143 219
200 463
489 59
276 126
237 315
387 37
356 137
439 413
12 237
133 269
3 456
472 264
450 241
22 120
403 151
371 379
194 399
310 423
49 183
499 438
327 286
423 386
299 36
273 214
335 163
120 258
22 338
431 92
64 472
476 453
332 320
71 347
270 378
414 233
172 171
457 413
151 351
387 232
446 302
318 160
270 133
471 290
234 293
117 402
207 298
470 93
292 40
270 393
127 62
233 184
449 151
2 42
274 100
255 390
402 72
205 73
363 173
466 28
282 97
247 435
29 490
382 70
463 321
236 152
337 90
241 321
364 138
91 96
486 490
415 346
271 240
413 472
1 486
435 231
167 135
125 182
104 48
369 7
12 68
10 457
279 201
339 104
200 143
485 430
128 38
278 400
373 399
385 44
275 226
361 172
207 294
194 487
346 311
231 416
373 210
411 94
198 152
147 103
385 250
140 133
385 14
265 418
462 258
484 3
175 90
236 198
185 382
194 431
347 383
94 277
371 220
225 357
312 69
171 372
357 198
64 311
82 243
353 329
184 396
338 190
388 360
94 75
6 425
160 288
418 205
425 106
316 289
211 2
375 128
178 382
46 84
179 94
424 128
376 33
223 460
320 215
290 463
388 415
55 148
353 400
7 473
115 130
133 323
451 326
60 360
296 482
76 106
86 476
9 352
313 463
178 84
399 133
400 320
468 139
39 308
281 321
303 46
369 248
74 436
148 173
155 135
93 445
421 231
84 180
495 282
218 249
234 173
493 117
256 135
295 313
134 295
194 428
177 437
226 63
88 251
238 374
319 243
327 332
364 240
374 263
12 359
32 92
209 246
233 377
190 465
113 28
457 176
465 307
222 134
237 43
418 311
406 476
160 89
182 85
200 24
383 56
149 64
163 267
496 358
176 396
277 186
214 141
300 86
72 31
75 22
185 309
137 493
82 444
381 297
321 116
173 82
146 56
323 322
32 309
58 319
357 60
53 187
273 423
455 353
228 197
358 30
375 413
209 496
145 457
74 91
25 319
375 99
273 23
185 51
222 305
218 243
430 80
3 271
477 55
252 458
340 205
470 110
458 215
25 180
123 104
275 99
50 0
23 2
53 323
480 208
451 276
208 198
322 233
140 63
374 299
4 392
355 214
430 474
6 313
269 455
406 481
481 396
399 456
131 5
213 452
80 111
162 17
102 140
204 336
135 243
487 78
292 491
317 194
360 74
29 176
157 481
378 287
243 139
144 277
81 374
338 209
226 14
154 0
336 181
276 210
288 323
314 115
310 433
7 483
159 170
3 389
176 317
456 381
158 272
146 452
161 92
106 336
336 240
421 260
471 172
347 49
164 111
44 13
497 474
496 404
293 8
325 0
233 321
93 133
437 244
336 92
428 451
191 442
54 265
289 464
13 377
341 137
150 29
356 237
141 499
8 352
204 286
108 185
171 290
34 53
145 108
59 370
164 74
191 102
418 70
448 332
469 283
313 141
378 472
323 169
373 372
158 331
17 430
220 118
172 188
148 254
476 169
243 60
162 140
62 286
119 81
364 362
3 440
264 29
198 382
254 88
419 424
354 264
235 288
328 74
180 407
428 477
37 156
148 172
310 51
132 210
73 429
370 349
230 428
310 134
222 429
205 416
181 494
282 59
485 268
175 463
440 165
173 103
127 329
380 321
383 438
219 365
66 308
237 89
76 296
77 399
316 150
144 282
341 349
117 279
242 178
343 144
99 182
363 368
41 79
369 95
460 425
85 88
30 378
175 322
222 106
256 252
387 390
91 401
32 80
259 60
204 274
308 454
323 155
234 171
266 364
141 455
44 79
457 227
401 74
32 132
237 475
365 288
41 476
56 308
368 73
199 315
122 72
80 7
30 445
161 166
122 297
228 303
382 18
444 185
170 283
259 476
116 259
235 476
137 10
435 291
459 5
430 135
494 81
378 10
176 25
322 39
342 150
168 50
87 224
8 112
440 257
16 119
447 409
419 103
395 84
90 206
341 206
287 20
382 336
361 165
204 410
61 35
437 399
123 81
46 24
134 483
454 338
247 2
106 402
486 18
225 353
59 428
300 66
254 198
215 182
445 467
354 419
170 358
439 291
168 146
129 337
176 154
156 436
338 275
294 114
467 176
457 19
85 26
76 257
292 192
159 291
63 237
95 14
157 233
379 386
76 177
331 361
297 252
379 488
454 487
163 173
192 422
300 472
230 130
322 377
168 374
111 333
347 231
465 58
296 357
34 196
409 372
476 366
206 206
45 356
29 160
82 61
33 74
204 235
112 263
489 26
211 280
12 100
10 59
268 329
377 159
31 302
20 287
345 360
68 226
239 391
452 449
23 173
408 485
101 227
105 20
301 90
43 317
228 165
346 405
64 348
150 75
362 448
308 171
249 208
451 228
177 488
162 403
240 53
132 70
443 193
136 238
407 244
261 179
436 487
335 459
34 1
449 337
360 397
457 109
337 110
450 408
163 366
419 464
387 255
301 52
142 330
74 437
468 401
388 187
146 404
257 75
412 180
429 206
315 125
235 386
146 4
371 37
2 161
269 142
194 389
219 70
359 188
89 145
332 327
83 329
404 330
10 341
399 169
294 440
178 67
71 381
418 325
338 294
437 272
161 107
177 131
172 232
377 36
215 261
91 61
391 151
344 347
368 402
194 243
310 14
247 372
49 234
28 18
290 388
495 317
301 304
36 25
413 473
234 414
475 129
132 177
377 367
121 476
219 97
464 315
39 382
468 211
229 89
477 348
166 20
324 324
349 467
292 360
126 263
244 378
56 102
321 376
352 285
234 442
109 423
157 198
410 148
237 125
474 139
11 66
391 140
459 187
400 240
355 251
129 378
332 99
327 37
174 153
447 31
307 409
107 56
57 464
90 17
9 294
213 416
408 372
412 104
196 367
470 164
42 52
3 451
489 375
28 183
214 163
72 476
384 21
338 32
49 441
88 280
196 410
283 301
405 104
323 47
211 453
357 293
244 253
480 361
396 85
249 9
337 110
484 173
57 73
15 174
454 107
369 455
256 150
106 4
51 13
466 429
222 262
368 324
37 318
404 348
209 433
395 5
30 398
472 231
257 88
47 339
146 211
213 416
421 402
267 319
248 324
87 85
409 322
493 307
155 298
83 397
254 217
115 331
414 284
224 439
130 172
235 271
40 276
178 449
268 313
137 297
383 369
43 76
383 144
443 36
433 391
108 378
61 187
324 75
15 476
0 48
320 145
274 235
36 212
25 304
102 157
26 162
91 485
129 421
458 474
217 424
303 243
283 325
401 216
44 107
7 268
265 44
132 179
391 39
344 168
325 416
431 446
283 203
477 22
348 412
337 435
178 66
243 492
60 461
420 496
264 105
149 280
459 382
421 133
302 203
119 117
415 479
35 402
276 198
111 12
299 125
43 300
144 477
291 286
283 204
309 63
343 399
281 311
444 155
358 55
172 98
430 329
232 440
138 317
181 360
337 101
253 480
309 380
19 249
454 452
16 154
53 115
278 211
366 335
242 75
173 76
406 266
206 455
272 490
350 345
298 453
285 188
420 404
153 95
47 291
445 459
75 415
127 499
186 353
428 345
422 428
194 454
409 328
170 253
450 34
339 20
60 248
152 125
72 333
124 158
117 119
35 70
421 192
398 14
359 107
387 178
484 133
313 433
186 246
280 483
356 488
89 471
448 268
101 241
251 20
140 226
148 369
413 27
393 69
28 311
342 104
238 267
200 326
72 403
387 239
227 204
28 95
363 316
410 476
497 465
43 13
382 489
368 191
112 296
459 261
365 492
259 301
480 455
359 311
50 404
461 98
193 130
298 489
465 56
373 60
74 314
155 416
459 456
104 23
136 423
415 64
217 2
309 174
486 197
454 168
266 388
18 415
404 459
368 169
81 221
388 241
158 155
464 43
419 469
393 68
484 407
409 308
483 202
251 219
239 321
209 205
120 6
317 80
249 376
98 185
427 330
338 338
381 437
406 302
222 152
60 151
460 207
261 321
392 295
116 12
70 132
490 325
257 190
67 307
345 358
41 17
355 124
61 379
33 88
241 319
471 107
314 153
326 431
78 427
292 71
55 194
371 362
52 45
204 129
487 471
488 401
25 28
259 343
284 86
406 292
400 377
30 229
12 66
494 208
279 90
136 286
148 334
231 7
136 52
24 288
189 476
356 364
60 215
301 116
260 344
221 59
140 160
79 251
311 152
242 425
63 91
277 230
238 63
115 361
149 226
54 491
356 338
405 411
27 416
260 207
118 287
300 481
84 259
263 231
156 395
338 358
88 219
134 468
329 326
405 101
93 478
168 459
370 301
69 74
133 249
389 181
162 103
362 41
272 98
345 478
336 280
351 36
4 424
103 485
86 333
163 8
467 31
332 183
257 190
439 401
434 242
346 180
221 448
46 60
38 345
125 244
280 374
299 476
313 136
321 402
262 252
283 484
167 229
419 116
369 277
19 211
391 304
252 365
426 113
310 151
395 464
191 436
264 27
163 342
244 78
182 484
320 6
87 465
433 339
116 359
70 155
311 488
353 313
278 415
66 131
448 89
25 313
192 139
481 141
71 355
191 77
435 253
219 11
203 374
233 4
159 319
307 303
469 470
386 13
496 247
336 304
118 296
287 213
207 162
18 268
197 278
32 61
425 484
359 103
107 128
299 92
248 119
89 459
472 217
316 327
132 320
117 153
218 102
264 404
25 425
204 134
196 74
59 88
43 121
101 270
362 150
121 400
359 462
179 211
38 183
4 496
1 22
124 473
377 71
497 389
23 254
181 53
493 71
192 240
10 36
38 293
46 224
187 160
223 405
89 218
66 113
136 445
418 419
491 260
1 147
254 340
393 377
448 435
175 238
274 493
138 37
113 164
176 184
90 152
371 399
13 31
476 289
209 1
261 394
393 52
392 115
492 147
82 137
375 440
433 109
146 1
17 424
108 260
412 194
445 198
81 135
425 310
311 57
303 486
38 425
40 197
344 282
271 32
324 427
36 498
499 258
182 35
147 368
414 142
193 411
47 360
170 274
332 324
162 482
407 487
184 52
334 299
331 381
160 105
103 155
265 48
83 454
174 299
442 82
494 89
449 135
409 393
69 471
305 93
81 231
135 64
363 117
498 469
426 46
202 158
59 381
187 319
119 494
77 361
302 61
48 423
168 103
75 309
403 237
320 232
297 336
453 455
276 12
59 304
314 54
287 113
432 373
368 326
187 51
464 297
220 490
93 12
174 240
477 20
105 77
265 149
456 254
266 70
226 232
138 177
142 41
266 277
103 75
478 486
283 290
132 295
159 355
95 78
450 333
262 424
73 55
309 379
450 381
465 428
105 176
69 103
380 100
175 336
174 335
126 5
152 310
17 110
40 312
145 465
389 343
398 260
139 315
196 60
488 89
118 162
117 445
45 187
375 350
185 72
430 50
360 163
126 82
394 377
342 166
9 392
152 84
399 260
320 291
233 447
461 160
457 351
390 79
281 3
427 266
316 466
130 357
292 28
405 108
274 38
430 100
184 136
248 434
226 435
234 68
80 311
162 196
127 37
392 52
170 408
374 320
29 338
366 356
464 173
212 124
224 91
79 142
429 260
47 327
247 7
318 281
329 327
364 332
236 456
364 109
281 407
245 91
299 310
336 464
88 116
207 48
42 164
276 286
113 471
478 175
456 360
39 148
480 138
94 255
364 217
476 311
254 145
308 221
37 405
21 144
192 125
141 228
366 86
58 417
92 331
191 388
37 401
391 82
338 369
86 337
0 54
200 62
136 254
160 360
4 173
151 33
262 48
486 292
62 128
312 396
285 6
259 3
438 174
43 150
488 276
330 482
396 340
95 382
242 384
410 107
140 98
498 61
205 254
235 485
381 267
126 47
402 18
44 385
388 340
468 440
274 228
68 151
33 170
55 15
122 128
78 465
378 115
221 77
414 83
203 456
3 147
166 329
66 258
98 62
2 306
34 419
70 276
447 103
118 103
83 354
171 93
60 162
91 401
484 281
238 5
4 39
220 93
351 170
233 287
93 302
221 87
364 480
435 291
246 163
369 53
498 182
344 392
293 58
340 287
144 129
169 430
375 148
171 389
28 79
381 404
343 474
454 454
97 207
222 389
294 343
25 91
483 293
203 221
360 276
406 395
177 4
5 427
316 53
132 176
432 345
319 365
171 275
335 125
14 268
463 57
149 160
305 341
414 484
261 9
256 275
131 19
446 434
339 136
164 114
311 323
188 96
224 130
107 359
479 59
116 473
134 442
283 117
102 439
300 198
325 215
234 57
343 456
445 32
146 182
5 109
58 458
440 45
256 282
193 48
21 235
177 309
427 7
447 313
11 381
96 247
156 188
144 330
214 499
181 441
51 212
170 38
83 461
243 463
363 339
74 436
97 236
244 104
417 376
257 191
290 280
468 353
35 447
298 464
406 101
314 480
370 309
270 336
299 454
145 365
301 162
399 72
28 250
127 143
186 445
77 236
442 328
127 397
213 477
431 426
258 119
280 245
81 128
434 50
415 381
395 80
4 68
319 146
141 32
329 298
34 327
8 406
155 476
306 135
413 368
340 237
482 171
300 120
23 415
296 86
166 290
359 44
190 170
54 30
328 332
11 383
141 362
191 19
7 296
17 497
86 420
92 357
329 68
483 244
330 352
143 132
176 349
371 354
384 218
50 426
161 212
426 414
285 303
99 469
466 292
65 116
325 52
472 9
253 155
359 308
440 435
136 2
208 468
38 8
286 92
156 441
355 447
250 83
404 140
285 202
318 371
275 350
211 496
151 100
408 464
251 10
365 200
168 388
248 73
18 58
499 34
333 174
109 354
347 84
138 14
237 484
334 308
304 12
112 45
361 455
318 372
72 464
204 183
108 92
151 452
338 126
153 150
357 172
108 262
276 204
188 246
54 365
378 374
271 359
166 342
67 484
300 336
371 139
232 5
457 480
458 235
385 296
320 111
226 94
298 428
26 2
220 338
64 80
291 98
292 187
171 310
146 211
351 472
329 18
350 435
170 286
434 308
272 407
2 254
34 498
352 152
343 60
493 72
22 407
95 284
446 167
378 118
442 445
463 81
16 271
410 165
325 38
298 344
99 97
447 300
304 133
46 152
76 147
407 39
175 451
118 354
324 122
419 348
430 267
390 382
399 298
189 300
497 224
174 487
139 448
433 473
125 443
443 479
18 54
5 202
56 46
168 475
323 380
499 87
321 105
404 242
42 72
296 445
432 391
339 322
296 71
366 273
252 273
179 309
11 123
169 184
159 419
300 189
128 335
440 151
393 301
373 196
141 288
179 21
344 425
496 19
144 492
265 215
24 396
371 445
481 388
307 392
81 493
328 459
463 61
362 120
169 356
496 235
257 310
88 176
47 101
93 84
151 191
439 210
7 28
416 311
203 489
482 75
387 137
198 162
282 202
410 61
148 451
114 407
83 257
358 202
138 482
173 303
366 290
170 112
275 225
214 86
13 479
468 48
62 252
454 18
79 345
148 365
272 80
337 114
168 207
189 48
203 159
301 214
326 69
147 471
57 102
433 361
262 422
175 253
271 324
21 129
346 203
283 22
136 118
177 120
168 305
464 218
432 224
145 117
88 111
213 292
6 497
419 498
251 268
444 94
76 374
77 466
340 422
393 360
333 476
133 70
289 353
77 449
66 73
184 223
15 154
151 249
247 21
141 71
17 350
225 86
404 445
368 302
15 244
72 113
183 348
201 206
7 324
398 131
354 74
228 434
184 221
95 232
155 283
134 88
26 24
470 211
365 430
26 190
303 380
80 451
9 338
15 134
265 16
90 265
199 471
44 171
255 383
167 491
80 410
434 153
216 106
389 256
446 81
314 267
218 101
440 394
380 227
244 455
220 497
468 186
357 271
155 365
356 112
374 174
179 288
395 309
417 395
328 284
51 216
317 142
389 270
349 109
416 269
267 93
280 488
260 87
304 489
102 267
293 161
449 476
137 324
219 196
480 407
123 399
42 384
6 292
254 431
52 355
301 22
11 319
259 81
70 123
390 63
76 24
353 35
359 378
74 342
249 430
329 407
291 224
369 223
154 149
4 123
145 207
378 305
238 156
131 137
201 161
37 21
408 277
155 390
85 267
49 82
489 334
411 231
454 132
281 280
403 461
20 137
295 400
409 398
388 385
46 40
414 441
218 436
178 322
442 226
160 263
450 491
74 149
133 361
141 29
490 414
403 396
296 10
260 198
84 205
98 148
89 482
418 12
186 160
238 449
212 128
472 398
399 14
375 46
427 32
298 368
264 417
279 201
400 413
470 40
40 336
318 68
432 482
494 89
38 119
247 232
482 102
117 71
118 233
117 344
213 45
315 415
468 329
94 94
486 220
56 65
485 379
361 227
168 418
37 207
439 206
160 136
208 273
358 277
474 178
75 475
242 187
368 390
337 210
431 463
28 175
54 339
66 13
431 267
474 234
292 320
457 265
390 453
82 165
195 100
75 56
95 270
161 317
380 464
427 350
25 311
2 455
320 432
51 69
303 104
424 378
495 448
401 233
250 238
338 335
392 445
216 414
83 339
303 229
79 463
126 230
37 456
240 129
50 210
314 144
22 205
153 90
176 17
255 406
242 426
372 94
360 486
325 440
169 295
111 129
211 100
56 89
70 101
311 149
293 120
326 477
67 315
184 479
386 95
22 292
238 480
466 246
186 450
245 291
272 355
307 356
446 336
437 363
364 16
489 248
225 157
324 315
146 144
240 361
153 384
216 114
360 243
193 182
326 398
105 290
147 450
286 412
127 445
461 223
323 492
149 302
469 48
45 474
335 116
352 285
251 340
435 69
103 463
361 128
418 281
232 466
378 417
362 370
94 357
349 176
330 417
318 351
325 300
416 363
0 12
204 120
41 251
214 139
119 497
278 75
393 389
159 362
233 123
480 373
49 327
96 330
181 380
180 414
129 358
222 448
420 129
232 278
269 314
311 446
373 240
129 89
452 118
241 288
162 185
364 74
256 63
295 312
79 289
499 327
127 208
190 73
351 48
214 422
221 120
360 25
466 94
65 341
482 418
455 158
232 496
411 171
484 488
129 207
386 415
123 128
201 14
414 313
88 52
24 128
5 309
255 236
430 471
242 320
479 264
260 49
73 63
404 171
230 57
324 33
162 469
335 447
113 215
120 249
229 201
362 144
233 86
57 117
290 15
279 151
53 121
184 39
62 126
35 88
474 145
466 359
306 488
203 301
50 271
472 323
320 131
217 186
304 53
68 126
130 446
67 199
238 183
309 103
44 152
149 344
203 18
6 115
416 361
133 61
385 318
301 457
144 205
110 18
497 300
246 30
229 127
310 313
416 319
323 471
315 312
330 325
440 18
379 188
250 209
379 364
322 487
192 181
51 466
118 154
184 48
27 364
29 265
436 189
160 445
110 259
84 475
345 440
481 377
86 77
441 231
218 465
146 115
433 262
268 198
98 51
415 304
69 126
167 444
242 5
116 328
155 352
144 201
78 1
430 125
356 16
481 371
339 426
40 480
30 272
324 308
112 128
106 239
36 33
38 274
454 278
482 155
208 109
462 126
104 286
154 392
116 460
239 135
467 455
227 279
440 497
478 51
143 52
438 436
62 31
161 476
483 16
478 143
121 191
329 440
333 225
38 483
471 449
256 129
260 438
288 483
387 200
105 118
54 382
413 43
371 469
485 74
69 207
250 315
256 190
268 80
415 441
242 158
287 238
29 498
333 47
100 317
435 220
454 205
100 341
310 367
293 323
30 148
463 214
405 281
213 219
12 25
183 480
219 254
104 470
369 248
417 438
10 469
26 204
45 465
184 126
302 356
356 330
44 332
465 319
391 301
326 30
11 403
10 361
331 230
330 114
52 53
22 99
303 63
380 49
27 348
56 416
246 329
14 412
84 291
444 479
10 475
230 271
484 373
103 240
355 168
221 285
384 259
174 243
144 187
387 54
323 172
353 296
60 69
212 367
199 144
119 157
280 61
434 202
442 264
432 389
174 149
409 153
249 410
449 83
490 393
417 188
484 313
234 271
490 45
189 447
104 41
102 161
363 384
148 36
425 157
307 433
86 451
361 68
151 335
81 310
499 493
158 498
121 335
380 393
192 464
5 422
83 148
32 108
144 298
455 32
465 422
373 114
182 404
91 87
249 186
179 172
171 248
436 190
435 144
108 316
90 127
275 114
74 25
323 159
43 70
492 131
245 361
265 366
305 428
466 356
29 54
155 145
187 52
48 91
259 122
101 157
123 350
375 376
387 49
119 51
34 431
292 112
330 131
411 57
265 135
189 377
375 146
50 344
287 62
37 99
108 47
249 138
367 231
280 476
27 254
185 251
215 413
45 477
386 45
32 456
334 152
150 74
270 209
123 201
300 410
457 160
299 260
491 206
182 166
272 123
226 62
475 458
287 442
339 20
329 174
178 372
298 163
224 180
381 420
330 347
8 33
293 139
197 307
325 136
111 232
294 97
407 338
280 121
494 195
221 119
343 323
338 251
431 493
414 62
409 165
198 96
236 417
76 344
480 433
165 253
203 444
282 311
285 110
157 62
181 279
454 378
481 377
370 292
206 265
430 136
233 115
385 480
324 469
254 313
419 157
101 272
83 122
84 235
297 220
499 242
472 330
207 305
449 306
71 430
66 155
123 1
333 299
120 8
173 10
19 227
499 92
66 120
207 434
155 3
97 4
186 6
312 69
227 246
176 261
269 298
151 94
246 392
400 485
495 366
445 425
370 366
486 296
231 436
291 45
49 238
96 388
310 87
333 408
22 37
188 361
456 291
183 339
176 54
420 435
212 23
389 218
14 82
371 227
272 245
335 162
51 173
261 432
192 361
250 446
308 66
357 438
278 116
22 392
179 306
330 294
12 392
474 219
447 27
124 345
360 71
245 460
244 411
124 6
304 436
3 374
313 464
432 212
457 443
249 454
249 136
28 431
151 261
288 355
52 450
373 265
77 412
323 118
476 321
109 447
174 281
245 464
29 339
282 178
132 486
122 383
315 381
495 3
358 318
120 135
400 410
323 493
464 477
150 498
298 440
73 112
76 472
163 319
349 457
443 445
180 333
215 418
421 347
17 62
197 131
41 137
483 98
427 216
67 299
239 78
42 365
189 313
484 470
428 352
149 333
166 371
289 329
29 233
147 62
193 46
36 345
443 87
155 371
170 222
300 222
87 261
74 342
165 128
480 410
95 93
464 481
311 114
347 106
168 192
90 495
192 214
301 126
349 135
357 456
31 19
281 10
204 118
247 207
118 369
462 79
61 213
327 279
237 224
268 27
374 257
471 358
485 418
405 124
433 334
206 262
124 464
82 487
46 181
402 181
113 16
230 217
496 26
250 409
288 85
342 18
376 14
432 166
290 213
400 337
452 223
187 458
297 428
109 122
155 343
360 364
81 268
146 442
203 429
14 396
266 492
358 356
22 495
60 143
332 165
388 312
270 136
65 428
50 67
263 26
390 57
178 123
417 471
400 324
73 120
464 414
123 191
186 175
318 497
162 99
411 2
139 403
331 34
453 204
82 233
290 216
191 473
296 320
145 460
81 49
315 70
261 397
72 438
288 300
399 242
245 302
205 162
196 384
440 388
121 2
70 22
347 264
436 262
222 144
193 81
3 155
53 8
299 265
65 477
220 439
241 464
478 465
349 447
335 175
29 289
163 309
425 99
361 11
155 361
295 436
443 200
60 298
63 496
474 211
150 480
444 46
11 392
191 423
450 212
353 378
39 479
78 16
27 464
178 292
80 34
234 473
123 23
372 295
358 39
19 198
244 9
253 316
239 255
467 444
322 41
372 172
188 214
178 302
94 68
102 208
33 174
50 337
484 157
48 422
120 342
203 67
383 364
471 456
252 474
367 290
462 427
141 239
42 2
70 171
380 488
15 173
362 413
422 65
339 198
392 322
390 459
175 96
404 125
452 146
288 157
84 171
263 250
252 225
248 305
145 323
348 128
394 12
429 210
260 168
491 268
79 152
100 233
358 106
104 5
14 162
334 392
142 98
175 97
254 247
422 423
404 251
264 270
332 298
466 193
314 92
96 309
42 393
0 49
54 253
415 456
349 420
18 101
198 343
90 45
320 304
56 364
486 224
374 172
365 170
262 193
2 179
425 211
260 397
150 277
233 166
86 65
19 82
426 456
353 69
374 368
85 173
250 282
454 71
242 124
169 171
351 356
419 172
69 128
405 179
197 71
136 138
221 283
91 7
77 499
219 444
118 303
85 304
228 368
344 391
62 470
178 14
38 265
393 98
129 459
30 298
289 327
462 18
26 10
361 54
498 103
258 80
237 468
188 343
86 465
287 33
399 148
266 317
415 437
248 159
310 397
224 278
296 99
461 186
92 322
277 322
254 91
59 35
230 343
308 248
133 316
317 447
265 384
173 435
94 32
429 421
199 256
355 5
44 347
22 316
490 136
79 151
187 97
440 491
239 269
438 249
48 224
108 107
42 313
198 281
54 488
245 479
485 253
452 100
269 381
369 474
126 111
208 449
440 165
434 149
250 31
107 372
331 298
464 215
348 373
362 162
493 402
7 107
59 330
211 459
434 180
292 433
382 412
77 0
1 174
57 11
236 251
402 164
231 67
293 366
380 79
333 155
114 373
56 340
151 173
354 267
200 437
349 146
498 434
460 426
290 0
251 17
181 378
297 5
223 412
491 90
97 103
329 176
368 211
237 385
4 20
457 91
89 57
491 159
85 87
439 452
321 227