5700
105 43
48 3
415 403
345 272
227 259
435 443
6 408
145 156
176 243
334 150
59 485
144 275
215 402
206 82
309 154
197 28
31 415
170 98
370 298
57 367
162 449
358 345
1 169
412 355
357 29
14 99
374 416
319 159
241 441
96 377
405 402
169 145
243 436
87 339
59 465
267 144
341 221
390 477
332 194
223 303
254 190
458 238
249 128
70 277
7 342
244 18
15 412
201 414
105 111
76 288
284 164
238 195
172 126
172 128
283 5
195 396
134 37
18 153
283 235
77 440
310 290
54 173
439 325
436 255
395 45
61 365
60 180
158 299
280 233
238 330
226 63
453 285
290 212
299 471
263 425
215 228
402 73
398 122
377 193
238 335
200 273
305 152
303 260
345 463
145 83
499 83
368 372
436 452
423 11
436 236
316 186
259 4
126 218
412 9
344 3
128 2
6 396
9 433
396 310
245 354
290 394
266 244
196 10
21 54
142 471
9 458
462 459
29 120
130 88
443 293
148 326
75 72
5 154
316 84
290 254
148 414
10 80
91 266
172 207
30 464
422 167
126 40
160 236
176 7
153 142
469 120
192 301
307 44
480 49
155 476
390 270
203 155
421 400
459 146
110 446
113 490
382 385
121 91
450 394
37 298
418 103
404 358
402 462
363 64
40 234
356 19
174 282
34 411
57 448
246 494
336 168
53 359
302 70
464 26
324 252
356 1
211 94
408 112
176 113
199 272
291 68
202 56
467 317
117 237
231 377
397 363
222 419
489 450
328 376
129 305
307 153
99 485
449 370
336 8
280 478
46 35
443 423
92 101
338 263
140 210
73 421
340 37
339 148
24 181
486 167
172 153
490 145
16 272
132 292
270 352
387 412
187 168
269 183
446 279
489 107
380 86
475 415
415 220
253 314
333 439
445 240
385 6
130 287
79 253
105 262
26 349
370 345
28 213
492 139
99 474
412 334
249 479
52 387
53 164
455 305
397 386
244 252
40 283
388 226
488 119
321 494
191 366
79 191
182 219
45 424
258 281
113 309
48 359
375 165
470 453
339 330
435 368
3 436
162 475
446 391
237 3
369 119
310 428
499 301
77 345
126 396
205 187
46 91
256 105
58 273
455 79
299 250
186 390
365 154
397 200
55 164
283 135
415 277
78 446
291 267
163 7
194 269
361 221
178 92
365 469
48 237
339 320
63 199
353 377
77 280
444 251
238 485
262 80
26 5
272 192
199 169
290 288
361 393
337 3
473 391
128 202
374 373
73 319
196 437
218 278
381 126
111 14
94 119
477 373
65 472
493 101
241 116
361 284
139 102
494 198
252 112
486 474
146 126
416 411
189 342
468 486
352 71
42 79
304 447
271 19
121 221
337 117
253 214
169 198
248 392
5 15
489 0
479 343
254 487
330 247
233 443
366 150
82 85
384 409
280 386
108 8
125 253
468 297
348 378
270 137
152 96
449 275
470 493
481 428
27 224
20 311
313 260
197 386
147 395
282 82
90 428
33 242
39 215
445 1
490 239
188 215
343 142
136 137
417 313
38 469
132 444
56 410
148 445
341 253
335 296
76 475
217 277
344 109
111 108
348 289
5 101
96 36
25 348
161 84
53 442
238 51
461 37
482 294
47 110
258 323
150 235
12 334
295 367
476 357
146 406
360 176
64 3
351 308
392 89
383 365
268 297
334 121
415 82
44 316
492 314
49 302
488 142
362 62
271 283
42 190
366 269
273 254
62 430
371 476
193 454
103 254
375 462
396 437
105 142
456 440
94 97
92 6
420 82
217 306
496 191
460 259
13 362
144 85
62 75
381 15
121 255
69 484
273 496
490 465
257 379
328 446
304 351
285 272
78 224
267 3
114 74
288 80
165 128
55 432
299 227
335 289
125 420
268 404
222 251
130 258
57 479
183 458
83 361
438 320
323 161
236 57
137 438
418 24
309 155
382 325
466 460
233 69
474 92
343 1
112 48
379 325
135 21
234 62
235 218
380 24
82 58
348 116
492 71
226 118
444 301
114 461
30 410
354 347
348 356
404 197
374 312
333 136
50 10
228 420
444 285
344 460
76 26
98 44
163 421
74 176
137 459
369 188
35 168
24 224
273 236
48 281
417 0
10 234
154 467
253 90
51 98
477 449
493 479
400 427
103 156
467 327
15 241
409 337
413 51
287 285
66 38
38 187
421 483
303 400
491 427
26 56
5 394
373 355
282 350
359 126
453 385
126 326
163 468
371 387
173 428
467 158
198 239
75 357
258 471
399 378
434 249
143 277
132 291
141 368
494 414
151 0
327 299
268 278
17 342
271 491
150 190
282 238
447 200
171 357
87 205
306 70
347 21
164 449
318 331
97 305
158 164
464 249
379 485
327 84
75 396
439 450
40 77
277 221
430 488
193 449
371 17
390 0
301 71
402 54
211 471
136 0
249 369
206 452
36 480
376 34
484 463
41 315
388 25
365 318
119 318
187 58
410 491
414 77
483 212
183 316
316 195
416 171
475 417
249 123
9 11
475 126
293 493
370 368
38 34
352 87
146 158
1 40
469 408
120 415
83 453
148 156
179 252
21 416
39 155
18 271
249 48
394 493
213 42
428 116
204 252
262 281
173 202
110 115
30 142
447 83
239 465
217 447
364 270
425 239
10 403
452 444
289 259
153 198
314 3
107 82
215 370
72 369
484 240
234 183
118 366
331 182
129 357
127 401
140 493
249 405
349 2
113 53
251 138
493 118
52 417
288 100
321 267
7 360
395 157
23 94
276 13
222 207
460 257
251 202
107 452
306 352
405 308
298 419
389 8
277 292
244 442
61 65
278 66
75 69
15 173
39 451
158 291
48 261
463 470
422 151
3 422
230 228
499 260
120 29
173 388
330 398
315 269
335 392
313 93
119 263
214 328
119 158
271 224
194 19
171 235
9 116
196 26
139 240
121 195
83 111
9 294
63 266
158 177
270 251
14 323
151 241
399 228
452 122
141 171
258 498
114 164
43 267
359 162
357 182
293 480
126 292
58 155
332 42
145 216
391 454
196 159
239 42
16 447
470 43
41 10
26 228
348 7
169 69
103 207
40 378
170 397
404 166
60 229
297 88
42 205
216 41
83 90
38 455
350 452
462 8
89 243
102 340
410 437
496 271
1 13
262 388
407 172
253 166
254 467
173 402
443 149
239 389
197 379
183 129
490 399
143 497
337 79
368 245
369 247
113 364
253 222
394 375
42 12
479 499
254 148
297 152
394 49
280 389
18 443
342 463
460 8
439 337
83 298
45 307
24 304
26 158
386 129
141 273
124 428
428 120
125 378
280 226
467 371
314 60
24 485
346 8
346 484
282 285
445 429
85 180
190 469
450 111
236 76
356 443
63 361
91 285
363 40
411 371
432 330
167 77
86 456
440 13
151 432
213 75
107 448
269 298
261 297
374 219
162 498
359 82
367 77
118 450
322 230
412 381
311 106
62 80
445 249
181 354
281 96
44 246
396 388
186 313
384 157
7 412
346 46
476 366
169 214
296 446
179 343
449 209
141 490
239 363
69 86
35 272
18 351
239 431
245 414
424 277
41 481
380 431
150 388
454 356
302 171
14 102
311 481
472 315
30 304
391 63
336 99
302 278
209 206
473 394
171 306
288 397
180 65
305 168
24 182
353 259
361 178
159 219
386 25
181 483
47 416
368 424
202 235
293 170
64 412
70 266
15 88
153 358
378 48
230 310
69 254
432 84
155 282
159 444
427 42
458 341
117 326
413 178
349 320
84 207
325 413
353 154
365 193
241 358
168 95
350 323
407 89
224 134
78 415
457 383
76 6
184 267
446 194
366 98
305 147
60 450
456 482
175 266
124 321
269 416
92 293
382 119
253 499
266 106
342 184
190 223
491 270
464 226
324 289
436 330
132 481
464 348
114 89
262 491
260 239
384 31
2 352
203 118
77 108
292 470
193 271
41 334
60 36
325 358
188 385
218 113
462 173
262 34
26 428
19 24
408 286
138 403
374 410
18 341
311 451
222 162
496 357
245 115
473 57
294 71
36 14
187 364
399 498
427 301
177 425
63 446
202 85
348 201
394 76
379 218
381 58
415 453
68 377
286 12
435 394
408 80
297 472
322 447
248 196
473 249
48 425
363 36
89 102
30 211
429 483
41 409
214 162
40 308
173 134
28 178
259 108
80 436
235 408
104 403
4 483
261 77
113 404
6 124
187 202
37 388
149 468
131 431
91 363
498 23
201 264
373 378
315 312
220 453
208 50
386 176
253 213
117 147
123 218
420 476
216 162
130 458
241 366
81 113
488 332
97 431
310 190
354 470
275 477
27 75
251 484
197 265
412 357
75 166
494 387
49 348
158 211
429 32
145 399
231 362
294 134
176 328
150 104
81 30
457 426
410 460
78 61
418 107
125 342
230 345
193 120
183 131
163 351
250 464
326 309
295 482
162 120
76 471
353 313
239 9
322 311
224 149
108 400
94 142
487 233
205 324
456 181
384 240
56 471
280 135
469 383
355 427
250 131
444 284
145 104
267 35
184 467
219 491
485 144
230 314
490 324
357 287
28 298
270 242
377 436
319 402
330 198
329 27
163 80
36 126
161 308
128 303
146 198
342 347
13 131
456 72
360 356
154 313
55 240
176 276
179 284
482 348
227 361
293 164
290 390
198 330
485 303
1 326
26 132
263 344
268 39
395 71
385 480
72 402
178 292
77 101
449 209
70 59
75 28
418 216
398 365
169 468
295 383
367 22
218 321
212 483
54 487
319 460
362 291
84 392
345 392
102 161
72 146
174 24
92 148
13 92
60 490
226 34
57 207
380 445
428 275
114 93
53 335
126 286
178 267
11 210
371 23
169 113
490 296
444 195
287 434
425 309
196 199
259 3
448 253
380 139
232 377
212 347
133 137
256 338
401 163
38 268
233 124
420 59
254 75
10 216
26 393
92 435
438 222
327 351
343 238
115 59
406 75
65 179
370 391
54 173
441 271
395 92
151 175
102 168
384 405
150 112
47 410
484 95
446 337
76 163
75 141
69 43
75 333
225 134
307 445
68 279
224 101
128 315
483 375
133 230
343 368
130 283
378 242
432 467
482 177
170 360
255 57
243 239
373 330
127 468
99 33
486 47
363 323
51 114
196 198
418 36
171 39
134 401
368 402
431 66
426 202
112 101
341 181
364 355
175 66
451 491
39 274
98 437
403 254
452 1
37 100
139 371
272 208
462 273
191 492
46 393
495 117
151 158
365 188
254 15
358 40
315 58
495 249
3 265
266 251
351 456
179 155
215 342
468 451
295 178
423 159
129 341
0 418
458 280
147 365
258 213
123 357
107 73
190 118
221 110
66 308
463 72
415 245
48 30
60 383
42 343
37 484
254 171
303 37
254 213
278 302
160 12
437 401
371 267
377 127
435 93
165 296
393 250
133 432
315 442
137 193
177 210
233 174
63 432
497 389
191 170
182 275
176 351
118 472
99 47
140 496
144 387
489 158
90 37
331 122
316 258
320 469
495 345
129 53
442 59
229 126
401 134
485 263
235 77
477 456
304 187
426 469
127 448
485 415
38 70
328 317
138 206
403 148
53 485
44 385
11 348
482 125
241 265
194 319
127 476
15 171
141 431
379 441
357 120
190 217
386 247
305 370
370 376
361 60
445 424
272 406
383 457
74 106
277 124
453 268
440 405
188 468
262 433
53 68
137 471
218 244
466 23
399 375
435 337
261 260
18 233
42 385
491 254
230 116
384 120
377 183
4 176
109 66
486 118
89 15
111 123
498 159
34 77
414 397
9 321
54 175
412 380
134 448
64 255
376 364
400 301
477 105
171 256
374 439
454 157
132 463
122 65
142 130
379 8
329 409
436 241
121 236
36 349
104 107
323 101
402 332
438 75
331 231
170 109
119 205
20 476
393 103
234 494
2 388
297 465
206 184
272 233
434 179
138 308
409 39
223 462
37 163
247 161
123 221
278 269
246 242
345 299
293 139
27 431
249 296
332 176
262 307
339 104
412 196
87 477
291 174
189 311
472 181
402 436
206 95
189 32
331 452
443 387
318 477
125 323
351 419
227 457
61 113
310 66
395 325
499 249
60 187
368 189
477 33
480 122
154 183
487 170
57 338
315 283
106 227
147 440
249 457
423 374
292 162
487 85
334 187
226 339
380 395
428 94
68 209
393 260
430 223
413 232
15 487
67 228
20 121
431 214
440 269
283 354
439 84
271 122
313 273
20 498
444 45
255 300
61 365
440 148
380 491
331 353
81 396
369 398
464 453
74 152
6 404
340 357
331 297
423 111
461 145
190 443
244 258
123 445
445 305
148 63
268 178
426 331
81 201
154 295
448 45
301 80
437 306
456 141
105 268
265 231
26 418
176 456
253 122
279 151
66 51
229 428
111 334
35 155
302 193
238 41
121 102
261 392
385 410
31 217
300 342
261 296
104 326
449 289
441 358
409 228
8 359
194 490
145 120
313 81
123 447
402 403
147 96
7 163
232 33
375 38
334 32
358 488
278 291
149 159
240 71
430 410
252 248
220 476
410 397
196 385
141 385
481 98
113 288
173 488
26 345
377 401
389 213
4 88
99 19
442 5
267 339
440 373
201 19
268 160
46 463
348 464
415 39
327 330
318 28
226 353
254 197
410 103
43 495
15 414
271 143
334 309
34 38
57 126
287 236
199 325
141 185
224 400
230 56
437 403
256 400
97 163
118 362
358 7
273 14
9 225
34 44
434 195
322 69
157 491
316 461
146 208
108 458
366 222
477 338
239 155
170 234
96 188
48 141
155 306
383 321
218 16
211 270
339 152
496 33
494 348
56 312
122 492
66 17
207 341
348 44
130 298
487 19
12 226
385 35
208 19
35 268
38 426
431 98
484 229
429 427
91 330
175 338
355 66
407 241
285 414
213 255
126 267
346 52
87 138
157 231
351 147
426 44
143 242
471 357
136 479
309 253
91 227
293 484
226 446
212 52
160 363
131 425
477 286
277 477
60 416
64 286
331 411
5 490
199 326
305 329
82 335
414 114
451 173
471 208
112 29
392 183
109 272
411 375
204 438
355 40
326 116
380 271
261 9
187 385
214 460
147 492
459 296
469 61
121 410
439 292
476 234
358 183
411 437
227 121
161 467
84 434
205 340
201 316
201 318
278 389
381 268
64 277
339 192
454 386
178 460
46 245
281 6
443 405
378 44
11 23
457 40
232 447
263 163
481 433
322 317
85 112
389 56
100 1
387 80
41 55
300 418
424 87
344 81
125 220
243 223
115 489
288 200
215 199
132 404
221 49
13 307
215 158
159 402
483 315
370 47
317 376
315 23
456 241
313 160
235 434
423 56
109 202
401 63
467 176
225 385
192 40
198 238
493 407
75 358
257 328
56 445
320 74
167 371
31 277
211 481
389 118
320 486
49 350
27 221
107 369
409 104
195 151
411 108
318 188
368 486
283 427
1 424
295 104
381 20
1 179
149 444
430 391
93 470
43 331
200 120
225 2
154 462
422 272
312 417
403 240
167 180
456 186
290 20
392 103
134 23
467 394
137 284
106 249
433 230
203 149
4 133
447 280
52 158
75 369
461 364
396 330
16 128
0 352
307 159
182 393
139 442
78 2
251 128
358 184
185 184
170 61
341 189
199 469
339 245
109 126
456 300
281 357
209 325
484 133
378 369
311 18
372 17
145 241
277 124
160 356
417 314
356 182
152 111
208 55
34 343
143 318
175 342
167 276
410 237
106 3
374 288
306 269
362 246
222 303
159 139
453 235
417 429
392 161
217 421
264 100
270 103
445 260
36 446
35 113
468 446
87 493
262 342
441 393
48 476
115 163
398 208
489 420
82 168
441 381
481 151
254 206
318 252
50 51
16 206
5 85
78 485
179 92
337 192
168 120
136 385
445 135
407 34
54 434
167 489
492 496
54 149
253 98
150 372
430 303
240 166
3 435
27 170
214 183
155 216
454 234
369 291
178 399
186 128
118 232
80 353
354 462
61 134
358 107
262 211
229 289
76 354
24 233
268 456
172 238
324 423
67 126
378 193
322 97
181 64
269 292
106 262
248 124
83 167
230 107
248 346
52 312
45 324
280 77
167 165
440 305
283 492
37 7
456 161
77 211
355 138
252 199
175 462
481 0
459 258
456 64
376 59
384 9
438 273
438 16
173 105
449 378
238 457
470 487
50 46
36 400
99 406
220 288
141 274
32 201
265 452
12 341
350 493
266 248
264 288
245 56
287 290
247 195
34 377
423 69
469 84
342 460
100 68
342 62
264 241
194 227
420 381
375 206
454 270
410 493
50 70
360 7
202 337
214 459
29 88
25 137
449 498
419 367
282 50
291 113
340 398
279 337
43 260
382 6
0 349
272 144
152 50
239 484
296 206
295 453
442 325
175 172
391 392
442 94
208 173
71 85
423 400
13 203
209 318
168 247
392 209
111 292
276 44
102 350
155 72
249 397
421 98
342 425
371 313
486 284
221 431
332 410
113 144
463 197
444 322
384 483
275 188
232 495
198 51
476 335
84 353
303 225
2 6
171 145
429 374
305 157
67 151
147 489
186 180
355 462
445 483
171 239
86 220
124 256
443 136
490 452
177 379
385 293
439 32
406 56
66 220
223 211
201 485
18 223
185 239
222 373
464 131
203 394
150 402
39 179
131 445
324 381
174 161
193 62
118 465
38 99
162 36
22 113
336 215
455 40
265 22
5 29
423 81
483 208
388 425
370 22
403 371
32 195
109 430
247 77
28 79
116 137
251 191
258 490
382 87
461 65
95 147
228 466
175 370
296 63
86 415
286 18
65 341
123 171
248 174
254 371
8 129
172 222
212 111
199 430
496 94
93 160
479 91
461 173
236 154
421 109
480 174
368 207
230 397
424 491
214 331
460 178
252 75
186 132
414 316
262 237
250 410
353 355
380 229
235 167
128 116
143 156
215 108
6 11
2 446
129 282
312 217
292 441
73 64
380 330
68 339
250 142
349 318
47 455
122 229
197 282
438 251
211 340
351 153
451 69
351 206
275 432
373 163
227 419
249 298
138 459
101 317
135 240
195 302
31 34
168 318
69 81
421 458
464 132
202 125
331 415
348 53
217 458
377 73
372 296
256 126
444 10
250 357
160 431
318 445
115 43
124 486
445 36
169 398
23 409
176 371
424 206
164 376
450 493
290 393
19 322
184 46
403 315
99 286
231 415
311 417
255 199
235 435
185 200
461 404
275 60
118 138
366 52
45 134
27 316
490 335
381 47
214 26
312 137
404 313
230 44
243 215
3 486
38 330
235 188
101 352
342 362
266 219
354 208
377 312
499 381
280 219
246 381
370 495
308 58
454 274
342 391
229 49
380 197
237 267
119 467
329 338
58 461
22 96
260 412
145 399
118 259
492 426
421 364
275 214
489 229
120 229
279 183
380 349
469 159
126 469
308 440
402 307
255 218
130 276
175 367
479 127
53 145
10 471
186 474
56 285
366 27
62 176
378 145
156 294
263 347
287 134
442 71
141 41
317 49
417 123
251 344
490 396
219 304
279 352
489 257
284 335
363 355
1 346
140 93
440 9
144 256
179 80
473 86
487 321
444 143
487 404
152 195
0 329
181 372
481 131
318 170
378 266
464 181
127 379
388 457
213 419
499 32
470 244
65 325
320 310
214 10
57 159
489 219
443 409
40 22
45 424
42 210
244 423
154 7
316 371
290 42
427 381
125 142
467 249
59 43
405 139
298 126
197 462
372 287
162 140
416 264
475 207
130 459
318 219
90 284
178 486
367 380
22 457
59 344
387 341
480 118
96 292
107 131
270 293
285 331
95 432
139 202
161 422
493 269
405 479
465 435
316 84
393 184
28 190
384 452
71 268
412 364
495 19
313 371
202 266
50 98
300 150
424 190
311 313
144 418
353 217
153 109
145 21
212 46
499 26
294 96
312 422
441 58
282 160
278 106
57 484
486 328
18 209
23 411
181 182
251 167
129 34
56 404
302 274
300 120
68 301
75 446
357 232
244 17
475 139
475 22
351 32
242 462
225 221
255 117
284 406
292 6
262 265
392 200
320 65
366 192
491 240
325 294
163 200
191 69
92 138
23 166
480 295
368 265
234 57
463 476
482 18
136 108
308 245
310 28
72 481
73 28
322 415
115 398
468 337
476 158
177 412
59 499
116 157
67 279
255 350
220 382
490 90
335 356
236 299
132 497
377 309
224 205
104 52
389 192
350 424
188 365
216 27
37 247
378 184
34 104
486 486
76 107
315 477
128 263
260 52
361 260
465 137
41 85
129 421
345 431
296 480
7 385
132 365
49 44
148 363
349 436
43 487
316 277
40 358
410 444
56 152
141 123
61 373
295 183
114 190
170 492
378 262
127 30
74 362
77 177
465 75
414 426
203 8
218 230
26 95
247 481
104 82
307 389
72 17
208 454
447 186
300 230
260 177
391 428
457 187
114 469
247 422
282 28
258 303
398 0
481 284
218 146
387 438
455 25
480 459
497 15
246 279
308 297
77 358
397 199
20 34
308 11
39 120
423 90
91 149
433 321
319 424
362 3
29 206
17 318
333 9
140 14
164 431
290 448
499 241
276 187
51 372
492 436
27 442
92 415
88 470
246 377
381 408
466 109
279 262
123 484
350 464
396 263
63 14
256 38
77 62
434 384
320 128
423 426
341 199
169 15
244 282
190 416
377 477
239 8
492 156
472 362
125 195
209 368
258 188
103 465
201 336
316 37
316 22
221 239
106 9
291 243
11 203
180 333
342 388
396 420
134 186
381 368
89 260
300 91
408 347
35 255
145 462
484 204
295 461
470 57
152 254
457 262
95 163
403 137
57 289
476 299
20 192
304 357
300 109
308 456
64 61
23 196
400 209
170 359
416 195
301 140
254 69
84 258
396 202
491 488
139 305
349 467
177 159
120 5
314 477
390 281
477 378
87 413
272 377
424 109
101 41
110 226
336 356
410 46
34 84
390 401
221 26
37 91
97 250
227 158
439 263
141 470
383 268
145 80
189 156
197 421
499 290
498 159
205 188
272 260
162 92
118 162
254 235
485 7
165 203
466 64
34 456
224 459
39 270
278 221
495 80
222 327
486 346
34 221
481 43
487 307
321 495
82 457
465 75
130 419
336 482
291 448
407 222
492 15
89 298
378 270
97 436
282 101
174 435
331 317
476 7
355 170
128 297
225 289
209 445
427 355
156 45
267 218
86 63
214 112
382 27
463 92
45 332
119 245
414 219
79 450
121 390
40 434
223 101
46 265
472 432
329 325
396 128
44 449
61 482
9 258
202 295
479 324
421 248
319 99
401 336
78 398
332 374
327 470
235 56
340 373
51 208
188 22
471 447
281 84
342 384
31 142
466 397
145 11
462 387
75 464
215 215
90 6
476 47
455 417
143 64
124 148
170 46
493 312
397 493
229 274
416 91
488 112
475 234
121 485
302 437
5 49
55 17
416 95
364 383
447 372
372 359
405 71
384 394
239 250
24 133
76 468
432 292
26 417
402 408
197 0
401 204
73 202
149 456
339 490
214 14
225 287
210 86
480 483
233 94
79 219
39 258
402 156
73 471
379 281
133 327
32 77
279 34
342 457
447 429
295 33
172 161
99 372
355 383
477 79
150 89
199 409
65 41
13 101
234 490
317 244
173 367
253 201
159 305
86 95
129 458
472 381
105 301
184 71
3 461
402 14
423 153
195 101
54 340
330 60
156 289
8 147
201 330
135 262
209 360
170 221
454 338
492 142
214 59
372 28
42 69
222 274
375 317
157 269
181 282
71 487
487 338
168 431
45 40
252 303
376 255
445 422
65 330
389 289
318 131
200 262
388 212
30 274
396 264
46 187
27 429
267 469
252 366
406 287
442 298
405 158
432 318
148 202
344 349
480 390
4 162
374 32
159 392
8 256
296 55
336 406
227 323
41 104
243 480
130 299
309 186
356 387
441 241
91 357
247 285
299 423
308 103
347 26
282 467
374 356
114 78
253 210
166 194
26 294
93 410
448 156
395 254
496 304
161 188
474 439
214 260
363 125
151 22
341 63
271 434
12 215
278 385
79 118
412 444
206 105
113 358
112 154
459 360
49 460
251 120
233 375
0 466
340 448
11 152
438 182
249 282
20 302
420 27
324 451
409 185
395 30
185 374
235 7
320 496
468 136
363 423
241 201
150 215
219 82
116 13
296 157
312 365
245 168
119 232
269 421
451 380
255 164
24 488
484 342
330 196
119 453
6 193
408 361
443 8
22 480
137 411
276 170
338 301
386 373
294 309
190 155
320 98
86 297
139 196
392 423
228 469
14 11
372 86
95 274
254 167
78 117
287 244
45 207
432 477
286 431
87 79
177 328
125 259
307 115
390 116
437 199
62 118
205 451
78 287
454 152
269 332
76 385
444 408
385 474
405 228
307 171
352 344
455 336
452 477
94 262
461 342
313 383
335 24
311 370
22 413
97 117
354 143
51 26
0 150
379 436
459 257
102 186
23 311
141 57
320 327
21 87
470 281
157 186
56 157
422 320
438 430
73 20
46 292
443 124
412 398
155 174
360 372
35 257
167 235
414 176
115 487
120 436
474 86
95 130
450 31
313 18
38 388
33 387
363 436
186 328
2 276
148 341
451 214
302 35
64 118
457 216
4 179
117 429
59 479
362 213
231 10
250 175
414 121
409 283
463 278
406 95
288 465
32 406
441 91
61 334
402 5
185 18
300 259
238 302
367 359
221 452
479 450
71 472
107 394
24 332
279 71
388 430
336 68
11 272
106 277
135 73
91 361
120 320
474 391
103 210
162 194
144 324
148 493
387 68
400 256
179 263
193 180
100 419
192 29
159 111
36 150
363 294
466 480
223 483
193 292
486 326
3 207
201 131
199 151
259 88
204 451
131 438
210 397
279 83
47 254
256 290
84 83
63 120
103 402
194 287
465 149
356 181
312 468
120 57
498 363
314 231
22 202
451 298
381 232
338 230
20 280
364 94
214 456
358 279
418 318
467 53
86 384
352 175
233 398
113 324
408 83
285 427
225 430
162 88
319 459
239 352
446 191
0 455
87 161
331 358
263 5
389 150
325 349
99 94
270 410
493 212
140 178
108 130
219 217
28 122
474 390
433 120
75 421
434 433
292 162
168 117
267 407
257 409
3 444
355 356
421 126
304 200
331 413
130 413
387 402
292 11
131 362
135 225
159 206
221 421
390 303
210 241
150 157
453 319
28 6
132 308
361 449
362 288
53 192
94 344
355 441
155 238
463 486
45 142
63 474
129 118
359 453
462 340
11 361
219 415
76 39
488 203
492 437
481 202
47 45
486 427
17 254
93 141
135 480
307 490
108 198
3 436
128 319
180 317
85 492
31 252
455 161
450 372
74 447
493 283
62 473
80 331
325 79
411 173
163 460
11 218
7 271
90 14
184 487
479 122
374 269
430 11
235 330
129 232
367 161
135 474
158 429
360 215
240 483
443 271
342 403
26 306
173 349
188 468
442 357
126 168
31 317
499 408
140 266
279 480
455 359
288 414
481 113
448 0
271 73
476 243
50 113
314 354
322 223
80 3
23 117
434 206
114 54
172 285
265 106
317 451
218 72
37 457
457 51
125 485
81 228
194 453
308 131
206 8
363 482
99 286
344 386
292 385
170 310
268 316
268 288
212 85
42 338
389 102
87 499
79 366
320 20
151 273
282 128
462 357
495 497
384 414
299 191
1 28
345 322
462 121
206 465
303 26
128 248
99 44
411 68
88 179
452 83
63 240
449 86
436 25
439 445
488 172
200 91
413 490
111 397
362 375
401 170
270 17
414 382
450 370
401 325
408 38
278 353
292 323
348 80
377 228
400 140
231 365
207 452
350 496
371 171
341 212
82 124
6 111
333 496
173 308
347 234
440 433
256 477
57 84
164 104
96 434
152 64
368 327
323 359
382 218
283 46
23 223
187 365
213 381
190 372
107 386
319 37
14 399
483 75
31 424
210 147
63 480
307 362
74 283
2 483
381 456
32 137
354 256
138 219
443 67
305 328
217 50
301 124
51 83
7 284
283 434
414 70
284 198
482 74
409 358
167 336
473 290
47 199
270 327
246 37
365 213
116 51
27 434
17 417
54 78
364 377
299 189
388 279
353 83
294 370
206 114
404 461
12 31
358 303
340 134
199 456
7 57
491 167
437 34
464 361
90 343
32 328
107 389
324 420
142 312
426 118
431 200
231 183
486 295
429 441
397 179
236 481
0 256
290 80
441 437
280 106
435 383
124 313
85 394
59 448
67 228
280 337
20 498
294 12
305 359
390 75
56 203
459 126
58 57
346 102
60 351
234 127
292 495
242 358
307 229
457 301
490 226
224 238
102 363
222 370
298 407
462 464
442 206
115 274
228 1
352 462
441 288
136 439
149 233
462 378
179 456
34 272
362 169
32 259
481 316
75 106
422 279
486 38
312 365
366 101
415 392
180 70
9 356
441 316
194 11
467 256
380 225
247 2
113 94
410 131
90 446
226 485
23 12
377 64
17 187
79 95
18 433
141 112
428 379
390 83
191 475
200 210
212 71
165 299
431 177
123 427
412 373
385 201
117 288
327 115
62 135
420 259
371 80
460 61
496 151
126 350
60 187
110 179
478 124
153 127
54 261
134 129
182 319
459 372
487 300
287 286
397 49
482 207
120 268
272 442
144 117
156 398
77 57
33 267
246 408
169 187
168 153
472 304
176 350
150 283
421 15
416 437
496 319
439 398
192 117
86 211
462 337
246 242
361 39
299 279
318 108
261 469
125 486
189 85
368 153
168 339
129 289
460 436
335 125
94 400
463 27
216 180
423 425
465 314
446 136
96 264
85 116
103 209
294 210
215 292
483 14
156 235
172 112
90 116
16 7
386 184
365 480
257 455
269 140
128 222
339 215
332 225
434 276
339 287
431 81
95 54
290 266
231 103
220 462
321 321
357 88
420 207
14 74
66 178
252 284
351 195
420 443
220 35
174 206
287 59
113 105
224 235
338 255
69 455
128 58
499 390
450 485
412 419
449 464
100 478
173 202
145 452
339 445
152 365
276 14
471 439
174 242
497 195
2 365
423 419
309 130
468 274
194 111
428 380
210 495
197 380
184 384
181 195
412 24
38 333
273 189
283 9
57 299
164 280
51 59
42 440
214 213
324 10
242 260
256 104
485 304
40 305
0 169
45 222
55 413
454 83
445 180
480 237
369 2
413 144
84 421
134 455
317 151
411 310
415 411
216 19
325 252
273 256
330 325
90 319
254 386
66 44
281 199
53 398
43 151
72 467
422 479
482 58
368 92
3 394
413 283
387 71
180 90
416 161
332 10
248 6
51 86
286 167
65 184
187 191
158 460
292 111
169 433
377 274
20 38
173 380
304 286
376 61
222 484
494 292
151 406
492 95
262 54
90 130
322 327
288 278
389 332
265 80
206 411
449 494
375 227
13 474
35 179
15 389
34 109
15 361
456 37
91 8
490 218
46 181
311 312
145 186
118 53
464 262
257 324
403 265
239 484
15 416
158 275
236 30
391 192
81 252
112 200
418 172
205 102
267 316
354 369
422 412
26 472
149 238
3 283
119 52
321 242
369 134
16 479
23 106
210 260
460 104
128 174
276 230
47 185
54 395
307 401
226 328
66 186
321 227
279 69
164 441
427 100
431 33
139 444
56 454
410 201
375 16
246 38
224 4
399 145
399 130
311 59
245 477
204 377
299 66
359 335
288 463
496 287
83 219
174 488
189 139
7 84
475 417
421 105
103 51
33 320
231 2
331 344
222 476
395 35
222 21
336 254
393 10
230 332
172 476
467 256
192 362
279 474
432 167
70 52
224 35
389 104
448 456
284 220
107 22
395 179
286 329
340 231
64 179
8 422
178 88
450 475
302 222
390 81
133 234
121 460
64 358
166 10
230 365
387 450
482 337
18 283
14 268
299 358
280 430
19 159
135 310
33 321
403 289
375 275
235 388
98 496
358 152
17 264
215 440
129 256
39 49
169 147
358 54
336 468
480 138
301 355
177 115
256 334
109 432
320 483
479 196
348 419
35 189
481 217
326 250
151 110
109 365
271 320
141 467
458 108
315 121
88 259
93 344
128 344
327 202
398 449
220 158
199 99
168 255
358 180
142 494
212 9
182 251
219 483
443 323
296 177
288 111
455 384
80 381
435 84
385 259
417 185
284 457
212 468
148 305
151 422
284 142
393 363
347 466
141 464
493 142
253 437
173 281
162 209
145 253
12 97
283 382
339 281
249 419
76 403
178 249
391 228
91 462
280 284
101 290
285 421
210 94
376 38
99 383
488 390
488 96
478 0
281 123
394 317
73 382
483 323
51 251
65 374
10 494
137 345
118 111
206 422
460 180
63 434
324 412
8 51
403 164
139 487
156 36
418 386
209 81
332 401
127 260
106 397
94 137
101 243
165 212
392 159
93 478
242 307
210 269
434 250
89 465
1 73
459 98
179 271
24 20
280 364
113 151
141 239
482 60
272 94
253 0
330 17
176 198
467 72
174 387
352 253
327 116
214 206
477 138
159 245
461 354
5 291
30 75
487 498
92 365
217 259
128 197
395 47
471 305
44 215
468 497
113 248
454 147
138 327
425 284
138 149
440 386
313 495
494 323
40 300
412 438
488 257
156 392
197 383
450 479
476 93
342 419
418 90
269 148
284 56
205 194
433 422
418 498
173 98
251 264
54 213
322 163
55 42
278 478
457 105
50 228
499 433
375 244
393 270
326 145
191 29
452 384
234 124
75 222
338 407
472 326
489 392
287 294
124 396
353 65
145 81
366 404
0 497
267 242
239 245
275 445
181 430
55 79
301 415
322 482
308 491
235 294
88 149
397 22
439 212
145 251
7 437
434 364
458 7
253 53
350 197
127 28
107 32
447 34
16 260
103 122
416 324
473 338
213 357
421 371
474 4
441 419
283 481
340 227
132 241
290 445
473 483
15 417
304 432
44 314
436 320
497 499
338 205
414 322
45 403
259 187
458 19
352 201
280 241
334 45
490 413
248 476
394 316
100 263
429 198
370 145
144 366
423 367
190 334
89 189
376 87
107 349
402 335
428 311
356 34
447 115
91 347
15 47
162 337
35 115
260 92
310 258
477 257
443 85
274 167
107 385
234 150
337 214
377 488
22 118
233 234
433 322
369 176
14 448
63 32
476 401
159 176
285 286
371 137
156 80
465 145
147 263
329 51
39 337
455 207
293 62
384 40
216 78
378 105
137 230
132 293
321 465
251 143
280 106
39 474
119 289
52 4
56 119
456 234
293 95
9 263
303 86
16 245
351 19
250 394
187 340
306 234
377 9
467 409
384 10
151 6
363 355
474 55
289 419
366 282
45 82
20 228
473 200
220 36
282 176
17 322
408 470
331 175
84 137
499 150
157 468
324 150
206 20
291 150
285 347
430 9
237 182
383 302
191 63
239 455
277 473
295 108
283 37
174 478
129 220
188 26
176 286
158 364
367 234
82 301
310 4
186 364
166 400
463 69
376 357
183 202
311 5
42 330
309 446
166 69
95 438
76 207
423 271
6 86
387 290
294 440
304 49
449 333
254 470
180 264
467 131
136 215
45 130
76 31
100 354
144 95
302 47
170 72
158 225
368 28
468 397
447 14
347 272
243 248
365 454
85 275
490 184
314 73
104 387
94 242
337 56
455 238
311 139
217 126
154 321
219 85
451 123
395 18
118 299
253 490
117 483
167 190
263 459
347 481
76 220
128 441
31 413
405 84
210 194
368 474
59 216
339 87
457 10
161 87
77 75
59 266
456 195
154 226
60 72
144 353
146 136
401 124
208 30
224 158
132 270
339 444
31 43
406 178
265 488
64 67
186 195
242 475
201 142
66 248
102 261
397 62
187 100
130 151
309 247
370 207
151 442
485 209
387 183
23 391
311 5
200 439
414 497
491 294
42 468
229 58
120 496
97 479
130 159
407 227
434 439
233 277
486 86
121 219
462 225
82 144
436 273
122 134
428 202
170 114
24 471
467 252
231 144
156 416
144 213
4 63
192 78
16 238
309 30
255 137
134 123
249 190
324 422
124 371
337 253
76 295
47 361
358 395
312 130
343 14
77 308
386 199
289 269
299 255
244 450
74 406
448 230
152 323
46 273
378 277
424 384
245 454
201 323
453 103
469 365
173 148
347 46
167 412
167 137
87 318
77 411
142 13
188 25
150 146
423 235
119 28
334 199
22 216
172 36
401 475
123 141
40 75
487 323
312 207
378 6
269 251
265 307
332 263
410 453
40 483
363 185
385 11
228 198
86 407
383 400
393 339
414 358
33 433
493 253
111 345
97 223
30 381
496 214
19 214
49 406
92 60
71 413
463 477
236 151
51 49
388 119
330 297
230 155
260 215
61 223
446 372
105 10
224 328
43 101
360 95
155 92
357 452
281 79
230 320
369 17
489 134
431 258
265 171
386 161
237 25
249 447
309 35
364 354
308 385
481 407
351 168
472 488
67 209
29 253
270 298
432 399
9 111
282 363
376 274
151 169
468 113
149 401
107 278
163 13
272 267
435 496
485 123
332 407
12 52
202 214
465 135
246 134
349 326
100 29
50 226
339 103
4 18
296 340
353 464
231 312
160 477
101 19
278 145
50 285
351 291
426 252
239 316
142 24
405 88
314 94
198 455
474 6
346 54
370 122
286 52
29 102
121 447
444 482
268 399
42 346
99 119
288 320
345 190
278 430
25 102
58 445
451 75
481 32
6 149
201 352
306 293
240 231
65 427
178 36
383 333
305 73
393 334
24 93
375 90
45 154
99 252
327 103
487 402
404 161
13 493
286 105
188 171
450 378
267 254
439 128
53 150
484 96
189 299
241 360
14 65
317 286
389 466
220 497
10 376
222 124
82 375
46 360
239 122
228 496
476 358
8 20
116 30
329 492
352 306
223 70
209 218
184 392
241 98
327 405
381 251
478 49
261 315
438 24
20 352
210 18
38 497
379 218
62 155
313 208
130 266
485 388
132 339
290 21
278 374
477 469
370 160
475 456
332 131
484 265
284 353
202 194
265 174
329 81
141 327
446 494
234 123
315 431
304 367
93 457
426 83
95 70
378 296
427 422
40 211
416 263
458 176
350 118
51 223
402 32
26 44
167 348
131 261
480 482
291 436
371 73
143 217
365 318
240 374
85 145
408 280
456 353
471 218
441 159
191 374
418 196
44 69
182 437
272 176
464 162
235 63
281 187
5 231
105 146
291 245
378 42
395 200
270 186
345 218
92 212
408 388
458 362
299 304
332 140
303 71
135 296
483 390
121 268
414 340
438 226
120 58
110 316
354 15
233 380
444 52
440 177
39 204
9 398
391 191
262 341
490 46
436 249
17 325
166 410
488 284
342 104
272 109
124 304
184 478
30 210
387 129
185 471
221 279
470 194
388 464
10 232
334 230
55 299
209 351
135 73
29 49
158 329
133 153
132 283
345 170
151 162
485 232
363 336
31 207
171 333
418 271
1 34
185 252
455 408
334 246
295 91
272 215
369 454
89 258
428 1
15 434
18 79
415 1
60 382
67 298
69 231
117 485
89 422
331 302
48 45
488 17
232 344
150 112
370 101
454 239
173 298
377 470
323 191
425 145
443 383
466 493
330 365
287 436
238 420
317 470
487 139
335 305
269 220
173 485
224 140
438 128
450 249
292 168
313 125
360 70
63 108
473 326
114 245
165 113
83 205
344 334
491 71
143 31
16 261
401 316
444 92
193 191
359 246
371 337
407 24
133 231
410 322
68 458
71 24
229 85
420 7
78 425
308 411
24 73
389 176
268 425
117 186
284 313
151 476
353 156
239 410
233 486
444 149
26 153
238 368
375 107
385 10
422 305
378 193
370 298
224 119
157 490
304 193
21 442
450 307
69 374
360 41
191 154
307 157
377 69
176 46
56 252
57 413
107 330
129 287
258 477
467 205
398 416
210 123
282 419
146 12
53 352
358 358
15 96
165 166
64 392
496 194
107 472
155 405
192 66
43 136
341 451
219 363
338 91
362 429
441 121
325 8
367 346
443 183
201 234
479 108
154 265
238 475
381 114
180 245
381 425
376 224
439 222
165 447
228 277
250 27
36 169
16 427
111 255
489 311
419 164
430 468
444 426
40 20
265 177
102 220
296 498
72 331
278 235
13 237
264 7
28 115
43 152
407 396
207 6
170 249
217 479
257 452
324 13
190 297
369 441
439 293
476 166
253 11
248 254
113 118
234 365
369 142
390 277
283 277
26 98
429 305
258 95
109 186
335 434
376 151
296 204
370 315
327 272
379 476
94 427
292 492
486 328
457 162
291 229
179 240
398 169
116 108
146 8
442 225
377 481
185 170
486 173
446 408
384 165
92 177
169 478
159 237
251 8
237 116
209 394
63 416
376 107
467 179
257 22
3 409
80 134
159 40
448 418
435 457
134 184
163 27
116 156
164 322
290 367
113 253
169 499
106 176
208 45
67 425
335 317
303 422
462 267
37 462
272 263
447 472
351 406
62 462
284 320
39 78
331 427
426 153
181 352
397 385
310 389
206 316
90 497
116 9
324 53
316 153
477 96
354 263
226 329
149 417
347 362
289 40
193 31
383 68
453 375
116 133
301 263
261 323
184 392
445 377
383 360
456 113
228 360
41 311
80 454
169 42
83 279
310 310
378 276
151 46
31 331
447 268
443 184
76 208
437 479
340 373
338 320
33 148
311 67
21 74
117 243
23 42
353 200
328 185
83 231
415 332
100 466
151 362
422 395
226 227
453 211
32 418
67 291
358 417
491 230
474 232
274 460
12 349
386 479
63 341
173 470
436 478
192 125
372 87
167 114
325 98
17 472
263 209
126 436
18 122
206 470
430 492
193 480
460 443
136 80
402 375
353 161
138 190
130 45
11 10
460 297
121 188
398 329
265 384
358 376
346 136
480 64
397 129
72 174
106 209
84 60
221 360
50 437
334 359
221 180
329 197
385 181
11 450
187 135
364 128
264 45
110 210
339 245
419 359
68 263
175 377
237 152
441 396
107 287
320 275
324 328
10 1
304 61
197 373
1 491
388 61
123 266
11 350
209 315
430 282
159 277
429 106
354 396
35 370
497 462
142 355
209 173
235 152
25 13
356 432
345 27
145 244
95 468
135 156
438 156
434 66
172 97
345 215
86 378
340 380
88 435
109 483
487 149
162 344
128 365
244 370
466 473
293 389
397 413
70 281
347 335
284 4
219 371
249 129
361 157
445 442
277 449
98 54
250 264
481 112
482 378
203 225
466 301
214 348
129 363
50 284
140 328
51 334
315 360
369 301
95 177
126 314
220 372
488 77
189 470
200 470
47 24
177 255
104 14
229 391
28 85
266 280
114 168
380 317
470 282
459 250
64 65
437 437
14 137
107 278
248 56
80 160
415 295
161 257
0 371
309 391
171 28
197 75
392 137
419 77
179 363
280 230
168 96
233 70
348 182
238 340
352 96
243 170
279 120
491 405
148 280
160 152
227 319
308 357
287 472
187 80
310 318
414 467
37 330
13 147
340 385
333 103
126 192
312 77
334 405
37 156
160 482
301 198
407 388
212 461
393 46
365 399
218 204
34 279
279 256
493 399
355 119
311 327
256 481
238 476
484 90
72 276
326 144
384 225
186 85
484 96
347 80
136 349
480 66
174 22
274 259
230 167
346 129
110 394
370 102
192 348
476 206
202 264
489 154
240 87
35 176
108 76
425 383
301 96
118 257
369 475
494 392
373 99
493 341
443 335
36 215
273 136
400 12
19 476
63 390
418 111
187 450
185 378
474 112
221 486
313 444
189 90
42 308
149 62
398 35
103 92
228 434
298 376
352 481
371 317
428 267
218 141
19 115
79 255
242 493
437 153
243 55
215 126
41 285
173 364
309 439
225 128
4 389
370 375
193 209
328 93
234 473
441 46
302 253
98 372
25 396
303 36
14 269
406 371
235 55
346 431
411 396
286 423
299 416
477 156
102 344
317 305
204 336
90 110
483 358
106 188
76 8
129 409
280 91
498 388
171 368
116 345
268 83
351 402
411 67
263 328
485 13
201 81
43 189
47 291
332 26
387 153
415 260
351 368
256 47
267 202
47 428
363 384
286 167
87 214
394 49
414 350
283 379
69 116
259 327
205 468
474 443
204 444
313 241
288 407
109 69
349 56
440 8
176 64
278 78
480 115
465 24
404 394
362 249
428 325
293 122
65 485
430 119
360 269
177 243
164 1
57 138
147 14
430 349
279 323
438 209
233 259
6 255
356 489
314 368
490 284
122 460
79 408
29 52
295 292
293 58
197 459
325 202
51 344
19 108
317 182
442 309
64 402
244 300
168 421
57 58
18 11
271 179
83 450
94 300
359 230
190 387
89 56
252 367
475 492
174 271
432 144
399 468
268 496
269 143
53 289
300 179
210 424
374 71
223 294
24 468
207 82
490 66
286 148
492 94
217 113
258 166
487 149
146 9
152 107
396 267
446 57
481 196
119 9
303 355
175 343
277 179
246 234
382 120
214 384
497 374
393 432
81 107
116 232
339 79
199 120
178 236
284 497
6 159
367 256
451 161
341 394
129 228
348 439
323 363
90 415
347 172
280 335
67 280
212 248
221 258
346 411
408 251
262 131
239 267
428 481
376 190
270 121
412 357
72 471
386 87
260 162
349 85
217 392
140 416
27 429
192 213
464 373
356 453
220 79
60 95
137 0
474 288
497 408
379 386
474 70
84 117
202 234
126 434
202 419
201 118
184 229
103 393
346 0
79 459
55 66
419 140
280 44
452 393
279 278
200 183
300 253
339 284
218 354
274 317
288 421
2 327
220 472
472 105
417 67
485 404
396 324
368 256
149 176
454 321
4 281
386 154
291 157
11 226
395 361
282 137
464 35
7 137
242 185
104 332
236 159
483 441
198 132
160 352
25 347
480 467
473 381
38 367
93 264
126 50
187 340
376 260
397 152
189 235
419 492
151 293
86 155
139 487
191 284
484 152
119 216
97 464
331 92
209 488
38 276
469 335
447 225
229 345
80 345
189 270
415 0
7 192
179 2
286 499
151 222
290 122
87 122
66 388
376 270
399 275
462 266
343 368
213 410
107 425
195 145
497 296
488 111
113 357
208 20
242 251
374 359
333 33
273 313
435 399
27 1
119 334
202 489
251 462
387 267
413 358
6 435
46 262
119 495
367 11
262 327
38 461
346 488
153 223
123 119
472 89
423 2
491 91
406 478
245 243
453 145
80 10
125 460
307 126
137 244
424 174
135 252
240 314
38 482
453 394
335 13
15 278
221 258
88 358
101 127
273 186
196 55
367 353
480 173
418 174
348 469
221 194
8 335
169 462
208 398
263 475
253 43
153 278
137 474
102 242
428 90
497 375
80 476
2 364
38 412
382 420
466 238
74 103
417 326
77 95
70 125
20 340
119 323
150 174
268 108
50 252
479 48
376 48
264 411
324 378
150 303
393 206
161 116
295 319
415 79
56 372
212 485
161 429
103 183
291 311
415 371
271 194
94 246
157 147
26 358
13 481
39 176
145 407
226 201
132 440
312 141
479 40
469 24
208 492
303 424
147 351
397 70
316 418
66 491
350 473
307 444
472 363
270 346
47 117
409 349
342 31
72 221
98 321
165 393
318 158
361 320
390 465
236 259
250 58
32 302
98 452
168 191
37 70
40 438
139 437
468 301
375 482
155 40
286 473
483 321
141 104
421 196
455 384
442 157
311 58
10 326
17 409
332 30
469 55
492 224
25 108
442 312
205 400
225 98
271 491
95 60
257 264
148 368
26 212
122 443
121 337
247 485
15 139
46 431
155 336
297 390
202 32
285 239
189 259
250 10
423 460
225 197
66 180
244 225
168 92
281 367
204 290
281 380
311 71
408 327
69 318
351 205
296 123
383 136
498 486
298 485
183 421
453 23
249 249
193 198
417 269
59 474
355 121
44 340
19 18
337 452
9 88
64 40
176 158
144 299
284 26
448 294
318 467
68 253
451 419
188 261
88 368
341 248
440 295
313 238
190 460
400 150
190 52
210 316
115 218
245 354
148 400
219 45
298 318
237 288
401 102
322 426
26 341
136 16
254 318
278 450
452 444
496 31
347 495
213 206
412 315
215 310
207 413
83 286
74 358
460 321
99 328
169 282
298 477
295 306
108 404
201 426
309 60
55 49
108 8
323 121
431 20
285 390
177 139
497 369
42 103
431 309
443 493
322 453
111 242
498 469
395 219
131 199
249 56
65 39
160 357
229 240
131 443
434 15
236 160
263 283
92 130
475 47
0 36
130 149
118 111
182 128
180 366
422 165
204 429
286 339
80 216
160 367
234 211
371 94
230 322
452 486
33 322
210 279
428 385
348 340
321 399
265 382
48 1
430 187
27 104
321 68
287 459
170 333
279 22
344 393
231 9
184 149
280 117
2 394
235 209
108 203
85 56
409 225
264 133
90 191
111 143
102 411
96 398
420 124
369 375
385 117
118 101
218 421
315 398
459 72
275 50
458 67
144 361
346 219
410 409
52 436
199 21
272 155
279 295
171 44
161 149
102 408
329 131
30 320
244 144
47 489
409 20
233 357
77 53
462 79
16 339
213 15
170 215
363 485
29 301
450 34
294 43
174 404
224 123
119 204
46 321
341 18
376 455
360 426
5 305
496 323
190 373
441 209
46 212
13 304
190 428
471 316
220 484
459 497
54 297
118 430
449 100
407 311
237 177
334 267
90 94
468 330
392 132
344 261
65 438
366 210
26 107
443 189
187 98
247 402
332 241
193 365
28 281
310 100
367 265
360 144
327 310
442 180
441 71
9 139
349 358
317 228
269 227
325 260
162 456
49 425
290 346
480 242
342 319
436 290
287 62
372 148
328 114
185 166
305 121
331 46
126 6
233 148
408 396
204 411
188 70
417 106
200 478
149 249
39 395
457 438
86 326
292 181
199 267
240 329
228 357
363 72
220 354
102 449
212 129
51 159
117 400
230 320
69 317
212 232
170 461
139 21
202 108
227 432
113 254
111 468
40 341
48 326
275 260
241 150
161 339
91 145
317 278
96 322
406 239
200 160
182 76
36 339
123 236
490 264
232 237
78 101
428 272
384 126
129 55
247 478
475 142
421 338
12 292
31 369
381 418
346 83
423 415
152 383
499 398
135 494
448 231
355 66
44 228
135 91
421 25
168 382
73 396
189 441
162 85
356 220
304 43
459 202
437 79
477 463
457 436
19 465
31 257
485 226
170 427
453 121
355 91
488 473
414 428
366 177
249 76
471 222
424 405
484 430
393 214
2 314
131 203
460 22
100 162
441 298
419 270
362 246
219 274
55 350
379 133
61 421
143 128
386 33
315 419
485 370
36 61
264 488
362 167
181 76
374 462
85 123
369 145
272 447
149 441
74 327
248 28
8 488
21 243
162 394
117 336
397 148
488 5
173 13
90 350
164 206
181 316
462 249
48 403
344 234
413 197
77 270
258 161
256 438
184 131
320 270
418 301
307 69
83 258
108 332
390 25
193 273
374 72
475 155
241 423
472 319
89 154
167 50
340 348
479 275
46 24
178 299
369 316
75 337
169 304
181 183
308 59
483 374
30 183
458 458
277 123
130 430
332 367
67 149
425 172
49 398
50 471
287 227
64 271
75 214
250 85
496 256
130 58
93 480
290 12
488 51
482 68
287 118
119 166
339 206