5500
53 135
31 435
491 439
282 358
34 149
180 281
494 200
366 300
230 399
274 147
422 414
105 414
182 50
164 261
385 397
384 119
54 438
229 415
273 397
46 364
145 308
360 226
378 140
391 78
225 461
375 17
431 499
401 332
445 465
214 65
184 330
268 98
14 90
487 350
214 139
299 33
111 211
203 159
89 341
154 94
463 166
165 29
213 394
212 418
483 158
488 426
25 19
109 109
311 391
30 448
333 377
88 330
341 296
490 292
238 431
97 144
26 202
448 263
181 239
250 160
87 17
388 90
199 464
355 350
298 362
239 385
67 484
280 180
324 409
340 122
267 62
116 437
52 293
384 65
77 86
455 486
77 16
480 343
193 128
491 187
425 344
328 82
262 492
401 460
83 86
1 241
179 350
495 117
34 83
169 231
218 464
480 124
320 295
275 313
352 13
209 266
349 277
270 37
350 463
402 171
413 433
135 403
372 444
379 482
65 259
223 49
25 283
430 55
220 345
211 206
324 73
202 420
310 25
489 472
144 160
445 243
146 409
205 80
414 370
481 84
485 479
115 204
112 11
208 45
103 184
109 419
340 280
305 312
136 150
162 294
389 132
41 107
187 35
258 98
183 101
432 239
296 20
31 47
445 260
296 240
11 400
180 406
70 351
353 486
132 206
339 15
122 22
409 232
183 161
114 19
259 218
238 47
446 407
19 270
362 243
144 315
221 373
77 324
162 143
350 282
298 295
169 41
125 272
434 78
450 160
378 400
447 209
468 117
239 246
489 487
302 453
178 133
310 376
19 255
390 472
119 221
114 40
312 288
219 92
252 98
499 169
230 483
100 298
396 50
37 191
144 386
371 191
419 174
282 33
358 291
364 172
212 477
118 479
423 24
475 189
210 27
10 474
124 440
490 462
153 21
259 379
70 149
324 130
164 490
281 106
278 22
351 145
476 342
218 321
10 251
279 193
19 220
12 141
104 144
17 354
233 109
259 276
258 156
498 435
41 274
148 131
128 171
13 0
321 457
208 231
277 332
404 339
481 296
292 417
271 85
194 161
437 357
13 305
240 48
322 363
494 133
304 471
323 122
79 169
253 144
328 140
479 30
178 233
2 460
397 323
484 125
482 444
249 274
322 347
210 342
327 496
467 204
179 484
153 290
287 110
250 258
140 115
200 82
42 319
142 54
180 292
236 478
252 162
362 337
31 426
423 72
129 359
343 242
33 160
270 348
107 172
287 373
455 247
418 340
394 349
493 412
391 74
89 81
271 143
422 451
375 302
13 345
87 356
16 208
57 472
144 139
364 16
115 284
476 171
20 34
446 370
297 366
447 189
333 386
189 218
373 255
452 416
273 386
95 391
364 141
280 4
20 360
144 496
167 135
21 120
343 40
406 468
157 140
378 353
424 342
449 67
483 297
35 253
145 256
250 130
134 9
221 30
27 154
142 218
190 46
86 163
483 33
25 492
198 493
187 403
470 122
271 137
242 306
414 306
289 387
248 164
47 423
430 470
188 426
472 424
87 378
264 59
403 423
416 289
193 101
75 455
92 15
173 346
5 187
74 88
252 294
69 323
145 151
77 499
275 333
63 50
461 363
138 179
321 364
318 406
361 14
381 393
92 306
493 55
143 449
243 67
242 247
251 164
164 387
72 328
230 439
154 488
167 43
408 144
50 488
354 78
471 264
70 88
143 415
216 415
482 138
237 459
124 77
464 488
169 140
431 389
377 399
443 438
434 396
237 203
281 485
249 91
179 104
372 171
86 174
312 88
400 420
497 402
390 376
368 314
55 59
311 299
89 432
180 254
309 24
361 417
361 90
46 462
133 40
67 418
7 71
491 231
133 407
135 341
7 376
435 3
154 62
346 98
204 244
120 378
296 13
455 481
295 157
49 2
420 428
351 468
200 279
38 194
35 333
209 173
176 394
308 497
95 331
427 154
33 300
313 399
380 181
190 121
123 27
455 91
60 395
175 158
352 112
445 65
239 240
134 7
356 267
450 443
449 451
103 229
128 334
367 269
390 360
387 57
1 13
260 194
352 413
25 435
1 205
445 322
181 92
359 431
374 37
341 162
391 324
10 444
65 20
232 378
435 455
320 120
314 288
201 81
368 167
224 78
401 221
313 21
452 82
472 25
187 327
3 313
109 430
302 13
243 175
482 35
155 31
319 303
236 469
488 373
451 456
178 212
233 204
287 491
368 38
217 111
424 407
338 220
85 33
60 492
27 329
212 43
198 182
4 31
404 434
390 344
409 356
412 420
264 494
32 51
162 132
40 249
321 86
472 230
222 259
440 32
75 250
284 152
183 273
59 140
485 440
148 302
222 394
240 60
112 486
471 273
22 274
213 11
241 196
455 185
69 463
65 395
47 145
270 350
342 230
170 182
336 327
73 170
231 410
397 166
439 343
117 220
231 313
9 330
367 324
139 464
359 437
434 57
407 258
489 204
238 101
281 11
182 74
485 206
372 265
108 234
454 311
125 77
260 37
213 486
303 127
64 352
409 14
273 498
55 168
270 114
477 293
220 403
109 159
276 205
439 482
145 384
462 245
282 270
109 222
201 495
199 412
426 118
468 109
129 199
313 23
169 251
154 291
302 389
446 264
246 79
315 385
130 391
14 129
203 264
111 475
387 405
23 310
271 165
365 491
367 401
152 30
173 36
277 159
423 328
259 223
460 21
264 74
204 442
206 130
105 407
164 169
479 344
10 187
31 251
4 227
109 398
286 156
167 283
463 63
138 90
463 222
296 98
40 228
210 352
112 98
267 316
12 276
464 98
349 22
249 495
245 353
362 211
494 31
94 29
472 457
31 232
182 435
15 327
32 74
24 226
394 144
272 291
241 406
281 236
83 91
296 382
93 180
211 10
392 87
396 157
241 364
151 427
107 423
497 19
245 491
135 373
16 491
249 259
496 258
349 30
413 431
112 497
8 6
446 175
333 400
116 194
474 74
498 267
286 81
424 347
221 383
226 411
170 237
347 476
6 166
450 196
46 419
278 414
89 54
306 224
418 274
349 422
41 392
325 199
398 180
63 249
160 471
61 142
118 331
349 408
457 476
396 151
417 3
409 26
250 359
133 67
489 20
413 334
385 382
62 90
340 284
107 478
120 352
183 20
429 90
66 385
36 238
93 314
340 454
165 354
421 90
111 298
133 262
144 376
466 18
154 207
185 158
11 114
134 157
247 46
283 415
153 313
128 172
478 98
452 320
263 143
441 373
135 226
102 426
297 132
339 420
431 303
417 376
33 294
192 52
467 132
445 476
148 473
71 425
98 126
269 24
249 361
87 62
489 385
17 189
461 138
441 208
84 392
186 359
263 469
101 379
207 82
55 398
176 355
333 479
3 274
135 102
16 104
489 222
263 5
495 358
418 76
469 437
148 354
323 7
238 411
493 276
175 445
152 401
380 351
125 485
439 235
339 112
186 456
313 181
391 449
25 309
98 310
164 346
206 246
157 340
116 296
94 2
403 291
494 246
84 135
370 471
83 375
331 210
391 121
70 497
306 282
444 448
146 256
2 109
449 352
149 11
13 65
209 243
341 269
404 55
27 425
301 275
485 462
84 484
481 228
362 6
454 139
395 307
416 453
305 397
408 217
134 454
49 274
43 195
251 243
168 447
222 130
444 321
158 59
139 28
387 139
131 2
309 193
146 378
128 77
146 452
258 36
162 132
328 160
403 205
5 431
61 423
97 227
139 357
238 255
246 278
132 125
170 229
108 293
370 317
121 236
124 368
1 231
391 287
344 181
112 146
70 349
429 25
382 19
274 68
198 120
97 372
102 331
124 268
85 210
446 347
67 58
289 70
209 420
101 33
179 54
403 65
90 101
120 184
252 325
297 246
119 303
486 247
15 221
431 462
309 452
10 229
151 229
149 151
184 361
415 251
168 216
317 170
355 259
436 290
36 459
262 85
332 155
228 100
63 347
151 159
240 224
453 161
165 392
253 103
206 349
417 20
190 374
485 235
377 397
209 273
359 413
421 323
424 191
391 149
161 487
211 42
56 401
145 17
120 221
70 398
270 178
404 340
75 313
210 242
15 304
217 419
95 226
418 490
140 19
6 309
203 153
406 69
86 259
480 52
302 58
88 403
243 425
238 493
87 170
474 300
72 454
181 43
34 167
186 451
112 26
179 44
113 315
75 437
341 52
110 55
310 496
421 51
44 53
223 159
459 483
437 49
93 383
50 470
421 127
153 88
132 33
201 184
473 98
150 276
183 315
311 112
163 346
399 84
243 59
394 475
24 54
438 332
154 117
96 340
429 76
461 249
285 61
11 162
290 259
426 161
126 326
172 89
173 141
53 423
398 416
322 447
131 275
244 112
453 286
214 341
442 382
295 175
190 228
339 307
320 332
10 265
354 298
440 182
458 379
147 345
292 208
483 469
434 424
62 228
69 239
121 276
303 363
91 268
427 493
178 282
399 248
398 188
371 105
484 190
35 181
389 131
453 328
104 373
453 387
126 166
294 374
237 99
219 97
443 181
463 147
247 121
309 363
320 145
188 32
213 305
288 223
403 103
328 241
480 7
25 281
155 458
409 171
269 392
73 129
128 212
333 389
252 375
372 142
175 72
229 60
136 388
343 18
111 39
399 171
452 92
50 276
448 459
352 460
441 217
281 277
166 69
296 114
108 270
195 20
433 283
24 424
294 69
460 219
391 406
498 359
136 343
155 400
212 84
153 7
136 153
74 434
48 155
425 222
243 156
292 120
397 28
97 168
387 191
449 57
269 278
474 447
200 405
341 129
488 412
418 494
428 476
131 344
67 476
484 57
29 162
190 128
296 278
470 139
196 36
166 271
71 317
222 492
473 271
35 63
57 313
290 305
150 337
313 421
330 69
231 150
278 212
490 421
412 427
463 312
84 108
278 481
474 155
278 0
416 447
261 313
119 325
163 403
176 121
190 328
478 7
219 273
46 109
36 61
374 458
418 351
184 310
465 196
49 158
458 243
408 317
142 71
474 27
148 157
338 150
9 190
463 316
277 228
142 9
467 165
16 16
326 238
434 201
211 143
386 483
300 169
240 294
174 295
304 66
217 174
217 142
311 226
307 180
42 88
254 449
317 361
99 122
175 495
138 386
221 239
260 376
22 22
169 353
419 48
223 473
468 488
215 292
324 279
219 374
175 366
80 473
448 344
339 31
417 475
66 329
57 139
13 327
180 79
480 182
7 99
88 55
347 475
106 155
381 171
38 326
151 56
400 470
1 99
427 91
420 271
410 493
320 477
408 275
309 352
452 388
443 316
144 392
399 290
462 250
76 280
188 352
174 228
179 88
179 175
298 106
452 451
428 208
335 124
477 188
77 144
461 281
25 20
163 457
207 424
56 477
181 136
364 244
184 355
382 395
354 215
166 181
241 306
430 446
134 77
221 259
40 63
436 34
491 65
341 99
428 51
187 397
493 109
464 403
298 29
244 346
379 152
310 262
60 121
198 93
352 47
110 419
306 245
162 46
497 297
348 4
253 425
34 387
290 247
276 350
197 441
445 373
135 428
49 256
201 48
95 247
19 405
150 205
252 325
474 313
169 101
27 175
62 422
21 61
412 205
498 150
23 461
389 443
51 10
410 291
390 252
158 5
211 409
86 160
325 315
416 61
88 346
269 295
357 2
207 142
144 121
434 205
149 19
382 175
466 52
305 292
298 357
118 315
327 361
176 205
118 153
499 444
240 58
60 120
115 449
422 268
325 259
279 356
31 326
379 161
453 350
207 36
351 103
464 177
234 178
183 492
437 204
262 35
155 29
330 323
443 270
382 252
460 268
95 161
174 343
193 326
362 127
231 252
430 65
95 47
40 164
221 279
314 329
210 483
306 321
444 40
144 101
370 326
339 456
299 317
495 13
492 493
245 357
422 223
271 27
44 17
148 163
492 265
248 314
136 202
94 407
8 432
258 238
194 230
47 449
462 493
338 42
251 454
30 436
315 25
395 153
316 359
124 43
358 308
362 225
484 346
130 456
194 492
75 240
189 240
85 474
369 151
457 424
212 120
146 487
492 27
387 393
436 308
468 363
440 146
344 330
286 424
269 474
66 332
72 196
170 255
258 158
434 39
12 216
55 146
25 10
403 400
208 412
128 339
338 177
359 420
345 34
361 146
478 466
162 427
183 403
61 184
224 293
361 347
345 236
98 269
169 370
135 1
192 377
406 263
183 30
417 118
264 380
198 278
205 94
497 212
397 240
34 410
257 121
209 395
164 102
325 307
160 333
63 460
75 352
235 321
439 110
491 152
430 55
150 41
254 135
376 147
58 3
476 410
157 167
122 185
344 322
7 447
259 4
208 422
244 334
444 443
95 35
91 287
181 25
13 241
240 435
290 241
151 150
170 266
303 160
482 292
91 147
3 342
264 202
36 63
7 8
396 332
120 454
332 487
80 153
88 345
86 172
175 378
496 89
249 345
489 299
298 84
426 432
134 153
216 190
51 22
354 223
30 447
286 326
479 362
207 218
242 419
149 145
86 417
114 145
444 335
271 103
387 94
247 197
240 21
43 464
39 143
90 250
428 69
431 228
298 408
179 490
487 40
310 181
326 73
261 424
380 123
217 32
82 267
141 465
281 322
465 36
286 320
242 407
487 67
327 25
368 137
29 6
187 355
281 339
116 366
489 394
278 496
115 58
375 212
386 256
293 156
477 203
462 431
498 71
96 449
438 325
184 464
172 468
307 223
89 305
51 275
271 430
489 329
42 387
495 364
21 280
484 288
72 350
273 446
248 70
248 369
186 186
154 432
7 358
15 314
441 97
27 66
247 213
452 16
233 141
422 447
88 106
456 406
352 160
82 81
450 452
139 182
114 136
346 145
311 122
71 213
279 253
318 98
467 27
20 270
69 52
158 442
348 157
169 466
47 53
5 252
434 497
486 496
142 401
375 184
250 305
58 298
396 29
408 228
350 215
267 429
223 420
429 277
243 72
477 99
203 290
140 334
331 489
242 478
14 325
130 469
267 264
146 41
269 16
83 54
335 120
392 351
480 411
483 321
272 224
366 312
146 327
317 6
336 477
154 411
381 351
115 285
326 0
16 261
168 447
419 100
303 355
266 311
133 283
359 101
413 257
85 226
84 60
389 254
17 421
272 44
181 398
251 387
149 359
306 267
219 317
172 226
389 374
10 439
392 374
132 369
95 306
218 69
175 180
101 107
3 192
443 225
112 184
43 194
313 113
282 202
428 33
259 455
246 169
44 269
139 138
296 28
97 86
118 14
474 272
464 71
296 477
162 259
453 261
374 205
259 267
152 157
464 187
209 411
181 62
52 253
281 172
258 349
215 230
354 377
300 189
167 318
430 97
358 181
238 383
150 84
241 498
37 154
66 205
119 246
499 247
419 172
373 132
362 29
258 88
278 216
387 59
8 297
478 169
52 218
302 68
66 55
209 44
101 104
202 275
374 221
245 54
186 145
27 118
58 401
469 285
344 188
485 208
377 204
422 315
236 282
337 225
269 302
258 398
26 222
443 461
367 252
398 40
158 405
306 425
62 217
257 128
188 259
463 243
410 418
52 386
111 146
301 241
139 232
306 411
224 17
270 102
142 91
497 20
297 153
222 155
135 359
118 479
74 324
94 434
320 485
483 146
387 283
367 136
48 378
396 173
275 272
364 18
38 418
71 361
16 335
46 293
272 152
328 17
451 199
184 274
420 123
406 19
156 159
37 125
298 204
328 285
303 426
196 192
405 341
28 119
412 422
426 75
92 36
235 106
380 395
18 271
143 152
163 276
401 299
355 200
338 51
477 183
376 141
335 25
144 133
55 215
290 408
445 333
291 234
481 32
156 23
175 499
275 299
450 338
391 28
80 305
340 81
74 409
435 68
202 409
125 79
488 109
295 267
354 285
169 86
110 335
187 177
476 137
328 462
343 278
83 71
152 275
184 276
344 226
488 471
403 46
156 465
232 391
28 451
389 86
274 49
227 499
489 461
275 55
186 317
240 118
393 269
397 392
470 430
401 242
288 310
275 304
47 296
99 8
446 427
477 489
340 72
33 56
463 329
146 309
279 149
271 238
130 25
455 168
410 453
263 208
13 51
199 391
251 412
340 299
288 49
122 169
77 128
310 7
316 40
190 456
47 448
473 461
481 177
482 428
488 392
295 98
489 1
266 494
145 92
141 106
127 433
414 263
271 204
244 224
32 439
239 286
99 79
109 212
492 81
325 91
41 481
334 120
466 382
474 100
58 112
45 116
379 37
241 311
35 2
294 338
124 420
499 33
98 76
157 460
404 90
423 482
454 445
328 258
210 420
32 302
270 269
306 430
241 2
4 400
90 129
401 150
184 214
142 400
361 282
224 299
281 265
62 148
258 235
8 242
397 468
89 40
322 167
21 248
148 64
45 26
28 90
304 446
198 212
346 447
98 411
28 71
71 232
467 443
185 329
149 327
368 82
102 91
339 190
106 123
1 339
429 3
301 30
94 85
384 0
263 441
364 483
67 292
235 287
468 34
214 272
355 117
208 82
124 457
432 399
238 83
86 434
464 19
105 388
240 58
351 341
176 3
147 67
354 243
130 234
7 322
292 344
426 362
171 0
400 402
485 103
37 490
10 424
312 353
264 467
308 404
407 467
35 485
228 407
141 241
64 210
54 148
10 356
208 332
235 33
137 460
303 72
496 26
232 165
132 160
64 496
315 292
277 324
231 350
444 358
68 372
21 8
216 475
307 383
417 276
89 42
467 406
284 392
57 463
124 16
364 41
333 40
364 32
234 463
173 95
468 178
38 241
68 341
76 106
235 376
270 493
251 324
68 237
201 388
256 477
18 177
217 473
5 351
166 82
29 239
418 339
433 349
190 308
415 1
377 267
112 150
474 148
385 216
104 394
371 438
115 212
185 389
92 185
267 190
282 259
98 148
498 52
360 383
385 188
307 275
425 262
262 272
488 251
497 0
438 444
156 368
109 406
91 194
384 202
313 210
358 18
70 263
147 356
397 431
206 32
146 56
328 484
87 261
261 168
464 85
305 199
457 473
167 415
469 400
110 403
422 282
397 321
29 492
275 44
428 278
335 334
170 75
188 15
36 257
194 449
0 0
473 0
267 458
358 492
396 236
370 321
494 170
14 267
312 23
302 290
124 92
19 489
4 294
403 207
156 40
393 450
302 157
467 218
211 69
157 177
350 459
129 27
294 344
220 143
433 458
51 374
215 409
55 70
278 219
112 311
261 286
295 357
75 63
132 262
440 138
97 289
168 142
339 226
370 462
273 59
285 155
417 324
246 0
71 472
283 376
163 35
392 44
459 458
73 320
458 443
232 365
7 56
282 400
215 346
257 4
12 488
164 42
42 429
253 262
491 466
1 389
285 6
316 394
214 245
188 389
106 172
80 273
25 114
312 363
219 92
432 422
464 83
364 448
211 359
325 118
359 54
60 326
72 144
241 376
118 286
311 282
407 224
190 391
106 432
377 355
277 178
261 309
258 93
452 126
96 321
375 129
456 307
451 287
163 380
19 45
327 133
358 330
73 234
18 400
255 32
210 395
57 32
126 323
301 167
340 430
60 249
56 215
354 368
100 8
405 369
3 119
301 232
318 361
113 227
259 336
84 369
253 321
144 493
160 231
162 298
47 0
67 74
294 104
464 421
290 246
366 221
453 145
358 167
394 123
311 472
341 5
326 395
240 94
178 323
473 400
400 192
266 20
476 319
240 412
158 292
13 383
28 376
396 318
441 387
359 142
148 253
0 52
498 326
149 241
493 176
368 474
495 246
65 486
250 323
116 158
41 409
137 481
300 421
308 33
176 93
346 19
71 176
2 199
292 422
98 4
478 285
31 467
305 325
1 449
107 56
317 469
450 148
69 454
340 102
196 230
249 368
44 394
93 173
95 398
254 237
375 45
364 233
410 258
207 170
226 411
380 314
462 43
349 331
433 384
114 189
409 481
376 215
240 453
204 321
59 187
233 458
191 434
192 97
267 454
365 252
66 345
240 98
281 29
265 90
131 66
48 231
446 41
346 424
97 39
226 50
9 8
294 459
409 52
6 487
91 28
374 224
174 157
38 466
56 455
373 303
34 40
81 421
197 333
372 427
330 147
155 98
410 339
243 450
289 171
199 102
178 380
37 425
392 352
159 76
379 300
340 32
306 266
99 421
201 355
2 471
421 31
222 158
460 183
354 465
67 249
129 406
183 245
449 18
94 75
376 108
493 326
92 216
490 151
6 191
14 43
426 361
371 287
471 148
465 331
80 177
435 385
130 61
79 119
194 432
40 174
352 422
491 385
36 444
135 333
376 43
256 1
288 302
302 127
310 111
289 267
152 390
303 76
195 135
419 234
260 242
164 459
197 112
56 7
340 233
128 191
44 216
370 384
363 333
444 24
292 173
415 85
162 296
283 218
453 357
451 202
14 213
326 468
475 63
296 234
426 316
384 277
13 322
155 107
131 377
50 100
37 275
424 466
36 199
409 59
114 341
55 360
328 480
43 233
467 156
324 191
468 245
68 60
167 482
359 75
175 299
426 261
227 213
264 350
410 116
457 173
386 376
356 364
97 66
222 399
90 417
162 398
459 59
393 82
158 126
277 252
365 185
250 204
406 93
61 15
40 168
44 18
383 426
345 400
151 332
249 67
318 242
153 264
198 277
403 46
150 356
394 33
89 15
460 144
11 347
16 21
392 52
330 412
165 127
459 175
243 316
410 61
177 413
190 63
461 375
84 445
478 463
479 330
474 419
267 291
165 486
390 135
47 409
36 220
396 64
381 347
260 491
404 291
207 437
165 94
39 20
484 249
431 370
141 315
458 405
243 408
43 123
384 133
206 443
359 420
120 102
93 240
384 380
318 349
443 443
463 483
84 334
56 447
262 15
272 198
458 221
196 368
353 354
149 81
353 59
161 8
249 473
354 106
307 485
428 24
7 102
437 391
191 443
310 345
395 305
378 434
302 354
208 75
8 156
215 357
365 361
187 229
187 466
451 41
65 495
97 231
475 424
219 386
84 166
471 381
315 479
185 350
277 118
274 393
102 137
498 341
70 320
138 37
78 258
105 442
173 495
271 202
441 148
166 490
371 25
4 490
192 187
157 190
435 469
106 431
272 390
210 456
494 195
305 348
142 424
420 410
464 316
316 43
34 405
430 483
325 257
296 435
477 17
486 453
236 412
302 444
400 361
56 364
65 246
171 213
123 207
375 443
338 87
493 192
27 224
482 275
62 352
369 130
436 39
304 207
151 172
385 458
175 403
2 441
154 240
299 25
320 129
69 175
219 158
383 414
189 98
302 217
199 252
143 23
230 135
160 447
258 233
488 45
487 433
25 490
367 493
475 324
351 187
198 44
458 422
20 433
150 499
251 322
345 349
337 247
46 427
12 497
42 304
237 1
343 381
375 262
439 63
250 202
246 290
213 300
233 56
55 85
408 235
85 159
406 105
385 422
271 452
257 397
250 313
195 346
109 94
9 422
124 48
190 111
412 222
278 403
489 145
233 333
492 249
206 318
92 398
203 443
341 363
28 460
306 443
389 223
497 267
167 398
10 473
195 358
113 422
419 473
159 454
55 152
322 151
402 262
57 266
481 105
417 250
194 10
85 75
343 83
334 435
408 362
72 344
118 104
429 186
492 389
394 88
240 48
162 216
335 494
99 219
470 316
178 368
443 16
451 116
51 138
1 285
481 459
415 425
111 451
341 345
433 456
4 87
155 25
371 18
89 490
159 322
190 59
427 337
453 486
124 379
16 4
316 477
403 350
301 231
428 366
322 494
81 214
91 178
196 89
79 463
285 286
197 238
428 476
462 477
208 381
238 438
416 224
426 406
137 171
37 80
74 418
132 212
390 8
97 223
186 439
77 28
267 324
300 126
103 195
428 114
52 311
388 18
424 320
491 314
394 62
332 381
445 321
181 464
39 187
478 130
158 78
402 55
34 277
472 202
168 137
301 253
271 72
393 41
207 196
110 236
469 102
275 442
258 414
102 308
438 149
227 80
488 96
374 129
183 22
11 198
303 351
424 312
353 75
123 169
257 413
15 233
27 227
141 142
450 137
286 95
28 388
336 14
495 16
390 62
261 179
382 401
66 416
491 158
327 271
184 114
199 85
164 51
193 226
363 305
253 495
235 2
16 281
149 72
134 11
190 391
292 247
164 425
83 210
482 7
474 263
200 18
70 173
252 364
21 115
463 467
469 274
407 198
122 337
349 408
299 109
208 391
316 444
6 372
232 252
15 488
359 206
231 215
431 281
396 483
303 452
79 211
410 272
110 338
247 384
493 311
202 398
194 202
426 371
123 201
41 10
216 490
57 400
181 448
283 488
440 430
141 438
63 371
210 403
288 25
336 457
207 133
187 390
261 402
103 466
476 236
78 144
397 45
345 135
475 78
8 128
67 268
139 2
405 482
7 349
158 45
31 343
85 366
120 218
36 347
435 223
219 13
58 366
1 116
47 255
383 329
97 407
409 302
284 236
438 167
64 291
486 96
314 95
166 72
271 286
361 202
67 58
424 81
49 477
232 278
107 448
208 468
122 204
292 469
136 407
50 82
179 53
0 389
461 345
132 166
221 84
142 345
426 288
118 419
197 328
128 350
170 156
212 336
306 293
200 4
87 294
347 102
343 118
315 348
366 304
240 299
145 87
228 235
154 423
251 198
48 203
359 232
68 219
364 71
427 374
169 416
18 14
484 368
68 362
18 300
451 435
374 259
346 96
20 102
300 0
203 123
355 201
272 62
485 276
2 136
52 412
279 23
392 422
136 263
415 460
247 155
266 367
463 122
76 112
464 335
311 377
430 19
81 18
294 54
190 418
330 297
172 94
16 109
225 64
377 153
160 140
359 124
246 278
390 175
10 323
52 206
225 173
192 334
388 158
76 338
487 430
24 258
220 160
76 40
45 445
437 453
430 205
483 297
472 28
351 225
431 334
8 255
441 8
166 52
390 181
111 94
353 378
390 135
28 73
370 466
272 425
131 307
104 202
230 466
44 428
263 434
41 327
336 123
175 483
164 354
449 417
295 276
263 302
227 37
4 143
69 97
256 276
478 52
18 213
141 208
494 414
242 256
231 36
19 430
284 406
324 183
311 233
387 471
361 75
70 114
63 365
493 139
191 320
33 471
31 62
476 26
283 26
62 70
0 366
273 433
468 137
370 449
272 280
207 110
76 133
350 277
269 140
312 343
166 460
22 345
223 50
428 351
421 358
225 342
275 274
411 350
299 243
375 281
243 423
57 434
64 320
312 259
103 333
145 124
321 269
171 20
371 44
403 99
441 144
418 480
330 68
164 329
463 129
404 391
326 206
378 461
73 242
427 190
314 176
297 72
444 135
32 469
420 315
460 287
267 362
282 378
60 97
226 446
338 23
81 130
444 16
258 460
150 369
45 185
109 465
452 194
15 406
221 484
271 436
150 33
264 38
135 432
379 324
199 213
196 69
85 280
240 492
361 343
380 391
208 258
452 341
247 160
145 468
404 321
206 268
307 406
338 470
146 294
8 69
138 345
478 56
48 223
418 218
461 261
19 150
492 169
182 471
291 91
412 179
447 47
453 119
441 254
401 292
213 440
137 261
317 352
427 115
186 217
478 198
348 499
169 497
320 340
284 203
382 112
159 196
167 329
436 113
257 461
401 337
98 470
174 38
154 415
132 454
152 192
191 462
311 0
193 360
415 131
95 477
25 297
127 255
220 45
6 63
252 329
151 407
445 350
117 326
132 451
143 101
63 284
136 335
47 226
357 329
158 463
260 453
60 184
229 387
302 132
461 87
494 54
256 112
290 439
243 225
326 422
58 386
221 241
467 195
24 269
232 177
482 183
219 344
84 42
174 300
387 386
293 487
99 381
172 401
127 390
164 415
154 305
399 223
418 375
496 218
247 294
329 80
425 229
123 400
200 9
247 297
284 439
172 392
294 236
478 197
464 273
430 494
217 118
346 181
400 487
134 342
423 147
229 315
216 200
61 352
2 268
208 308
53 138
374 232
429 347
472 352
199 394
364 402
436 416
256 210
405 336
335 390
57 180
380 64
269 273
42 441
101 271
409 102
186 154
353 284
488 116
362 177
80 187
456 226
289 16
204 64
306 194
374 391
308 363
137 106
399 77
348 31
485 0
7 109
245 171
139 212
390 86
273 353
432 322
338 81
145 221
415 394
285 451
167 141
247 445
22 156
187 146
498 222
184 24
47 357
70 429
15 187
392 460
282 141
222 324
45 472
366 220
23 312
305 3
449 42
198 52
50 323
398 237
261 401
258 82
11 161
200 328
288 379
20 92
417 70
42 94
166 314
127 260
116 190
232 284
189 417
240 283
20 239
140 490
72 282
443 251
79 436
315 143
87 220
290 335
281 4
319 185
297 448
490 298
82 413
330 74
357 271
363 423
413 378
12 355
106 338
274 455
450 186
406 441
128 37
394 48
85 409
209 65
363 383
148 199
126 445
69 479
254 483
361 432
287 167
357 225
32 246
284 131
424 482
372 42
90 52
314 118
183 28
411 23
75 46
343 411
390 201
184 264
196 496
164 398
123 336
82 21
5 156
490 218
260 429
334 214
332 350
230 148
23 15
413 493
405 98
299 257
21 147
144 484
234 70
258 160
33 357
365 192
410 38
320 208
422 170
372 6
6 255
122 103
96 29
128 36
145 1
1 427
263 18
440 145
305 497
207 198
390 338
229 424
132 300
322 401
407 55
162 195
150 413
442 284
172 98
100 422
350 169
188 453
98 465
315 128
179 403
93 374
298 421
74 322
75 431
338 396
443 482
247 0
136 93
192 42
464 161
330 144
97 166
132 18
499 47
302 447
321 30
451 395
70 471
254 25
274 145
480 92
444 217
163 227
121 433
94 355
351 86
104 424
295 300
347 236
35 146
176 149
396 208
32 479
5 466
464 286
231 131
348 444
23 175
460 11
218 497
435 54
331 69
221 39
276 478
124 68
69 163
224 152
131 466
432 256
42 488
119 248
44 273
301 320
183 68
417 261
316 402
323 352
391 499
477 45
465 19
183 453
105 35
1 259
15 88
429 285
386 409
183 400
72 430
350 336
97 256
10 267
119 265
116 333
230 11
382 93
46 196
83 417
176 3
444 436
73 191
453 225
477 459
390 488
324 50
158 92
360 273
39 168
1 331
342 155
101 84
132 225
142 499
355 215
3 171
214 299
376 76
36 167
155 205
255 278
370 479
105 413
433 82
414 144
151 435
371 108
333 252
104 3
70 328
351 459
110 73
149 65
233 486
191 37
167 240
72 299
64 38
472 177
173 498
285 386
495 324
429 156
11 180
360 33
492 81
154 211
277 102
440 155
193 362
102 483
134 360
250 26
203 199
49 223
461 376
53 334
342 456
137 482
367 353
286 349
61 359
313 440
447 190
52 105
440 492
205 6
33 75
126 455
30 88
317 175
361 492
300 370
204 203
408 289
139 71
282 194
486 200
390 95
52 433
426 294
300 492
419 131
438 185
126 397
424 469
313 443
165 285
340 113
403 369
292 248
442 394
94 74
21 428
362 336
130 73
417 288
271 282
320 189
86 209
30 446
241 11
148 343
309 406
127 489
237 64
458 271
345 32
460 52
388 366
291 174
314 370
152 60
101 85
295 472
270 40
403 325
21 11
269 51
392 330
394 248
19 130
162 204
256 364
82 474
149 496
218 225
138 463
401 370
195 239
131 48
225 465
329 34
86 246
428 98
347 330
460 174
378 366
83 474
449 486
482 17
243 450
413 200
423 233
472 166
214 118
435 456
490 440
38 264
215 428
259 467
141 62
280 71
46 372
358 215
233 347
297 341
393 328
61 62
229 168
286 385
341 443
235 74
190 332
112 274
93 405
319 371
443 234
458 452
167 489
336 317
10 252
80 485
47 403
72 493
379 276
72 210
136 72
404 307
81 327
84 369
240 174
261 404
208 35
376 219
388 375
128 64
49 398
154 60
54 97
373 78
140 285
357 297
105 277
104 262
131 38
213 40
444 223
259 326
397 152
380 487
52 286
184 360
420 101
198 190
268 326
111 424
73 409
186 469
83 178
217 142
182 66
289 282
460 479
483 400
388 357
495 363
75 440
393 32
222 496
322 444
220 491
252 286
255 293
472 438
432 338
404 41
323 466
445 45
298 135
492 281
144 186
478 488
20 220
68 371
315 94
85 242
28 387
181 337
127 283
473 153
46 411
378 377
275 369
4 175
456 73
111 348
188 453
25 89
312 60
155 93
335 480
367 240
430 216
351 48
53 409
321 325
54 99
320 51
78 329
402 324
25 35
340 13
454 213
274 365
458 267
99 281
21 145
361 466
15 303
65 65
390 68
20 386
289 444
126 340
17 367
254 380
246 42
107 94
459 200
319 233
14 269
415 418
385 388
43 128
193 252
172 108
494 435
232 192
33 135
355 358
238 50
444 461
56 484
37 403
137 367
489 356
275 3
391 256
384 12
264 435
43 430
365 288
481 390
377 97
307 366
416 232
46 46
382 212
115 102
321 419
128 104
108 310
66 403
267 351
138 303
85 383
171 182
424 302
252 152
18 153
238 59
457 286
498 284
238 340
111 466
70 59
222 239
494 178
382 140
443 113
496 20
54 28
331 168
172 330
484 83
494 191
329 222
358 452
144 180
146 96
7 107
347 216
247 229
370 193
307 129
1 165
194 303
323 56
386 377
312 496
39 370
444 158
462 368
48 302
250 106
214 46
115 258
487 413
106 362
343 209
375 265
421 344
252 421
150 244
240 139
361 314
472 279
0 306
460 435
393 48
95 211
469 459
372 210
424 308
370 331
96 119
315 97
370 17
262 68
59 372
186 354
486 420
78 10
297 486
386 39
102 43
2 481
43 423
83 375
206 319
438 453
50 154
172 254
174 272
144 286
492 233
153 182
193 478
316 232
123 342
385 203
184 77
0 388
115 80
399 83
389 173
327 190
444 439
64 351
489 118
203 208
391 482
312 356
440 436
130 129
332 415
492 16
256 368
300 344
428 371
396 200
242 317
108 223
427 38
156 24
233 416
250 211
67 476
412 63
44 360
275 42
410 376
96 120
464 18
241 397
449 244
413 137
361 191
229 374
398 288
56 237
448 483
459 307
222 367
227 223
118 266
494 355
327 380
399 90
339 291
388 140
278 140
331 153
27 491
131 412
1 278
261 187
346 301
169 73
148 68
334 248
455 266
499 180
271 282
74 398
38 462
103 314
467 168
159 286
51 347
125 290
330 52
354 238
311 176
245 375
123 312
430 431
112 79
361 429
327 235
197 287
101 218
238 152
291 421
268 250
392 342
394 393
483 222
251 100
475 295
459 496
279 451
30 389
319 243
478 243
383 498
216 28
32 336
257 307
57 323
165 25
270 449
172 412
12 254
401 423
271 340
291 360
249 402
146 173
416 68
67 124
4 299
136 135
442 37
360 245
271 499
301 378
290 41
147 473
248 302
494 48
408 371
273 285
458 158
78 419
396 227
26 497
133 400
289 14
260 427
279 150
28 383
276 80
405 170
324 424
324 153
376 319
104 85
243 149
421 63
290 173
171 169
421 168
35 156
83 211
361 147
30 362
442 241
411 158
434 347
352 235
54 259
344 228
230 11
426 439
464 3
172 216
236 135
291 93
156 271
270 227
89 369
110 152
311 384
83 373
461 245
356 436
16 367
378 52
491 98
101 156
372 456
443 125
71 461
84 87
314 227
97 355
7 255
139 59
285 170
268 223
11 98
465 124
29 27
126 196
352 20
328 79
57 77
390 124
211 128
207 474
181 377
132 156
216 189
211 124
199 353
451 479
456 210
89 268
316 485
357 67
147 21
98 38
162 204
184 488
314 225
454 391
48 496
37 438
62 116
321 248
80 261
323 272
392 36
21 265
332 209
230 230
268 331
387 180
20 282
7 71
315 334
330 313
252 215
183 219
468 314
428 4
128 48
436 103
368 20
229 309
39 201
384 311
491 308
442 272
195 11
198 302
115 362
429 380
100 367
34 112
468 68
468 314
417 96
469 404
65 138
191 50
362 104
264 75
199 205
69 207
9 395
109 267
147 476
344 39
3 99
19 230
44 472
420 339
243 461
99 389
292 160
265 290
218 6
211 29
88 417
164 280
399 449
426 274
313 399
498 122
352 168
140 370
209 248
61 61
302 305
465 13
303 94
100 230
112 373
291 164
296 52
2 307
81 48
447 280
254 246
415 297
19 458
206 407
320 229
34 267
280 123
69 499
82 436
161 22
38 46
98 452
112 334
382 452
84 193
292 181
331 338
148 59
466 350
79 354
474 287
262 465
317 106
42 183
205 251
297 204
8 243
430 247
200 120
166 164
346 284
475 310
369 29
379 123
330 335
474 311
128 304
410 236
420 445
196 305
361 477
73 345
93 221
194 3
19 145
281 360
170 365
246 256
232 391
78 126
289 414
70 53
141 417
215 332
137 61
391 263
109 350
72 464
319 54
199 266
478 338
56 480
89 0
391 302
280 173
87 469
374 69
339 157
489 16
429 406
169 479
329 320
136 130
184 253
371 455
294 235
216 349
349 202
4 157
330 92
414 285
206 417
74 140
156 397
303 415
394 86
258 325
307 76
181 395
350 344
79 53
402 496
198 147
304 104
48 55
192 134
51 314
455 250
148 477
393 111
49 303
480 139
67 308
203 288
132 249
302 405
402 63
211 56
12 452
7 15
150 61
375 199
450 201
31 330
294 450
105 424
415 195
3 86
374 483
232 58
464 358
421 34
442 218
170 132
148 455
16 178
229 150
351 243
426 31
481 382
158 72
267 87
25 74
409 123
181 251
109 141
27 145
363 382
15 469
276 386
64 15
165 144
388 145
177 368
103 166
238 10
97 113
39 357
480 474
225 448
89 162
159 334
217 468
290 375
261 84
451 66
211 177
322 116
336 451
117 499
10 439
405 207
64 459
434 444
393 45
59 159
346 334
303 218
93 415
351 93
159 206
383 302
270 222
173 206
57 458
250 290
349 419
379 155
99 414
459 165
176 344
179 18
88 374
289 482
427 34
240 492
146 438
161 476
34 416
227 334
477 91
11 477
132 326
92 390
407 83
428 51
421 83
458 107
441 10
396 99
92 368
306 136
464 90
359 319
6 498
90 86
63 483
161 101
343 47
130 254
157 102
185 58
17 431
293 495
95 458
178 189
177 39
129 337
156 142
140 340
426 162
497 230
183 489
36 11
265 378
332 19
429 274
205 370
365 447
257 350
39 312
203 288
125 217
359 185
25 281
444 499
82 452
293 441
452 117
348 330
201 69
196 180
50 130
429 253
104 268
80 187
327 143
212 136
321 452
233 71
423 198
150 29
471 357
326 444
126 275
197 174
207 179
309 393
146 109
229 239
278 102
98 162
298 105
409 310
382 471
169 142
172 157
366 172
468 495
122 192
219 446
125 319
212 278
387 434
25 211
313 469
131 155
112 411
74 429
252 21
16 456
465 421
93 40
35 331
23 413
359 157
477 94
372 484
271 41
252 112
81 148
304 418
181 212
493 416
290 255
63 245
166 306
346 380
211 112
377 233
390 87
181 237
73 219
113 54
166 344
345 365
135 247
311 149
417 169
276 304
49 207
365 340
72 67
31 211
444 284
223 409
146 187
258 404
310 71
416 371
89 328
427 113
262 224
245 238
394 31
239 22
214 443
363 456
168 286
422 394
303 464
3 145
402 301
373 262
133 212
393 141
254 222
299 172
411 368
399 44
418 157
101 490
447 132
419 316
210 115
431 341
487 366
167 435
197 241
305 40
33 182
257 198
371 287
155 56
452 134
291 407
397 371
355 244
60 344
311 274
468 123
489 243
30 307
48 156
49 227
261 353
404 82
222 18
426 127
261 229
136 231
102 404
1 34
378 309
436 413
36 190
285 404
63 377
34 315
394 111
316 435
369 155
26 72
199 91
173 452
183 460
217 309
343 137
447 218
131 74
116 235
139 20
397 401
68 202
165 283
218 462
469 333
406 440
383 495
300 457
270 56
366 483
473 487
205 209
283 272
7 188
208 399
152 498
52 106
389 220
34 217
402 460
400 4
499 160
118 283
340 151
135 388
375 58
119 460
84 432
472 255
6 91
89 33
139 159
231 493
62 380
192 266
270 464
477 444
228 121
273 95
335 420
330 260
72 62
346 449
204 156
99 318
351 211
370 40
33 342
75 101
219 95
411 267
212 341
463 388
335 292
64 88
200 170
84 394
343 272
280 430
249 48
259 379
419 452
147 481
434 304
399 222
489 6
347 162
51 53
345 162
250 386
409 261
155 302
426 493
424 499
399 206
437 25
329 10
343 208
12 476
198 129
135 263
426 40
445 483
145 477
215 291
52 248
50 476
322 60
411 477
35 98
123 162
172 473
181 304
281 367
496 194
457 331
371 132
115 235
64 317
460 112
360 280
108 364
276 411
240 430
28 187
349 275
100 3
308 373
240 282
328 441
272 237
221 137
373 144
313 336
448 437
69 125
489 161
424 30
312 118
305 164
291 341
196 7
380 392
26 4
445 473
62 206
343 70
214 283
471 68
358 379
356 271
432 279
161 197
315 356
372 474
315 121
480 164
408 363
368 360
185 286
492 165
235 247
382 187
108 301
32 353
125 466
97 388
86 409
266 259
233 401
374 138
154 400
263 354
67 62
348 483
1 252
352 192
380 236
390 234
88 488
306 422
163 65
474 403
14 249
2 92
231 99
351 377
83 237
300 467
450 150
403 0
193 303
392 107
341 73
413 282
56 281
346 219
474 219
320 173
265 341
440 323
52 348
86 144
111 135
138 238
90 413
217 393
0 283
208 109
391 341
123 473
192 299
19 321
346 19
360 339
14 112
312 152
296 418
54 250
488 259
173 192
437 79
214 390
351 437
130 275
248 94
393 253
427 293
312 412
104 273
237 24
28 470
389 50
300 325
436 295
339 141
220 109
351 276
213 286
61 202
296 343
449 310
103 190
454 228
1 267
291 410
381 239
141 171
496 122
417 293
434 285
394 256
32 6
293 246
300 97
440 354
16 449
139 241
469 119
238 445
208 471
62 381
53 89
63 55
348 401
186 480
88 283
289 81
179 120
217 434
141 331
280 9
251 157
129 271
217 220
43 367
249 425
366 457
12 302
55 281
261 361
496 242
175 349
321 137
72 354
37 390
399 213
222 318
89 150
223 351
71 158
435 118
76 172
474 153
434 440
301 381
123 195
396 149
287 298
4 217
107 211
276 42
212 359
361 498
202 153
312 84
55 273
445 247
401 131
71 271
152 335
383 225
226 128
426 131
201 365
76 283
325 160
19 204
203 389
42 381
317 257
30 354
454 372
355 327
98 207
394 279
356 102
230 129
261 82
300 9
292 462
122 228
433 469
358 494
375 488
245 252
107 192
417 275
454 413
472 124
403 52
6 366
496 111
46 237
98 109
71 346
74 390
359 45
39 7
347 69
321 266
311 92
219 280
193 228
204 173
77 165
384 108
219 84
173 232
341 117
463 271
13 264
309 390
249 224
293 201
467 97
189 114
247 130
210 261
434 292
458 415
23 364
300 194
426 94
64 325
448 267
383 27
417 461
185 44
245 19
116 330
296 65
195 157
418 43
336 406
321 353
69 146
340 196
142 369
194 118
237 206
86 142
455 120
164 355
374 140
470 262
179 490
148 266
162 374
132 66
271 498
496 305
353 192
61 336
306 348
54 107
249 43
163 492
348 204
196 179
441 222
65 18
137 120
347 65
483 299
149 331
489 107
299 145
333 342
190 361
320 139
34 97
89 70
126 49
228 437
12 175
193 22
494 429
494 182
481 193
25 477
436 482
127 14
208 236
449 312
451 399
348 269
191 485
386 437
227 318
345 115
489 91
20 390
73 483
29 366
195 406
389 54
420 132
368 368
181 480
379 169
438 484
470 79
17 130
300 208
323 96
39 145
387 164
0 59
277 460
219 29
435 472
456 108
328 355
335 176
345 9
494 67
146 284
266 316
24 15
463 66
63 200
364 2
413 302
263 216
245 190
15 334
294 180
387 323
0 122
132 75
142 197
333 478
294 140
8 99
17 170
370 471
474 432
235 87
303 239
430 350
184 401
81 297
120 478
100 321
396 472
170 84
62 390
382 3
455 208
379 390
214 472
257 101
40 40
279 492
342 196
97 61
358 378
356 30
351 331
303 308
393 99
489 325
181 307
16 372
114 136
460 395
348 328
368 217
209 389
85 148
61 403
281 182
64 420
103 489
298 416
15 258
84 191
498 357
229 265
253 366
113 343
24 213
431 462
351 392
392 492
248 436
470 454
226 29
371 34
302 329
439 169
212 170
27 23
140 62
429 108
303 393
107 42
4 327
72 390
382 207
495 464
270 482
364 317
204 348
29 235
404 6
28 469
492 468
30 407
367 485
378 311
206 171
350 337
227 62
270 422
239 462
444 265
435 9
358 308
43 139
497 387
208 299
267 26
285 201
38 150
461 153
176 416
106 167
230 26
449 185
147 352
469 188
49 444
252 404
43 259
499 148
299 393
271 207
260 419
69 56
61 298
67 382
402 237
264 173
358 484
336 213
401 358
302 157
62 302
62 406
54 457
350 61
268 206
125 121
30 381
179 194
428 91
329 98
271 330
314 93
158 482
192 2
12 411
213 494
400 426
383 275
188 307
13 86
59 309
190 138
184 89
33 369
468 112
295 362
307 91
425 461
316 465
376 117
463 328
254 89
217 364
23 489
427 405
214 388
378 487
428 256
478 62
26 313
175 298
389 173
135 334
299 167
284 451
131 27
117 248
464 385
374 186
443 339
79 154
141 10
266 457
371 421
235 244
42 397
71 262
97 284
451 58
361 248
276 87
187 492
377 245
283 3
194 103
257 226
236 273
230 250
24 355
99 101
351 259
373 494
278 274
332 322
71 81
20 193
37 199
296 60
63 414
369 79
157 110
383 127
229 246
101 114
67 253
364 200
46 270
44 238
60 176
257 228
273 483
34 130
190 310
76 182
261 105
215 446
425 271
17 451
417 154
260 118
170 484
107 124
214 217
245 3
84 127
462 3
485 357
20 497
179 175
132 448
394 293
64 348
299 171
178 433
403 216
52 438
414 73
142 159
163 129
108 388
243 247
456 70
67 228
255 328
277 99
244 387
87 23
47 160
93 238
306 225
15 496
421 211
222 281
262 416
156 385
484 370
441 251
331 293
473 360
311 86
325 102
478 55
215 265
3 25
102 160
156 162
373 117
398 430
198 95
333 161
383 354
105 169
314 324
37 288
226 288
390 348
256 51
168 368
245 471
132 172
186 347
316 140
422 59
154 67
228 120
326 487
9 463
288 283
71 323
111 177
377 297
201 354
74 133
457 369
393 320
19 89
81 79
138 336
403 4
476 145
132 483
446 303
86 493
317 86
263 10
307 428
134 493
126 8
230 209
381 83
24 123
203 400
88 106
462 341
486 491
326 290
93 471
316 125
211 32
42 133
414 327
320 201
210 48
257 298
382 292
415 138
391 406
364 118
312 479
471 178
469 150
473 149
274 414
298 290
423 338
17 192
394 337
386 337
135 456
248 495
486 369
128 163
134 377
356 492
23 446
448 179
329 344
258 422
64 455
293 409
101 487
177 310
499 495
303 415
262 487
356 51
67 248
125 484
329 201
499 482
161 352
196 447
221 342
298 306
67 285
125 91
254 169
16 302
69 253
240 320
223 331
80 449
433 290
343 57
391 114
466 342
142 53
247 14
321 363
149 45
489 388
409 274
428 95
348 278
450 497
180 441
390 173
316 112
170 175
290 11
354 61
466 108
123 348
211 214
111 296
36 212
486 452
47 446
76 266
115 248
189 26
51 296
408 431
458 367
379 430
492 248
209 85
285 310
376 184
480 496
209 488
440 16
314 47
314 340
88 242
268 281
77 129
60 320
39 338
268 18
119 270
207 112
275 180
364 492
489 151
491 344
212 50
449 432
124 379
121 115
397 212
341 242
62 474
164 253
271 453
224 285
249 242
422 431
424 24
176 286
482 265
315 167
451 47
426 116
232 427
139 399
141 129
455 332
85 55
9 120
405 209
303 233
16 154
31 226
364 440
57 207
226 199
246 224
341 30
457 24
423 73
54 97
281 417
472 9
129 367
428 481
66 386
393 231
309 83
375 424
483 26
225 433
9 209
91 323
347 350
275 49
498 122
39 329
339 279
498 12
493 320
207 278
10 412
495 452
376 171
49 222
7 211
420 126
449 17
219 364
413 148
271 495
324 411
42 310
322 163
484 41
319 168
80 43
495 181
205 427
1 223
434 254
381 9
26 206
70 182
331 245
92 483
246 102
412 417
80 289
182 235
403 416
311 1
35 335
114 306
381 240
346 115
124 315
22 227
410 2
100 444
428 241
343 192
461 26
315 107
342 42
310 497
351 97
432 474
280 386
478 46
14 14
329 324
404 138
493 203
148 166
259 445
137 428
454 454
61 99
493 122
471 404
353 155
129 322
60 286
184 262
276 390
67 50
189 457
161 471
489 34
479 161
441 248
202 116
67 247
221 263
19 412
68 193
15 373
11 49
311 428
318 195
246 87
397 385
208 287
173 410
71 197
297 152
120 364
463 499
115 40
452 185
378 134
7 372
422 393
173 18
66 233
173 492
229 164
451 422
332 290
339 476
128 255
119 137
488 248
140 82
267 103
238 93
465 145
391 97
116 387
473 64
408 182
346 498
420 490
132 149
125 252
7 471
460 105
205 478
60 301
256 346
439 180
177 494
444 256
496 68
485 60