5900
461 187
486 41
388 301
22 236
283 310
424 41
369 195
330 487
368 219
288 249
460 439
242 48
155 92
66 455
279 467
7 166
60 241
394 493
81 448
110 416
458 365
412 387
226 327
398 243
344 95
386 39
87 304
249 129
436 243
62 167
185 216
309 69
415 245
46 203
120 496
361 8
395 430
109 126
369 122
69 7
46 65
221 455
436 134
229 470
489 373
89 143
213 175
272 398
453 128
124 170
31 73
355 338
316 278
400 464
472 185
250 321
129 370
4 323
294 417
290 85
229 135
162 231
481 294
274 287
457 435
360 250
440 488
119 216
180 256
293 371
193 152
23 43
367 174
91 379
317 13
0 382
465 398
44 163
450 447
382 318
68 259
100 242
458 9
117 219
90 491
143 411
306 135
309 18
250 173
38 253
135 419
169 391
406 100
399 213
31 356
467 281
376 451
312 67
138 186
177 430
341 229
216 321
191 147
173 26
279 293
212 63
454 266
218 233
446 360
68 118
251 329
281 36
455 127
314 445
375 446
175 491
164 68
216 391
269 208
1 241
304 400
166 66
299 111
323 237
207 98
427 392
280 458
438 60
6 87
33 252
95 233
154 60
304 112
172 370
463 425
326 173
91 267
230 344
81 243
341 54
298 288
99 120
33 430
369 37
141 391
124 403
315 88
200 130
0 471
397 372
398 315
435 223
419 341
436 165
71 353
493 129
250 369
299 92
129 283
26 21
424 122
211 150
281 91
63 411
136 133
301 460
35 386
227 236
401 306
159 16
145 473
194 153
245 247
30 346
367 227
349 56
59 143
234 60
324 192
177 297
109 312
198 478
214 496
303 277
293 468
441 462
467 291
38 487
333 213
292 421
477 200
343 141
54 388
432 430
79 230
42 462
440 189
37 92
221 7
475 340
155 15
158 268
255 122
187 196
117 441
141 479
473 447
187 337
267 27
257 120
82 198
387 151
243 374
233 277
117 464
331 208
328 124
99 489
186 436
377 286
118 155
102 370
59 91
470 290
262 178
377 79
230 196
70 116
393 325
289 304
364 363
487 473
462 45
481 86
225 0
8 210
80 343
286 110
252 492
170 256
335 14
210 47
164 417
242 133
437 409
272 31
356 153
198 112
50 171
171 31
241 127
470 31
142 174
166 108
364 394
261 188
236 51
468 471
104 252
161 210
94 393
47 434
398 450
121 97
129 448
76 145
176 370
396 398
7 318
65 414
103 223
275 326
149 339
443 243
306 254
499 104
390 400
350 46
496 140
89 472
117 125
347 17
267 293
464 244
10 126
350 29
207 113
304 477
72 356
462 247
204 378
130 314
212 446
87 481
305 208
333 28
45 422
67 181
277 164
291 383
412 139
253 493
470 471
180 409
9 42
273 494
308 213
159 403
384 21
229 98
126 41
315 415
448 23
188 383
266 225
364 331
324 31
354 469
379 294
188 34
29 388
453 461
217 337
210 464
63 101
495 440
355 189
65 310
45 303
380 253
436 164
47 96
418 260
406 401
288 149
389 446
408 317
6 342
158 477
430 69
9 221
263 425
236 216
371 328
433 281
445 103
51 369
129 344
246 469
118 387
333 34
203 7
201 93
70 61
130 360
433 1
278 491
207 196
24 14
148 430
33 457
178 445
290 437
406 159
46 388
422 377
236 232
177 477
38 290
150 248
101 169
12 83
132 379
246 220
2 8
318 246
191 388
325 496
156 481
369 83
312 54
286 143
120 49
339 464
64 11
32 341
276 17
248 44
116 408
269 494
240 119
7 87
83 284
117 184
267 239
146 339
482 432
481 432
248 455
318 172
365 164
181 350
394 141
402 430
276 11
482 23
110 369
5 489
25 193
285 122
461 144
76 431
215 296
103 409
81 464
480 421
271 298
292 162
444 17
28 194
217 72
293 10
351 179
372 298
273 228
373 9
440 86
382 449
359 8
472 485
258 292
91 452
466 29
47 383
429 262
335 427
290 498
177 480
279 141
370 401
411 404
490 95
396 351
359 373
210 255
48 183
488 469
350 491
374 306
69 397
325 303
153 256
236 115
108 330
231 367
123 330
277 142
346 114
339 174
429 57
241 49
370 329
172 81
387 221
470 46
201 308
64 147
114 354
36 153
372 75
405 268
262 496
110 183
209 460
18 449
350 138
320 111
192 73
294 492
391 431
240 116
264 444
151 156
161 378
453 187
307 34
382 211
246 422
382 344
145 455
445 400
11 495
68 265
110 55
487 214
331 353
297 79
87 447
325 448
488 249
135 131
342 295
217 369
213 440
395 100
352 358
205 340
458 364
419 274
340 420
273 258
337 23
470 70
371 277
26 148
131 359
6 13
382 325
265 76
28 95
453 160
352 380
244 158
284 310
82 16
274 477
352 355
278 464
241 175
323 149
360 119
484 454
131 366
294 366
313 396
408 322
203 118
128 260
423 299
315 265
242 5
213 442
258 94
269 491
492 499
470 444
250 204
70 454
172 381
129 365
39 485
103 37
298 242
42 83
348 73
430 357
151 90
37 143
486 409
260 158
455 478
182 82
36 57
291 105
322 208
45 420
458 361
104 0
84 108
33 498
207 432
375 463
107 359
120 264
274 445
424 381
463 229
139 458
63 352
412 430
350 237
99 458
458 160
120 55
53 394
327 153
117 260
471 54
170 76
21 92
325 444
26 297
256 140
492 165
447 171
261 405
215 297
310 212
267 173
420 430
84 172
284 99
153 53
129 108
200 175
119 2
152 377
17 497
162 260
283 10
415 109
259 44
256 130
155 69
499 375
399 427
26 435
488 184
292 31
206 469
324 344
221 178
175 476
88 238
100 190
299 371
268 15
497 410
331 376
252 5
432 183
118 151
187 311
342 107
428 331
175 401
79 252
80 248
339 254
444 168
392 439
307 96
358 160
36 156
161 190
373 140
144 446
257 491
450 331
15 451
352 379
483 42
291 431
38 64
84 482
421 334
430 328
488 228
385 289
331 377
369 398
344 204
195 13
197 453
257 498
377 212
106 109
393 212
276 249
231 431
265 213
41 153
233 48
189 382
259 470
369 20
224 128
494 65
371 271
121 191
255 128
89 350
63 361
111 482
265 191
404 194
347 383
283 446
328 433
403 472
344 439
419 124
42 420
191 413
456 413
393 165
15 63
425 482
317 78
270 388
82 82
465 174
472 282
67 100
72 152
91 470
447 416
336 363
128 489
254 380
45 85
148 499
481 412
491 425
165 298
233 113
139 100
234 198
151 112
264 301
123 223
492 208
423 70
411 180
60 51
488 17
16 457
370 137
414 498
148 213
326 432
384 381
432 465
429 118
419 83
158 46
254 42
465 150
331 29
80 228
246 243
201 69
58 262
112 423
136 324
256 113
494 314
279 140
110 426
361 209
107 381
424 20
170 361
242 241
469 353
97 322
391 67
330 150
73 301
126 294
407 61
375 234
227 402
180 6
67 337
219 394
414 174
387 495
88 436
290 129
452 57
477 387
37 195
497 307
453 462
23 123
209 361
115 250
256 436
126 147
41 324
498 345
192 307
96 238
367 280
189 386
125 171
367 18
325 14
476 364
339 131
344 351
101 400
337 459
458 357
33 315
12 352
11 384
122 204
336 107
345 341
13 377
396 470
484 380
96 73
204 312
163 287
187 400
359 116
474 376
191 170
374 359
243 203
259 385
493 217
59 95
325 338
161 72
304 73
146 497
310 400
187 203
103 325
442 226
103 315
337 268
127 146
350 211
448 223
292 109
57 293
132 351
275 234
307 145
142 79
479 453
8 304
130 18
245 464
131 424
192 200
346 468
31 171
246 196
158 479
273 39
390 215
449 257
402 166
97 108
413 396
201 77
447 422
238 183
107 192
392 369
337 151
174 239
287 220
199 421
460 297
12 472
81 202
220 313
421 335
232 318
247 187
109 285
468 194
387 199
68 427
430 131
222 257
477 104
377 362
159 28
353 337
392 24
189 434
270 112
282 111
150 354
139 29
76 259
458 459
238 315
446 378
135 168
124 21
383 464
492 2
191 394
418 345
132 435
400 108
71 402
256 182
64 221
332 247
206 140
455 142
20 296
316 253
126 7
471 440
294 361
256 463
161 338
125 174
134 293
47 25
208 205
426 155
402 124
116 258
400 460
256 71
176 272
279 424
216 155
16 250
66 11
201 272
299 79
372 178
204 433
491 419
74 264
388 417
28 328
140 4
427 280
53 396
320 455
110 332
435 36
399 479
251 1
432 452
131 402
188 304
75 187
451 179
96 1
181 191
195 476
257 321
69 474
429 162
346 241
277 392
371 281
134 29
333 474
377 66
222 316
3 417
96 297
150 306
497 44
21 331
152 44
18 130
144 221
462 448
192 490
124 92
473 63
37 258
177 158
327 266
183 399
49 330
489 131
176 51
383 486
31 49
31 35
109 49
349 175
17 423
15 41
456 141
252 340
499 346
112 281
32 178
360 148
279 81
133 349
336 307
356 368
255 219
120 239
414 364
140 322
215 432
425 7
348 172
18 29
310 199
377 482
482 343
424 237
87 114
421 409
277 275
346 130
369 33
249 466
140 284
68 389
397 356
28 345
375 97
296 398
232 185
28 25
114 215
181 305
66 53
328 102
232 344
229 26
345 454
238 330
72 485
341 158
355 321
418 221
471 230
416 66
443 204
271 296
101 57
111 452
406 168
364 291
318 491
445 445
127 163
0 35
45 199
372 342
415 400
131 290
208 387
443 399
195 151
61 214
18 149
169 172
315 276
267 33
330 133
148 212
99 457
9 149
343 144
45 381
24 258
497 176
75 232
236 440
6 122
271 297
321 376
153 440
325 136
122 420
485 7
465 122
123 84
229 326
207 466
77 126
302 231
316 74
367 229
203 404
201 373
250 327
267 374
10 255
27 445
304 484
107 364
449 121
447 82
401 30
8 7
238 478
404 310
391 406
310 123
497 94
421 363
237 99
206 41
338 100
84 233
98 142
264 43
126 399
281 63
70 27
357 289
451 161
67 113
237 194
288 230
93 86
37 62
455 331
431 243
328 145
287 367
411 278
177 403
319 37
416 310
451 389
50 125
238 402
96 470
200 327
265 237
151 293
124 302
397 458
103 407
275 226
4 242
146 186
75 34
344 465
206 343
468 296
50 109
79 58
238 499
88 131
424 3
306 239
197 401
160 55
281 152
394 435
473 138
172 40
357 400
243 368
16 416
25 63
122 67
418 456
87 212
215 6
97 11
264 373
429 146
298 425
212 62
200 192
85 186
86 372
241 294
62 182
245 257
176 87
43 219
431 446
452 482
346 499
372 401
399 110
387 153
216 49
94 100
286 416
141 179
325 224
406 382
491 388
327 152
223 20
466 223
205 155
154 271
24 403
14 378
32 424
325 401
353 248
16 419
450 491
216 157
391 128
16 122
126 383
255 195
418 350
357 73
344 476
379 11
241 221
497 245
499 273
373 322
242 352
344 390
47 44
172 412
34 439
174 40
236 13
363 429
2 6
334 220
83 199
420 214
311 324
450 417
91 310
15 323
213 333
230 211
123 261
200 402
443 9
22 374
155 31
37 385
457 157
208 224
438 392
217 128
397 101
264 167
342 489
174 279
342 56
317 404
159 465
474 369
95 454
485 349
86 250
259 374
98 44
436 468
448 388
490 5
24 198
187 254
385 367
423 213
470 79
44 92
313 129
83 370
219 408
158 420
294 306
202 269
237 393
133 490
348 38
236 123
229 224
91 275
488 466
45 366
310 458
439 441
164 123
31 374
294 235
393 41
311 441
186 95
438 400
438 319
443 286
10 26
301 24
343 454
172 290
100 388
182 335
458 392
266 198
433 342
383 413
354 327
274 46
299 40
359 64
350 89
116 154
31 213
19 417
59 374
114 43
378 12
404 296
346 189
31 22
435 280
459 266
165 141
33 85
150 464
53 245
251 0
65 169
439 282
156 436
480 498
362 123
271 210
399 266
141 118
398 430
49 76
70 209
294 214
178 455
200 444
297 83
253 304
86 214
151 44
394 95
218 483
193 257
23 489
107 445
375 164
93 357
66 424
490 15
322 213
157 168
252 375
179 306
21 357
401 265
212 24
7 295
404 430
420 52
497 280
296 379
237 225
1 241
256 155
368 492
12 79
306 378
184 264
473 485
102 57
81 226
374 315
97 440
345 278
58 369
249 194
419 355
96 338
345 273
117 205
136 214
444 129
246 442
427 480
38 219
446 381
48 119
412 172
450 146
15 257
303 361
216 116
306 75
348 164
221 152
218 465
94 357
151 162
142 192
412 430
312 180
152 210
382 360
358 416
25 184
45 374
342 328
403 113
278 149
301 103
68 351
209 19
33 15
207 360
143 175
208 471
181 455
167 212
128 415
100 26
252 153
333 497
111 94
95 89
192 241
92 396
267 113
128 301
14 300
328 187
159 157
464 36
248 192
108 131
9 228
233 60
57 113
208 66
7 168
409 155
52 200
313 2
155 171
472 293
480 21
30 300
188 139
332 494
478 288
16 292
352 339
453 101
19 261
282 13
168 27
227 191
45 72
244 392
37 53
426 68
368 17
157 457
451 408
196 341
485 281
121 64
165 337
450 74
87 184
211 232
424 255
328 290
34 321
226 72
140 71
89 153
110 360
120 98
291 413
195 168
232 276
465 316
242 397
433 415
148 329
84 497
139 424
97 264
188 174
97 324
329 180
392 38
488 291
204 12
180 279
407 251
67 412
161 224
140 161
490 447
444 140
64 427
191 83
109 13
337 380
412 207
245 18
309 305
317 234
365 14
117 498
262 125
349 37
198 276
223 489
481 189
116 167
102 45
411 159
391 212
419 100
119 304
109 16
250 428
294 278
276 468
93 412
301 391
167 294
136 499
188 242
261 117
15 156
168 363
75 426
26 59
215 346
363 145
426 176
455 465
433 72
336 83
474 378
173 137
137 493
235 161
278 177
186 496
212 293
219 354
265 287
486 98
243 481
157 349
166 21
94 112
196 452
330 282
420 22
16 355
16 409
438 103
100 147
440 124
478 164
451 12
462 244
225 437
138 57
79 234
199 305
257 25
307 395
417 439
147 79
340 285
389 15
162 279
403 341
5 455
467 234
478 308
98 281
338 55
289 236
393 417
294 488
235 2
442 454
33 5
142 89
104 226
5 31
224 119
74 260
494 81
390 393
174 472
379 340
428 12
430 21
361 322
324 76
30 97
454 118
59 416
142 96
128 16
135 499
259 204
286 209
102 254
78 28
220 276
140 310
331 148
322 422
499 192
141 499
117 29
445 95
192 29
45 87
86 172
376 180
389 198
304 14
394 343
471 382
44 114
115 111
34 375
68 437
288 33
62 209
157 406
287 8
447 349
21 332
12 386
84 249
116 253
96 388
122 10
477 67
30 167
394 92
381 64
449 314
376 170
428 12
372 33
382 215
47 171
57 255
4 411
164 493
233 120
483 112
31 356
375 460
404 61
478 269
84 285
307 427
291 460
345 87
302 15
187 227
482 201
464 96
442 338
311 128
240 175
383 294
254 123
185 258
380 10
147 163
442 316
128 455
394 234
101 473
52 49
250 140
89 386
76 215
195 31
206 387
181 288
411 442
200 287
149 448
111 432
100 297
252 406
492 80
53 146
195 93
234 457
343 298
365 323
206 420
307 412
200 264
206 341
480 464
412 259
191 130
427 376
134 144
224 31
29 126
219 130
87 77
227 305
480 283
203 92
356 186
451 362
55 409
373 157
416 36
18 137
365 460
456 297
328 499
125 180
310 357
286 197
354 398
33 13
457 335
373 236
450 314
223 176
334 358
246 448
85 102
414 264
61 303
302 370
403 241
450 280
477 213
463 237
250 331
18 496
84 208
374 392
68 387
245 97
45 254
209 491
255 482
285 475
198 168
409 440
220 101
166 211
448 49
232 130
478 51
111 251
495 63
302 485
82 63
170 47
38 479
461 231
206 145
165 247
187 256
357 74
285 259
308 24
6 86
137 40
143 484
399 248
233 138
54 201
248 167
146 76
307 138
283 107
206 365
122 448
374 245
4 479
355 12
98 312
205 361
198 87
187 348
339 97
151 420
87 393
469 251
390 233
192 276
493 25
326 399
144 115
447 52
416 1
165 302
16 366
453 370
71 214
311 140
412 410
155 314
66 351
436 124
252 308
185 129
380 97
213 11
416 24
25 12
314 332
199 191
413 182
396 4
145 336
246 60
374 409
261 253
377 292
100 197
178 481
79 138
1 58
435 144
156 417
250 460
3 322
5 301
305 269
105 401
313 302
212 204
457 40
332 325
374 187
168 285
423 53
463 99
243 424
194 398
211 399
74 296
97 214
335 79
332 254
409 293
497 498
38 121
298 306
493 222
7 172
77 14
465 282
59 41
439 209
460 105
401 150
217 34
465 350
456 404
197 150
148 365
338 194
353 38
260 136
161 198
64 120
402 238
131 30
239 313
418 423
425 51
438 319
21 494
399 255
405 478
343 96
143 405
295 182
170 496
194 56
176 331
422 259
141 430
244 53
476 380
283 14
186 254
248 221
329 207
37 147
96 86
344 381
415 239
87 139
195 85
417 281
392 223
154 339
244 33
265 250
264 73
327 401
474 450
10 427
75 303
390 47
280 171
262 234
373 195
133 349
482 421
144 402
93 227
112 150
400 337
262 230
131 17
467 441
369 105
261 329
377 296
467 3
89 157
205 81
430 314
235 338
240 412
139 232
382 185
22 104
334 135
152 137
78 465
422 471
301 447
243 35
38 30
39 62
143 479
294 244
434 425
338 381
465 26
211 329
433 200
335 86
223 267
84 339
162 301
101 359
394 463
493 196
259 285
264 385
481 254
180 410
144 268
294 18
199 109
309 358
296 485
252 496
187 371
172 189
48 350
165 125
322 294
79 11
396 81
187 196
106 377
145 367
237 250
360 292
2 437
422 21
370 298
169 26
215 57
259 193
171 115
410 425
436 493
426 489
185 332
61 113
481 144
394 59
351 218
7 106
480 353
3 281
308 350
259 24
69 375
491 371
296 240
85 253
242 84
416 11
477 280
424 329
388 458
28 170
129 91
296 36
169 109
311 299
175 477
205 422
293 245
337 48
301 441
25 423
286 395
175 293
123 263
221 451
474 363
455 102
490 103
64 251
403 159
489 227
1 78
175 194
242 147
88 13
436 43
438 114
407 222
486 466
269 382
246 59
13 243
198 53
304 3
163 114
193 207
138 152
198 195
342 313
326 440
335 430
396 114
189 273
91 156
38 27
86 361
456 136
189 100
455 7
473 346
405 470
122 167
362 43
357 172
112 56
486 35
150 447
73 383
391 339
366 164
377 429
418 304
256 186
45 107
305 212
182 18
37 211
254 157
329 399
455 463
499 294
93 294
29 1
192 166
183 420
201 58
214 412
450 119
79 323
387 495
366 384
447 421
430 403
155 54
17 112
406 462
256 368
369 499
18 137
57 61
471 53
465 111
230 38
213 268
263 309
46 100
373 481
237 493
47 304
416 392
354 417
137 174
25 463
452 359
272 395
448 10
473 96
134 266
34 203
365 347
299 149
131 411
256 172
328 368
112 156
425 244
270 318
133 62
421 296
43 86
448 194
142 492
258 421
124 276
475 292
293 341
252 126
298 424
144 361
17 127
223 108
279 442
356 346
494 412
498 130
176 37
29 298
219 318
94 139
283 196
37 421
47 77
353 142
3 197
176 350
458 372
166 252
98 89
2 22
152 92
129 352
151 328
498 11
2 370
66 444
365 286
215 456
98 264
314 68
270 101
473 490
94 229
318 139
13 192
284 172
25 18
346 266
129 176
398 197
141 131
417 317
273 7
123 484
53 371
324 437
280 323
404 149
140 374
67 75
247 153
171 203
321 124
152 370
419 450
434 403
220 60
419 203
188 345
68 43
332 241
416 392
393 112
487 173
248 33
38 406
461 347
324 62
284 135
85 328
231 203
263 371
75 451
148 183
78 263
356 216
460 410
23 124
297 353
238 362
120 397
97 129
43 81
68 273
101 179
234 154
377 333
136 349
384 452
67 285
353 462
373 423
400 314
19 248
462 197
447 110
239 434
367 44
317 134
313 436
442 418
103 47
396 319
272 240
377 281
95 339
115 230
44 320
420 15
64 416
26 382
168 11
407 265
251 36
472 76
347 64
463 266
85 450
42 211
344 209
49 419
150 440
260 16
31 46
462 181
415 447
459 488
105 436
472 366
295 208
124 296
62 142
444 87
151 499
209 487
406 495
435 258
126 408
307 48
81 9
456 121
462 496
432 415
134 419
128 256
404 429
423 252
192 466
466 367
354 343
338 175
285 113
373 126
174 263
272 32
154 255
103 228
144 468
387 388
496 130
59 367
472 401
219 482
201 164
359 185
212 56
21 197
175 349
112 394
427 349
456 384
113 433
401 412
300 109
239 140
8 296
49 150
132 332
496 269
306 185
241 355
404 371
220 262
9 80
281 185
69 288
221 238
150 34
143 474
466 302
450 382
32 474
306 0
121 16
202 154
361 427
298 295
410 266
346 371
56 419
207 127
217 125
12 280
106 219
21 155
390 72
399 472
324 274
291 57
212 445
224 345
492 73
339 23
394 402
321 37
17 450
427 380
12 234
454 291
447 118
191 327
151 189
463 90
147 475
272 106
303 211
285 497
372 296
198 476
366 118
420 372
252 383
469 347
491 265
235 275
103 438
479 426
16 254
82 442
49 16
227 206
203 352
148 12
341 427
45 199
71 207
442 465
165 175
292 411
39 156
446 28
454 142
248 425
367 323
339 330
389 268
473 66
431 92
372 473
172 124
183 417
383 95
123 125
388 48
56 415
295 427
421 2
279 102
425 22
352 498
267 116
34 93
186 92
65 317
441 58
327 90
37 476
101 210
110 160
76 342
121 18
20 223
325 395
417 299
298 250
218 121
215 417
9 253
422 253
163 426
368 364
192 490
53 406
418 146
488 163
182 346
70 461
208 54
206 395
498 125
247 356
273 216
321 314
67 134
412 244
460 230
72 281
39 152
298 125
141 457
156 138
100 175
229 226
121 308
286 287
143 119
188 385
199 268
402 9
253 266
348 315
448 213
218 420
398 339
148 16
155 39
214 304
30 107
267 295
83 4
475 53
438 78
347 163
173 137
255 101
416 278
344 455
228 216
407 62
78 126
165 56
360 85
192 231
378 243
99 460
13 313
392 74
90 304
293 239
340 263
393 49
356 109
177 237
299 84
62 85
141 230
315 79
310 353
448 8
320 189
354 399
474 333
137 246
337 416
31 431
332 30
491 424
162 40
477 168
105 313
43 39
119 98
304 359
219 281
322 104
4 39
224 177
423 330
246 214
497 113
143 277
201 329
221 486
154 215
29 198
238 112
210 424
135 209
490 14
471 354
245 313
342 475
305 470
184 265
230 51
180 181
362 373
359 381
97 435
134 366
330 478
402 224
433 40
407 38
244 423
88 378
205 490
312 430
48 10
413 496
29 278
4 93
326 243
178 215
433 275
253 164
388 263
156 8
398 321
97 415
145 142
484 37
468 350
212 296
144 368
498 125
70 173
268 2
70 396
172 299
463 3
119 277
285 352
25 275
42 35
178 474
12 187
389 162
459 332
200 101
78 103
129 198
53 148
396 249
48 123
478 68
198 364
216 97
224 335
371 93
68 266
305 49
63 432
264 194
147 374
330 464
14 225
225 459
208 419
394 122
42 109
473 373
322 240
76 41
134 47
165 447
348 54
486 471
165 263
138 250
66 313
390 468
279 433
352 116
238 487
448 247
472 280
373 421
462 294
193 449
248 449
3 359
182 96
211 342
444 199
12 349
169 11
296 255
371 448
288 148
247 461
93 236
158 219
366 466
267 472
421 411
122 15
463 277
471 304
4 175
376 415
278 368
123 46
494 74
223 346
159 282
19 322
394 105
423 29
1 112
23 191
58 423
52 498
302 374
49 23
438 158
27 277
323 217
143 2
201 170
452 218
41 212
317 323
352 287
399 93
284 206
129 274
272 194
68 33
56 75
85 469
247 346
415 464
467 422
92 59
129 20
84 397
72 170
457 254
347 277
483 208
483 483
177 464
497 255
182 98
67 405
103 120
84 166
441 19
430 403
423 33
282 59
82 360
114 207
484 391
100 461
296 467
283 435
42 473
71 132
37 77
197 491
157 140
11 281
185 98
484 293
205 460
320 118
325 287
30 434
247 309
128 482
417 43
369 411
43 460
389 292
283 432
425 86
367 293
243 288
82 404
365 79
50 287
426 185
472 375
37 456
439 71
467 17
281 208
20 336
128 176
109 409
495 264
409 386
174 215
119 4
84 256
43 484
22 486
361 321
278 346
417 250
268 69
277 384
72 49
225 150
59 53
317 186
72 407
122 78
82 247
3 241
226 18
4 399
220 100
446 218
468 350
419 363
100 236
137 49
199 24
77 215
401 110
17 246
324 326
73 139
381 259
129 428
179 459
59 134
204 252
102 5
220 172
261 374
275 172
197 250
465 474
436 126
373 219
45 454
445 49
308 470
398 326
137 438
424 430
182 196
53 128
152 136
10 126
298 413
16 285
111 347
474 481
52 48
354 347
248 97
67 299
126 57
347 318
248 115
312 123
251 430
66 217
343 255
21 429
214 142
341 37
370 178
226 315
14 423
20 80
379 263
172 440
258 357
473 19
494 6
288 137
354 97
352 206
135 50
192 373
410 202
232 385
201 281
204 458
390 67
182 76
16 121
331 354
225 126
484 156
145 219
316 272
331 499
49 21
394 318
372 93
331 157
290 104
414 384
451 346
274 304
278 134
488 291
417 109
117 66
285 254
378 262
113 454
475 209
380 15
460 221
230 252
357 291
175 20
218 123
428 127
113 493
136 58
167 101
167 405
159 284
398 305
111 38
99 11
26 86
159 479
232 487
278 390
262 441
64 454
433 481
326 344
402 46
499 462
219 421
57 19
176 231
269 455
467 287
373 368
200 345
332 32
274 284
77 463
269 37
18 493
338 202
100 344
158 92
366 451
470 229
460 423
231 146
433 229
450 198
43 158
43 2
286 228
191 317
354 363
356 312
366 224
420 46
491 466
269 430
160 357
132 240
238 120
202 363
413 24
34 4
6 457
37 429
247 144
359 80
392 453
178 67
466 258
76 450
381 457
166 345
437 41
13 298
162 176
52 215
71 75
384 86
16 77
73 421
353 115
68 284
352 245
355 98
401 318
127 431
129 282
175 293
91 66
94 188
404 253
181 146
85 475
405 65
339 101
68 330
115 192
290 488
439 467
137 145
429 340
122 264
57 58
124 149
337 0
254 219
217 93
421 287
352 302
255 178
8 191
236 323
312 475
294 26
171 251
443 431
47 100
10 417
66 104
105 135
206 403
497 211
498 275
78 418
96 202
246 185
9 456
432 482
360 173
276 226
158 31
484 219
136 205
162 494
481 202
105 119
182 39
315 454
372 180
234 245
430 320
277 480
314 291
464 209
287 174
58 240
311 297
355 42
388 447
149 17
488 222
261 107
61 170
202 428
173 286
106 436
417 456
247 235
296 231
406 64
156 84
233 316
210 468
415 88
105 98
172 417
376 445
115 286
214 289
75 317
254 240
196 34
121 23
254 295
359 270
354 12
328 16
336 439
28 390
489 251
20 485
431 13
299 248
38 46
216 14
106 465
351 470
345 302
97 473
243 451
316 457
325 449
388 496
387 161
264 416
402 228
241 137
385 185
231 41
407 275
241 447
269 13
167 92
417 466
418 264
73 160
461 234
230 250
411 350
118 469
197 176
165 372
57 439
332 50
326 289
88 239
104 419
11 210
176 271
387 429
441 446
32 461
211 403
105 115
84 475
3 223
96 282
221 168
70 153
294 405
496 248
167 235
297 100
223 31
312 325
272 110
423 105
8 304
419 487
314 113
189 4
286 317
337 137
290 359
264 259
8 437
24 260
212 27
410 321
146 435
397 222
180 418
75 173
12 188
154 346
350 326
495 195
332 488
199 332
91 474
263 463
75 451
479 287
108 287
74 241
316 107
377 472
497 496
36 452
299 9
335 42
237 1
342 182
14 69
396 41
357 457
261 159
447 432
220 92
333 407
14 294
118 149
145 392
196 115
124 182
224 347
349 311
493 314
235 43
84 359
169 131
143 293
226 430
22 90
349 298
444 355
357 216
108 63
30 2
36 156
4 155
318 113
279 205
248 164
23 14
498 184
478 44
474 141
231 204
2 348
56 432
148 298
361 413
267 108
265 392
399 156
121 269
474 69
233 400
414 74
258 257
153 412
53 236
292 128
328 136
69 294
445 384
149 217
178 306
50 417
425 443
212 301
371 46
446 38
112 104
213 212
477 370
107 219
347 30
19 399
46 27
264 440
9 343
149 413
182 187
130 52
205 107
153 194
232 428
385 451
164 344
67 450
169 141
23 26
277 368
396 42
482 175
18 160
73 492
31 20
72 256
215 162
356 129
58 369
320 89
285 443
393 336
477 352
230 63
283 1
395 8
183 179
339 230
74 202
222 265
373 105
267 146
275 88
309 476
417 185
128 130
466 202
407 374
289 296
149 137
497 72
104 44
274 181
383 443
60 348
306 457
103 285
374 73
401 230
416 183
165 318
21 396
122 484
132 280
269 411
336 281
325 267
300 440
235 452
152 35
492 296
81 458
32 447
177 307
343 433
104 445
342 360
344 125
257 316
228 476
109 378
145 416
356 435
387 297
332 91
239 39
498 176
123 173
332 382
167 153
98 175
388 271
248 292
109 84
61 357
236 189
457 22
457 233
31 313
256 196
88 215
392 348
373 438
172 367
20 205
233 339
463 471
263 121
205 211
421 224
265 118
141 157
390 222
387 450
147 273
489 144
344 235
25 233
100 217
422 197
36 121
92 7
128 351
415 207
432 186
156 336
493 49
272 297
248 235
361 159
155 247
334 202
435 499
68 359
56 35
8 491
350 444
296 452
160 331
17 211
399 444
493 173
323 244
331 117
277 423
22 192
394 284
136 356
67 181
217 204
47 475
419 77
30 398
229 67
130 190
486 98
123 381
125 479
97 298
221 457
149 226
362 243
451 396
77 498
203 370
345 146
224 250
148 117
184 254
296 229
179 167
48 282
113 303
101 174
483 62
288 175
270 132
380 3
1 74
444 458
104 56
307 290
407 180
286 307
389 443
462 82
216 68
223 11
37 330
392 325
352 20
4 33
36 122
196 385
195 389
446 141
283 151
332 105
412 190
485 470
53 153
222 448
311 121
451 445
122 200
72 196
229 474
449 428
313 117
6 497
490 360
12 304
409 273
315 196
166 174
327 301
101 71
193 401
347 264
464 496
192 469
296 36
316 273
390 245
242 130
342 249
405 233
358 206
402 315
341 174
327 421
344 168
70 428
192 37
386 269
90 8
396 78
352 386
483 212
194 94
195 78
311 37
243 101
416 21
195 498
419 109
129 374
302 263
153 51
320 346
206 39
469 263
149 102
315 173
120 485
63 361
250 315
416 226
247 494
492 184
293 295
169 263
378 423
474 324
22 31
422 147
410 229
183 244
417 411
396 350
212 37
353 311
37 462
308 121
306 137
284 152
415 99
374 453
129 294
177 349
348 152
233 452
196 258
169 416
267 113
3 418
229 479
441 208
329 119
108 250
402 487
87 392
197 170
316 313
14 179
331 345
297 362
120 64
332 493
107 142
60 99
78 462
170 141
260 372
474 499
487 220
112 228
250 426
91 162
341 66
412 106
468 24
440 209
203 441
435 272
372 162
476 495
136 302
26 146
497 249
469 352
81 336
114 434
96 183
250 206
164 289
165 14
75 484
425 105
229 130
144 360
207 453
108 120
266 344
445 134
487 116
452 414
348 420
103 67
125 296
437 205
71 289
273 102
59 147
277 51
263 141
446 422
394 471
167 54
41 161
129 112
378 380
300 81
0 79
227 255
313 477
266 165
119 384
383 392
443 31
172 161
435 206
29 118
25 329
342 196
160 66
446 471
405 39
470 98
205 257
235 197
214 370
255 353
245 186
217 490
151 40
99 241
211 438
268 128
177 88
154 462
434 189
80 452
50 191
448 50
100 108
478 35
389 314
352 85
76 486
379 421
14 79
18 478
458 226
314 138
452 487
177 321
273 386
429 257
160 176
136 378
265 260
426 114
52 154
493 131
52 128
59 372
202 67
145 429
419 12
352 311
132 372
110 381
138 258
286 40
270 150
262 422
388 35
42 189
320 440
420 387
111 224
291 480
261 165
177 436
248 181
53 381
262 232
490 163
203 253
403 128
50 325
213 166
207 439
231 255
142 379
103 152
484 253
270 395
183 97
278 447
181 283
16 331
347 443
196 358
487 402
228 452
470 389
180 441
48 177
56 412
416 42
147 11
258 252
349 417
216 442
77 128
311 397
341 445
304 158
61 389
193 143
32 141
434 163
192 213
477 482
24 248
112 393
145 171
440 370
164 494
474 156
54 242
187 286
296 247
488 343
486 209
350 182
197 371
436 284
118 390
138 413
158 142
165 102
473 155
1 105
262 137
379 476
114 168
415 419
262 410
472 255
437 101
472 322
459 487
377 260
25 77
72 367
470 183
338 89
47 443
80 339
167 161
329 312
231 281
44 96
351 493
94 16
190 141
128 418
30 1
79 357
224 55
90 3
444 194
489 280
120 491
152 422
234 139
273 481
429 317
162 317
185 281
274 109
27 227
229 254
111 410
465 160
163 335
382 56
336 107
451 371
293 308
300 103
437 379
196 73
242 366
499 359
468 427
6 125
379 347
257 235
395 490
326 75
131 410
370 208
431 319
480 173
276 77
456 280
353 65
432 153
364 95
374 283
409 332
31 380
468 288
131 289
216 215
478 457
17 199
18 200
373 300
377 350
482 1
67 334
339 335
282 499
134 203
387 8
241 395
184 418
59 61
276 315
124 275
474 106
306 493
293 345
47 179
181 23
357 30
217 100
451 48
251 0
360 85
481 490
408 101
14 17
184 320
447 291
397 308
153 274
471 56
87 298
321 18
48 268
220 30
78 118
118 171
257 329
319 330
284 238
107 80
252 298
441 291
451 199
473 191
247 104
402 296
315 334
455 224
106 215
333 175
347 185
366 303
134 456
46 186
118 270
68 153
444 370
421 10
201 395
351 247
43 300
134 253
329 358
426 441
117 288
473 259
63 316
272 339
377 49
319 318
471 347
217 239
101 267
14 491
238 302
454 365
470 133
492 89
382 152
440 270
29 351
167 413
104 444
345 291
109 482
329 164
256 432
199 399
242 357
160 65
430 480
113 466
407 253
405 457
79 290
141 197
462 109
405 161
452 66
400 251
267 62
346 82
481 23
381 398
463 223
55 393
359 394
499 20
330 267
57 256
453 409
370 50
211 267
185 128
379 16
78 86
168 146
22 276
174 1
76 403
148 138
384 483
355 7
126 383
139 37
447 35
86 444
211 169
297 149
165 396
334 28
27 95
372 354
207 49
304 46
36 135
118 452
311 420
155 326
363 438
473 294
90 162
332 411
61 301
50 481
10 226
174 384
91 37
438 46
444 298
286 242
46 481
253 404
82 357
147 409
55 446
460 121
32 146
299 292
126 93
172 349
86 136
25 346
244 177
327 315
57 188
21 113
370 455
312 127
36 452
250 312
433 443
89 211
355 317
263 389
90 481
469 435
133 176
205 346
161 377
417 33
498 70
25 439
418 368
173 190
2 306
249 275
486 287
104 191
80 194
27 219
154 22
199 349
195 139
16 256
141 209
131 434
225 140
360 9
199 495
301 33
309 53
192 50
241 147
193 148
368 173
196 221
70 22
14 247
3 117
178 30
316 145
137 310
319 393
388 497
383 370
275 189
92 44
191 467
115 185
359 237
458 483
358 407
6 380
497 372
254 9
6 176
338 423
316 495
493 157
27 57
98 376
272 154
121 190
376 315
52 88
72 87
494 10
390 282
6 0
361 240
416 260
183 220
215 254
263 352
261 60
288 142
296 359
402 60
376 417
5 278
217 428
439 429
63 211
63 181
421 69
182 276
348 189
443 217
421 416
476 206
200 182
42 265
177 496
413 296
74 53
482 271
52 143
206 273
306 468
389 269
397 228
417 423
141 98
14 213
271 414
97 490
107 472
468 491
287 285
190 234
357 213
356 24
297 261
229 62
183 456
184 471
394 432
30 453
166 387
302 44
387 438
410 251
94 494
131 230
464 381
446 322
198 173
435 302
216 348
304 16
339 399
331 488
441 234
473 362
258 460
398 127
378 145
492 160
390 472
205 123
297 207
380 151
453 496
196 167
36 169
420 0
488 375
461 104
466 281
241 435
62 224
222 491
151 293
265 214
189 394
101 323
474 339
187 333
1 280
449 383
383 37
264 222
326 223
356 226
13 144
368 98
441 75
220 442
156 93
487 486
309 346
185 440
273 135
415 372
107 126
15 217
439 490
213 132
358 265
409 421
19 371
298 129
424 461
406 19
357 80
278 245
37 18
153 315
39 162
289 69
138 146
488 156
288 77
194 53
475 498
369 455
436 346
159 20
39 360
293 65
162 248
266 71
239 199
362 271
192 278
277 3
159 330
259 265
319 300
298 305
260 294
140 168
40 49
409 152
217 79
179 202
126 232
431 297
68 217
495 293
148 113
295 124
390 308
108 55
360 61
207 406
426 473
22 199
351 466
397 283
486 421
153 428
225 464
181 436
82 146
259 28
5 230
38 406
313 247
308 498
257 174
499 367
418 35
354 21
304 270
43 103
32 142
458 48
484 257
403 491
372 66
297 14
273 377
124 187
38 86
112 284
3 295
182 111
484 421
43 36
140 289
283 86
134 172
281 242
85 471
37 37
51 457
334 186
374 324
411 310
94 412
59 23
487 97
371 241
130 471
260 414
353 270
294 396
490 339
310 75
112 75
33 200
386 16
192 367
178 260
24 455
479 124
74 435
177 318
289 445
211 159
429 402
298 64
404 223
150 288
363 66
266 263
279 248
468 153
265 323
279 498
122 142
77 258
428 48
493 106
265 217
471 205
121 46
121 269
409 377
444 272
35 125
373 62
215 166
489 341
191 333
475 268
378 314
362 404
11 158
376 208
265 276
323 347
469 386
116 444
68 230
355 60
474 455
473 81
274 42
375 315
435 466
132 202
106 314
324 346
54 117
246 200
400 319
58 421
217 221
451 174
86 286
241 307
240 60
454 215
30 14
332 329
31 465
131 464
311 490
107 308
8 217
389 205
126 260
481 447
473 344
482 433
92 411
323 75
142 184
50 278
459 172
490 383
199 343
333 473
281 10
80 292
498 142
254 469
268 476
172 236
21 241
4 154
82 465
149 327
457 224
249 51
434 417
112 239
64 486
496 445
89 198
192 428
397 439
416 446
182 165
406 440
447 55
372 262
442 29
253 373
425 399
168 2
93 359
197 132
77 10
208 194
122 19
458 252
198 372
37 226
167 233
140 296
58 114
495 13
386 0
252 248
103 311
23 272
405 48
58 220
266 334
353 118
370 241
113 164
390 421
154 150
446 409
23 294
307 357
209 370
119 194
357 313
86 74
122 380
101 343
29 33
3 367
460 383
399 226
147 73
76 141
51 153
447 22
231 426
297 107
153 441
254 268
194 10
243 192
387 316
201 344
63 417
152 205
283 376
449 51
192 430
83 25
400 95
22 382
341 131
424 319
439 494
357 31
223 133
301 100
296 111
28 3
60 211
87 180
83 343
125 389
414 127
223 60
294 314
298 245
416 136
482 222
105 355
488 339
291 329
292 141
144 439
3 172
204 56
251 442
331 287
414 228
288 246
412 137
234 83
219 62
137 150
5 53
393 242
71 345
339 36
328 215
387 483
392 331
273 443
230 495
224 105
203 497
486 12
447 467
30 221
371 18
72 167
409 229
426 317
353 333
48 265
101 181
364 288
231 493
488 138
243 314
311 212
77 298
265 297
18 24
43 295
314 242
471 115
432 224
409 397
163 137
171 457
97 116
109 35
173 329
495 449
14 268
66 306
455 443
467 184
331 326
68 362
329 146
222 39
288 113
251 131
440 303
419 422
309 38
219 380
330 483
103 214
372 196
139 22
206 179
5 458
173 37
35 73
464 2
116 257
240 105
408 219
493 181
219 180
60 302
137 290
4 242
438 241
263 228
407 429
240 469
358 413
338 413
415 246
355 155
260 383
102 96
277 20
200 95
250 348
138 261
3 387
128 494
222 294
223 391
212 481
246 463
376 423
169 85
92 144
27 376
472 352
372 130
77 249
449 425
186 327
215 87
81 41
335 343
87 155
489 411
226 151
74 235
320 455
99 95
472 412
116 478
460 296
398 341
266 38
217 347
435 304
197 432
128 368
376 33
296 67
218 365
100 374
329 145
240 273
37 280
259 64
361 6
347 219
109 259
458 465
121 327
111 393
114 318
203 91
158 342
59 499
374 229
374 159
284 55
336 466
383 174
180 447
18 96
207 379
344 128
307 165
411 317
135 418
362 377
219 339
190 372
101 278
289 416
472 327
146 426
100 160
459 381
477 280
11 477
105 184
201 207
24 412
183 112
341 159
498 45
417 60
190 189
457 371
50 332
258 429
441 196
77 210
342 400
378 406
90 353
60 335
100 144
108 84
95 283
180 450
362 94
135 449
172 405
237 92
374 223
271 347
409 315
216 349
255 251
456 446
281 198
194 368
452 381
16 302
252 47
493 48
350 467
372 480
425 22
97 461
160 299
466 369
70 69
172 34
480 177
375 128
496 114
495 421
224 300
199 364
412 328
295 45
25 114
489 19
480 302
453 86
455 140
61 272
306 377
55 233
213 139
253 282
204 209
361 100
464 428
108 413
458 229
195 404
423 335
138 184
271 256
396 443
215 78
456 310
43 22
13 363
145 257
318 266
218 349
129 32
445 35
116 238
142 403
90 311
496 417
25 80
24 267
197 274
84 91
113 5
368 127
236 478
244 14
215 407
439 315
350 345
83 384
139 466
277 77
346 81
162 273
392 372
146 38
129 442
447 230
209 95
73 168
182 298
205 170
485 249
94 144
380 187
153 177
106 371
452 282
408 453
325 466
356 152
94 323
405 486
433 394
62 114
264 6
28 96
345 469
465 365
52 292
321 197
68 205
340 428
233 373
191 248
400 410
233 48
386 495
241 138
104 319
177 155
251 221
190 206
71 448
240 156
205 476
33 414
342 274
499 373
121 75
337 42
442 22
369 70
60 328
147 110
265 16
237 177
383 368
168 280
288 306
282 261
175 493
119 316
189 369
296 470
13 311
185 133
55 455
136 54
16 115
483 135
312 133
1 73
353 195
354 21
282 141
134 136
304 457
326 106
76 494
157 474
107 89
397 194
100 162
129 33
168 116
101 113
186 481
28 454
475 39
32 234
371 258
67 18
124 27
21 246
220 201
142 30
224 328
490 391
276 324
292 120
85 445
278 393
347 123
14 158
393 323
433 46
64 116
143 0
98 41
94 17
47 319
499 88
480 124
300 341
313 108
53 93
338 398
21 183
194 38
213 35
433 439
407 146
498 350
391 50
419 97
268 337
425 319
295 267
108 257
366 95
40 422
172 271
307 379
269 46
433 353
292 482
480 367
217 51
453 478
427 460
297 373
192 195
314 74
332 339
434 423
197 50
321 475
206 221
267 480
333 327
309 201
420 477
28 289
119 137
449 482
207 47
94 246
172 251
90 409
184 4
406 24
351 233
454 80
60 409
236 74
127 246
75 397
186 399
388 104
438 158
205 337
435 145
396 151
60 107
464 486
362 96
329 370
302 66
475 136
62 363
461 64
461 41
440 36
492 0
10 328
17 430
427 215
366 452
411 323
161 279
375 375
98 376
442 57
193 400
115 269
333 255
296 76
465 147
499 236
416 457
240 9
76 433
385 167
343 294
425 148
24 4
232 301
358 474
374 174
296 403
158 490
418 481
480 306
394 235
193 479
340 310
95 285
452 416
63 332
480 295
152 488
289 356
330 384
411 499
402 205
47 59
40 412
218 317
53 21
352 464
126 98
383 193
461 221
53 187
335 24
13 386
242 487
223 154
6 73
278 486
45 408
173 177
494 86
459 391
208 399
349 311
356 334
56 84
272 318
194 461
199 107
446 59
214 442
15 21
8 220
480 145
174 405
343 153
397 168
420 302
466 457
291 269
354 174
344 199
13 478
437 39
450 212
154 235
256 16
88 21
18 116
22 69
74 192
213 217
20 323
280 133
254 338
364 72
123 460
438 209
100 136
201 375
110 50
67 207
229 219
335 155
76 99
292 209
427 3
326 357
490 299
489 459
31 96
57 353
414 6
143 495
223 14
417 344
51 185
256 336
343 132
232 444
153 272
275 376
233 432
231 453
412 75
171 72
426 295
302 80
76 192
59 445
141 151
188 328
164 44
177 445
389 359
131 261
489 42
327 406
212 222
149 410
483 124
420 172
253 261
453 222
167 181
184 12
340 160
204 372
317 356
216 233
494 206
101 347
106 483
57 280
190 318
294 206
231 173
434 214
436 484
165 388
252 455
115 201
73 445
301 172
405 391
449 369
69 400
235 402
182 27
197 293
351 373
398 491
206 82
66 333
73 494
302 83
284 177
122 269
441 210
453 276
145 347
99 402
157 66
93 186
479 191
416 290
134 183
265 315
148 340
186 184
119 73
250 488
258 404
466 225
1 51
250 419
321 498
65 349
388 330
22 10
301 367
50 438
105 435
127 168
352 105
178 165
154 471
227 281
6 264
315 193
112 359
209 66
267 286
468 274
137 155
375 490
281 290
77 277
445 386
492 204
369 149
473 22
303 375
139 200
246 161
20 307
225 210
348 230
356 492
0 317
159 345
135 227
356 440
179 212
268 154
303 23
45 490
365 276
329 201
362 357
164 427
137 235
317 241
85 486
155 25
371 437
164 314
107 6
219 21
175 286
161 487
477 330
459 206
259 195
52 140
67 474
209 68
161 56
42 378
403 246
184 197
364 126
133 200
221 471
109 204
43 248
431 270
328 373
68 390
30 88
62 472
392 449
5 123
353 53
299 400
449 108
235 335
36 313
284 220
424 257
358 393
163 467
340 289
31 344
432 260
232 413
362 346
321 124
29 367
267 174
134 329
164 217
30 369
89 52
310 167
60 365
333 20
161 76
420 25
138 192
105 204
402 370
347 467
186 223
249 376
57 306
375 383
105 74
126 257
424 194
60 288
160 337
265 245
122 321
13 37
241 260
483 470
289 143
218 182
58 328
134 319
202 468
394 9
266 307
354 20
161 43
380 266
11 321
495 497
34 485
246 360
331 275
270 81
263 472
300 488
159 173
141 434
295 361
21 35
408 414
457 227
493 421
94 189
186 356
341 89
302 220
347 439
20 485
457 117
457 283
309 258
44 116
329 450
338 192
106 202
429 98
19 63
252 422
278 465
55 290
10 120
411 357
342 357
326 432
67 151
261 135
103 376
179 158
350 432
135 17
467 456
19 416
339 486
451 123
413 117
89 358
67 275
484 1
285 261
265 162
297 352
81 26
184 400
184 260
129 34
490 319
88 448
286 361
336 427
396 89
448 101
376 338
339 367
481 212
374 476
328 246
272 171
423 261
373 309
343 108
279 354
302 186
399 367
294 88
178 88
189 43
381 478
197 418
130 72
48 178
424 5
28 228
490 49
358 452
412 363
70 53
91 191
411 372
313 343
431 57
100 343
321 472
390 481
53 370
49 21
378 101
330 325
226 406
210 172
387 84
490 122
314 457
182 433
128 77
134 495
338 59
384 235
68 11
381 274
147 474
75 282
460 377
284 257
281 186
123 346
469 169
126 465
398 135
212 160
155 27
438 346
433 345
356 322
449 2
476 90
224 448
326 403
13 36
223 462
308 294
315 346
163 277
412 294
454 61
440 476
175 110
455 379
53 108
110 164
106 2
303 438
342 182
219 129
91 207
1 294
492 399
177 169
463 155
68 441
270 417
379 9
240 445
53 187
203 145
0 16
454 309
343 303
432 148
355 414
208 23
274 209
230 200
207 303
245 193
110 276
285 367
312 490
177 377
22 217
233 380
41 22
325 40
40 236
151 109
132 248
309 359
412 407
210 39
232 119
395 307
26 342
184 32
409 338
56 213
445 284
306 141
33 338
75 484
93 74
322 226
437 78
337 131
170 201
321 399
59 402
96 68
453 85
424 133
346 362
498 332
325 144
482 305
141 359
433 57
135 86
164 255
238 425
126 353
253 408
162 299
220 312
249 258
243 173
387 25
357 90
234 386
43 35
394 68
126 184
122 179
286 113
390 287
140 24
284 369
20 245
409 446
56 240
413 159
184 300
242 153
39 394
429 328
396 434
470 175
354 374
340 92
379 492
16 230
99 372
469 152
450 120
212 379
390 6
158 478
131 74
320 400
80 22
456 101
128 477
203 426
18 482
326 43
126 250
474 194
346 225
197 443
174 296
155 410
240 64
139 313
66 371
393 311
413 146
475 201
479 41
376 31
74 349
451 202
249 200
278 425
221 95
244 475
237 395
460 399
64 477
200 451
262 482
481 445
146 27
69 456
339 477
327 297
351 414
466 278
56 100
48 244
72 129
24 292
43 161
491 336
287 107
90 191
489 402
429 71
379 487
465 350
499 219
485 292
422 351
303 451
48 330
459 351
495 472
485 336
172 38
146 328
372 460
362 88
11 361
348 143
494 390
461 313
457 345
196 446
250 232
414 352
203 150
474 374
210 51
89 311
140 382
194 87
27 12
225 408
52 38
281 73
239 398
95 242
41 48
280 292
496 143
145 195
421 199
102 119
282 131
365 192
131 422
286 412
320 159
197 11
437 224
474 478
221 176
224 70
214 114
257 5
52 210
261 402
373 473
456 364
56 7
430 173
85 187
346 68
432 258
482 396
374 369
45 309
379 447
61 121
478 445
155 170
72 30
355 416
132 297
305 163
189 188
228 87
7 274
384 426
322 439
308 367
28 49
496 205
327 259
204 410
80 305
188 211
127 5
302 43
59 260
300 459
46 248
374 380
159 406
345 259
478 481
382 6
211 6
265 231
141 390
48 321
32 221
78 236
131 11
123 381
192 190
290 276
156 91
497 165
424 315
149 342
200 402
260 31
262 264
154 25
198 255
329 202
290 230
241 407
288 422
112 365
141 333
424 255
420 149
465 421
115 344
98 466
349 316
432 358
235 464
219 86
141 433
15 48
456 431
353 256
473 96
281 318
73 466
116 205
478 493
189 433
251 94
262 139
349 100
416 194
132 84
369 136
36 273
57 384
492 344
293 262
80 318
284 74
132 5
350 252
185 110
56 391
30 288
241 318
364 379
315 157
145 497
122 184
420 34
378 179
442 265
83 23
450 374
380 367
120 82
192 82
474 157
298 249
419 356
236 39
196 284
133 403
440 342
376 255
287 360
125 106
130 81
307 208
428 432
14 39
122 400
409 58
307 448
304 207
246 79
215 392
296 295
137 348
455 236
448 365
323 94
175 426
486 305
237 483
22 414
166 251
310 496
444 76
135 469
400 249
141 382
29 115
315 437
25 166
383 271
365 326
252 206
12 393
376 238
5 101
205 250
247 171
99 15
336 191
440 235
469 89
204 434
223 498
16 20
143 249
75 399
457 8
401 327
417 321
423 129
380 422
94 128
495 127
318 193
280 183
272 111
45 249
247 329
201 268
369 263
14 344
204 444
123 472
145 458
87 393
315 420
48 319
446 261
307 395
431 117
80 87
337 203
384 125
245 436
52 85
281 115
411 66
390 486
444 387
280 36
456 383
203 447
209 357
104 149
118 368
307 35
91 198
175 496
433 327
413 273
388 485
51 194
180 151
390 294
330 476
360 170
470 138
347 63
64 31
399 452
339 35
233 206
203 430
258 261
34 488
473 23
69 274
425 376
22 102
78 316
338 352
343 290
353 308
339 190
494 270
305 90
149 334
116 390
151 204
192 226
101 37
163 17
245 171
273 89
257 268
120 203
494 447
108 315
358 199
469 299
390 352
38 126
17 391
95 7
85 20
410 287
304 187
210 73
14 49
169 483
38 271
71 142
457 32
84 179
330 315
20 405
32 220
111 410
417 49
421 58
345 3
42 331
405 1
403 252
87 271
395 72
214 125
10 466
497 172
339 94
499 327
400 211
122 31
432 363
422 39
394 206
37 267
121 436
40 294
418 24
448 127
253 313
279 163
187 115
209 128
455 378
90 60
444 355
71 212
103 228
434 493
112 350
286 324
470 233
109 179
306 388
201 58
73 411
26 332
460 260
138 87
148 268
475 80
292 444
172 46
39 396
246 107
283 4
89 384
415 253
142 51
461 222
485 195
28 34
146 364
451 340
108 136
217 451
247 84
130 9
257 420
379 22
378 355
92 162
415 467
18 359
81 409
105 479
365 419
283 133
325 11
0 86
390 434
370 217
78 137
409 0
374 188
395 288
450 104
72 339
199 218
127 442
274 132
51 232
217 491
355 186
125 43
329 355
424 367
4 199
51 354
42 414
54 278
382 290
129 5
75 306
249 180
313 202
287 375
366 216
255 4
399 73
428 232
99 228
279 204
59 455
221 331
109 453
243 276
133 491