5100
436 362
276 465
427 412
129 293
149 307
70 443
202 271
141 5
177 270
399 146
429 168
315 409
22 492
39 499
125 408
122 57
22 413
325 398
43 302
461 307
250 192
315 32
37 452
74 457
455 66
87 473
382 385
377 402
253 257
17 417
326 230
144 139
389 200
354 321
128 432
124 316
200 230
34 439
248 89
156 108
434 204
441 243
497 168
425 318
87 250
480 442
81 265
318 476
150 322
254 24
340 278
361 378
170 392
482 395
4 270
474 490
233 290
458 267
86 82
184 384
178 25
143 16
493 112
434 313
337 143
273 189
419 30
422 134
382 89
212 256
246 238
28 186
306 331
265 486
222 244
269 449
466 401
13 264
77 311
454 447
488 415
445 79
66 408
349 219
476 448
186 61
100 74
258 214
52 406
150 23
473 275
28 271
388 291
102 41
340 465
232 408
487 181
89 29
249 405
353 290
204 77
3 391
457 304
62 113
137 10
137 64
187 462
253 165
58 75
393 207
115 398
79 125
155 454
360 20
163 256
185 65
309 367
23 40
154 266
128 437
1 291
105 117
282 188
264 210
417 340
91 157
134 384
338 22
395 141
249 50
468 58
425 434
327 277
395 300
237 481
124 376
493 238
278 81
291 128
320 394
403 208
444 411
286 38
31 282
185 181
239 281
67 5
134 16
168 394
227 29
257 405
495 203
284 251
231 273
20 75
135 51
315 275
313 79
214 101
282 197
330 251
256 373
241 397
144 390
271 409
166 223
427 29
132 161
286 211
139 363
414 158
434 126
206 81
182 99
296 272
23 316
41 126
376 279
21 282
43 20
95 292
321 209
222 22
86 453
168 361
19 77
203 435
16 453
53 261
33 199
367 201
328 408
39 409
43 204
76 60
353 87
148 23
46 174
480 223
84 484
413 0
435 103
409 116
230 452
3 314
15 263
24 370
131 343
399 63
476 175
114 327
351 329
355 114
337 249
85 187
188 273
229 498
466 475
279 138
452 196
312 282
5 467
163 336
251 488
163 414
94 79
260 277
392 297
398 468
155 81
355 335
333 195
171 84
74 299
348 302
437 378
197 160
348 294
282 360
127 451
31 446
75 221
370 291
259 319
401 268
103 267
462 108
44 288
439 485
140 470
348 287
447 77
371 45
258 147
99 153
99 385
458 130
421 27
346 328
448 33
300 99
207 51
191 114
452 103
73 130
418 92
169 421
319 217
365 40
193 77
314 464
94 145
172 272
452 367
400 370
470 400
303 52
167 29
133 494
124 471
63 58
332 394
112 232
124 151
80 329
293 169
166 394
18 239
458 190
61 322
222 211
263 383
412 377
223 282
253 397
456 199
94 168
400 140
291 58
387 376
46 223
469 32
123 64
255 487
309 81
144 316
199 383
112 408
42 463
361 335
34 148
316 169
309 480
390 69
445 452
175 129
161 343
408 496
483 136
70 15
183 144
379 214
474 234
197 491
178 17
17 410
79 64
45 333
254 240
44 287
417 52
395 71
67 430
67 155
22 50
46 137
351 205
439 425
268 326
195 137
399 298
363 212
45 331
71 260
47 300
204 468
39 464
395 99
107 107
9 314
451 129
187 56
333 154
480 126
115 454
252 27
239 15
198 115
375 137
289 121
89 275
239 493
444 129
236 486
300 403
385 245
153 251
406 72
198 339
293 238
118 166
33 397
365 357
346 231
352 92
367 135
480 442
423 107
93 277
180 159
256 246
497 65
137 262
101 255
346 188
206 246
143 464
173 239
322 8
101 372
359 26
320 320
427 340
117 243
402 373
119 297
215 11
273 468
76 352
392 374
120 422
238 450
189 115
476 263
135 363
390 429
249 495
187 210
454 29
402 156
305 208
71 373
341 20
225 344
70 417
191 469
420 42
158 281
45 109
325 486
415 32
379 215
277 164
193 66
222 83
144 447
320 28
400 215
60 162
431 125
95 130
173 123
404 15
476 183
169 301
334 301
368 436
452 65
132 146
229 498
445 206
86 373
89 266
280 487
464 1
483 63
186 59
426 8
191 443
96 403
204 212
0 430
348 73
71 453
451 480
38 152
26 248
14 477
464 467
320 146
210 280
340 303
312 248
191 266
21 355
420 140
422 226
151 420
225 270
102 74
226 176
425 141
470 104
423 291
290 286
66 243
399 0
100 406
25 63
418 144
284 46
124 190
111 206
477 127
201 336
365 79
72 428
32 290
433 42
328 456
51 223
75 395
153 450
13 176
172 30
77 284
474 456
14 53
181 437
274 491
423 382
162 491
281 495
390 195
3 66
142 218
465 54
5 217
245 471
1 370
154 417
225 430
484 129
66 240
83 17
251 192
183 6
354 414
461 316
383 244
314 464
370 25
94 132
103 227
98 192
109 104
387 104
233 187
279 223
240 152
196 362
369 491
257 380
48 223
319 218
34 431
308 133
265 405
132 255
447 368
325 82
187 408
95 64
287 272
424 374
237 27
370 121
353 458
33 128
198 401
333 352
485 233
138 493
248 103
323 122
205 195
456 148
64 392
164 51
278 351
230 441
414 367
325 101
81 267
168 210
62 279
12 353
347 47
2 2
125 447
495 326
326 182
426 451
354 391
242 442
383 132
351 473
426 297
64 28
238 359
138 85
438 300
200 3
5 137
437 202
380 482
16 432
235 207
98 442
237 89
74 192
17 472
122 425
454 443
302 38
123 192
345 293
296 62
51 45
99 153
488 488
272 480
187 356
151 7
97 137
329 388
360 171
448 347
142 482
21 402
447 297
90 144
58 292
189 238
243 462
302 288
120 231
88 75
82 159
296 239
479 31
54 478
177 191
174 3
405 171
468 47
43 352
496 410
0 454
416 185
326 244
327 218
145 446
458 267
358 80
111 106
84 337
29 166
21 113
285 55
102 426
131 253
16 497
451 127
165 16
112 219
290 491
289 440
207 435
15 99
206 418
107 127
145 142
256 136
43 18
444 393
498 497
495 427
407 14
383 446
166 72
415 495
287 308
243 56
156 347
265 259
238 214
356 372
361 235
253 464
357 404
402 49
329 356
222 249
195 236
160 105
453 213
21 427
483 240
87 117
228 491
205 204
429 466
53 62
378 290
46 306
207 236
444 300
49 36
124 18
476 97
310 136
63 429
21 184
301 399
390 109
165 29
347 96
10 94
384 252
410 240
328 283
83 117
154 272
143 133
230 130
267 119
48 392
76 330
229 69
30 229
110 472
420 196
142 309
61 430
170 379
162 471
441 499
123 245
230 447
77 266
385 460
205 344
27 285
355 281
363 108
80 237
285 325
487 352
282 428
159 48
372 305
156 321
418 313
260 131
250 1
313 189
34 135
421 18
152 413
21 128
217 15
192 454
306 3
283 179
80 441
98 442
115 304
117 254
385 385
386 229
418 135
123 200
218 304
217 396
376 370
237 91
45 93
96 282
461 203
144 231
173 393
197 242
348 140
26 166
395 86
73 412
464 166
470 196
444 183
405 188
279 320
266 495
277 176
379 214
446 90
484 24
118 471
112 181
348 467
53 138
402 95
261 126
175 367
402 232
272 119
292 159
154 51
227 410
124 283
374 458
334 422
394 358
391 453
272 6
496 239
187 325
303 398
117 448
180 330
450 371
31 452
355 94
4 37
321 434
393 480
403 47
405 227
32 297
155 148
388 304
481 151
401 75
375 285
115 19
242 408
360 417
363 125
163 68
2 219
200 336
383 247
327 455
104 140
288 359
164 259
262 28
455 145
282 163
34 331
91 250
19 277
402 451
371 383
454 417
105 226
473 6
461 488
480 300
12 65
176 121
149 176
173 438
454 457
140 308
58 488
117 231
34 77
312 372
289 406
484 267
273 395
235 457
110 87
4 216
337 474
150 181
471 338
295 175
483 425
414 287
18 393
471 383
255 53
459 135
254 45
292 443
252 380
467 27
95 214
188 471
4 284
475 190
218 476
401 122
410 201
447 167
51 428
481 270
405 306
203 292
87 160
392 495
375 192
258 359
182 322
459 447
489 187
163 434
56 207
261 416
84 318
247 60
330 135
441 80
225 235
247 497
344 312
356 491
350 219
394 115
414 385
72 353
139 255
315 87
3 47
366 76
136 87
74 113
45 318
405 368
365 270
435 5
496 209
281 291
258 347
84 175
380 24
280 156
95 19
66 95
23 98
38 284
249 11
329 112
480 295
65 86
91 197
407 352
496 88
287 188
215 254
279 371
379 95
114 411
358 474
424 32
317 233
244 314
279 66
361 425
11 259
309 279
131 103
43 216
256 127
234 330
53 471
66 365
128 432
258 32
64 486
219 34
349 233
152 315
92 128
239 365
144 103
58 48
116 128
107 101
283 372
195 341
58 188
120 113
145 186
24 230
265 62
147 243
410 466
446 299
165 2
106 185
86 161
289 16
470 54
427 249
442 105
294 474
88 1
39 266
497 233
147 64
307 114
80 295
94 70
72 378
63 111
273 30
47 1
56 414
163 369
474 335
309 106
459 268
35 249
335 498
62 384
498 482
129 222
292 430
308 76
187 364
247 223
225 460
227 294
163 133
468 390
348 489
258 129
231 307
306 293
29 66
48 368
442 27
309 30
106 86
303 469
192 293
106 50
344 269
402 333
223 359
348 222
204 424
231 458
103 435
1 37
258 132
11 401
431 52
139 320
289 37
183 442
492 334
103 141
474 188
399 358
80 49
473 99
58 136
423 205
94 161
294 424
178 204
257 305
478 461
351 396
338 267
101 34
27 182
370 57
415 1
402 269
368 495
484 376
433 278
440 407
184 379
84 86
391 362
175 341
237 369
489 26
412 427
109 442
499 439
292 331
452 266
114 195
423 320
451 98
5 208
87 391
477 189
403 171
12 220
442 79
457 101
28 283
225 370
161 489
320 77
343 454
1 272
445 457
407 424
132 396
139 265
454 71
243 116
188 210
141 107
209 130
413 450
172 89
79 491
420 334
140 399
24 263
73 141
417 469
365 332
97 401
472 4
472 404
114 67
175 160
143 107
57 384
473 56
399 230
416 404
304 319
435 408
401 328
149 8
192 318
71 366
222 290
194 395
463 194
206 308
267 138
374 349
258 176
258 199
104 157
477 174
82 408
88 412
272 483
153 237
103 464
254 224
472 325
371 448
108 435
73 429
279 375
404 299
498 37
194 162
337 102
362 171
435 271
107 450
39 207
172 260
337 494
171 278
79 309
96 394
324 187
415 21
320 103
492 319
481 318
273 186
210 170
442 135
438 145
205 49
161 329
176 229
7 350
11 347
242 86
126 107
128 418
21 41
212 300
471 13
51 193
364 244
231 261
259 158
59 21
351 464
45 220
423 27
226 52
491 434
394 320
238 117
10 374
175 111
124 222
415 146
242 28
141 131
289 473
495 400
216 200
273 198
77 261
166 196
482 303
476 157
126 376
251 214
326 136
210 278
424 302
330 125
109 166
491 472
224 250
451 338
36 293
54 224
272 465
121 72
81 254
483 97
311 207
195 86
364 489
292 405
383 140
158 474
298 492
94 149
488 375
168 397
121 376
194 74
147 245
352 315
264 228
288 187
273 427
417 483
389 489
129 61
35 272
116 287
288 334
209 210
108 128
357 229
303 81
179 51
218 302
31 31
218 482
409 319
302 343
332 178
239 43
167 313
452 127
461 283
494 92
221 22
103 454
387 78
481 406
209 66
97 199
33 92
411 167
10 294
473 65
461 194
359 212
339 128
412 163
256 152
26 258
64 477
407 129
388 451
18 240
291 97
41 467
135 324
118 304
221 497
44 91
156 182
311 403
67 347
352 75
333 175
152 378
360 397
200 411
3 248
197 218
186 294
118 90
394 173
22 88
180 115
298 418
322 188
35 461
36 241
416 239
118 221
470 420
183 330
430 170
389 186
480 479
69 427
452 450
38 463
430 326
245 70
110 228
189 419
160 498
237 77
298 428
200 207
37 268
291 235
273 319
298 32
459 105
55 219
34 263
89 445
16 465
45 334
253 126
124 87
164 265
45 214
421 315
435 97
332 311
130 226
258 105
210 281
0 69
184 117
63 387
352 274
460 431
409 397
484 66
183 386
100 1
168 229
178 21
332 103
182 11
468 463
96 440
362 31
148 96
483 46
172 211
494 187
437 133
51 404
290 273
274 234
315 390
263 442
398 494
357 96
411 80
372 177
208 7
455 234
281 357
420 291
478 305
438 415
171 415
189 341
76 461
203 315
110 243
237 466
414 8
440 446
124 325
184 164
399 332
41 492
283 32
337 314
81 261
29 128
469 252
65 70
385 397
141 268
86 347
207 230
29 1
178 147
312 153
337 215
207 63
447 379
45 490
103 284
264 126
378 484
54 234
483 295
63 292
139 124
207 1
354 347
346 236
389 385
100 158
73 78
309 159
1 20
157 354
480 104
441 421
155 210
5 495
139 491
115 68
422 279
126 174
410 276
161 324
335 151
230 113
272 408
429 39
394 125
230 86
359 226
437 23
370 367
358 442
363 10
289 325
0 285
413 267
91 410
414 427
392 426
187 144
35 165
290 468
406 281
8 372
247 265
132 445
239 118
128 490
316 102
239 417
36 316
78 153
432 127
406 492
488 324
341 445
413 24
157 132
356 319
84 165
462 104
222 217
59 202
304 202
119 227
43 396
49 7
486 474
466 481
157 244
189 455
331 499
483 102
421 488
6 339
295 358
427 468
170 369
71 486
214 327
75 42
49 109
83 124
457 388
132 402
357 114
465 322
424 40
28 448
288 198
56 386
355 435
157 335
321 377
56 228
123 387
349 131
107 24
412 432
186 416
383 45
219 395
435 348
297 495
193 316
202 437
372 101
436 57
287 29
110 110
349 343
475 85
109 198
483 434
351 374
271 169
65 234
82 490
485 0
168 379
316 31
484 371
280 41
422 273
235 67
263 384
469 84
283 90
24 79
453 266
435 375
461 224
66 352
353 44
275 51
434 21
244 444
485 419
44 25
444 259
144 279
363 59
149 113
44 498
116 26
253 497
73 52
404 215
111 139
43 109
483 386
330 477
248 227
104 167
427 292
423 401
460 71
36 287
137 462
340 81
430 254
158 93
160 4
143 414
24 271
158 186
16 359
86 340
8 116
261 43
444 435
358 184
323 256
70 394
327 461
215 410
356 258
262 373
287 16
140 257
296 163
22 150
490 312
428 461
4 498
285 41
226 300
56 495
242 49
10 127
389 69
327 77
450 245
262 441
199 90
253 402
404 495
159 128
89 394
245 439
481 445
245 382
378 59
108 153
132 120
189 471
48 22
267 369
310 351
293 381
135 361
208 398
26 39
286 219
11 467
412 31
413 492
51 157
163 291
263 11
334 295
169 305
174 383
86 437
170 336
50 231
129 158
197 258
478 8
475 335
366 489
333 388
397 132
275 236
99 412
208 39
196 434
169 377
166 370
58 107
338 189
347 108
367 467
475 396
232 197
38 451
191 450
434 223
311 440
353 210
101 410
196 413
290 297
19 365
472 309
350 77
186 162
130 197
445 405
454 457
260 177
480 492
67 451
244 414
124 378
140 97
10 77
374 189
54 152
313 393
471 379
41 163
212 9
414 23
481 158
187 220
212 241
45 19
434 131
361 141
238 410
488 1
42 100
104 214
460 449
328 418
433 283
292 221
97 146
156 58
278 78
171 343
363 342
325 68
209 149
59 186
39 299
251 399
466 82
31 356
126 426
209 211
284 411
57 353
263 381
311 213
409 41
235 335
255 124
273 60
246 317
116 184
436 137
219 220
428 402
180 102
313 54
465 389
94 450
331 375
440 357
250 495
330 349
325 485
397 85
402 450
135 495
132 371
443 423
325 352
454 371
425 5
246 120
70 242
117 340
49 253
248 410
111 299
136 430
368 437
387 33
28 122
345 374
297 160
364 288
159 474
331 171
143 436
179 77
269 65
318 148
410 170
469 419
201 22
459 105
490 69
44 198
73 18
31 389
178 222
197 247
270 189
126 28
458 413
478 157
157 79
250 149
68 68
90 219
177 269
191 401
451 167
38 235
124 24
99 69
168 154
344 296
176 439
204 322
479 134
66 183
332 488
56 316
387 252
373 498
251 416
84 64
299 203
227 474
43 276
430 326
474 63
2 126
448 151
137 207
242 279
268 203
371 426
30 324
175 111
27 403
320 426
129 463
437 471
247 209
35 332
248 30
8 362
13 250
309 457
236 2
58 403
329 4
181 281
244 359
115 356
282 124
87 435
406 412
121 377
61 6
388 8
222 309
412 396
353 87
90 73
477 442
298 0
281 306
18 479
187 26
150 133
420 470
234 89
318 178
184 207
67 380
41 424
321 290
377 453
27 174
468 319
319 4
162 267
98 101
479 32
165 286
108 481
70 437
116 342
401 241
121 152
77 320
110 14
320 398
424 340
159 347
203 245
12 331
284 217
250 110
396 263
244 267
205 356
198 166
407 173
325 451
272 380
247 254
4 234
74 67
266 281
26 86
417 469
38 38
0 53
316 140
408 249
105 412
430 465
490 156
107 190
422 167
422 231
466 169
236 278
59 392
330 2
323 85
475 99
152 214
354 476
77 320
84 114
431 182
338 15
57 421
441 298
381 479
149 215
493 199
444 237
240 53
490 274
226 415
129 466
294 230
51 484
450 371
53 135
2 382
155 244
394 59
391 96
311 275
475 392
129 157
62 271
45 369
137 52
18 123
354 266
102 312
183 405
392 53
435 89
185 247
306 90
39 79
206 49
441 350
359 33
304 71
292 421
474 202
325 429
196 344
9 179
436 298
351 44
133 329
76 138
229 318
249 234
284 120
470 456
489 225
148 182
103 146
348 441
370 77
274 173
353 418
69 283
327 289
470 272
411 313
483 398
133 492
112 233
41 269
494 434
116 382
28 495
436 72
149 376
50 158
429 423
58 255
396 498
122 386
199 219
117 385
229 182
267 250
19 193
480 308
191 366
361 96
20 71
448 149
307 170
445 350
457 236
86 356
242 353
72 61
446 293
475 190
292 176
369 95
255 164
30 349
298 298
370 243
392 318
340 170
20 51
140 138
494 477
182 78
139 88
381 255
297 86
114 208
303 89
105 335
37 59
357 487
230 187
357 79
249 474
378 50
188 269
98 18
96 34
122 281
388 88
26 355
63 185
126 492
327 367
278 232
219 216
403 487
67 302
128 113
163 168
438 6
24 203
89 388
21 473
413 211
66 409
446 439
431 481
200 73
157 110
327 478
318 228
30 82
47 237
405 159
165 210
265 343
84 42
367 354
417 105
15 280
71 335
317 313
386 2
112 17
348 395
124 291
226 166
403 6
165 273
336 308
4 183
77 101
308 440
45 296
76 225
61 412
226 147
1 230
247 464
360 465
109 447
465 336
342 335
108 368
29 360
43 296
398 385
325 472
268 58
283 222
135 344
343 196
426 213
177 196
13 26
473 389
225 122
457 439
159 68
428 418
214 40
425 323
295 464
22 102
325 63
259 158
354 312
377 454
150 133
159 54
296 163
138 484
275 21
441 95
365 287
327 369
44 432
396 105
59 339
254 271
429 236
400 13
467 135
268 277
184 469
485 279
116 480
1 123
70 243
30 295
164 436
368 210
167 61
400 116
387 226
463 155
20 168
304 363
141 340
309 72
204 325
157 294
417 320
63 10
305 340
276 94
156 322
383 496
112 323
49 283
290 352
372 364
228 311
151 176
101 221
398 312
459 305
125 55
65 228
68 40
486 371
45 344
192 142
465 428
63 157
9 367
231 206
369 381
410 311
32 372
184 11
316 430
337 143
372 293
333 403
126 292
137 320
314 171
451 181
338 132
499 14
72 199
433 82
394 441
313 343
354 426
209 498
493 22
315 46
301 217
10 0
172 279
302 499
180 487
119 253
120 19
218 470
52 192
134 151
346 298
77 299
297 52
74 286
184 143
360 241
94 338
117 370
369 266
105 272
25 402
421 76
46 497
42 491
495 451
249 28
327 193
246 326
464 477
120 320
414 1
339 480
203 8
126 308
80 72
326 232
308 458
307 99
91 355
158 349
229 438
131 407
86 57
34 377
50 50
403 6
486 464
324 242
403 189
114 450
182 335
293 292
392 491
198 453
302 483
273 356
115 32
441 256
134 201
104 327
333 36
0 7
102 171
213 176
126 357
192 179
471 161
4 338
291 363
198 202
410 445
329 471
228 377
431 270
449 214
250 387
394 282
454 102
130 348
57 19
198 256
417 250
440 169
33 421
475 231
28 83
407 237
115 358
480 135
201 46
433 282
64 303
257 179
380 370
389 387
495 289
39 87
109 413
186 331
414 494
77 162
399 443
153 484
471 366
264 485
267 24
327 49
81 184
54 436
175 461
102 296
235 171
436 494
325 344
190 122
136 240
35 268
104 388
254 188
25 76
452 371
420 293
477 132
68 1
314 383
31 96
267 417
411 267
463 55
177 88
328 154
274 314
54 215
255 378
306 308
179 281
426 259
391 452
453 403
138 311
407 120
389 170
289 26
81 300
240 252
258 111
425 421
136 32
411 479
139 392
173 69
180 171
123 451
206 71
235 428
400 344
366 142
21 289
441 155
408 102
213 182
103 166
51 490
321 239
483 314
383 313
484 8
459 64
487 459
239 165
362 222
217 140
429 228
384 90
192 223
405 144
162 258
100 360
451 213
27 422
87 435
443 263
327 423
382 255
420 166
241 473
113 134
363 458
400 395
118 99
243 92
202 375
235 405
471 303
77 186
121 498
261 16
439 417
24 440
107 321
146 296
431 348
158 260
7 294
245 58
2 125
352 488
245 57
360 87
125 68
419 289
305 99
16 180
473 244
417 392
188 80
280 415
175 119
265 438
348 34
159 10
350 350
407 363
450 448
16 119
260 76
175 435
468 417
13 43
287 441
373 282
198 475
95 153
443 225
260 212
223 143
345 271
135 425
373 105
76 437
13 242
29 337
106 40
435 349
290 120
402 222
50 15
20 452
178 497
209 463
458 290
61 284
210 304
409 196
134 435
29 485
174 499
392 411
260 281
401 179
254 403
418 155
460 304
153 439
254 138
428 362
147 213
369 341
38 209
496 278
115 24
375 26
437 290
71 119
151 49
452 324
331 405
61 371
162 291
281 214
428 268
333 209
51 75
136 202
480 441
317 133
159 96
238 192
164 448
497 309
485 315
72 450
173 316
460 133
199 187
455 241
451 127
203 289
491 354
147 191
324 324
272 464
8 483
283 10
171 172
339 281
83 156
324 411
44 256
295 284
26 95
223 250
391 329
35 278
469 383
59 182
498 294
129 331
193 6
31 413
46 364
372 222
134 129
237 48
185 30
126 32
134 63
244 349
479 26
261 279
313 448
242 320
3 311
169 224
137 196
412 52
275 183
164 136
36 409
291 401
285 221
136 417
118 419
445 380
11 97
46 58
378 324
487 140
364 233
281 9
413 353
388 45
181 188
449 52
305 218
291 241
158 442
362 428
160 277
226 159
218 172
348 272
413 448
182 188
49 129
335 463
9 462
151 223
128 42
112 452
193 285
228 256
36 204
333 90
101 196
220 59
184 319
120 421
461 449
78 302
117 10
472 413
489 478
373 123
428 117
254 337
93 121
177 482
424 129
178 362
274 26
197 250
171 458
407 317
471 132
142 337
103 441
271 467
90 92
61 144
482 370
344 315
150 427
57 21
384 74
452 87
337 158
468 150
319 361
345 375
212 143
84 488
307 167
259 207
204 249
120 172
340 38
465 464
485 490
64 374
461 221
231 369
19 151
12 199
426 190
333 357
197 491
158 269
477 4
254 418
90 181
219 374
338 282
272 184
411 175
249 189
58 372
375 480
32 429
119 387
97 458
449 453
222 294
151 108
378 199
232 257
483 320
103 451
488 321
348 375
64 399
123 97
430 474
403 499
386 462
272 23
328 335
482 222
182 402
454 133
242 60
380 186
490 225
398 483
211 478
229 246
196 127
102 352
351 126
440 357
232 90
425 212
286 60
315 407
392 468
28 269
307 134
359 409
244 297
127 257
356 455
83 356
209 52
30 37
394 60
2 322
34 127
39 428
187 173
141 354
123 80
66 170
431 431
80 278
35 27
335 208
64 243
295 270
307 273
186 177
499 53
180 188
468 34
207 72
426 156
88 200
222 402
333 6
284 5
33 265
473 320
63 368
138 38
163 211
388 297
350 201
390 388
274 383
455 210
218 333
385 381
283 306
313 108
113 468
234 97
269 498
366 59
97 185
396 356
153 113
314 136
376 4
239 56
267 150
335 194
427 485
292 221
181 211
31 457
406 294
293 117
177 176
361 11
368 126
239 109
245 373
229 406
462 122
124 468
14 229
215 312
33 442
5 359
168 214
360 36
6 74
102 5
17 35
161 315
276 237
462 253
159 22
496 192
12 473
203 472
284 27
469 270
481 317
383 326
214 1
427 244
249 220
255 30
197 118
207 269
374 474
348 170
214 385
358 344
168 226
105 413
35 453
270 426
252 16
369 6
250 467
187 297
179 351
470 295
416 376
202 177
199 142
27 50
246 413
140 237
151 415
220 97
24 186
55 490
348 276
243 424
73 98
302 283
430 252
481 124
153 198
340 35
438 353
266 219
456 36
303 258
356 107
146 23
366 380
8 53
477 214
165 252
387 403
7 467
443 317
367 488
376 96
449 207
426 314
350 68
326 382
342 154
177 34
414 340
393 395
110 423
27 370
125 275
94 414
83 133
121 37
133 450
9 349
163 435
3 287
21 14
20 181
216 363
203 49
445 482
405 448
171 407
34 284
50 296
429 128
17 485
287 403
252 150
437 296
83 416
282 440
474 105
320 154
203 190
172 376
324 0
407 430
66 495
292 441
421 117
102 73
476 438
441 242
38 229
497 230
23 474
431 131
285 497
187 251
479 488
341 211
493 156
151 248
42 60
29 295
369 315
106 483
225 345
426 47
129 116
90 275
406 152
149 373
476 191
180 188
252 456
112 373
473 245
157 115
411 367
183 38
22 280
477 289
188 99
215 256
31 317
470 157
30 438
129 471
160 7
463 161
34 412
9 427
42 8
227 167
205 305
85 410
51 79
179 415
171 239
409 246
404 54
492 231
202 286
293 122
135 362
126 108
387 22
382 136
155 430
235 109
20 212
292 173
440 423
15 323
69 463
17 424
7 325
112 10
484 209
424 257
218 471
493 402
38 105
387 375
485 45
258 123
148 357
280 402
225 88
51 147
71 146
324 420
430 430
140 288
45 266
90 416
318 115
221 83
311 209
254 108
83 148
357 12
414 231
171 489
137 491
490 74
347 60
491 314
102 129
396 131
399 499
115 486
421 217
278 188
296 232
380 33
397 232
315 237
227 164
155 339
413 216
276 145
311 260
390 267
250 265
117 138
476 149
219 84
272 397
482 497
30 420
4 214
304 428
92 320
159 31
99 99
97 424
37 375
143 408
26 279
269 393
395 143
227 245
494 114
111 351
123 328
43 494
274 128
448 347
230 218
317 459
235 329
204 414
175 272
403 347
93 53
196 172
269 488
102 275
478 116
444 65
59 101
229 487
186 333
403 29
340 416
245 221
487 76
348 302
1 14
67 104
128 94
434 115
390 398
366 388
454 220
322 310
150 365
51 403
285 336
105 454
27 125
201 202
4 15
29 402
6 6
452 97
212 486
384 239
127 455
175 250
413 81
299 349
105 415
251 350
156 390
367 356
411 184
199 69
323 415
273 80
29 181
167 78
317 94
401 404
6 444
378 428
130 271
186 177
379 235
477 438
146 387
71 344
265 409
325 122
55 440
121 98
28 84
30 141
45 345
290 431
360 403
175 168
197 490
77 361
151 428
315 54
250 150
59 239
213 16
308 236
187 268
205 430
423 215
61 235
167 320
223 203
223 379
221 250
112 420
200 298
204 115
117 367
458 454
322 177
413 172
440 131
413 452
168 145
381 336
8 229
432 400
131 231
334 155
427 352
150 298
413 479
346 354
308 31
60 305
329 483
114 325
278 269
267 27
363 298
379 0
252 371
454 163
170 383
235 288
438 97
428 237
91 352
235 274
431 251
234 147
324 260
382 200
227 454
252 149
1 442
165 131
294 253
136 120
260 316
413 223
460 51
403 193
320 403
6 490
489 251
364 241
293 313
120 246
247 21
463 372
356 248
353 129
101 2
319 489
212 213
264 84
278 172
427 19
361 98
201 433
26 202
368 417
15 320
341 488
212 262
362 156
137 420
275 67
56 90
156 94
30 120
144 272
292 160
110 71
5 5
60 164
81 383
203 428
268 97
211 396
53 480
253 426
493 42
133 28
474 402
22 141
413 4
17 19
442 57
63 127
143 299
183 475
403 225
174 386
283 171
3 385
163 188
82 256
284 157
59 215
356 258
115 433
304 122
179 132
111 247
46 94
69 107
332 81
320 472
495 6
243 103
143 499
255 407
416 225
293 40
150 327
112 1
123 265
249 417
16 303
249 213
320 414
496 319
143 152
10 316
271 139
138 105
364 266
343 393
285 132
459 136
490 436
201 424
341 113
268 451
16 209
475 18
189 336
340 323
491 332
471 202
307 114
380 461
355 24
156 76
212 140
76 116
40 54
20 130
433 233
294 288
158 449
285 269
445 199
32 125
327 436
51 355
317 486
10 283
359 24
164 167
135 424
330 93
223 27
260 350
139 156
105 406
175 149
349 242
219 472
409 233
88 398
384 312
447 405
429 247
414 159
435 446
39 401
428 265
116 114
122 40
446 107
256 79
321 473
446 457
190 40
438 207
19 279
36 174
421 318
477 318
264 187
440 412
30 155
121 368
408 146
105 243
322 354
180 361
171 143
35 126
185 361
492 325
499 204
374 381
199 273
312 352
116 315
470 253
121 498
144 91
334 382
88 101
315 8
151 268
246 486
199 38
363 431
487 192
73 362
487 362
66 124
439 300
53 34
33 409
352 26
408 29
131 38
46 497
265 446
284 49
87 364
295 483
27 450
164 135
497 452
76 152
452 415
301 15
276 357
383 186
216 480
18 292
141 199
497 416
465 258
122 281
116 404
206 270
405 144
96 371
375 254
21 173
40 179
36 322
9 317
149 271
63 77
128 168
436 204
315 125
258 254
158 437
207 226
370 217
88 464
218 319
344 315
494 239
414 384
53 382
153 423
352 203
223 69
273 480
457 159
413 440
378 67
293 424
141 437
402 16
187 81
396 120
212 31
415 390
272 478
401 469
172 277
346 105
437 395
406 472
412 246
313 172
96 290
228 458
326 89
22 482
454 13
44 418
160 166
144 460
281 284
61 397
354 453
200 408
380 291
37 106
278 292
435 202
161 226
167 163
497 339
353 189
459 451
470 397
209 119
255 114
364 490
295 317
77 218
362 347
454 309
101 399
102 84
311 36
51 115
454 478
20 400
352 159
57 479
99 322
288 118
109 354
23 152
223 256
104 452
261 437
336 410
494 363
251 290
257 157
136 155
55 64
223 156
487 259
81 132
251 86
293 370
374 212
468 168
121 449
386 424
334 382
97 75
217 329
486 201
208 327
391 474
482 115
375 466
99 470
408 308
30 202
414 53
74 405
206 234
159 195
429 445
20 345
26 379
432 89
416 365
339 140
107 159
126 174
496 334
143 77
279 256
310 173
430 45
131 236
431 489
434 290
488 212
443 306
247 14
379 375
367 16
175 71
245 475
309 153
82 93
349 304
478 213
258 11
247 260
249 390
32 30
243 35
193 20
387 38
414 441
457 266
189 133
108 484
490 286
379 270
74 72
286 229
240 404
17 44
286 340
370 118
154 319
191 465
4 347
288 78
197 270
403 97
82 386
173 364
134 72
496 404
133 60
465 282
179 226
66 482
100 465
284 436
402 106
306 328
406 258
28 446
44 455
342 283
147 478
50 367
271 133
194 46
181 257
335 11
345 360
325 401
189 297
404 462
290 443
201 62
8 48
4 81
217 52
30 198
417 216
350 432
331 188
297 396
259 12
224 132
385 456
253 49
363 75
370 9
71 5
406 424
5 80
484 262
460 74
291 367
299 377
417 493
389 130
494 215
199 0
456 218
120 85
160 61
423 335
193 30
306 346
278 99
361 312
238 263
130 173
50 29
22 281
264 319
386 263
115 258
329 86
171 423
485 301
136 183
65 408
106 181
280 372
36 385
148 493
166 274
304 130
411 216
388 178
294 175
286 274
360 409
333 467
268 383
66 170
430 256
438 132
4 36
421 70
64 40
166 69
51 230
299 470
1 463
490 187
313 295
56 128
95 174
409 241
411 215
472 476
460 341
230 262
332 464
356 151
73 396
127 22
345 124
439 278
465 346
493 282
410 130
156 401
143 6
221 66
42 54
248 45
307 2
318 478
481 492
388 174
48 54
31 367
145 393
91 322
104 462
445 436
338 15
21 101
167 481
387 94
140 61
63 487
465 299
291 233
259 299
205 32
399 308
53 236
59 397
211 497
285 15
30 156
110 123
456 403
350 277
339 196
183 342
141 254
488 149
300 285
317 247
407 5
242 68
465 461
310 153
20 29
37 95
219 51
306 499
277 27
223 156
498 468
222 407
408 492
277 210
310 208
65 94
162 217
30 307
312 480
361 340
436 333
236 250
250 7
386 42
51 27
495 110
369 401
393 69
132 129
189 170
264 442
11 254
414 279
111 42
382 78
411 472
222 170
177 499
394 472
351 416
26 445
346 198
268 247
228 92
262 252
194 269
23 379
10 57
99 289
368 121
93 334
4 131
483 167
492 34
450 377
174 343
394 328
427 20
112 14
266 155
276 227
458 312
369 151
441 468
89 321
155 161
292 34
201 11
397 275
4 193
389 199
379 178
51 283
149 306
313 15
242 415
227 89
241 52
20 448
269 34
195 461
495 276
140 339
467 49
94 389
89 471
2 335
470 320
127 53
68 119
386 292
234 163
215 113
414 327
213 88
49 35
312 408
99 397
298 304
193 418
242 244
80 134
455 244
297 402
22 434
78 217
380 408
374 312
491 448
36 140
175 204
464 85
334 487
143 416
334 484
229 189
323 76
320 161
63 130
416 469
187 85
346 495
159 67
367 72
212 3
207 403
341 387
227 24
440 175
160 222
411 274
351 241
402 87
217 23
493 465
403 486
481 32
451 101
25 492
495 319
222 237
476 55
79 63
91 55
130 371
145 103
344 41
128 348
224 98
63 198
36 217
101 318
419 17
361 52
371 296
33 209
264 94
9 362
269 195
66 100
55 399
293 63
264 251
349 273
471 488
57 265
83 7
376 158
210 355
151 90
299 82
28 37
251 63
110 37
490 20
272 28
91 45
149 65
338 355
343 498
263 162
21 400
58 199
406 398
488 121
203 409
446 139
54 231
120 49
70 164
192 110
8 194
259 135
491 157
7 449
111 186
439 123
322 133
383 349
470 80
489 223
362 25
256 288
337 416
432 229
191 259
453 476
111 199
208 64
14 454
141 68
191 477
462 432
281 365
445 345
420 104
129 434
74 134
402 238
467 412
171 334
310 158
210 477
41 274
228 270
338 407
237 369
301 29
394 199
397 435
39 191
478 317
304 168
406 52
464 206
393 225
236 488
465 55
329 446
216 358
118 58
279 407
436 355
54 433
368 183
226 303
473 259
279 204
257 277
335 186
263 73
61 228
284 499
297 378
237 113
23 366
273 207
62 303
236 61
96 468
272 456
215 323
27 97
374 494
32 136
210 209
290 148
147 123
2 74
39 445
311 91
298 63
218 436
497 212
180 306
262 94
269 304
401 329
175 296
433 127
337 60
208 495
118 479
53 207
4 472
415 444
359 167
103 213
277 77
235 453
399 458
114 497
178 168
316 16
143 206
266 101
96 332
311 326
33 67
39 216
161 390
57 455
20 372
302 13
466 298
108 37
387 217
385 222
90 65
123 201
155 234
418 389
67 251
170 230
298 453
343 210
17 311
184 400
265 389
39 486
375 231
300 147
222 262
180 185
239 312
398 303
45 394
497 169
251 112
65 168
230 49
213 260
13 99
488 397
235 278
362 380
27 110
373 162
200 101
266 405
208 439
185 16
185 253
218 34
202 288
338 283
396 284
383 51
300 409
187 224
104 387
497 401
64 483
85 222
127 264
55 203
219 188
441 92
126 257
45 11
147 181
317 235
138 43
452 201
277 290
177 491
245 381
364 27
249 309
425 301
356 229
417 332
424 428
185 210
222 402
83 82
170 221
264 401
454 308
99 68
411 231
464 128
155 156
317 180
482 405
486 242
426 190
118 255
317 350
105 155
238 391
112 40
441 408
68 376
296 247
330 19
148 208
364 294
475 303
60 34
276 309
499 398
153 55
405 470
125 471
362 10
51 363
123 475
203 344
444 44
63 0
208 274
421 63
219 424
458 248
409 279
178 87
142 408
378 183
154 399
262 356
219 369
196 165
361 195
239 399
251 305
432 154
218 459
236 205
453 437
68 46
133 362
122 98
282 127
27 353
209 288
9 289
454 280
475 205
457 167
473 66
221 208
20 257
462 291
80 256
302 267
129 148
99 288
415 103
308 233
21 442
83 17
150 383
88 389
57 477
44 45
254 382
139 117
260 274
382 453
220 340
340 36
324 201
304 439
172 92
386 113
482 46
429 470
211 132
110 17
415 120
2 6
475 21
147 493
446 235
75 29
417 166
219 415
207 242
334 24
489 379
425 72
42 471
104 354
224 106
226 66
424 491
12 81
74 399
134 159
188 373
391 61
328 105
199 111
135 35
415 385
458 124
447 192
399 352
310 403
469 475
466 37
470 393
292 478
137 396
269 278
339 177
134 161
124 20
55 186
423 111
87 322
15 381
86 34
438 414
389 396
285 407
153 207
185 107
4 445
76 174
203 273
286 267
287 337
375 410
21 195
17 299
32 108
495 32
298 470
219 433
192 39
246 4
464 345
143 283
309 468
241 71
338 12
202 380
142 126
173 77
376 16
124 190
75 261
231 471
404 373
265 450
307 449
294 363
147 271
239 289
360 308
321 332
212 199
177 23
100 207
223 350
40 329
90 199
171 467
341 173
124 75
24 458
321 431
54 171
460 320
129 293
477 321
372 302
325 190
397 401
251 277
458 472
171 143
111 400
74 342
270 304
114 198
481 146
317 435
108 35
180 130
303 89
243 157
199 175
76 68
197 448
420 179
174 156
408 92
434 285
441 482
32 204
351 55
343 13
400 20
2 303
244 80
90 305
332 487
407 289
238 260
439 104
112 158
102 466
103 21
3 37
93 45
452 388
401 296
169 147
450 154
234 171
477 46
33 324
466 309
422 440
397 204
214 361
179 9
382 169
58 283
328 238
126 151
300 132
280 379
33 469
140 82
129 120
296 117
279 14
455 262
318 201
414 204
65 385
54 94
377 448
38 464
115 57
41 164
395 415
236 173
256 429
401 377
346 237
251 197
312 477
178 58
262 482
219 445
391 180
128 273
237 120
29 166
182 205
472 70
244 77
358 209
438 352
89 111
161 284
262 192
251 473
307 292
237 365
45 27
152 480
100 25
43 390
447 129
52 77
155 271
480 296
0 365
477 270
55 89
133 138
463 169
461 384
102 270
297 51
383 499
377 450
192 484
465 420
350 491
262 369
17 357
222 95
365 17
458 51
41 272
441 92
476 4
127 255
158 430
282 276
226 41
377 159
431 270
261 195
64 133
490 376
323 434
451 213
116 188
313 410
2 158
14 106
361 330
113 141
418 371
265 395
406 496
119 494
189 189
323 232
108 106
40 313
378 431
472 343
253 495
153 285
391 255
86 167
161 105
328 51
446 79
427 93
440 204
393 46
279 481
87 68
382 239
171 479
323 112
107 143
280 76
184 112
280 23
480 122
173 293
372 309
254 471
175 151
198 194
176 420
489 329
68 115
447 223
335 239
234 270
198 295
407 366
242 382
356 39
332 222
383 29
0 56
208 138
184 27
448 258
87 212
180 289
364 155
247 127
397 51
346 333
200 447
330 254
293 442
16 186
68 126
182 400
390 420
300 242
0 426
139 100
389 87
95 171
298 253
304 194
27 47
494 3
257 79
373 176
215 402
28 390
142 283
55 63
305 32
458 355
455 158
245 449
120 196
301 192
386 270
317 106
461 414
345 164
340 218
120 219
461 55
190 1
416 103
487 246
453 221
379 445
247 261
457 477
21 219
490 259
217 408
174 159
323 178
248 371
90 164
71 368
221 403
6 262
360 137
211 493
291 313
74 442
419 38
109 384
143 293
201 99
111 212
390 227
98 434
450 138
358 41
444 22
136 432
69 303
148 496
161 280
223 439
329 236
472 494
287 439
390 115
179 340
67 1
288 69
59 18
59 90
464 269
201 355
158 100
448 123
403 159
98 110
198 478
325 280
71 170
137 112
305 461
315 316
237 372
242 455
45 296
417 153
9 10
462 471
94 19
178 263
373 349
328 129
261 71
93 153
117 332
145 230
46 422
147 312
267 283
431 389
43 165
27 200
171 404
423 341
104 265
115 454
83 477
400 443
448 196
28 493
75 65
340 25
338 473
256 487
376 457
122 39
240 271
175 149
343 411
29 451
405 447
425 144
439 340
36 177
23 239
156 416
441 98
72 496
483 279
89 180
72 212
483 211
213 312
75 11
462 56
355 456
452 219
59 280
310 391
482 95
363 333
283 139
135 304
436 355
388 119
331 25
88 460
124 166
177 153
61 51
8 491
210 417
49 460
204 269
216 359
44 186
177 79
236 328
35 313
284 172
49 423
235 467
485 137
143 359
411 15
6 204
121 271
231 217
338 23
382 287
326 407
338 279
107 3
168 74
98 494
418 304
271 147
137 153
365 109
124 280
336 276
47 130
199 458
333 130
418 390
149 67
346 244
99 487
414 453
448 268
72 364
12 218
223 196
157 1
133 88
216 281
263 469
279 115
98 315
205 112
180 16
112 206
45 26
332 63
183 311
176 132
202 108
304 40
41 425
366 313
94 26
495 434
50 357
172 275
239 148
16 229
287 271
150 480
43 333
144 482
466 79
187 320
360 20
297 343
156 253
279 163
98 250
459 127
254 0
0 484
65 493
265 16
348 353
186 415
249 243
322 330
3 67
87 9
352 363
469 384
400 360
110 100
227 350
350 422
258 481
475 350
218 323
176 92
359 66
309 362
45 108
27 484
493 48
263 114
350 198
58 84
185 102
452 21
295 412
246 302
4 53
376 221
165 222
288 53
267 24
484 450
434 164
64 363
329 279
477 180
264 179
282 388
261 301
214 86
241 56
461 312
33 245
468 337
242 50
426 108
410 362
378 410
273 344
476 443
123 102
133 305
45 239
41 267
206 306
214 107
419 447
192 175
365 304
206 12
121 107
321 132
394 383
80 200
143 19
473 56
361 118
209 458
226 259
65 250
209 432
231 132
307 480
284 423
436 24
484 342
474 409
292 305
357 368
239 224
280 0
470 212
171 494
253 180
282 249
33 170
302 344
324 264
187 462
486 461
303 475
236 470
276 130
350 29
253 133
486 90
302 386
232 308
340 325
74 485
155 475
319 459
223 458
420 495
456 263
238 258
229 112
242 475
356 357
342 92
34 461
199 180
489 189
14 431
416 181
156 441
252 424
234 475
471 476
239 6
264 279
243 329
156 493
202 485
430 364
178 45
225 316
5 229
161 66
248 372
165 429
205 404
232 417
245 439
445 55
334 336
18 62
407 78
415 26
391 110
7 197
14 421
150 232
299 371
95 311
93 47
303 112
30 298
238 35
90 127
464 35
97 277
207 334
360 357
467 474
24 103
24 474
58 390
261 175
338 357
256 209
321 283
82 60
447 351
331 172
207 390
19 147
481 157
14 226
52 193
297 333
159 76
466 321
348 217
427 80
289 39
322 183
95 110
314 256
428 43
285 497
144 488
497 304
382 477
170 11
196 434
363 319
141 355
72 181
261 341
232 351
35 402
13 407
163 482
377 179
176 92
432 162
318 172
149 429
292 200
135 171
491 340
195 350
31 484
177 119
471 293
195 410
317 358
192 60
91 480
424 70
84 119
291 208
137 403
103 292
464 281
121 90
440 307
291 168
288 472
117 468
378 111
321 164
77 47
28 13
435 168
140 304
13 20
423 431
224 2
136 378
469 40
347 257
426 261
85 138
458 66
29 202
219 189
236 202
67 296
316 116
421 3
23 456
388 286
140 298
176 464
356 276
386 497
259 55
45 164
82 196
399 3
192 463
165 470
266 429
397 232
87 82
391 170
308 462
260 131
447 449
77 289
138 303
210 315
331 249
446 255
258 413
228 197
167 303
84 245
330 433
367 481
152 417
380 110
241 460
261 492
281 188
343 191
6 272
21 53
308 338
103 467
164 419
74 184
429 183
116 158
491 259
177 336
446 143
456 409
401 188
228 217
408 35
307 72
477 267
457 328
148 138
57 412
96 164
348 131
141 26
285 316
4 132
128 314
223 451
491 436
153 125
160 71
495 414
33 319
147 473
111 490
402 147
164 20
3 351
377 12
180 144
128 14
329 185
488 108
44 52
29 331
254 50
464 41
360 250
223 349
191 360
7 186
206 445
296 171
35 209
205 173
188 68
253 185
294 369
421 93
276 338
388 303
344 30
132 204
53 205
65 207
393 96
42 424
96 99
160 338
12 483
51 217
403 52
421 156
101 197
387 194
497 377
260 276
332 194
399 392
452 238
334 316
240 345
297 376
215 188
24 309
27 79
483 75
232 282
479 404
450 185
63 218
346 448
494 175
419 179
417 393
61 371
69 103
480 153
194 366
175 47
478 218
293 54
336 313
217 377
63 315
386 19
319 478
5 232
411 313
58 424
148 180
284 119
125 217
435 116
15 319
37 110
165 345
158 330
60 353
21 227
246 123
101 407
139 66
231 106
382 51
83 290
261 382
99 219
335 386
205 34
497 202
47 242
425 14
367 205
432 485
108 388
295 179
97 61
19 435
338 328
118 401
284 421
493 232
118 235
122 328
31 176
418 119
485 78
136 195
180 352
93 68
99 140