500
303 51
276 170
413 384
336 299
231 24
242 357
350 49
205 313
439 239
97 166
338 251
149 322
246 308
300 406
342 410
313 385
407 145
382 90
241 320
196 70
280 324
225 290
455 130
221 430
97 395
498 318
140 287
95 0
258 387
149 247
133 101
98 462
404 40
213 480
403 145
469 261
52 183
165 47
477 359
254 386
56 426
214 253
105 197
84 161
261 363
316 233
47 394
286 415
247 452
449 351
465 150
185 419
318 369
228 202
440 295
74 483
88 497
46 140
301 45
408 130
215 62
308 77
492 114
66 447
298 239
242 16
287 115
484 279
482 105
252 213
48 274
271 326
466 488
385 169
299 120
34 293
370 366
333 195
142 214
306 399
415 292
408 48
327 202
159 244
457 161
436 412
238 357
197 59
229 57
177 82
228 380
99 63
258 450
165 432
183 252
45 471
371 99
153 305
49 198
212 313
77 359
216 0
59 315
372 266
348 140
373 401
317 428
379 472
256 427
180 396
367 439
390 77
382 90
140 44
209 283
142 352
352 286
453 211
477 264
404 326
79 177
106 277
101 248
176 485
381 357
149 208
285 100
190 39
83 19
302 182
35 144
430 445
156 239
3 384
62 485
162 408
37 493
242 268
105 491
348 270
478 338
290 349
389 263
134 332
15 324
469 436
233 50
289 399
135 241
226 145
405 49
43 241
9 294
285 137
259 467
305 134
335 237
352 96
280 224
49 486
422 295
197 18
269 156
397 339
484 257
306 476
217 389
183 201
190 78
45 469
455 449
38 203
151 290
367 390
376 431
227 416
286 151
159 276
115 55
312 56
384 99
340 471
24 101
32 376
197 215
16 429
132 4
146 55
445 135
419 13
281 174
325 146
422 67
123 484
392 390
489 287
110 277
230 182
58 135
202 114
44 107
111 70
125 28
164 109
123 423
97 83
81 404
324 274
110 355
245 447
86 2
131 87
121 49
36 214
328 31
138 238
308 224
253 101
210 286
209 269
352 185
442 158
284 285
492 266
65 394
396 90
29 3
52 380
94 150
181 88
178 274
499 171
124 339
125 252
21 186
372 186
196 225
362 166
432 480
374 354
444 497
352 122
2 473
475 405
345 448
223 8
31 24
215 222
326 155
342 192
378 199
424 66
232 426
406 138
492 164
13 132
254 289
114 217
122 257
205 90
450 320
196 280
354 482
137 411
103 180
379 479
397 333
259 155
293 129
145 17
149 138
279 10
228 403
12 393
335 202
22 70
202 286
268 70
481 57
237 405
237 436
269 469
476 486
116 380
249 270
260 113
124 398
154 39
432 204
406 18
440 120
406 281
351 143
200 26
431 185
121 437
258 20
359 243
475 235
357 475
440 225
123 117
156 64
120 129
148 440
60 379
160 88
83 318
344 363
400 283
73 128
0 374
117 331
418 359
186 92
317 275
392 127
43 293
274 400
193 164
43 274
215 105
424 55
270 298
82 120
248 171
45 7
190 101
460 162
106 109
384 499
126 276
421 129
381 21
185 195
470 74
32 80
135 37
335 308
428 406
429 269
276 29
130 474
488 467
76 442
293 446
222 312
441 419
441 495
43 323
249 478
59 13
50 281
441 46
452 237
7 370
251 381
207 283
250 381
175 195
142 178
491 469
240 216
212 284
459 33
364 107
120 61
194 423
469 22
111 136
6 274
7 118
254 257
490 215
262 356
35 17
338 256
473 378
14 431
464 37
144 474
35 328
103 116
490 81
217 425
199 101
72 75
332 58
125 326
182 174
44 388
144 69
447 382
165 117
6 462
288 482
310 2
118 175
256 266
191 460
62 474
401 242
152 486
312 86
260 278
166 346
416 156
391 310
280 215
29 56
38 138
141 169
344 201
319 259
220 453
279 10
104 134
120 180
266 256
34 284
130 379
35 52
215 398
466 278
335 495
133 495
165 225
426 274
386 361
314 245
107 458
92 93
126 63
172 64
200 392
123 206
111 182
81 159
437 326
173 47
394 124
350 306
433 411
273 128
226 171
129 439
385 185
249 73
137 11
255 421
479 189
371 379
390 90
268 452
351 179
304 441
100 98
9 6
486 385
56 134
426 212
398 185
258 311
174 499
420 247
436 281
12 251
342 307
112 402
82 462
404 315
413 238
96 4
389 275
261 434
147 297
482 187
350 397
248 240
339 376
158 168
271 275
82 170
425 465
428 46
362 359
449 332
188 127
402 397
331 429
226 16
203 330
79 60
152 406
134 327
347 491
266 144
167 119
84 200
99 92