5800
104 44
367 388
467 6
277 7
221 383
468 352
460 471
382 316
148 443
455 475
379 439
359 295
265 213
379 498
204 385
281 218
458 160
167 149
8 277
160 444
149 229
201 480
297 109
52 435
410 445
236 360
155 141
354 95
93 421
158 234
304 297
310 291
440 115
392 477
421 300
30 53
33 70
32 83
18 330
128 84
444 280
422 364
460 452
225 276
362 405
55 383
174 167
282 365
342 467
267 174
227 115
38 149
232 113
295 70
154 102
235 423
140 451
403 157
285 452
357 480
215 148
167 412
277 241
208 449
475 471
87 328
329 55
168 477
47 62
16 463
387 53
4 251
260 379
331 259
239 46
46 188
453 454
196 213
14 82
54 256
436 489
44 493
470 266
180 212
28 369
422 196
300 415
294 427
38 60
458 477
165 278
84 356
69 470
53 132
389 435
425 459
304 325
91 469
34 274
495 123
320 62
329 417
196 472
384 475
452 235
365 343
199 469
440 449
82 121
56 493
452 323
0 333
155 256
382 444
67 189
103 377
146 239
211 432
407 343
430 96
291 211
180 295
96 342
315 120
465 178
353 372
57 269
25 354
298 212
401 259
488 365
105 4
288 135
330 168
264 47
258 112
407 55
250 291
263 3
34 65
289 229
498 239
93 347
59 376
487 391
109 313
169 476
463 66
234 458
357 145
257 499
406 468
259 16
371 8
74 374
103 257
497 363
210 454
182 90
334 122
435 21
497 295
361 104
414 312
309 95
446 272
240 418
434 205
213 351
225 158
415 287
3 181
487 412
355 65
187 169
190 41
336 474
431 40
204 197
292 345
469 366
284 91
296 61
412 71
229 9
149 138
171 144
409 152
217 158
179 116
157 257
231 221
113 493
190 162
360 318
36 334
425 329
391 320
243 73
83 155
145 324
321 84
236 316
474 230
346 305
62 153
227 3
348 294
308 340
10 390
76 168
350 46
219 354
427 93
248 314
139 362
446 394
210 460
42 34
340 37
42 388
243 402
48 269
462 443
333 209
377 472
371 409
263 79
172 90
404 43
405 421
167 395
355 204
238 377
266 397
137 78
333 161
430 380
175 233
442 392
217 8
270 172
251 88
178 385
428 424
197 434
330 186
390 364
93 37
435 128
59 360
21 72
305 392
477 303
48 480
341 420
444 265
353 463
348 47
471 383
169 129
315 20
384 351
389 57
185 478
190 324
248 96
488 63
366 405
238 466
238 266
31 431
394 34
81 236
119 94
223 405
425 141
492 390
447 310
140 381
205 485
81 182
245 306
211 422
240 463
230 449
380 330
364 113
350 126
221 445
350 321
462 296
187 276
438 455
336 486
323 430
112 394
200 405
179 357
172 263
65 419
101 402
16 297
424 465
262 366
39 497
293 465
241 2
457 480
467 31
461 145
39 290
47 425
282 91
355 78
349 454
209 272
69 450
267 77
295 493
342 30
495 334
336 136
116 88
471 145
291 435
78 284
209 330
422 477
56 343
149 129
401 405
208 358
435 470
316 475
357 230
65 158
294 352
292 253
399 263
50 115
399 190
372 128
458 108
303 146
275 14
271 453
163 176
499 479
455 99
181 167
325 312
17 98
352 472
87 161
277 103
145 137
118 176
137 17
164 76
442 292
245 291
468 213
193 409
360 319
486 0
164 41
140 163
487 181
195 344
299 74
64 472
0 444
313 182
258 489
282 329
121 200
265 27
288 441
260 458
310 148
190 98
261 475
8 182
378 101
175 203
175 177
473 91
273 28
17 286
116 383
83 299
179 237
178 201
159 467
116 290
388 322
297 158
192 1
102 157
361 70
99 130
221 388
416 424
210 347
230 434
85 178
267 166
367 264
232 297
87 378
200 200
358 327
329 349
7 402
324 283
265 368
256 423
199 339
186 173
459 409
440 416
82 44
309 207
357 449
180 393
93 444
272 380
230 303
205 453
88 237
457 29
304 354
193 65
238 3
264 231
147 197
94 56
264 82
383 403
296 121
417 63
444 241
396 41
346 26
115 101
482 435
141 424
489 138
493 334
65 228
277 109
166 64
498 371
126 430
403 382
297 274
367 172
214 93
119 263
216 60
347 86
10 50
188 488
322 0
80 33
143 239
156 209
433 309
239 154
388 59
186 494
166 186
279 53
169 232
293 251
337 385
436 140
481 348
200 476
10 303
395 280
489 153
462 403
57 274
334 53
47 446
484 372
277 65
298 263
14 446
332 443
435 352
52 120
96 416
72 252
384 106
259 319
222 225
0 221
126 279
77 186
58 173
239 61
325 187
134 389
332 191
395 318
438 267
36 299
51 34
493 108
427 287
13 252
326 149
280 365
51 452
478 358
271 461
148 69
458 448
140 282
452 142
261 387
187 390
277 297
257 90
378 270
374 184
185 243
108 52
357 466
176 11
472 187
256 447
396 120
255 66
60 388
275 59
450 321
471 462
53 227
349 228
413 283
26 75
128 98
416 486
497 485
172 92
40 321
293 280
198 288
28 400
460 258
431 155
118 410
489 402
131 23
158 338
265 396
346 36
22 393
230 263
207 371
192 254
386 247
387 485
386 84
194 415
423 346
108 126
28 41
416 97
287 11
259 426
462 52
298 458
221 336
207 28
135 428
28 399
236 21
106 267
35 122
320 300
278 458
351 428
25 159
22 119
45 164
217 282
240 359
195 367
395 313
93 254
5 30
404 473
93 241
216 362
14 128
438 36
465 293
452 141
260 342
359 474
108 157
16 76
295 200
365 63
317 190
73 459
284 174
415 477
191 229
357 483
20 205
498 147
288 337
31 302
277 400
57 390
318 237
438 425
340 113
304 303
114 9
183 229
58 251
480 451
434 249
454 190
189 306
143 305
107 478
230 175
417 236
474 140
417 236
349 412
67 258
119 5
234 34
137 155
106 144
245 117
159 392
199 52
357 349
327 342
369 464
201 409
49 287
23 175
439 467
225 224
230 358
244 196
351 316
461 381
351 457
350 58
110 10
359 49
243 467
284 38
448 465
104 485
12 349
316 127
203 303
13 393
90 433
102 258
491 441
251 63
473 342
205 101
2 84
51 416
307 97
62 335
172 255
104 166
145 36
191 273
166 201
134 205
315 256
50 236
151 158
353 301
254 125
61 58
474 256
205 112
300 281
388 120
138 324
361 345
118 136
337 52
109 136
393 471
60 424
83 295
96 63
40 436
346 350
458 101
66 172
306 163
135 218
42 46
391 274
410 255
160 361
350 247
70 269
46 95
390 482
46 481
269 486
188 438
40 467
139 146
161 458
176 297
344 297
423 70
326 87
449 333
432 338
459 299
394 354
189 5
338 136
122 87
25 459
426 310
308 417
375 418
215 469
118 51
122 59
147 41
226 300
138 448
99 10
217 97
455 493
129 406
493 145
105 103
265 370
288 31
449 73
394 15
67 165
76 13
406 41
341 223
171 133
143 479
428 270
115 360
118 235
381 96
51 463
334 486
369 316
241 474
489 319
336 136
1 56
449 412
136 407
392 290
121 159
430 388
248 50
285 397
494 219
182 18
4 45
214 16
490 374
45 455
91 480
388 381
145 444
204 338
480 133
293 96
484 102
4 75
472 85
304 141
160 318
364 486
355 16
390 78
385 197
29 435
168 329
273 418
108 166
299 477
74 88
42 92
19 410
495 398
40 492
310 151
138 52
68 26
104 345
42 311
98 490
171 72
342 119
285 444
274 450
390 84
29 200
110 433
183 48
40 458
109 223
127 203
229 99
444 196
359 186
28 487
59 457
76 199
143 401
203 361
446 269
469 93
378 475
375 80
38 62
137 416
119 147
99 117
165 200
386 43
30 24
481 414
465 441
194 410
271 461
230 397
343 69
396 200
280 73
487 272
188 170
169 125
94 159
211 268
312 259
283 98
364 194
488 116
26 330
143 182
432 298
219 373
73 275
200 116
388 205
375 188
165 428
439 397
165 259
18 150
100 329
376 153
269 317
499 364
398 148
298 142
15 182
309 17
133 89
146 10
198 373
153 22
419 363
122 92
95 436
266 492
497 47
364 494
210 266
266 363
5 108
143 64
434 21
462 452
462 67
293 108
482 160
23 446
391 253
190 497
489 338
385 308
154 486
105 250
465 364
324 223
288 471
344 467
420 222
141 306
266 382
395 286
85 249
354 418
268 476
166 44
204 109
96 51
153 358
74 53
276 119
442 399
366 416
490 286
92 138
373 484
270 210
459 268
38 355
183 166
62 306
416 349
253 267
477 364
269 258
377 52
303 397
314 319
105 21
160 156
140 49
260 385
153 411
266 71
237 191
498 450
151 152
419 266
130 404
163 248
152 399
296 392
64 307
329 462
119 169
71 341
226 259
170 331
254 379
422 289
239 344
496 272
38 242
147 267
367 168
419 162
54 20
179 68
30 118
140 8
201 149
261 211
394 427
158 431
220 0
344 433
205 311
406 340
459 244
264 53
67 327
199 184
252 121
92 378
239 134
284 232
295 440
220 397
328 41
41 230
163 401
64 238
78 369
465 470
375 390
217 229
265 442
416 268
146 369
4 8
92 385
178 140
37 239
280 398
480 365
118 173
411 144
365 35
5 342
232 330
59 233
27 301
69 177
46 443
303 215
453 50
190 247
486 131
381 227
445 118
292 361
357 415
450 203
45 222
404 308
393 277
78 316
493 420
364 147
215 39
90 19
267 20
151 132
212 253
372 384
97 9
424 16
219 455
29 227
35 265
394 286
102 428
200 325
324 95
486 64
84 39
59 428
61 203
456 62
298 125
134 180
196 396
203 58
285 416
33 84
370 172
452 279
104 324
419 153
69 429
320 258
186 5
208 232
146 99
224 17
197 445
193 358
269 246
14 248
184 54
79 47
178 55
231 31
36 283
64 151
409 106
463 384
468 447
47 172
189 115
412 271
482 238
484 105
205 251
157 498
397 389
296 236
120 76
211 28
31 156
114 275
11 292
239 78
102 480
447 286
58 291
381 359
464 392
143 366
364 21
262 300
37 114
42 59
439 157
165 253
380 470
262 132
62 391
223 1
140 164
307 170
29 50
442 188
406 345
366 85
385 123
237 129
40 274
283 279
384 479
301 301
433 264
155 63
416 347
11 379
49 408
458 170
210 431
276 400
337 117
240 495
124 75
349 329
108 16
495 133
286 344
108 296
211 219
66 115
346 479
388 429
451 248
179 198
451 161
130 455
302 288
215 370
51 426
294 65
50 159
3 289
437 336
407 463
79 0
332 325
106 425
173 72
270 57
70 204
160 73
214 53
423 314
93 429
494 327
486 387
29 396
84 342
157 466
319 491
168 236
14 151
75 274
331 187
392 197
271 254
307 404
218 485
414 82
409 311
51 261
157 248
442 80
46 94
85 99
336 217
220 254
28 202
389 295
493 212
318 133
389 264
249 477
59 460
123 15
276 321
421 174
254 286
380 363
462 153
370 317
71 150
352 91
386 452
16 94
79 379
495 186
163 321
281 96
112 74
247 404
79 240
26 168
31 333
486 258
76 346
348 209
300 499
303 53
499 38
418 171
357 78
399 265
362 372
447 180
437 474
214 46
215 16
201 241
499 98
296 40
249 427
427 145
50 401
439 230
402 49
127 357
475 111
484 379
411 337
311 283
329 348
216 25
118 396
495 270
162 470
249 143
288 411
312 176
259 190
239 103
313 161
272 219
450 288
125 256
391 361
62 436
313 221
117 130
400 284
254 464
108 414
325 3
32 248
439 489
93 291
304 178
249 406
194 76
185 199
61 319
107 76
149 475
105 420
56 267
83 358
272 162
18 191
440 450
439 50
193 231
409 384
142 497
425 159
210 188
359 110
39 271
98 466
239 40
159 204
414 295
458 243
434 38
488 328
378 226
457 280
16 71
420 219
230 159
347 345
308 440
64 207
25 199
239 162
218 116
264 399
142 484
23 74
402 428
7 363
143 132
55 316
35 160
171 475
320 117
58 370
429 480
179 474
488 455
423 419
170 59
43 187
261 312
92 418
282 163
295 99
416 277
289 350
177 303
421 460
331 498
478 331
157 112
419 10
429 145
56 343
30 451
263 100
370 292
307 207
159 152
430 455
305 427
230 219
32 483
333 3
334 363
327 163
173 491
489 247
90 454
405 45
497 120
264 20
80 368
20 424
379 239
166 302
374 184
19 248
252 406
121 204
220 86
430 448
195 393
200 419
316 285
258 457
330 314
182 374
298 410
149 54
357 177
214 167
415 83
489 85
290 167
106 110
58 10
255 388
159 106
243 307
117 475
141 353
228 447
357 323
230 378
56 358
377 439
22 122
207 144
312 363
473 349
211 270
158 383
341 319
126 169
144 85
438 95
42 286
461 18
397 251
461 43
334 305
427 338
483 356
219 486
188 147
269 44
428 399
70 427
448 121
206 49
144 92
230 497
15 187
290 44
439 412
217 252
442 274
130 496
335 425
424 202
246 23
274 193
472 26
148 345
394 420
365 206
203 38
77 95
491 71
483 368
120 431
205 53
401 62
340 187
241 236
111 116
310 340
218 386
231 134
55 218
425 477
15 420
367 480
51 445
313 211
494 387
292 285
199 51
238 45
134 39
156 332
172 245
131 318
452 242
461 214
191 359
279 238
70 59
4 499
210 122
361 317
102 56
107 5
50 153
193 197
29 36
282 201
371 53
296 265
480 323
183 109
347 23
82 314
165 417
391 438
107 227
283 104
109 61
215 390
88 12
400 260
461 117
23 182
300 184
359 319
428 132
155 394
209 127
396 90
380 226
454 288
244 488
49 237
480 354
218 264
24 68
37 118
153 337
21 412
231 453
85 381
127 11
490 92
34 188
415 387
175 415
403 221
458 271
125 452
217 290
210 195
166 241
431 248
12 319
124 304
37 244
107 61
153 165
353 98
337 188
455 268
489 12
283 358
310 300
90 261
308 379
473 153
253 326
145 404
208 265
9 121
182 246
411 469
419 188
228 116
385 256
120 183
41 226
378 255
368 203
83 469
122 177
3 56
312 375
140 1
474 372
118 2
323 157
197 381
498 242
498 425
108 235
461 470
225 1
204 192
161 94
123 139
195 135
362 478
331 359
232 354
208 306
315 202
84 383
125 12
289 434
21 475
445 249
250 334
26 23
469 454
446 39
26 92
422 141
353 388
95 254
60 85
287 155
39 227
91 223
9 16
344 380
129 382
217 289
164 379
185 243
135 133
77 131
125 161
402 0
254 478
415 497
4 166
393 54
130 43
412 484
216 491
374 256
397 345
76 91
186 62
47 261
245 321
483 125
125 222
52 385
234 231
397 467
373 238
134 142
478 3
495 46
302 194
39 369
312 51
113 467
228 498
172 13
138 325
47 155
392 115
346 99
418 126
364 95
237 292
147 350
248 215
409 142
363 402
454 300
267 27
26 419
432 347
173 198
205 422
37 72
24 97
223 235
330 442
234 439
142 419
134 382
376 390
293 395
47 92
119 247
166 314
162 497
47 451
373 187
111 252
201 263
350 135
78 276
216 33
452 164
398 210
100 439
186 127
219 393
492 234
400 190
188 11
462 414
101 235
340 187
302 65
200 41
318 5
38 130
147 386
96 342
133 397
24 196
442 320
406 95
286 434
445 306
221 474
61 259
299 174
239 401
443 101
458 292
274 113
499 496
339 421
319 95
291 324
144 195
143 85
20 402
209 429
255 317
77 282
308 168
70 228
181 48
192 365
478 140
136 466
240 477
424 327
152 59
106 67
153 148
51 249
30 173
342 112
394 137
306 419
499 202
102 228
93 181
321 146
113 423
252 309
137 353
264 176
243 141
141 222
472 396
421 44
156 354
492 264
35 402
457 150
378 35
216 411
58 323
98 389
198 23
228 350
26 187
180 492
66 269
18 322
218 390
245 291
55 375
129 89
239 91
478 438
350 469
144 46
435 260
283 242
92 485
173 363
355 470
91 205
27 273
164 461
253 98
473 409
498 308
251 454
393 89
410 81
127 95
355 406
148 414
400 490
353 92
414 425
130 60
333 5
467 10
108 497
406 72
380 433
387 256
197 484
65 132
227 459
365 45
459 82
424 13
457 359
136 277
337 371
229 267
277 171
168 48
120 237
170 427
35 352
336 409
42 85
44 254
299 269
204 410
275 258
470 128
406 233
456 106
225 95
266 37
85 354
91 287
66 57
410 261
23 453
38 98
352 65
186 83
493 151
262 390
19 268
353 232
190 277
372 310
347 416
270 491
130 285
342 362
475 196
1 104
203 498
415 40
123 55
59 102
492 468
236 321
53 363
140 442
252 243
11 365
356 451
88 282
144 486
34 283
387 471
322 387
427 90
498 237
339 402
370 57
230 184
47 107
49 135
230 40
405 153
456 242
24 113
451 397
180 20
491 337
224 67
10 313
403 152
54 360
269 242
426 425
384 499
134 326
366 285
290 216
458 271
384 98
495 334
354 187
24 175
95 198
363 248
252 457
169 266
361 159
436 438
289 287
465 320
457 275
491 331
454 99
197 450
136 338
377 193
220 491
41 401
150 167
124 256
375 254
413 293
83 236
375 349
21 224
499 341
172 330
429 343
293 127
317 127
172 281
272 195
448 244
412 165
422 450
205 388
34 149
385 118
320 469
194 112
305 341
172 193
36 478
457 101
80 181
463 126
173 104
201 87
105 474
424 465
353 379
28 129
100 239
209 265
377 420
261 403
448 183
13 433
387 337
370 322
300 319
276 185
273 326
300 477
442 230
109 224
354 147
387 489
254 306
226 96
351 483
18 339
125 151
488 383
57 12
183 359
44 358
184 459
436 169
251 484
60 378
26 360
201 266
72 265
361 307
291 298
138 64
215 161
45 263
127 56
267 454
312 310
270 163
185 348
184 58
289 436
149 245
11 315
80 350
158 84
234 293
209 301
314 224
339 276
332 211
166 466
129 451
467 478
179 251
309 152
88 363
108 98
265 89
440 472
408 197
490 450
103 142
367 51
328 417
129 206
25 12
464 295
125 154
257 431
435 304
20 418
369 23
465 128
452 134
184 405
207 360
3 26
78 310
79 222
280 406
270 208
355 305
311 86
369 333
489 420
339 304
180 9
490 208
194 145
402 442
303 378
405 109
271 158
380 335
241 350
411 160
318 363
450 118
451 481
402 319
124 441
302 93
301 156
301 292
235 347
78 203
164 38
48 483
318 435
137 428
440 411
274 48
19 258
92 76
396 470
263 494
87 372
28 66
358 240
439 181
236 445
483 17
352 400
187 31
311 22
433 324
225 252
362 60
488 244
66 454
300 384
108 330
396 239
479 136
169 106
52 419
288 405
305 387
271 141
163 344
169 434
186 449
361 246
342 401
207 349
234 408
90 8
99 194
331 338
445 79
350 0
258 349
88 490
131 63
408 359
294 295
244 429
27 332
85 105
306 369
129 293
153 40
87 220
58 252
183 270
270 355
204 385
376 380
444 293
4 7
154 204
485 150
335 250
355 12
233 420
65 14
406 214
434 218
323 493
263 345
200 6
244 386
266 257
402 120
479 62
266 258
409 134
236 103
467 244
16 444
458 200
415 82
300 364
358 201
46 123
482 121
7 99
208 226
198 274
336 110
368 29
163 455
58 129
225 252
196 378
430 242
324 154
18 197
399 124
100 376
350 297
248 434
12 209
483 456
418 210
239 172
479 287
268 255
7 389
267 494
236 203
209 198
395 60
36 227
456 146
296 488
422 158
367 44
1 434
496 203
227 419
58 236
343 206
447 327
321 202
257 67
265 409
469 466
45 12
11 357
346 353
11 307
351 120
407 379
434 352
124 403
491 161
367 182
361 186
388 166
233 182
91 145
463 350
215 412
270 9
362 226
385 468
88 226
457 236
441 495
251 391
52 417
99 242
429 271
437 461
495 169
315 171
373 439
203 278
139 88
314 473
293 2
80 51
288 382
229 37
428 81
498 480
75 332
103 449
262 356
25 40
63 258
49 340
471 437
25 252
78 110
464 192
243 371
105 44
433 383
316 335
167 361
45 166
116 94
450 148
41 230
488 476
168 104
393 389
142 139
250 271
463 220
443 214
111 58
442 49
236 44
258 110
277 255
350 303
304 245
475 300
276 345
301 464
353 445
436 195
466 347
67 186
253 281
339 363
412 364
260 133
244 0
255 370
174 21
266 105
258 478
175 241
57 386
183 476
171 263
110 120
158 489
270 30
393 411
127 462
95 157
157 388
258 339
212 264
370 284
114 478
72 480
366 289
266 129
244 50
22 289
279 207
89 180
444 401
363 334
491 71
311 459
150 0
264 422
206 363
341 486
466 321
462 265
247 185
235 80
370 491
50 109
289 1
254 139
473 233
157 470
429 316
168 468
390 431
294 285
271 449
122 488
253 90
275 84
165 0
344 362
323 387
240 394
34 112
198 494
464 359
28 355
175 245
29 48
333 418
367 323
163 457
399 489
73 417
269 174
388 90
329 113
360 211
175 69
416 246
457 225
432 232
330 485
386 108
26 359
34 219
28 245
234 198
115 427
453 159
250 236
202 193
404 431
1 62
308 432
157 269
353 265
103 90
50 183
42 489
60 428
173 77
275 89
368 407
66 242
330 174
367 168
100 32
94 124
56 453
74 402
20 213
155 427
111 123
464 57
485 5
434 24
465 158
65 209
303 186
360 484
4 134
166 227
351 456
409 113
367 407
473 483
411 387
362 480
38 374
379 326
351 23
34 314
375 168
354 451
435 179
165 214
294 292
248 183
148 145
405 158
493 16
403 378
210 404
278 266
444 248
124 10
324 295
316 158
109 199
230 170
237 397
189 247
283 31
28 437
447 431
447 433
163 441
197 203
321 374
474 328
338 265
413 98
256 14
213 229
251 218
115 296
43 488
371 156
93 178
110 400
333 393
186 57
112 497
223 383
63 433
199 197
296 253
267 112
193 404
122 333
129 444
285 89
245 24
203 156
56 191
84 313
222 242
239 122
5 335
120 314
11 421
174 319
283 307
64 442
127 328
273 186
128 256
280 410
66 225
416 335
0 475
217 352
474 223
410 308
122 332
105 30
350 133
293 279
73 485
314 357
395 200
308 439
349 375
101 441
276 267
242 17
222 277
352 311
471 48
380 262
292 445
431 337
117 494
332 224
433 42
95 146
437 180
56 403
344 138
405 9
378 473
250 0
163 100
149 454
216 135
80 381
219 8
355 11
87 188
82 187
185 372
53 177
81 122
260 461
470 277
102 17
17 348
301 204
158 181
168 302
183 374
235 100
112 254
442 90
277 51
424 25
54 314
436 329
290 487
265 48
65 112
312 367
72 435
468 113
415 230
457 488
88 451
205 192
134 200
104 0
377 411
225 28
357 431
271 13
413 499
111 36
255 478
265 275
241 179
262 85
73 8
459 219
411 162
214 17
369 45
308 318
346 98
29 385
250 55
54 300
188 163
493 17
293 296
475 111
196 386
394 237
308 270
432 206
223 71
468 498
317 444
42 276
13 163
219 423
76 115
130 125
143 264
412 124
235 288
174 388
477 283
53 420
126 286
357 337
336 201
145 326
454 153
168 187
111 320
435 239
365 39
155 66
42 360
0 68
456 129
412 26
446 285
423 318
7 425
126 281
459 343
348 124
311 413
85 369
460 274
313 373
439 177
37 321
389 333
314 389
415 197
482 78
396 214
139 406
39 256
451 265
389 498
263 300
21 53
179 349
74 481
159 345
166 365
198 48
438 55
104 12
442 205
419 86
344 339
95 58
176 383
233 46
198 417
470 497
198 71
53 2
199 272
489 64
112 365
272 187
51 402
108 376
314 493
184 27
438 11
394 131
30 114
31 480
477 228
300 354
208 27
151 205
269 407
124 140
179 233
136 248
476 82
75 244
123 142
153 112
243 61
27 48
28 273
354 59
265 357
236 6
63 473
232 239
231 332
417 208
456 410
492 53
149 432
74 419
31 273
186 228
128 275
400 214
125 8
217 106
112 242
67 305
44 175
359 299
7 275
185 277
182 315
247 29
448 332
457 173
253 332
459 495
61 233
93 359
466 38
280 310
467 430
458 347
498 11
138 169
446 5
320 175
204 481
313 419
445 5
337 122
117 50
284 296
7 179
69 229
392 325
256 350
49 359
371 66
235 48
405 361
37 34
15 78
349 93
98 328
302 294
197 287
83 419
450 481
210 443
268 20
222 454
314 376
442 271
319 37
398 178
212 77
155 435
381 227
407 4
151 479
119 61
480 348
181 54
497 283
303 243
198 266
142 377
148 12
401 85
115 320
397 299
87 327
406 404
260 468
299 165
226 411
111 418
473 58
341 144
388 470
88 496
373 438
302 83
20 22
194 203
354 135
314 91
495 293
261 72
237 255
19 413
183 315
373 482
127 156
479 67
415 367
305 419
2 289
163 459
162 374
9 357
300 16
162 323
247 147
254 275
188 484
151 273
108 372
380 25
444 87
454 211
483 359
0 111
70 337
212 163
372 84
452 73
249 172
319 114
390 496
481 74
199 430
154 132
9 159
246 387
98 305
165 52
15 433
271 165
181 437
373 335
408 53
78 326
292 157
154 249
175 182
465 487
471 375
386 119
6 333
138 133
37 457
390 155
321 405
342 13
200 354
407 216
394 109
118 337
87 186
221 272
111 262
489 38
157 83
268 376
361 16
473 258
414 250
155 215
81 87
441 498
66 281
242 200
38 312
350 361
485 125
239 71
461 97
32 229
457 119
135 300
58 170
420 460
27 324
411 76
426 108
242 352
53 492
156 484
345 91
68 6
430 331
428 159
240 391
362 312
112 197
367 497
309 22
347 140
216 337
297 258
463 142
486 39
24 16
459 142
148 221
52 379
38 430
322 332
144 131
328 184
34 108
131 48
188 343
32 330
440 256
398 182
221 403
271 236
378 97
319 230
109 378
309 371
204 0
131 483
167 200
309 311
211 53
249 292
122 251
7 281
315 414
318 257
493 37
486 89
172 223
454 305
29 133
485 115
98 85
285 116
280 117
171 94
386 343
95 272
405 360
127 454
64 221
258 445
386 57
133 244
402 410
44 439
54 283
368 381
498 4
121 5
100 130
473 144
268 338
51 420
375 174
395 178
475 439
348 5
101 213
124 333
272 3
286 20
401 326
182 6
12 251
233 156
152 464
154 207
127 421
95 57
235 354
293 490
495 62
276 142
327 448
452 252
124 100
278 90
449 377
481 461
117 461
277 214
421 269
190 431
489 401
255 137
479 76
491 49
43 326
275 119
223 370
322 79
169 347
76 101
62 470
431 57
272 31
300 60
344 193
446 343
480 185
261 202
103 460
286 104
75 146
368 413
492 298
497 191
292 14
484 74
131 206
237 268
328 255
301 389
232 172
357 247
449 65
377 471
427 52
50 15
429 3
301 419
462 421
287 299
225 106
312 272
392 208
464 49
290 72
245 265
12 23
88 454
277 314
366 465
332 205
208 417
188 261
35 361
12 2
108 322
446 237
446 272
173 338
411 262
27 463
486 8
462 391
205 426
243 92
297 72
341 76
189 357
218 381
383 224
47 231
320 343
115 345
184 118
380 288
251 447
455 259
151 90
368 269
213 208
132 112
40 10
219 473
206 229
454 438
21 441
136 353
198 193
312 251
391 234
33 44
304 495
437 340
110 307
15 305
417 323
186 148
473 309
39 405
195 32
473 493
198 68
262 110
213 248
483 74
118 457
452 368
209 274
433 389
46 171
346 449
449 316
125 32
290 274
306 164
9 337
406 280
242 59
308 168
94 455
412 143
11 64
339 216
457 220
391 124
425 4
320 238
122 374
149 445
462 264
102 455
87 471
31 8
28 329
137 191
334 122
186 401
118 197
270 377
2 75
431 161
251 427
154 251
49 226
342 155
110 11
334 444
304 50
231 217
408 332
306 368
122 94
292 345
74 92
19 62
75 428
356 451
202 179
257 362
17 251
114 99
44 479
29 449
166 200
385 261
481 75
21 191
388 103
47 165
227 463
391 67
18 155
186 99
461 220
324 443
42 330
310 438
387 438
139 191
304 406
333 376
419 138
241 354
20 308
123 141
208 99
106 14
466 226
298 292
235 427
110 122
413 278
68 272
463 152
58 59
435 120
258 391
98 355
15 351
492 118
69 138
4 200
426 176
468 470
250 225
199 56
186 360
132 112
117 254
314 447
67 175
419 101
308 325
177 17
487 323
461 169
222 408
436 318
288 148
225 257
313 38
398 425
389 499
105 382
330 6
34 271
373 249
75 305
322 181
5 104
125 161
421 318
136 347
496 358
115 277
315 73
498 428
279 66
300 240
98 236
8 482
232 132
289 381
414 159
263 111
124 271
442 240
88 46
256 430
207 436
9 371
151 375
293 360
452 430
166 93
76 50
35 26
259 308
319 324
288 174
297 434
174 412
310 239
22 114
50 66
289 229
456 412
124 440
222 249
343 76
126 241
267 419
79 161
338 27
53 250
184 126
390 350
442 358
473 201
119 464
45 375
139 261
201 2
251 263
339 424
165 446
217 318
331 284
311 148
398 169
295 216
67 82
293 186
239 9
325 266
493 210
471 370
224 133
396 25
449 328
274 88
406 466
250 344
492 237
259 414
130 391
325 54
92 49
410 118
236 183
394 235
458 82
215 217
242 182
10 463
403 43
9 285
129 309
399 112
378 473
216 158
64 8
58 42
12 157
192 320
56 249
331 86
304 14
196 398
361 398
442 207
344 265
426 451
415 325
150 177
187 293
154 367
409 104
113 212
384 421
22 305
392 440
454 205
103 48
446 3
62 317
434 388
192 258
435 360
390 107
253 85
304 77
181 407
471 213
487 294
452 355
296 361
67 344
244 102
457 22
339 190
431 19
129 273
486 123
82 64
2 376
305 335
242 306
372 339
485 213
69 211
72 437
133 217
171 491
14 377
420 129
0 353
479 351
474 130
46 465
193 408
244 48
207 350
189 338
52 79
290 27
316 473
42 214
206 450
327 213
342 72
277 247
450 343
325 256
73 276
185 371
272 118
469 429
267 479
58 10
389 171
496 200
414 206
156 38
252 472
396 335
435 446
141 174
282 385
162 466
338 208
326 347
128 462
441 147
10 247
271 499
51 399
105 267
158 465
290 261
449 262
208 186
212 384
121 202
168 347
55 283
482 358
320 233
381 110
210 261
112 391
290 481
100 163
481 396
9 258
372 123
309 458
194 81
135 374
221 316
99 303
14 276
361 434
396 334
448 242
485 106
439 412
428 276
24 40
150 409
384 385
196 23
456 193
419 390
206 91
246 140
268 158
444 260
447 130
224 340
299 395
159 210
338 238
130 87
348 214
99 281
156 232
278 147
38 112
55 197
190 96
106 301
62 458
88 50
243 361
256 313
375 42
280 267
207 213
427 411
44 55
140 378
26 200
164 418
467 416
12 219
372 157
468 471
373 286
147 408
221 116
158 255
23 448
161 439
202 230
137 440
319 246
446 277
47 197
113 110
181 15
24 125
448 53
340 492
401 322
438 487
243 474
423 97
388 118
348 436
377 442
188 485
115 48
245 486
448 162
29 358
335 481
34 54
46 284
106 226
66 299
274 396
345 161
279 49
485 85
27 479
316 214
114 67
405 431
446 211
69 205
186 475
381 257
41 73
299 280
79 499
247 217
378 205
254 93
178 9
488 92
158 58
125 305
88 125
336 383
88 386
362 406
15 275
348 243
375 408
407 499
217 455
160 154
99 447
457 267
211 130
188 445
102 221
346 313
48 43
429 35
293 137
412 143
239 308
216 112
463 114
69 475
481 32
480 82
201 81
211 437
234 264
337 251
416 189
232 36
71 465
102 13
9 364
172 366
478 248
362 240
215 293
326 284
218 196
129 306
95 271
387 192
443 181
370 224
260 360
325 454
320 183
47 427
293 329
77 71
311 123
416 291
427 378
75 242
400 497
268 56
249 347
29 7
232 44
404 399
206 344
28 81
360 26
355 75
499 5
480 284
75 310
41 397
491 355
352 468
24 244
91 473
480 125
170 120
372 212
409 426
8 78
104 437
364 368
226 311
95 215
26 206
455 22
377 419
387 447
43 230
55 411
389 486
459 35
100 59
485 331
261 9
298 345
66 217
28 14
230 292
350 475
497 108
27 306
105 375
457 414
177 148
134 12
399 66
477 93
276 499
360 463
160 37
106 158
173 226
370 486
461 403
11 221
379 459
186 390
304 484
484 495
7 333
400 470
64 406
258 377
192 192
82 118
277 353
431 188
175 302
57 154
375 136
447 420
310 106
90 485
480 114
299 74
44 339
246 199
429 460
5 356
474 121
326 87
127 103
405 258
264 154
143 462
382 491
97 90
76 44
158 187
113 408
248 458
9 9
322 346
202 438
412 327
414 176
132 238
348 393
48 37
352 112
103 191
281 86
131 200
239 209
118 141
451 204
214 218
64 313
251 36
215 266
294 15
254 129
374 426
316 454
67 422
113 20
458 22
75 247
308 89
83 314
371 278
496 386
199 85
473 60
178 303
318 188
169 473
251 72
27 43
318 419
439 446
468 283
30 250
339 43
210 191
469 274
161 433
370 318
378 360
163 343
383 57
382 482
406 404
299 485
405 285
231 117
253 196
446 52
447 283
326 138
412 157
442 148
466 73
286 312
7 344
253 301
135 390
146 487
473 42
327 446
415 230
426 411
463 168
304 225
363 410
420 130
278 127
53 362
175 244
441 339
492 182
425 46
386 128
22 423
369 211
441 349
112 137
305 219
444 75
486 461
92 159
287 258
120 222
319 340
31 147
182 112
10 23
3 459
382 396
107 25
227 252
389 400
120 339
267 46
8 64
76 253
363 452
174 363
203 483
483 345
309 86
109 165
476 320
216 465
490 358
462 176
76 217
409 203
250 196
113 176
281 110
62 189
52 144
479 88
286 107
45 462
479 95
415 6
471 455
314 484
160 462
179 128
332 88
285 88
116 434
44 250
439 397
41 458
46 343
302 21
483 184
280 347
353 315
270 47
31 325
139 436
65 43
132 170
111 397
331 269
19 227
125 227
185 310
5 166
187 83
268 307
6 23
338 48
95 211
388 460
397 127
22 27
198 314
63 154
423 309
36 394
473 294
104 161
180 158
241 109
268 367
242 9
57 274
338 432
393 5
484 226
254 142
308 6
13 304
113 371
117 288
83 1
15 90
248 187
149 195
414 341
351 417
44 9
441 260
265 234
460 186
180 101
108 66
370 488
359 473
261 335
189 476
418 344
384 204
251 166
8 33
302 165
174 211
471 198
432 468
154 89
190 245
311 335
175 150
123 34
221 35
363 385
229 410
114 282
300 113
498 365
383 160
371 153
203 409
377 343
284 488
233 384
71 474
477 396
282 246
133 100
485 4
414 497
131 67
32 381
98 431
92 383
36 481
243 315
10 239
79 472
208 294
121 312
61 279
378 98
198 343
199 363
212 184
103 466
347 343
127 135
18 297
131 219
34 406
498 374
346 45
191 77
242 55
186 312
410 303
498 416
280 109
145 198
164 492
188 100
235 363
160 315
386 254
160 291
17 272
169 158
88 216
123 361
25 330
133 309
78 436
397 483
33 210
202 394
494 49
412 242
409 229
335 425
216 295
420 348
358 86
302 89
302 446
276 425
86 328
116 261
245 164
374 13
259 130
180 429
171 105
186 444
369 81
228 22
222 438
24 148
90 80
379 326
251 392
72 155
269 337
354 188
53 366
496 228
9 312
269 28
473 181
114 456
330 342
280 342
343 52
484 156
482 433
177 363
371 85
275 250
438 492
358 481
209 344
8 206
235 219
252 278
234 208
50 218
60 64
468 183
339 255
40 452
316 174
111 218
468 39
31 238
219 258
454 389
447 281
352 463
241 182
390 104
174 475
391 293
476 234
342 359
311 167
193 382
100 479
370 305
43 420
31 401
142 115
396 485
300 442
124 100
56 41
368 367
160 230
316 259
470 488
7 158
41 134
465 201
6 493
266 336
89 401
16 149
486 84
26 264
364 287
180 150
17 420
150 49
160 29
369 467
477 131
265 377
78 370
216 82
418 436
337 482
483 360
444 206
322 321
108 470
472 187
459 289
190 342
371 462
281 350
333 241
470 258
129 450
33 48
484 345
179 451
163 173
231 14
335 107
77 54
93 444
85 402
244 404
366 275
477 467
208 147
258 311
261 30
78 387
84 294
98 414
440 115
129 261
369 23
77 464
260 298
52 22
427 345
472 296
264 145
145 450
113 324
355 403
142 374
169 285
52 226
341 119
380 492
15 470
286 101
252 445
319 47
244 304
453 98
244 69
371 217
393 389
144 484
358 100
386 286
364 379
350 438
282 57
379 231
184 149
446 165
64 288
93 266
364 309
230 46
115 460
201 101
85 8
109 345
483 295
27 347
285 347
256 377
460 419
420 135
301 497
285 367
485 217
26 378
276 201
162 256
209 391
252 215
61 294
442 361
60 396
96 321
198 197
116 352
488 11
360 388
255 141
358 145
376 92
294 237
345 152
396 308
23 55
201 0
361 436
333 495
316 273
470 429
281 367
230 86
474 121
114 90
235 82
174 325
62 463
116 320
128 259
166 364
364 152
88 368
215 77
350 421
202 32
251 320
258 336
309 481
71 84
18 424
249 158
122 193
13 163
422 90
454 142
146 89
309 170
99 234
8 24
408 301
473 62
250 159
140 231
167 60
484 211
222 186
231 85
248 344
434 244
238 22
463 240
262 236
323 272
149 361
14 183
245 57
217 487
70 496
56 357
421 89
275 392
329 143
339 6
103 429
451 273
365 193
430 415
39 127
340 253
436 188
246 206
193 33
29 463
172 115
204 437
181 445
440 332
338 10
439 279
52 293
487 243
10 269
248 269
22 49
90 440
146 310
195 188
3 191
306 77
14 175
121 363
195 48
410 61
193 385
179 202
297 97
367 18
287 307
208 115
56 161
471 298
338 54
246 166
243 341
17 404
267 110
10 490
403 314
200 420
474 96
194 231
249 271
78 413
380 36
197 139
289 288
343 20
38 128
469 441
345 282
244 338
180 465
279 106
26 84
32 331
62 353
124 78
343 311
347 203
194 224
12 396
416 483
111 207
148 455
89 433
271 494
459 185
291 452
388 90
422 169
22 272
351 336
148 147
202 194
270 347
96 248
231 283
342 12
319 195
128 491
485 260
445 399
203 296
238 88
110 91
216 12
349 132
131 67
113 349
196 185
433 384
19 292
157 17
212 213
204 476
89 340
91 41
337 34
475 147
90 428
440 85
69 306
373 289
490 201
238 339
75 187
331 24
41 446
159 340
169 253
445 364
405 258
144 388
35 95
375 119
56 126
432 315
457 126
179 158
349 447
486 417
441 424
222 170
10 334
87 381
97 179
289 384
273 355
302 434
405 160
138 177
344 462
88 423
81 301
101 267
36 282
58 439
109 478
312 280
13 472
3 252
488 111
318 293
227 261
274 120
297 132
94 412
335 141
295 34
301 268
50 248
187 190
168 108
240 149
121 332
436 254
217 124
269 425
38 35
155 348
481 312
225 304
445 427
314 412
181 92
340 467
157 83
44 28
29 177
362 284
390 150
126 298
223 107
142 248
96 114
426 149
453 429
209 3
416 251
343 23
342 449
32 184
64 0
177 76
213 93
95 391
190 103
63 73
321 265
379 205
207 418
347 306
161 160
411 408
431 77
378 107
143 274
126 411
339 207
152 155
47 404
360 247
320 237
354 423
128 494
412 234
392 335
348 111
20 53
131 111
218 303
77 9
272 361
420 55
211 464
220 424
23 258
347 80
3 196
190 201
435 484
171 102
65 327
233 19
483 85
241 364
225 201
415 170
226 350
166 187
112 437
47 386
467 487
183 246
447 322
306 373
327 235
414 478
349 245
182 147
363 332
386 423
94 441
143 153
340 320
109 161
47 304
292 8
254 366
41 327
201 53
140 347
177 380
125 407
406 27
211 308
231 122
415 97
250 177
349 58
219 443
247 458
318 118
337 391
219 424
330 378
77 272
4 322
229 255
134 130
290 488
110 345
295 21
51 25
435 45
488 400
359 6
476 88
331 29
454 165
43 402
174 136
458 473
80 31
161 188
28 66
411 451
324 490
367 58
104 375
276 302
160 444
384 487
368 136
154 216
118 322
458 49
22 145
176 269
457 454
20 189
492 337
327 284
342 316
44 194
348 446
243 172
159 8
496 127
195 27
202 150
52 314
311 12
281 74
29 339
28 90
427 49
333 20
188 106
300 176
474 232
404 148
8 69
197 415
295 357
359 392
58 349
361 411
338 221
60 495
85 367
268 440
460 365
471 454
482 1
85 124
124 308
378 342
109 133
342 427
319 404
253 53
317 230
451 467
462 155
374 12
452 399
264 494
448 265
266 88
212 282
91 203
45 336
321 469
396 155
411 163
69 67
297 165
484 386
41 101
113 298
197 267
261 417
34 314
402 62
344 152
356 114
450 435
256 253
408 272
287 152
72 320
337 356
94 221
322 173
471 135
254 287
205 20
334 16
430 91
244 236
202 274
62 452
205 5
129 318
323 114
286 416
125 395
116 475
148 219
207 439
78 471
491 313
181 135
227 178
266 111
386 323
275 469
326 448
266 480
446 455
223 441
336 84
59 200
420 305
96 59
30 479
292 174
310 374
52 474
437 389
212 318
139 323
123 487
319 465
420 242
183 118
202 144
196 372
177 114
173 116
447 273
299 56
430 92
418 109
350 334
152 355
31 62
401 292
257 154
248 73
191 30
26 432
304 245
359 222
191 333
458 385
293 490
82 257
219 223
409 352
60 69
484 61
205 91
97 385
310 315
345 346
130 353
99 223
445 286
471 310
195 136
127 429
186 488
63 61
414 405
475 472
386 326
417 459
196 443
258 366
64 7
360 455
178 194
332 311
122 476
464 303
232 317
158 91
5 419
324 73
398 271
97 151
110 284
79 366
232 159
166 338
145 297
343 378
190 176
152 176
479 312
481 116
60 64
483 139
213 65
188 159
311 111
247 285
151 273
432 326
16 235
384 450
329 162
338 228
404 19
183 342
458 235
151 164
156 18
435 134
146 221
184 123
260 309
82 283
109 263
499 367
317 478
492 235
463 146
17 182
24 219
307 52
217 334
205 458
445 225
446 140
116 91
400 130
413 228
492 334
201 374
204 343
78 371
17 196
378 394
113 387
439 402
89 420
231 8
233 294
286 176
119 179
161 254
483 371
205 426
153 475
170 259
130 357
54 100
494 499
386 284
39 108
380 178
38 128
422 111
139 272
303 60
315 110
481 317
243 298
125 187
446 248
106 147
247 428
427 12
296 242
202 166
344 335
463 82
46 382
6 237
298 37
148 310
479 465
263 129
168 74
323 240
387 466
394 281
293 486
228 322
488 89
277 430
365 184
418 240
330 263
300 425
87 480
445 300
282 66
492 60
300 450
417 315
96 39
25 311
485 241
331 106
388 325
9 108
200 253
368 428
205 30
10 21
321 144
210 455
367 103
406 54
370 167
58 323
486 318
60 436
42 324
149 243
351 430
36 11
439 403
286 256
277 496
140 296
104 451
54 202
256 471
491 460
135 478
297 49
337 474
298 209
452 379
162 447
458 155
58 50
306 249
97 196
493 436
387 237
439 449
420 293
254 48
26 263
165 241
215 175
384 2
234 365
165 336
343 248
298 475
77 254
450 456
392 174
412 295
244 131
425 203
251 17
280 179
272 130
305 445
300 340
205 190
378 34
282 222
198 74
328 432
240 127
301 130
426 133
264 65
121 170
39 189
220 372
354 320
117 345
185 160
202 417
303 242
317 432
6 437
369 367
494 186
317 110
95 295
213 243
265 211
253 334
58 157
329 325
22 413
73 446
216 207
302 127
59 371
309 119
338 66
252 30
140 332
479 421
16 87
151 192
26 282
439 256
81 85
350 120
66 104
163 423
402 134
6 317
288 461
379 167
197 126
458 484
405 338
277 290
482 422
56 280
36 361
446 347
467 118
74 296
71 385
20 89
259 473
286 378
45 47
26 166
150 242
432 336
126 407
329 62
342 461
322 237
84 379
349 120
268 403
289 275
216 339
164 161
39 475
375 302
468 436
30 401
89 470
378 315
377 68
29 207
445 71
450 351
471 381
285 151
426 239
430 74
87 143
470 446
248 126
414 345
98 69
39 444
259 40
108 417
477 488
60 137
488 274
155 362
14 311
402 292
218 440
435 184
130 305
283 258
103 230
299 197
494 54
94 191
460 105
446 54
191 437
63 6
368 31
194 71
363 234
27 96
280 434
239 462
72 262
344 375
424 28
82 496
187 418
376 28
434 499
437 322
180 125
8 352
423 400
135 202
150 287
73 162
476 282
44 312
39 49
429 240
236 464
234 11
391 275
275 110
284 325
302 64
416 316
217 162
364 340
479 204
218 14
148 52
216 46
447 192
432 108
72 376
239 21
296 306
269 130
307 423
339 405
222 461
123 256
448 291
347 339
205 279
183 65
111 353
397 251
359 59
287 182
203 431
90 27
9 351
127 359
116 169
130 466
74 190
481 106
297 22
301 180
245 355
208 484
236 209
120 458
140 447
379 407
434 195
398 469
180 296
465 25
344 296
339 447
405 418
441 172
353 203
58 94
431 450
159 118
76 19
466 131
391 68
263 197
166 325
473 14
391 198
495 438
386 235
154 334
6 291
346 447
393 211
162 256
375 176
195 173
305 303
224 14
211 196
373 487
353 230
428 347
137 245
480 275
461 23
167 486
433 320
31 365
122 179
355 193
367 349
4 403
417 24
220 228
68 480
210 445
292 421
166 491
266 430
305 147
133 228
48 324
190 419
450 79
125 164
13 157
60 344
368 17
98 329
162 88
385 166
87 372
363 178
460 254
253 482
210 117
442 238
9 110
41 132
296 459
117 166
10 161
30 29
359 230
318 128
294 21
245 56
234 234
488 461
443 46
163 93
331 5
467 105
89 193
152 8
27 237
398 121
151 389
120 281
409 362
235 290
346 204
290 480
293 432
478 130
223 88
445 142
99 406
99 412
273 41
278 104
225 300
189 29
310 228
90 161
452 219
275 325
158 150
83 65
195 303
392 61
55 270
177 337
250 7
48 128
232 23
175 326
207 310
38 216
378 17
89 481
158 182
332 364
282 316
120 415
329 329
452 364
201 384
243 129
109 303
178 291
470 342
152 353
70 177
195 42
23 300
482 284
0 182
350 314
230 134
316 322
186 59
295 268
249 388
43 39
182 358
52 222
75 152
330 56
99 497
297 377
161 474
8 279
94 13
0 359
33 176
87 316
84 220
460 382
273 333
43 3
77 456
108 96
152 153
2 290
167 103
78 300
431 180
46 86
297 377
53 46
362 183
403 492
227 298
483 215
218 0
308 26
122 296
301 269
411 127
230 155
307 79
111 160
99 239
468 157
203 396
431 22
366 417
215 334
49 93
446 198
77 120
268 254
375 51
178 69
224 287
218 261
421 32
123 329
487 20
269 91
465 42
460 200
387 332
277 27
226 288
408 223
330 155
206 28
449 205
492 237
350 26
58 62
392 271
144 33
476 379
421 265
317 442
126 381
261 56
345 403
479 339
494 105
134 309
14 52
289 83
461 359
421 139
263 371
404 165
44 259
376 381
175 318
51 45
102 153
408 312
151 299
256 387
48 145
50 390
326 415
274 191
331 287
159 47
213 446
57 415
148 109
427 433
330 175
328 331
143 432
231 89
328 295
292 488
230 377
292 194
386 408
48 418
465 69
15 59
326 30
492 424
209 475
150 271
102 39
472 331
420 98
245 55
395 100
477 37
84 478
238 269
187 470
39 138
197 5
35 406
330 376
351 379
151 39
430 353
36 105
203 402
310 308
409 448
338 57
35 386
156 422
392 126
264 195
200 431
337 314
190 88
467 19
410 41
246 470
76 340
95 283
91 279
228 257
314 352
239 66
488 202
328 247
442 232
163 444
258 143
231 352
223 448
341 50
21 133
325 88
223 449
228 420
177 166
19 308
374 344
46 258
5 214
446 226
170 299
442 461
313 429
229 25
76 388
21 71
11 449
398 347
119 86
252 478
287 149
493 123
381 161
228 391
117 238
390 174
488 287
68 332
210 301
190 298
221 138
87 63
262 84
170 337
315 234
383 274
398 102
116 228
119 131
222 344
370 88
227 112
296 358
12 296
446 6
144 54
469 19
103 83
420 232
466 125
399 88
190 201
429 149
133 158
2 400
488 355
319 225
435 215
363 115
474 299
353 161
180 470
54 323
407 283
260 326
414 225
426 12
161 457
115 207
459 294
1 470
47 447
14 320
288 482
282 230
391 114
84 487
162 72
207 490
169 69
146 468
332 435
392 72
131 493
140 360
182 90
389 141
314 229
63 256
486 454
420 197
185 229
301 356
199 347
269 361
181 368
303 415
340 13
358 48
260 471
414 498
492 442
171 303
411 158
464 86
284 397
127 384
240 469
168 280
493 439
159 437
353 174
39 315
363 193
16 398
248 123
65 430
86 92
250 88
174 497
247 214
450 310
131 374
6 43
334 300
89 0
26 346
161 442
487 66
316 24
499 356
138 64
157 416
356 76
74 259
326 382
193 173
47 128
171 324
124 405
257 358
204 214
8 284
202 365
241 348
56 18
434 240
8 194
271 443
55 364
246 197
370 381
361 439
264 269
26 33
243 240
306 284
68 447
164 167
367 122
492 405
497 423
469 426
222 5
221 92
289 129
362 467
259 11
132 223
108 375
115 159
443 351
150 274
441 363
485 314
71 160
83 477
255 68
425 52
497 329
458 146
466 286
150 320
44 225
100 282
293 4
356 67
341 236
99 6
321 134
294 436
413 244
165 229
134 21
350 90
89 131
269 309
481 407
132 419
54 377
382 232
151 347
84 238
96 493
479 35
324 269
14 274
355 89
110 179
121 489
120 461
122 62
469 242
161 455
333 453
37 67
415 67
157 189
34 351
238 253
23 13
139 62
152 389
420 347
336 262
75 393
308 309
51 49
5 277
83 64
132 190
257 472
161 47
250 414
19 47
61 488
403 394
283 52
399 55
169 55
449 88
397 97
146 257
386 448
12 3
193 321
294 144
43 302
68 455
3 293
134 88
482 416
320 37
444 118
25 72
160 465
62 474
83 57
357 61
64 470
143 221
218 110
264 437
245 261
407 333
421 100
368 41
430 255
225 188
260 374
339 251
77 420
329 254
315 161
483 38
260 231
193 126
416 478
91 458
291 161
261 350
391 64
171 129
169 173
47 397
0 430
202 239
345 77
90 384
422 160
243 425
404 34
12 437
395 320
481 456
306 38
454 242
223 50
223 125
374 392
174 271
362 226
156 377
113 207
219 246
172 35
70 462
251 428
248 434
390 498
388 229
323 197
247 342
468 398
290 322
93 194
421 465
194 307
366 77
175 307
194 85
400 199
127 264
51 151
2 375
104 441
490 390
233 279
177 89
412 53
247 320
137 357
17 168
97 331
490 383
469 273
472 184
301 221
224 100
475 352
145 226
117 432
63 488
77 202
255 241
413 341
199 354
375 50
381 216
451 472
245 371
407 272
493 218
170 208
60 218
444 497
429 58
46 413
467 493
86 123
465 222
429 351
401 16
84 304
276 282
5 35
308 374
444 412
473 153
371 114
111 385
443 168
433 393
238 489
113 401
475 176
27 430
298 404
208 428
62 382
269 337
211 419
183 429
83 155
121 156
42 306
474 84
477 485
475 408
309 215
391 440
222 136
41 418
198 20
254 249
438 260
179 23
305 149
156 215
371 240
46 277
362 413
251 21
281 191
407 226
18 442
78 150
421 240
260 119
221 471
232 366
241 159
161 263
478 46
286 317
447 202
467 333
206 161
352 218
296 339
281 111
114 314
406 211
183 35
358 166
384 404
415 90
206 126
172 76
246 36
90 311
496 193
354 58
276 202
41 206
170 73
239 174
385 284
171 146
164 68
324 29
472 49
175 240
168 178
66 199
362 414
459 157
67 358
412 313
372 343
268 305
479 42
326 8
6 217
137 349
378 170
71 462
54 350
380 98
150 74
341 447
456 12
371 300
466 23
218 283
441 338
232 487
347 420
489 410
259 353
375 127
441 137
488 299
397 347
421 220
167 47
60 262
63 475
350 283
418 29
219 69
408 359
132 451
213 107
460 121
100 472