5200
53 388
175 48
377 72
326 365
287 347
79 462
49 132
460 50
226 171
142 343
274 496
192 127
480 410
330 224
217 425
313 282
330 270
195 489
206 59
407 373
335 493
477 338
240 384
408 438
133 466
315 50
178 407
169 7
83 10
435 0
134 152
275 100
441 464
24 470
195 148
493 283
121 30
266 471
261 362
180 174
77 394
302 495
354 255
117 323
175 438
442 404
4 309
274 217
39 298
446 298
433 234
116 439
262 54
268 383
409 23
418 449
296 486
93 72
395 151
441 62
466 71
232 383
101 323
121 6
156 492
227 67
358 89
496 343
226 121
144 264
65 488
474 414
486 214
365 420
482 234
157 158
41 449
272 389
248 494
487 393
312 256
198 214
57 170
143 194
310 136
124 140
54 228
442 450
222 393
479 307
465 205
6 488
229 358
353 130
375 477
86 192
258 187
209 284
478 167
303 205
345 140
368 279
82 251
496 310
469 304
361 475
315 286
145 367
497 45
374 350
42 372
59 460
96 152
319 121
326 426
67 123
254 23
274 435
98 336
493 271
98 67
354 354
222 266
311 351
201 71
444 37
350 95
247 355
476 446
373 66
41 154
177 440
227 296
484 304
75 325
245 329
184 25
291 451
302 258
329 454
492 355
302 273
481 194
140 49
467 309
464 365
157 9
157 493
297 385
62 493
323 224
102 307
110 7
117 393
200 264
119 446
72 44
238 421
322 53
214 378
244 290
151 178
24 401
138 160
153 173
398 201
360 328
335 0
245 323
87 304
251 445
489 207
480 175
80 79
458 303
445 294
473 54
307 448
108 349
22 298
499 113
442 420
272 211
34 129
434 370
167 474
181 37
212 9
88 13
168 292
86 46
452 113
413 411
112 112
410 21
487 135
407 261
472 429
58 32
402 359
333 344
381 69
78 366
231 445
89 167
65 400
365 176
439 370
482 279
152 52
39 392
153 139
68 446
478 477
188 479
323 232
302 373
91 57
2 232
251 323
75 92
120 169
39 440
219 411
315 373
117 372
11 354
153 122
451 432
411 483
216 140
365 86
143 370
454 457
132 498
442 206
227 207
147 414
325 118
491 219
91 493
199 460
82 454
238 352
188 33
25 1
88 404
126 391
348 83
81 80
138 332
39 375
289 217
335 186
405 467
460 178
138 348
155 159
364 72
106 393
247 52
308 131
374 335
270 286
366 74
406 204
79 357
74 445
484 369
188 262
440 241
90 148
159 431
3 97
342 23
75 109
93 89
276 235
21 319
394 47
251 240
97 300
246 182
403 23
285 82
323 91
239 78
9 265
362 399
274 364
326 57
498 202
437 419
90 275
174 459
199 484
285 277
459 148
23 383
465 215
306 161
239 288
54 398
149 100
464 268
177 423
125 290
61 176
303 63
374 152
488 477
106 73
73 273
8 417
132 96
257 473
114 439
189 348
448 20
288 338
261 265
407 466
494 239
302 469
473 297
274 28
101 461
87 380
149 26
122 95
421 282
221 232
80 35
55 410
100 381
146 195
13 361
452 53
374 7
304 254
134 347
161 430
162 87
113 248
195 312
94 236
468 116
3 167
429 400
281 58
106 29
242 427
333 119
479 195
301 207
407 283
214 436
23 68
168 228
40 137
225 363
332 134
153 45
445 335
246 82
463 227
6 352
323 206
253 339
399 302
86 406
342 306
226 152
380 218
207 394
109 421
407 284
181 441
129 61
495 126
205 375
227 459
17 64
255 402
205 122
28 154
460 291
295 223
293 186
432 175
448 0
136 394
187 208
121 317
295 316
191 116
427 353
417 270
173 444
418 172
327 230
373 447
170 139
178 168
195 315
315 462
356 144
204 303
120 44
212 325
441 415
268 256
378 369
165 37
210 403
133 84
383 389
28 6
174 405
220 206
169 370
366 387
190 377
421 70
395 310
77 486
242 188
409 346
383 120
24 427
11 445
334 157
164 246
151 363
421 190
412 371
110 442
320 278
200 300
462 93
79 447
136 39
237 321
442 397
324 473
418 318
475 187
433 105
320 491
182 84
307 93
36 446
225 269
69 356
301 277
225 31
423 381
202 213
110 160
485 496
314 435
122 256
213 142
133 408
492 33
126 167
466 152
421 162
370 191
320 343
226 172
53 45
258 149
162 107
456 221
156 499
255 270
264 130
38 468
353 250
417 383
387 480
494 383
426 160
3 217
241 247
144 230
231 146
253 255
476 245
245 209
332 484
114 352
173 96
346 5
388 26
358 116
351 275
435 205
422 130
229 291
373 163
309 225
480 456
202 414
476 308
292 447
151 160
108 259
264 324
351 455
423 152
279 61
266 126
256 214
357 188
203 337
63 230
39 364
279 43
352 241
40 107
267 496
255 191
368 375
182 19
171 71
132 105
84 450
17 399
439 340
30 226
309 143
7 93
488 348
89 138
245 192
189 481
24 12
388 444
464 392
463 70
28 487
290 96
347 112
304 159
385 286
281 334
279 46
394 141
279 268
460 335
316 377
389 149
94 341
85 129
52 410
249 49
145 432
44 39
198 492
130 200
35 436
482 412
53 314
434 229
64 184
413 395
396 233
426 155
284 342
252 11
60 188
120 354
393 57
401 16
217 444
380 32
296 104
270 214
443 201
237 205
452 360
445 151
306 348
43 371
234 442
131 147
1 147
204 103
472 395
191 458
490 189
145 71
137 138
339 415
472 433
293 76
79 276
125 238
461 385
328 20
167 195
342 311
266 169
416 399
357 238
279 107
30 199
337 424
192 167
100 176
104 164
441 245
483 184
421 418
438 444
492 249
412 105
126 186
85 179
417 42
149 442
141 197
121 179
199 478
6 165
330 299
45 463
499 123
393 380
177 420
22 183
140 169
207 286
465 267
161 293
235 383
432 163
342 229
59 405
71 393
193 418
233 253
228 90
322 232
4 121
304 499
20 378
165 296
63 228
21 130
365 77
240 108
189 297
203 82
328 249
19 126
379 21
463 252
336 107
228 285
137 340
71 384
32 9
237 236
218 96
25 110
71 84
233 265
199 260
361 288
414 27
400 380
484 293
252 363
1 320
13 332
68 490
499 84
320 101
49 237
199 390
474 74
339 122
235 60
348 38
66 96
329 263
408 466
182 165
486 161
493 35
25 499
435 62
15 24
113 255
497 64
138 165
287 472
384 477
367 22
119 232
347 285
252 300
465 108
121 286
321 303
302 466
380 198
222 89
196 395
459 188
353 194
18 449
278 140
163 402
134 146
431 134
286 334
294 35
173 103
407 415
381 346
44 61
151 262
9 119
307 347
41 469
270 12
152 59
313 49
195 167
153 300
134 478
366 439
43 428
195 39
386 302
363 76
190 282
401 366
214 200
21 60
72 107
19 291
340 225
244 332
132 387
218 398
189 118
46 84
475 84
386 93
170 361
144 102
468 212
264 397
458 34
142 285
429 30
107 13
345 121
361 204
102 478
96 79
15 143
80 495
88 490
204 466
420 110
175 200
97 241
275 439
77 55
438 269
282 6
479 397
101 128
458 340
271 55
199 406
253 286
277 131
449 342
304 333
33 370
111 479
419 130
38 238
8 496
354 328
225 142
270 333
26 327
234 80
339 297
84 285
416 92
434 213
46 366
236 91
70 79
61 199
437 341
337 99
427 297
440 43
377 5
184 62
495 403
52 418
204 334
426 136
201 120
338 213
304 247
178 74
125 374
68 240
191 415
212 405
301 471
476 4
67 30
285 160
78 62
396 337
326 134
255 322
387 27
127 93
20 191
418 305
397 497
412 486
243 89
412 477
481 44
74 388
400 400
314 359
49 330
465 210
385 375
402 72
17 272
316 29
187 389
387 234
220 84
25 151
128 463
360 437
177 462
214 434
146 77
408 29
91 195
422 373
445 328
453 324
206 314
204 269
3 245
329 91
242 75
390 207
144 223
37 250
37 174
251 251
280 183
230 159
384 224
52 152
328 181
496 5
274 386
131 200
143 129
204 313
20 385
460 95
197 16
190 497
249 234
417 442
453 381
105 499
151 338
371 10
15 332
218 367
419 290
271 202
15 62
300 328
275 35
403 260
110 472
207 94
388 211
92 476
476 341
31 50
60 479
163 403
122 427
217 382
84 394
456 341
169 451
486 108
369 444
416 389
335 331
42 475
452 223
65 486
36 280
259 448
203 448
376 423
157 178
72 445
138 93
44 380
489 307
251 382
123 210
41 20
495 459
34 83
69 447
227 451
400 458
258 339
114 455
133 486
284 123
68 205
86 422
230 464
346 427
137 333
353 321
132 178
113 201
0 167
118 182
492 228
419 370
326 251
89 385
8 311
17 373
296 76
40 455
382 26
211 238
59 371
49 417
118 44
211 162
196 118
198 181
404 189
292 117
354 82
393 233
107 362
290 410
217 403
281 182
420 451
322 344
261 332
228 371
385 379
350 291
472 82
123 48
18 228
310 267
352 372
87 204
466 459
214 377
412 36
487 347
192 332
16 310
33 305
185 244
387 271
353 387
435 360
440 328
447 305
178 251
307 299
111 265
494 125
161 177
25 406
91 149
311 69
374 459
56 344
115 411
298 443
155 320
0 86
391 96
199 299
451 69
186 358
483 62
91 33
291 145
294 116
37 382
194 457
301 412
175 250
45 269
89 326
412 201
149 90
241 303
225 348
206 192
106 263
148 189
186 198
166 440
174 332
289 204
468 368
470 91
212 495
321 16
69 301
243 233
389 218
66 485
29 466
81 124
165 136
334 230
170 352
184 352
56 196
65 326
269 376
372 387
255 481
282 193
279 324
42 378
215 20
338 108
232 244
380 419
149 398
102 66
419 171
368 138
464 327
204 285
172 233
66 76
121 280
104 201
79 252
124 147
107 294
38 462
382 192
90 271
337 383
55 44
182 108
436 423
60 499
84 140
68 84
364 151
352 41
294 469
468 283
77 418
233 75
267 467
238 115
498 209
105 428
36 53
328 288
139 324
316 240
325 223
374 384
278 189
10 78
213 424
194 330
406 142
110 427
42 25
87 200
480 393
298 192
480 369
193 127
219 119
195 10
246 44
86 421
0 376
300 448
279 213
208 495
422 37
62 318
370 317
210 149
342 351
72 8
487 174
146 265
127 207
251 341
262 226
102 189
138 114
180 403
398 417
454 388
58 172
489 368
370 280
483 51
60 212
238 55
173 399
106 236
429 300
26 210
251 44
158 129
384 389
158 190
78 134
306 464
333 488
269 148
199 203
267 252
308 111
11 357
94 481
133 469
31 23
67 12
493 283
172 78
268 377
11 183
147 199
39 169
317 332
35 308
413 17
128 154
12 73
406 491
461 458
333 39
403 492
275 253
183 396
125 300
335 303
2 136
306 482
315 394
54 475
344 202
209 467
40 473
316 73
383 446
338 277
122 216
321 93
490 249
49 4
308 115
104 236
219 162
56 262
237 386
440 111
78 82
407 149
222 471
269 223
353 105
174 459
53 327
76 495
0 43
10 478
214 308
470 114
228 433
171 379
490 466
400 112
113 420
243 159
234 188
145 13
324 439
266 319
167 377
272 343
321 167
327 283
249 35
321 149
28 478
296 492
456 370
143 48
207 70
258 386
251 441
381 403
75 76
305 147
342 242
261 78
213 163
51 88
89 462
292 372
216 470
192 88
136 25
447 335
74 195
489 205
460 325
253 222
221 35
129 59
137 64
227 390
330 350
164 130
354 420
390 457
45 423
448 82
270 34
229 395
452 344
169 70
292 412
300 275
334 14
78 281
172 323
25 157
288 2
422 189
498 142
65 164
99 44
430 13
260 369
213 11
82 212
477 234
361 374
388 129
410 195
370 466
124 434
437 395
437 264
406 211
228 435
331 472
337 327
48 261
125 450
162 261
347 207
81 491
472 209
256 322
140 383
169 127
374 116
380 106
170 311
99 287
111 398
77 430
44 300
250 125
386 169
228 265
256 85
294 309
483 229
464 403
30 124
240 133
92 256
68 121
260 262
12 19
449 223
23 89
214 345
14 274
391 452
389 242
404 147
228 184
439 239
363 44
30 469
225 456
77 474
236 145
164 189
412 100
41 466
311 287
413 107
59 178
272 304
304 300
336 28
268 384
429 275
244 131
439 311
285 322
319 16
57 373
473 336
154 321
109 366
473 317
347 22
327 384
184 120
148 483
367 21
296 268
252 148
459 393
67 191
60 96
469 386
74 117
439 294
160 228
46 400
422 133
369 393
365 101
436 54
75 366
134 304
452 223
116 386
78 264
360 183
422 138
107 182
328 496
77 398
298 489
474 123
368 73
26 344
250 234
100 463
267 177
400 86
473 71
187 369
404 403
41 400
82 326
175 148
399 262
251 252
227 197
270 78
274 95
181 149
112 376
53 133
220 231
154 453
322 45
448 342
94 227
405 489
489 176
290 80
184 388
438 42
472 411
359 60
209 98
474 40
26 173
404 379
332 246
143 411
105 7
86 91
432 199
227 491
424 421
162 17
411 108
372 452
12 235
333 231
123 222
395 159
38 149
247 152
63 223
230 390
333 168
367 316
159 265
39 446
463 83
44 201
153 375
110 416
147 17
239 296
455 270
272 487
139 346
69 371
114 54
74 151
319 447
213 293
239 478
414 104
157 202
77 458
374 162
179 40
336 21
143 271
258 143
489 267
139 249
303 410
61 105
404 229
22 232
211 117
73 261
463 477
435 230
392 393
433 309
182 72
195 121
264 177
445 453
54 106
16 436
41 209
438 430
14 445
415 460
221 225
54 340
71 36
281 489
150 315
387 214
187 332
10 82
387 452
410 307
95 441
150 278
208 136
433 88
400 223
300 200
393 473
10 355
196 464
279 291
358 347
31 19
453 45
349 393
200 193
134 111
390 295
283 137
77 98
173 69
121 478
303 326
33 14
330 313
457 81
428 462
481 167
64 312
205 434
127 414
377 258
405 114
103 267
218 41
462 180
10 243
69 435
302 314
479 454
36 132
94 436
103 316
128 427
214 168
434 186
296 193
307 163
431 201
94 262
443 149
392 408
344 453
119 314
268 498
482 99
387 304
121 77
356 343
11 101
287 70
264 297
312 83
137 423
186 243
392 83
492 481
286 137
451 188
186 406
357 219
376 168
97 244
87 349
450 306
376 450
99 90
25 492
268 412
155 162
98 306
287 400
389 90
130 425
183 340
411 168
188 40
137 287
488 286
92 76
27 439
381 320
165 478
242 406
421 433
239 250
150 19
461 378
303 39
231 443
111 339
379 142
282 299
437 368
445 270
61 381
202 324
302 442
349 219
152 45
295 122
141 243
121 297
188 454
397 276
115 419
413 8
159 347
215 195
318 97
478 12
336 379
322 32
251 491
36 23
145 255
498 183
332 138
92 471
248 20
291 489
497 363
62 204
400 156
105 130
142 218
449 436
320 479
322 123
146 424
179 358
393 143
281 30
1 225
97 373
362 249
465 388
92 211
220 27
9 344
414 177
113 152
483 364
487 434
358 305
15 486
129 389
419 260
485 411
136 421
22 82
322 351
62 487
367 414
111 134
312 376
380 25
389 277
63 215
372 229
215 273
163 387
147 196
107 434
355 484
418 244
95 230
217 240
7 9
496 436
165 118
143 160
437 397
113 385
466 353
126 485
225 33
229 141
76 224
209 337
433 283
13 479
220 380
241 83
371 227
197 237
249 36
434 340
77 39
392 399
384 43
76 18
12 461
186 306
495 88
223 395
374 280
160 237
172 446
25 401
491 43
432 222
415 240
279 218
117 344
240 23
394 353
315 168
326 406
346 1
248 321
101 69
158 122
421 113
367 330
226 298
21 358
450 158
376 288
132 82
105 493
346 372
393 351
257 161
14 219
41 103
25 262
237 494
460 183
14 158
456 327
37 92
250 329
117 339
421 478
323 102
326 379
230 21
35 219
439 340
295 49
312 332
178 320
4 49
59 490
317 370
462 15
197 206
46 64
42 166
268 319
198 217
238 447
166 281
473 273
323 457
141 268
89 487
36 172
162 93
315 95
462 332
38 129
193 11
178 436
256 87
304 298
245 306
87 42
316 264
73 60
181 491
478 215
387 270
215 366
313 401
233 30
159 275
139 272
208 204
291 317
467 316
123 447
489 213
329 62
123 157
148 254
321 156
426 478
344 60
462 493
23 157
285 195
467 34
90 424
93 28
344 381
180 60
125 467
30 169
179 306
61 5
161 179
158 234
295 439
432 2
12 257
452 307
193 149
425 272
152 283
16 18
430 496
316 196
217 408
214 198
55 396
76 127
362 68
7 86
88 9
266 291
450 452
101 70
194 143
278 26
396 346
195 146
194 179
87 363
61 411
160 153
281 468
36 236
322 495
356 395
38 262
67 122
44 488
483 168
47 91
437 113
111 295
474 484
199 305
216 61
215 112
80 376
464 348
195 468
363 138
401 51
25 253
93 468
488 421
12 76
41 387
183 302
286 152
457 9
71 338
450 26
254 138
338 31
499 219
357 385
288 215
468 110
430 165
86 414
342 271
158 99
253 384
388 193
55 39
229 346
224 478
116 180
211 478
197 306
43 62
129 407
17 331
496 450
364 448
219 434
385 206
442 229
275 138
30 331
29 330
308 259
439 253
231 276
434 2
65 281
188 477
160 46
496 57
5 8
442 360
419 76
158 328
318 361
192 285
467 348
108 221
326 275
403 47
50 58
191 337
166 467
365 231
288 178
186 362
74 146
74 480
160 493
207 232
369 479
327 399
473 336
111 435
335 299
209 366
55 237
204 400
483 221
399 421
283 272
418 437
418 210
55 344
429 78
57 262
14 298
135 385
172 487
138 98
465 7
244 348
100 20
94 300
222 436
208 345
283 357
67 478
322 53
131 475
237 251
402 41
278 103
442 37
135 450
310 81
281 452
325 406
207 233
169 271
468 281
490 229
207 251
156 410
385 382
485 140
181 474
78 387
276 311
113 20
101 264
216 423
330 234
468 393
16 389
22 489
219 485
88 12
422 278
12 245
385 307
282 350
237 418
229 212
232 366
130 342
118 186
272 198
444 300
189 240
82 460
445 211
75 301
431 34
279 498
305 444
294 164
434 439
151 383
249 163
357 236
274 231
430 475
275 46
139 374
334 316
379 221
374 132
166 455
453 305
249 297
313 110
402 395
131 247
410 53
141 380
112 267
95 415
462 394
120 370
187 101
174 306
438 418
373 48
353 456
253 178
289 455
202 66
313 191
96 333
66 75
195 238
5 30
424 290
160 319
272 44
202 199
470 446
494 141
97 343
22 200
7 203
269 163
206 209
43 83
10 302
392 109
139 205
495 398
217 415
311 8
59 490
436 13
6 29
225 283
483 104
159 99
262 342
51 428
363 468
122 446
407 374
431 15
413 398
313 427
287 482
324 476
490 346
228 113
396 496
452 453
52 231
73 111
392 166
134 476
423 255
481 256
271 182
81 413
192 36
371 246
223 479
177 195
308 65
413 405
210 56
139 218
181 262
428 212
41 73
181 414
23 316
498 14
279 146
183 79
178 471
302 406
101 253
318 480
385 262
318 83
301 448
210 458
22 483
408 491
257 63
231 441
308 280
427 230
161 87
59 462
368 339
92 361
193 321
83 262
346 79
27 254
64 147
482 89
432 86
2 243
36 190
322 85
315 344
432 249
63 477
168 343
56 431
105 113
375 250
181 40
294 221
221 60
149 358
297 55
150 434
124 151
236 187
31 298
48 404
381 315
158 111
395 401
14 215
465 0
40 390
463 146
206 187
397 184
92 207
141 46
197 242
429 117
416 286
190 313
128 316
279 423
324 287
354 174
26 339
81 319
317 419
458 44
81 375
434 355
402 25
267 76
45 451
237 49
362 313
129 279
54 490
129 409
435 379
70 483
154 314
85 3
399 323
50 43
250 332
357 485
61 152
104 477
26 458
272 193
325 388
230 253
14 379
110 360
195 302
116 32
35 350
25 53
96 287
119 76
61 346
351 477
454 474
432 455
0 332
220 56
310 325
205 450
162 176
478 167
200 358
60 94
147 235
22 85
13 95
294 494
323 74
400 145
452 129
461 185
241 452
130 181
483 403
80 187
354 146
356 410
5 54
142 268
353 4
452 16
10 219
293 246
243 333
462 194
379 195
499 423
456 472
228 129
316 440
438 160
70 171
225 146
414 427
284 219
236 119
338 236
334 246
80 484
178 77
124 394
318 409
233 123
253 126
418 313
473 69
92 356
354 396
323 170
389 268
240 107
195 125
372 78
62 381
458 304
198 92
353 82
206 368
495 439
252 311
232 413
122 78
474 325
495 328
449 297
257 236
362 189
267 452
334 86
390 182
126 144
79 440
161 480
271 137
448 8
273 23
101 180
5 247
76 75
225 352
89 25
214 482
286 303
389 333
367 120
117 131
423 494
326 196
333 84
444 97
472 281
313 218
317 74
1 171
375 393
270 226
60 464
119 336
22 347
467 8
491 389
235 436
132 415
351 61
10 317
450 296
366 483
409 264
435 183
429 262
489 310
127 199
388 401
248 98
107 410
151 216
152 98
365 387
300 137
454 217
365 311
146 405
169 231
266 407
169 456
118 195
247 10
412 97
196 135
397 160
228 155
105 400
287 233
370 471
40 440
251 176
81 405
488 249
156 102
410 254
302 325
188 381
478 49
36 100
260 26
181 285
185 489
74 139
462 473
413 444
472 2
259 16
265 54
8 247
353 273
98 271
152 155
56 286
238 482
9 92
377 499
340 42
181 63
388 266
210 143
497 153
21 34
88 108
355 286
411 449
220 61
216 361
0 224
206 273
217 238
89 67
110 95
10 281
47 143
139 398
403 109
144 488
97 424
62 84
385 452
365 473
334 457
181 82
207 186
425 240
307 424
371 366
148 269
413 381
131 47
157 404
392 34
310 153
237 489
294 372
197 123
80 159
93 32
218 114
354 300
225 495
362 161
283 96
330 362
409 196
100 461
348 418
71 344
334 158
383 161
136 480
139 80
464 68
182 233
33 183
30 388
402 110
207 244
106 185
233 389
350 368
286 185
29 50
209 210
223 215
195 92
172 359
279 335
68 137
172 314
202 453
416 54
299 104
141 475
364 257
477 374
59 214
265 116
326 89
304 326
270 401
260 0
187 294
431 391
205 107
60 455
10 408
364 476
451 161
270 6
380 167
382 248
364 440
381 499
177 42
443 185
37 447
241 55
446 224
331 25
332 152
412 244
72 194
355 128
134 376
43 478
226 367
159 277
128 90
484 40
77 305
104 427
482 467
191 198
223 280
284 375
471 55
250 196
177 43
271 457
435 163
30 315
444 13
455 41
81 73
230 439
366 11
478 335
33 200
481 21
248 108
15 265
314 219
115 117
427 491
154 386
53 214
228 37
78 498
423 183
475 12
23 153
340 193
394 353
226 225
333 227
344 475
46 201
318 10
1 13
252 245
312 8
397 305
155 40
75 475
339 430
84 50
96 214
419 276
2 490
69 146
473 187
388 413
424 371
385 59
156 277
137 137
294 468
360 34
362 302
232 436
338 201
268 168
445 434
276 187
333 299
338 345
111 158
30 79
138 35
164 415
404 146
467 302
188 198
352 327
115 50
104 85
105 306
240 224
411 50
201 369
66 97
255 40
119 177
64 285
52 109
255 229
383 456
7 74
402 71
474 359
296 17
323 430
154 402
304 416
285 417
14 358
398 351
381 270
407 369
478 445
26 312
120 85
160 409
333 127
339 62
431 159
441 487
389 107
375 447
364 46
404 160
363 231
353 154
23 244
42 112
424 1
438 68
330 45
172 98
12 163
174 363
351 296
403 115
414 92
138 278
290 278
361 394
48 5
250 214
327 71
424 144
212 251
148 363
313 42
57 173
36 326
122 231
198 239
332 377
7 112
243 322
217 297
302 104
171 117
189 404
48 350
101 465
328 113
7 250
423 494
320 65
148 311
51 294
23 199
311 235
57 30
179 406
363 126
244 481
238 386
236 285
250 138
251 189
439 431
425 111
176 214
378 97
243 176
375 281
16 266
148 39
297 425
52 327
160 12
398 296
433 398
389 134
324 183
466 492
103 115
182 391
340 131
308 60
193 83
201 35
426 209
134 349
28 224
236 38
186 189
439 135
121 119
303 180
173 297
413 269
13 128
260 447
7 353
289 420
307 52
261 490
192 234
458 247
286 220
261 46
33 472
92 53
233 155
452 247
368 406
387 217
164 233
87 499
419 23
75 228
70 78
312 336
436 262
335 122
21 222
194 96
149 54
61 138
237 235
141 366
83 106
339 380
379 100
123 278
358 150
229 199
387 429
191 393
368 323
45 26
475 389
295 92
82 476
211 209
75 320
426 205
85 158
110 117
248 465
115 234
433 106
35 344
90 172
496 79
105 458
199 393
337 432
409 494
203 420
240 120
325 130
141 18
487 411
376 251
485 235
194 343
40 270
295 229
160 130
440 291
36 118
50 139
485 226
146 459
432 41
171 238
108 257
20 164
416 95
183 248
92 253
24 377
458 132
114 319
462 119
237 54
193 350
76 139
99 30
71 74
312 383
492 95
259 420
16 13
113 27
281 51
428 57
41 157
476 386
357 155
61 290
140 446
86 254
137 69
143 37
420 60
155 456
228 412
277 267
294 96
147 391
448 75
232 75
314 342
497 60
202 23
470 59
165 343
412 56
93 302
215 407
363 13
277 370
489 444
40 55
298 284
211 188
115 98
440 296
356 281
305 290
349 59
254 275
183 366
21 18
425 276
141 236
458 141
85 270
177 448
232 125
165 475
74 295
91 281
62 366
156 448
359 219
494 357
224 465
483 29
305 97
333 260
401 298
421 143
91 338
316 98
74 175
471 333
114 0
218 62
362 29
248 375
84 73
38 95
124 308
257 373
134 282
432 442
86 387
78 353
304 177
353 394
227 378
230 176
238 194
75 448
175 453
26 175
122 260
420 417
290 99
381 178
120 424
164 165
371 206
236 242
488 175
405 89
117 67
113 135
435 355
160 40
216 463
223 187
456 190
289 143
173 246
23 22
188 146
352 39
281 59
86 440
381 121
188 491
478 498
206 154
194 265
228 366
405 262
453 451
447 361
108 242
265 472
118 483
22 305
216 323
263 155
276 302
145 145
495 316
470 123
388 201
68 165
427 469
420 473
187 232
475 219
44 147
130 92
397 162
337 4
159 113
267 453
450 435
103 412
35 445
147 74
91 275
244 215
40 370
103 17
88 227
226 430
22 132
295 356
360 271
384 484
437 371
158 151
415 387
333 262
188 450
77 480
47 279
149 174
191 439
19 104
386 131
264 245
454 408
31 411
395 166
38 267
270 333
72 48
310 185
487 405
237 498
129 65
239 136
428 131
235 282
413 447
44 122
382 29
440 350
17 414
181 336
21 407
455 452
489 93
351 118
116 477
42 440
77 98
229 133
267 5
304 464
438 32
62 348
199 173
439 2
190 68
327 472
276 63
9 134
252 266
243 212
152 221
319 137
122 81
438 48
364 241
273 242
443 155
328 187
42 494
414 119
91 84
148 241
375 368
486 9
221 480
201 229
218 225
159 372
272 192
433 97
192 136
143 58
246 487
333 471
442 288
372 247
340 34
254 372
381 67
47 240
321 454
32 100
472 391
83 191
140 96
233 16
426 332
171 376
200 172
460 4
103 142
28 333
205 443
11 282
22 439
393 410
11 195
86 425
468 335
432 169
37 109
293 17
245 464
136 317
321 297
440 449
282 277
72 320
103 339
278 435
346 477
173 24
301 209
44 259
429 270
231 328
345 318
282 24
193 91
388 271
220 367
144 180
1 354
193 216
152 104
81 324
348 350
59 106
366 149
271 103
432 147
465 2
379 129
220 100
371 72
439 461
141 443
297 83
152 494
450 342
166 156
6 384
490 366
16 417
372 356
3 139
142 156
286 321
421 21
445 358
319 144
439 385
320 313
307 88
430 324
480 110
494 449
315 338
255 484
193 183
323 128
284 48
369 317
190 422
281 142
138 135
372 452
265 77
17 45
369 425
35 448
249 202
40 381
365 416
100 148
128 58
107 275
444 412
187 328
323 134
121 468
420 461
391 494
391 38
315 408
208 260
462 202
83 309
226 355
3 300
359 178
305 131
395 318
498 249
235 82
402 321
135 356
202 175
65 26
286 93
206 380
434 347
156 168
375 17
317 234
412 378
9 28
198 69
318 257
339 49
370 405
114 94
269 357
235 316
262 334
214 22
369 320
340 148
17 377
112 216
94 186
67 376
446 456
213 265
314 116
22 404
498 37
394 136
304 267
453 130
4 418
90 167
167 225
102 431
147 36
223 66
295 93
49 290
407 241
209 114
371 74
111 83
71 369
489 357
487 228
146 442
462 343
68 89
20 481
18 23
89 167
112 93
235 236
329 14
128 494
68 39
474 351
221 179
389 46
274 62
356 228
72 272
361 318
152 140
163 233
252 22
115 105
341 365
379 202
196 23
62 359
211 265
296 388
434 284
198 185
414 60
333 54
225 486
478 46
280 377
399 494
99 32
249 366
68 292
315 128
340 116
233 229
118 403
187 30
67 404
465 385
291 333
319 150
48 16
393 150
144 328
213 292
10 95
239 314
295 78
47 407
488 135
38 280
310 106
363 77
314 230
63 328
330 105
122 235
385 378
59 15
160 381
476 272
438 170
101 215
474 233
368 148
428 463
421 258
335 91
321 284
112 149
107 384
471 442
173 229
96 356
237 232
356 256
279 65
133 294
28 380
28 107
70 396
7 308
399 492
276 342
344 72
309 241
35 451
32 280
489 208
440 128
237 226
144 296
91 16
396 277
236 119
367 276
84 307
151 374
69 336
260 279
20 265
68 69
350 408
116 100
80 339
417 409
205 317
333 413
190 148
119 81
209 427
86 339
65 146
482 89
368 134
251 94
164 241
149 319
419 366
57 265
174 0
169 326
240 232
380 3
436 282
61 352
191 146
292 147
236 256
243 126
220 105
198 494
314 236
102 347
464 85
85 159
486 491
223 255
110 78
360 455
307 46
44 422
421 350
107 188
314 158
115 350
196 387
123 313
12 10
96 226
237 476
467 33
140 75
5 190
498 250
149 366
140 157
8 45
234 61
71 467
169 400
287 38
203 365
228 263
489 215
192 324
209 78
6 11
54 350
452 11
377 52
61 101
499 369
431 421
388 233
133 2
393 409
275 273
36 96
312 355
31 377
455 356
219 240
442 461
325 273
177 395
348 202
424 239
160 347
80 355
209 401
310 66
339 102
51 437
292 375
252 215
423 323
416 59
373 142
268 358
253 198
252 445
36 454
153 176
31 49
302 86
152 93
47 112
402 491
218 98
313 194
370 322
381 236
231 286
496 254
452 499
444 102
56 205
233 333
382 209
295 265
210 184
148 299
142 257
208 50
97 360
182 21
110 319
457 64
170 341
340 453
55 123
180 136
469 463
25 413
30 203
387 320
472 92
350 388
438 114
327 58
431 387
206 9
425 393
234 163
117 96
71 426
415 24
488 103
16 384
88 13
185 399
491 327
215 157
272 193
103 6
393 99
460 35
280 452
115 238
186 15
293 84
109 109
212 208
445 449
462 80
479 385
212 499
9 323
16 280
138 281
232 472
359 383
335 44
134 139
154 451
35 320
429 300
8 496
445 493
74 453
338 407
259 405
228 403
35 268
401 97
69 173
56 485
29 428
67 244
195 164
336 74
374 82
79 118
111 382
188 24
284 185
91 26
281 43
311 171
268 316
489 212
197 189
117 398
142 78
94 37
111 189
271 283
401 337
71 202
227 12
198 259
138 11
406 141
312 419
236 69
281 433
122 77
327 330
260 92
129 469
158 207
490 92
429 282
484 391
255 0
112 63
426 305
446 250
21 332
401 111
44 257
187 34
364 18
110 14
484 477
184 239
183 494
128 174
417 112
465 465
28 172
478 77
179 455
287 276
387 200
310 41
75 283
302 497
11 292
269 412
4 347
194 305
331 187
152 174
139 100
272 469
398 168
475 102
379 77
129 262
155 118
402 439
288 231
375 204
468 152
499 496
301 472
12 45
220 484
84 164
133 211
379 356
311 31
460 354
469 42
160 89
381 124
207 414
470 169
173 82
78 439
411 25
70 231
215 423
439 142
354 151
360 72
455 85
292 171
213 267
209 261
237 225
140 442
111 445
379 110
49 137
162 310
393 313
88 232
227 461
112 28
452 81
18 472
495 260
27 310
423 60
286 236
178 161
458 278
240 142
279 189
351 142
455 293
25 245
206 395
423 104
37 170
495 376
136 56
218 490
51 15
104 142
303 337
467 282
276 113
154 207
349 407
200 6
251 156
52 78
182 309
331 475
203 220
128 326
317 191
207 346
488 220
57 311
445 143
108 376
83 74
481 263
269 433
441 34
464 20
181 493
469 146
218 12
191 24
216 198
45 8
228 275
86 385
29 137
13 383
457 137
400 448
233 291
177 21
41 175
168 141
139 74
439 489
14 358
56 130
490 82
357 453
339 218
207 295
178 368
357 72
372 488
279 110
131 106
281 456
449 25
99 301
143 88
298 390
20 9
91 355
308 10
80 300
95 499
367 139
211 125
113 77
187 84
42 244
52 318
195 175
328 1
442 147
37 471
480 240
95 58
420 71
223 256
107 353
492 170
296 327
404 56
492 261
6 443
113 34
209 410
264 309
456 389
361 206
446 493
403 341
265 394
150 176
29 488
159 109
436 21
77 307
68 340
283 421
455 426
337 397
58 16
406 101
159 14
359 267
460 105
499 115
143 225
66 1
111 172
45 77
384 47
240 475
396 452
231 23
272 204
220 420
373 182
48 478
97 32
137 260
375 58
135 137
138 370
42 201
278 101
149 439
414 162
467 389
264 163
367 50
470 389
71 87
418 343
375 472
232 15
73 12
1 459
329 209
410 492
93 223
162 41
55 94
335 429
92 22
424 100
341 459
398 394
237 264
236 316
332 464
477 468
427 405
466 330
322 108
331 229
270 416
10 346
275 325
200 198
298 219
178 124
19 491
255 428
245 108
73 492
312 429
186 402
232 92
200 153
382 55
323 32
378 4
329 185
383 5
224 381
6 33
24 254
182 377
485 280
124 279
60 410
312 436
28 247
252 397
304 229
113 486
490 127
164 343
200 319
53 48
433 424
178 59
436 458
90 212
344 273
36 214
2 404
3 200
97 31
112 255
241 401
380 77
272 83
255 45
93 472
396 308
367 378
336 426
490 155
280 426
492 186
91 316
17 495
378 94
202 466
368 342
271 295
379 248
293 43
15 134
442 238
117 263
41 309
316 305
84 383
70 96
265 76
423 161
107 134
100 301
495 161
457 320
69 266
161 336
470 214
305 176
291 264
73 274
79 332
68 241
189 163
92 138
151 306
440 15
169 110
272 41
213 164
283 229
417 282
349 444
473 387
151 6
280 264
449 76
169 211
227 17
7 358
165 171
186 158
268 457
350 207
224 40
121 64
198 7
451 38
425 399
405 276
41 428
356 37
249 342
211 25
236 328
499 218
376 253
210 37
245 144
37 413
477 469
328 158
197 175
75 131
408 474
255 332
370 301
143 111
489 471
299 354
424 77
182 150
39 300
296 392
305 136
457 333
492 134
162 285
417 41
15 237
421 177
478 270
234 291
262 473
179 75
4 413
415 103
403 186
78 455
91 51
385 236
222 49
186 229
270 384
473 455
132 137
408 395
186 462
435 494
421 301
214 466
69 425
111 130
437 324
228 41
277 380
429 113
342 0
236 468
423 464
101 210
105 56
370 361
355 143
444 158
124 276
201 11
493 46
222 164
206 430
310 450
415 483
335 92
60 257
221 424
134 335
391 175
36 239
382 114
272 392
20 179
190 396
294 74
238 183
465 17
319 444
280 275
219 235
344 467
391 279
115 418
93 25
116 358
472 129
373 351
30 96
345 394
320 72
107 139
8 58
3 72
199 328
63 135
102 419
50 407
325 346
223 17
376 270
400 340
43 200
149 273
19 425
497 494
133 339
398 456
28 494
322 253
240 227
498 237
496 194
40 49
66 174
444 116
456 294
347 196
470 499
276 496
342 341
181 273
229 475
321 431
36 109
188 143
232 128
322 187
236 81
255 215
331 154
449 51
248 139
490 148
496 70
411 266
391 338
165 444
227 472
81 487
482 115
243 269
456 215
148 418
485 44
199 403
454 168
307 0
0 54
124 149
415 496
334 36
332 306
130 499
338 412
27 211
332 321
388 123
41 141
185 36
291 378
46 236
88 245
300 205
354 88
436 276
164 121
427 270
122 497
409 409
120 460
133 288
411 452
93 21
57 304
182 131
219 348
446 80
285 160
248 98
374 139
112 185
307 39
388 39
300 429
242 297
437 420
225 375
397 349
5 170
153 306
7 40
120 373
33 305
255 258
249 133
170 129
20 362
253 330
111 408
57 54
326 353
81 495
196 51
74 330
488 201
93 227
452 347
152 214
324 337
323 407
389 73
287 345
175 409
318 41
95 287
492 227
222 273
325 425
255 418
472 251
330 244
91 65
131 135
472 96
3 455
381 147
493 392
154 168
61 20
159 472
199 156
282 152
77 274
44 459
210 185
429 368
286 40
27 372
468 417
225 0
499 324
216 458
478 492
365 222
194 40
48 24
28 246
372 330
289 458
143 268
137 499
392 424
296 423
192 419
271 265
441 269
227 271
115 9
232 206
246 332
357 278
376 294
477 385
343 248
17 266
266 486
410 6
429 10
281 59
176 473
243 53
176 117
126 322
380 143
476 358
137 478
125 333
70 365
114 102
368 414
252 483
489 486
496 15
74 270
95 278
183 102
219 190
13 211
206 197
56 245
224 182
367 45
410 201
303 290
204 376
359 171
10 308
323 200
322 358
488 249
351 270
460 171
234 70
120 325
71 441
475 176
73 147
348 195
485 335
212 151
174 41
349 423
476 184
43 25
274 150
420 383
55 478
400 381
206 141
82 20
48 129
276 410
105 473
309 476
479 90
483 373
148 154
190 184
209 124
127 85
469 336
314 47
428 376
17 66
87 487
468 452
362 135
109 245
73 319
261 270
143 53
207 244
428 291
268 249
187 490
178 395
442 156
384 492
58 223
62 253
205 497
133 30
127 419
238 94
364 201
254 499
95 359
150 313
414 376
366 270
165 101
109 44
388 460
183 493
247 298
296 97
127 304
224 281
227 255
308 314
166 443
302 414
227 261
137 304
75 493
95 355
251 92
52 204
50 139
290 87
184 149
453 438
71 312
419 29
196 298
93 227
141 362
123 395
51 220
213 261
468 126
71 160
217 220
211 123
211 267
268 1
291 395
59 73
455 362
12 478
57 151
13 105
352 50
270 136
249 404
382 336
496 218
438 453
429 65
184 149
3 140
387 452
26 294
157 447
277 481
132 21
127 335
385 145
133 331
87 8
196 383
101 322
127 44
110 391
392 56
48 294
247 395
42 436
235 125
458 51
72 12
199 442
87 51
383 437
297 72
455 322
144 493
389 408
151 124
180 499
294 44
291 81
17 393
370 333
384 104
468 328
270 309
360 20
457 209
281 95
418 106
451 89
497 414
38 340
340 1
45 71
152 486
231 188
374 21
125 101
429 258
419 445
465 51
260 280
375 274
232 393
482 293
208 183
24 332
333 98
169 216
202 230
418 173
194 433
386 292
403 171
117 167
218 174
454 434
209 330
223 330
475 441
125 58
242 35
134 1
217 427
157 155
329 271
56 427
72 375
47 442
109 327
1 164
98 179
9 456
138 159
101 84
494 113
1 78
431 236
163 487
142 0
123 172
100 323
199 179
473 172
499 246
262 434
113 352
308 360
372 474
410 298
264 325
403 405
493 265
252 186
186 157
181 394
218 309
340 281
305 269
15 313
99 156
9 277
489 64
38 169
468 361
186 300
205 232
349 441
479 199
208 101
347 165
326 241
23 417
186 166
331 180
337 201
330 430
494 198
367 320
33 384
185 187
271 72
13 242
293 120
221 345
10 353
95 69
486 337
3 470
150 173
226 335
117 487
185 57
377 464
348 405
92 262
334 385
128 364
336 200
45 273
127 58
479 407
244 74
44 317
342 100
287 194
34 421
478 404
368 71
476 207
469 69
454 421
285 156
356 434
60 473
383 253
160 187
113 362
32 405
357 157
203 374
295 144
400 237
309 125
332 269
190 137
58 154
310 496
431 195
169 18
271 343
382 52
267 431
188 495
4 299
25 45
41 207
297 173
298 442
63 458
95 483
489 253
249 6
201 299
169 32
227 222
275 440
223 109
104 394
193 412
309 108
168 70
243 351
145 465
275 394
377 208
313 222
228 218
369 62
447 282
4 38
330 174
284 131
25 53
317 240
201 70
141 479
330 369
186 236
130 475
35 313
35 359
77 348
262 116
398 446
484 61
236 402
386 314
220 372
464 411
482 389
368 165
386 475
211 50
377 424
89 342
201 412
112 125
241 131
77 375
436 491
245 62
228 24
248 131
395 300
190 213
230 229
204 410
461 469
393 415
109 338
103 483
460 163
294 215
442 53
44 371
285 231
255 141
273 366
166 4
69 20
249 208
119 151
120 453
368 432
270 366
201 330
493 225
441 161
66 287
158 235
466 462
103 296
162 222
78 228
248 180
389 499
150 497
302 360
292 271
137 171
353 414
140 338
351 346
133 433
168 417
231 143
439 135
209 334
415 101
282 139
138 163
13 23
383 140
263 315
338 175
89 252
442 191
37 81
14 293
62 22
166 35
170 293
480 105
59 231
222 395
410 193
216 212
352 423
91 451
126 116
220 429
473 67
149 163
456 10
385 15
50 371
16 51
8 72
155 496
243 419
112 377
89 6
429 180
131 294
262 372
302 109
177 482
145 275
137 178
45 454
325 22
425 96
20 341
190 286
205 176
53 285
291 170
350 495
141 73
445 482
91 403
237 99
374 120
298 383
189 364
238 344
292 366
207 16
302 312
488 249
35 7
177 394
389 178
251 28
362 30
285 197
296 453
74 22
257 23
239 224
420 446
312 477
493 64
229 372
473 295
155 217
463 360
39 184
64 204
86 290
487 426
232 371
246 136
159 158
234 3
302 250
227 155
71 466
338 221
368 300
370 164
24 375
60 333
38 63
206 124
403 124
348 45
181 135
293 94
449 192
442 379
34 103
70 22
95 458
258 260
424 463
339 128
314 301
216 251
227 352
328 422
468 130
117 28
474 1
46 262
142 424
27 488
362 176
486 97
210 457
421 245
225 134
435 112
215 39
243 152
426 442
73 424
452 246
248 190
453 427
351 294
134 95
123 230
180 497
306 110
207 390
376 79
43 284
324 164
168 258
201 419
343 94
341 274
316 296
223 441
235 121
216 426
8 221
70 192
154 188
430 377
308 213
497 307
471 352
110 321
241 139
233 311
437 436
232 426
367 254
375 307
85 454
28 444
488 446
134 98
327 142
355 417
224 136
488 352
26 47
186 450
262 119
55 271
50 51
305 140
299 417
224 33
329 237
183 252
202 169
311 169
86 30
18 18
222 162
209 358
308 100
71 395
19 422
474 127
119 69
338 131
16 270
7 62
166 197
366 190
360 369
251 29
399 298
461 269
479 122
74 170
418 139
414 146
125 437
358 240
371 244
14 196
111 240
437 374
64 277
146 304
333 276
75 397
18 233
207 36
206 349
489 133
279 124
413 255
495 404
0 271
468 218
458 367
241 79
356 396
52 305
434 355
252 237
322 9
45 123
472 29
163 103
228 313
68 294
51 493
265 415
134 51
270 85
16 92
340 11
169 224
79 244
482 103
112 184
307 304
186 9
112 131
445 201
347 192
38 365
281 398
450 303
240 415
359 72
84 256
480 52
296 105
208 412
96 130
287 172
33 255
386 325
26 145
190 331
197 373
124 228
383 330
245 426
498 123
231 456
360 82
39 63
475 9
139 247
271 423
178 426
103 304
302 417
100 129
355 344
424 149
479 479
257 307
282 76
33 255
190 13
76 393
402 229
329 404
327 394
172 100
405 358
275 276
257 59
403 375
25 464
295 327
486 356
433 52
308 268
133 318
63 498
79 209
113 318
212 408
9 293
151 236
12 266
177 426
153 122
86 80
259 30
387 382
286 245
365 320
138 94
444 498
59 201
19 376
284 173
318 83
320 145
411 469
247 184
306 88
20 252
283 393
127 279
376 170
342 413
360 241
91 332
385 156
32 151
176 257
340 317
462 494
463 12
197 226
314 62
314 3
248 187
318 97
119 375
141 195
288 461
145 1
157 232
383 31
140 190
359 59
53 332
345 321
47 368
430 394
249 214
253 244
194 350
77 71
118 313
127 218
71 259
491 272
155 229
271 374
285 147
480 130
303 338
206 177
71 203
269 136
232 172
22 22
445 426
240 100
318 416
175 219
491 390
471 18
392 499
146 94
76 177
367 126
155 379
434 73
61 226
399 203
77 293
220 421
373 375
291 312
31 192
434 318
336 374
225 257
351 80
109 372
350 427
158 476
401 6
84 93
148 462
107 335
257 78
453 179
343 482
174 244
62 374
101 460
217 250
330 326
50 420
347 439
415 253
259 358
451 316
130 195
31 451
29 237
269 140
122 334
78 112
339 149
461 492
242 440
118 31
451 424
363 21
274 151
9 278
446 385
80 312
115 428
18 463
103 145
479 287
251 78
227 410
254 90
382 40
71 349
273 353
374 23
26 137
267 148
385 35
199 66
494 317
281 314
311 364
151 236
314 143
405 255
345 393
434 159
8 80
433 5
380 134
123 159
159 406
293 390
308 44
361 492
159 155
19 494
231 322
465 23
278 45
439 370
30 475
55 225
230 390
376 340
499 111
369 499
390 158
54 163
7 50
205 416
410 18
341 225
248 493
39 306
29 378
353 330
55 411
153 261
101 137
248 30
29 453
111 470
133 271
322 18
286 492
11 379
104 196
42 352
10 204
434 81
263 39
450 288
49 318
455 104
486 2
455 56
26 15
287 419
437 11
3 461
340 223
271 366
70 297
353 313
246 81
472 288
76 9
327 275
231 477
479 135
43 217
232 435
354 69
432 371
184 291
366 287
154 25
174 137
451 224
157 27
315 197
59 130
405 391
368 386
373 488
205 200
135 416
337 289
13 341
484 269
57 197
74 350
339 63
287 248
128 290
340 445
427 443
187 399
137 184
172 407
107 11
279 229
18 242
435 117
238 383
433 419
121 147
210 7
108 461
103 350
295 236
31 443
194 74
258 218
126 332
195 430
159 233
328 474
443 29
265 263
35 34
181 198
57 156
469 244
94 165
253 73
16 241
315 285
355 63
395 425
207 481
215 442
416 366
247 395
10 212
98 12
62 45
54 279
375 120
137 23
96 321
62 243
28 465
28 229
6 235
217 275
217 213
431 284
179 485
49 179
43 189
87 147
279 106
226 141
16 154
476 215
458 465
430 390
472 338
74 310
437 478
192 291
75 154