5300
139 123
154 106
295 189
336 198
156 382
23 115
122 234
449 392
357 450
340 408
246 287
449 312
143 320
463 386
392 335
310 38
144 31
72 465
15 292
174 261
228 171
257 50
442 350
300 206
114 299
438 493
157 361
33 239
125 300
487 497
387 369
400 298
115 32
176 325
86 130
153 350
252 166
369 410
468 46
197 21
14 83
296 487
226 24
324 329
178 203
72 312
462 66
450 325
150 77
59 126
328 88
106 64
326 81
479 475
497 294
229 177
164 363
387 25
207 243
446 64
228 237
303 371
196 190
119 105
231 198
286 30
446 412
345 244
220 272
418 324
1 69
432 148
25 18
261 172
236 84
322 59
282 316
6 477
83 478
28 477
359 166
78 166
411 305
429 423
100 131
200 199
199 101
471 484
156 77
161 84
496 244
60 335
165 278
109 418
247 100
266 137
304 106
263 197
472 215
346 44
96 72
26 398
382 295
372 497
434 391
487 386
73 430
60 48
466 238
338 169
307 66
24 457
6 111
178 288
184 478
51 376
274 280
428 429
278 8
251 300
38 212
494 239
287 112
202 55
224 105
23 41
350 383
346 48
188 208
186 24
400 372
153 89
18 26
35 81
233 297
361 138
377 272
236 356
263 16
474 438
331 487
223 497
45 181
389 69
94 233
458 428
369 346
373 463
396 388
37 260
398 129
253 398
106 128
144 489
280 369
209 470
320 111
145 432
353 365
451 386
314 299
146 261
224 184
424 371
483 120
101 313
63 381
361 355
196 170
391 358
328 476
440 100
384 148
366 85
323 90
389 169
430 138
174 387
110 6
126 450
263 93
327 227
434 326
348 188
46 483
311 240
192 227
227 251
188 429
371 445
114 12
2 112
0 396
402 28
478 462
56 380
108 93
419 383
423 394
377 120
212 322
49 189
292 404
185 128
74 333
345 56
169 40
289 199
227 21
483 43
424 205
150 391
274 384
278 69
41 198
20 8
197 253
10 421
49 341
174 47
456 475
368 371
70 477
350 157
52 297
354 333
77 476
360 4
426 351
401 491
499 467
73 273
194 48
389 435
482 96
423 416
287 438
415 291
300 358
7 265
451 353
181 362
218 28
231 394
385 496
316 133
406 236
284 389
324 453
401 25
293 306
97 324
468 81
291 364
130 120
325 298
12 433
313 359
253 83
79 44
29 138
374 395
136 288
93 10
35 460
119 494
170 329
262 68
432 490
463 53
203 414
347 288
147 68
3 12
57 252
390 82
330 438
226 116
478 466
279 319
165 14
195 398
466 336
326 309
214 250
165 289
430 269
189 364
377 429
182 192
127 286
224 424
41 457
423 451
122 19
385 202
452 288
124 432
93 270
21 302
444 307
77 186
402 374
155 266
311 279
65 337
262 438
395 142
93 303
174 170
225 67
355 412
344 177
448 331
134 438
97 321
7 430
304 26
145 409
41 459
149 456
394 458
100 411
66 141
311 45
113 92
4 36
214 468
300 201
491 14
335 286
216 88
115 194
455 372
183 112
68 348
307 332
243 462
103 407
305 161
254 266
303 418
238 258
311 369
235 390
176 302
391 422
116 244
116 358
470 423
272 300
484 390
352 431
190 228
241 307
73 495
413 347
458 228
97 4
394 269
72 184
106 423
167 315
25 74
498 284
436 347
237 122
53 420
0 441
248 243
91 242
89 173
254 356
360 47
317 203
388 255
178 241
408 494
421 197
481 433
280 419
393 417
338 17
310 298
41 190
432 58
83 132
489 374
421 337
41 201
308 90
183 429
275 338
36 91
24 196
467 17
287 304
173 360
10 477
167 483
393 52
36 452
326 329
18 377
431 99
190 59
340 239
78 373
465 468
16 114
483 341
498 484
196 122
99 23
359 207
111 119
71 252
433 499
229 397
496 452
363 160
399 38
264 56
24 329
295 81
274 40
376 279
253 272
296 425
132 353
324 155
259 95
446 395
144 45
497 175
187 492
31 360
416 439
268 147
228 292
185 64
195 2
127 61
486 448
153 275
430 470
417 477
372 41
86 364
391 368
361 435
296 79
18 392
391 64
209 286
202 119
473 394
455 249
198 452
227 294
116 203
181 157
51 34
250 405
126 489
425 141
220 487
379 73
489 238
377 122
241 198
92 79
329 66
19 400
194 379
434 246
256 162
196 467
225 159
148 298
440 351
338 425
498 160
251 69
191 488
186 128
59 284
202 279
31 240
471 221
320 225
387 406
225 428
87 436
234 450
301 87
13 26
39 139
60 11
351 142
270 251
387 38
169 181
274 90
163 200
277 245
3 483
263 16
304 229
179 350
438 391
417 333
324 303
166 308
450 385
488 18
408 72
254 376
318 77
129 380
477 481
317 258
274 481
62 80
431 79
322 93
426 221
24 239
48 251
488 190
60 498
423 476
204 468
397 177
409 22
4 26
136 386
367 321
401 411
342 429
375 184
257 164
255 301
52 133
324 155
6 40
369 236
205 429
458 73
96 102
481 367
253 100
273 117
380 473
254 174
211 74
90 129
431 468
102 346
1 335
228 278
14 359
288 449
22 71
174 98
465 470
70 7
476 71
396 195
222 209
283 150
132 433
401 374
72 415
102 355
133 425
285 330
131 0
71 73
172 154
476 97
104 489
60 399
94 81
142 456
459 316
249 425
299 91
6 3
210 371
297 108
291 344
344 434
359 422
428 267
365 31
373 405
304 469
402 285
94 250
67 44
322 53
496 168
23 473
197 354
314 234
78 346
280 457
232 274
393 139
23 12
417 258
80 396
181 73
176 334
231 127
32 243
263 53
26 28
234 287
21 223
69 49
6 451
225 201
341 238
251 118
229 364
112 20
446 309
143 293
273 122
217 374
279 305
334 480
267 158
381 420
469 288
239 303
4 328
418 316
287 197
61 21
42 16
177 173
319 340
314 172
47 444
249 31
363 178
336 435
356 131
271 70
225 177
5 363
31 81
279 424
445 318
186 192
218 339
31 363
388 389
333 345
228 435
465 82
370 92
75 302
224 226
255 198
413 449
30 261
37 445
115 309
354 334
174 154
369 72
313 57
403 257
44 146
80 483
427 10
164 450
28 354
53 388
337 284
397 318
263 219
381 434
268 231
385 235
159 294
352 254
364 472
118 107
90 408
418 50
353 370
224 434
322 233
17 129
448 11
231 266
200 63
146 112
347 321
115 31
138 358
330 467
74 2
262 300
350 17
387 33
467 55
289 111
93 142
153 158
425 41
456 384
348 477
298 103
486 195
53 414
233 124
478 235
35 160
29 93
126 238
293 416
379 93
87 434
93 472
365 241
477 370
347 174
277 326
373 146
412 263
240 279
14 145
157 70
163 402
140 186
454 289
235 285
72 334
158 322
415 17
387 376
50 393
71 234
232 327
442 444
223 144
142 182
105 238
492 299
338 268
410 484
121 292
126 145
319 193
210 137
13 87
480 97
184 415
94 51
347 416
413 36
71 71
161 407
206 176
296 153
137 396
189 206
203 258
304 167
156 375
462 14
464 21
436 294
345 0
416 30
419 44
115 181
88 342
370 276
281 147
43 166
225 270
29 84
252 428
303 185
199 408
430 265
59 15
15 218
101 256
301 284
465 372
214 268
397 406
53 436
454 178
301 448
33 179
460 182
367 137
45 115
233 418
434 327
398 144
401 301
437 499
371 54
174 255
161 437
373 71
102 66
14 179
211 403
85 399
36 171
286 304
222 434
113 19
164 8
162 11
10 417
323 99
354 233
170 349
421 367
433 395
427 375
130 300
51 138
309 67
371 88
374 447
319 445
454 487
499 335
104 116
67 361
447 427
276 274
141 117
365 49
276 427
79 292
430 406
473 130
70 91
390 196
142 444
284 209
44 448
64 135
496 0
279 483
257 443
413 56
457 251
178 130
422 234
492 257
239 204
147 318
14 310
254 37
247 156
104 38
173 143
144 20
356 22
317 275
331 113
364 82
212 141
227 394
3 486
42 71
389 243
53 189
227 404
412 159
50 326
321 369
241 75
449 317
93 97
63 267
201 276
269 279
174 266
104 496
68 177
420 147
188 309
213 325
485 415
93 478
199 387
462 267
84 440
390 412
31 177
306 305
84 232
498 75
424 258
288 455
102 492
301 60
386 290
58 367
197 223
110 3
270 396
188 424
336 355
384 78
383 367
452 190
118 320
430 302
257 42
386 218
131 211
2 39
258 369
92 412
415 455
351 54
478 186
393 392
470 167
386 129
172 206
26 338
493 290
184 456
27 250
314 70
109 158
27 316
80 368
175 471
377 495
33 379
271 355
22 426
56 241
299 409
99 80
370 177
486 92
195 54
124 365
23 9
177 85
305 402
225 257
104 481
360 102
309 138
416 483
76 332
93 324
404 376
53 44
137 126
180 391
256 184
45 156
94 131
385 222
331 251
232 462
64 287
277 444
279 226
410 194
370 356
232 3
47 275
253 137
29 36
72 434
442 137
269 117
191 36
288 6
469 374
162 372
169 33
259 439
485 448
304 169
24 356
483 388
378 424
460 236
170 259
396 33
2 465
353 17
24 194
68 493
218 493
26 82
22 387
187 138
159 7
215 344
84 36
460 198
435 462
221 272
157 457
422 118
135 160
206 128
121 159
152 126
209 339
78 31
21 83
442 266
462 180
216 158
356 46
9 28
301 143
101 230
200 458
118 375
3 336
347 324
451 125
316 0
383 12
95 395
13 404
436 37
47 475
373 153
181 404
399 234
465 334
293 352
228 17
353 263
440 83
60 53
405 391
255 377
124 288
44 350
239 137
464 480
485 287
43 337
72 167
353 442
147 389
406 146
410 227
310 112
17 350
93 371
100 422
62 348
50 224
213 106
86 141
428 177
366 72
91 323
118 290
31 444
91 265
492 290
254 353
55 302
25 271
193 148
348 477
53 255
361 250
391 266
295 299
371 320
495 162
304 462
259 113
378 188
478 202
55 222
25 232
355 110
110 402
380 48
155 310
60 285
52 368
167 451
123 347
361 391
205 471
84 18
206 464
166 315
37 184
268 73
183 414
317 123
23 145
455 49
334 178
398 367
171 238
86 65
456 146
117 299
317 162
478 54
369 375
411 145
218 406
321 179
154 254
399 490
391 177
207 207
426 225
316 105
23 97
244 254
53 479
493 213
267 223
98 472
469 136
395 10
41 187
293 68
58 196
373 45
252 449
26 433
390 30
128 342
96 413
245 224
289 2
225 238
62 57
45 175
185 31
71 292
360 227
423 364
409 270
219 148
433 13
44 98
292 324
237 24
100 241
243 482
73 389
298 468
495 487
19 196
488 181
260 442
306 349
119 183
183 68
433 191
141 469
293 477
353 433
174 382
365 453
195 417
237 290
277 493
41 233
266 148
90 30
231 26
61 249
169 202
393 96
65 102
432 34
320 358
241 285
91 494
264 458
100 138
483 1
86 377
378 25
55 352
378 320
69 286
488 291
388 238
193 234
120 453
164 125
262 440
435 405
215 205
343 199
52 315
44 179
204 491
343 422
243 259
397 74
217 164
255 237
323 105
59 448
425 444
236 223
480 39
97 23
74 47
362 292
471 479
470 406
181 175
286 313
239 424
440 183
273 457
414 195
495 96
392 473
48 420
312 481
4 380
427 409
201 431
410 141
48 173
200 380
45 229
5 487
170 285
94 445
141 295
244 8
334 488
261 136
469 234
467 73
334 474
405 394
36 35
60 315
47 436
17 261
248 92
229 22
467 270
418 175
184 460
301 162
150 370
104 62
487 120
94 423
318 321
208 351
18 206
494 269
382 417
9 11
33 482
104 91
266 352
165 22
184 302
172 466
380 335
455 129
52 367
40 401
252 222
280 248
369 122
39 274
285 251
85 400
491 170
375 190
212 258
60 40
358 397
232 85
66 238
457 187
440 118
341 497
245 192
166 121
248 467
70 205
105 33
204 156
346 449
207 79
471 58
307 119
56 181
271 391
78 122
241 228
77 370
62 434
407 174
141 80
285 155
41 212
368 243
192 245
176 66
476 251
222 499
180 284
175 279
401 451
31 106
328 494
428 108
282 391
471 188
343 424
488 109
204 236
333 208
274 248
499 9
360 102
238 221
352 392
343 266
224 254
248 226
186 52
443 29
217 469
245 267
228 412
149 85
293 284
32 482
344 419
21 383
456 204
449 260
26 309
63 292
371 250
302 163
44 57
378 98
217 261
26 475
60 445
81 27
361 205
124 113
348 205
262 146
406 304
113 211
355 284
34 28
44 226
136 188
286 88
202 366
342 3
300 228
107 254
460 233
346 468
174 436
82 194
351 288
351 340
476 316
345 206
285 10
51 241
329 273
139 337
193 31
111 333
88 345
79 70
39 400
336 277
324 65
205 271
111 175
491 56
114 440
450 188
429 251
24 353
191 111
494 16
349 236
433 458
28 289
189 12
142 67
132 26
149 466
493 337
245 112
52 484
25 360
111 355
208 454
417 488
4 251
487 412
370 205
495 421
285 398
318 184
62 427
393 302
492 211
324 386
223 237
97 228
83 248
54 61
49 292
43 472
384 405
110 383
156 106
4 105
142 441
369 322
125 56
268 114
353 469
206 444
172 428
28 156
217 108
400 434
406 118
23 295
178 142
100 485
443 334
276 105
279 85
141 497
463 256
225 261
57 168
96 284
440 82
190 476
411 9
127 442
237 169
164 2
487 416
102 264
221 282
367 378
227 1
109 361
474 43
211 187
471 32
466 160
136 411
420 156
450 399
69 399
401 187
455 233
497 240
23 58
288 219
72 242
103 16
59 33
220 78
462 122
282 43
454 428
436 271
170 226
477 386
425 91
324 230
323 381
439 174
393 198
440 227
95 317
350 396
326 6
129 71
114 288
68 263
386 421
499 4
242 409
0 329
59 167
48 177
351 234
432 339
67 96
413 373
121 162
169 115
38 447
235 150
413 5
278 155
159 300
209 129
458 253
420 61
238 370
104 321
160 89
185 37
262 79
242 450
66 383
330 263
413 104
109 417
72 326
478 387
17 83
336 39
101 327
197 108
281 191
281 302
191 294
373 318
121 453
188 115
230 187
143 18
435 143
322 105
344 359
442 300
192 213
41 130
238 145
336 90
244 372
166 117
288 435
240 39
7 409
448 428
298 237
381 443
48 233
92 203
355 245
458 386
16 47
192 351
294 107
479 29
498 38
326 145
184 138
47 418
347 43
281 347
291 145
231 14
217 191
436 175
414 424
472 247
450 430
37 16
397 244
283 368
13 248
386 461
379 50
93 286
133 78
76 226
240 424
116 307
334 309
234 404
3 248
31 58
426 454
198 420
289 324
424 333
294 302
204 310
96 174
252 150
376 230
6 328
487 469
130 474
231 174
274 364
274 234
188 305
226 201
377 387
220 367
21 153
463 367
41 226
376 412
494 145
326 104
425 0
327 165
191 56
272 58
292 466
123 47
100 481
220 201
68 329
482 292
159 90
168 297
209 52
50 396
0 203
56 228
393 278
334 235
293 85
403 458
357 437
270 26
80 309
138 490
135 148
90 472
270 146
51 258
154 331
387 453
181 7
285 443
178 426
363 471
429 323
260 266
145 287
96 31
373 225
225 87
411 360
7 316
74 33
365 410
363 229
88 252
47 396
322 373
196 77
400 38
156 125
264 12
395 153
378 213
152 269
481 456
272 63
97 340
250 198
279 314
66 465
361 367
92 113
42 36
74 288
266 442
454 82
236 382
95 350
471 466
422 99
163 452
293 46
245 112
426 395
361 376
244 344
457 74
110 336
477 499
293 36
119 243
477 99
449 207
173 73
24 272
77 96
142 39
151 222
117 239
116 429
273 330
405 212
400 82
81 367
256 377
472 226
326 227
434 450
375 127
252 107
55 399
439 329
51 50
289 442
372 20
351 257
469 145
228 108
327 370
99 161
388 435
162 72
374 66
45 448
408 249
0 297
478 463
13 291
234 29
402 155
412 458
103 105
65 234
104 331
345 392
180 203
127 85
151 194
143 353
454 48
346 51
366 455
98 176
206 232
387 184
142 460
65 151
385 246
429 130
374 341
397 126
211 54
249 376
230 214
263 244
147 184
491 461
137 13
245 90
274 343
155 484
488 417
15 220
350 225
67 296
423 77
131 316
192 486
201 232
328 422
107 464
425 475
341 98
40 62
258 438
423 315
84 413
134 263
488 451
99 336
413 55
223 374
361 397
481 416
190 62
26 310
137 149
100 303
365 478
269 140
307 123
389 44
307 243
46 375
211 295
203 146
20 477
226 426
194 381
295 207
17 237
386 321
476 7
337 486
479 342
317 106
150 138
382 206
433 309
457 428
426 145
474 160
438 447
180 200
407 485
222 476
149 277
136 108
447 126
320 473
432 278
416 137
196 82
244 298
79 129
126 201
213 5
304 452
152 151
488 337
313 412
41 210
171 314
292 177
2 470
248 112
102 434
369 16
315 150
131 113
166 246
103 110
62 379
382 408
245 67
331 371
433 410
76 372
401 104
426 369
333 403
190 174
191 287
437 59
24 358
456 69
179 190
69 59
319 93
160 451
322 64
326 491
215 108
64 403
124 116
372 491
17 457
245 62
473 60
270 34
455 497
187 226
138 134
80 256
59 457
22 240
84 234
342 200
103 299
268 406
249 227
37 140
54 267
327 134
168 27
24 450
176 124
110 211
319 166
124 190
431 378
464 498
198 367
166 306
65 302
381 434
74 314
81 418
52 128
7 261
211 73
197 31
94 239
406 307
350 265
496 382
380 281
0 460
267 78
232 166
101 332
146 466
236 27
8 80
193 141
214 15
399 256
347 263
70 345
111 253
487 420
53 107
67 367
298 53
72 186
370 382
348 25
52 369
449 437
78 412
280 142
250 144
407 31
376 97
203 477
250 339
446 190
58 155
61 366
404 208
442 133
10 275
144 143
80 414
327 445
439 158
302 459
490 189
286 209
38 218
58 489
180 140
148 356
74 90
298 209
194 479
254 92
235 204
118 250
195 315
325 297
256 134
323 479
40 98
317 109
99 79
71 227
83 131
221 219
280 158
489 371
463 326
382 95
345 199
14 353
150 40
26 340
171 259
357 349
310 212
143 26
253 261
392 214
286 189
199 113
336 418
245 188
283 300
499 127
332 128
20 365
57 483
94 46
247 229
441 303
182 409
171 84
150 435
476 63
29 288
207 175
363 365
165 452
431 146
126 16
234 264
99 498
44 291
372 45
348 143
53 165
101 30
318 224
139 252
40 294
470 168
34 247
51 185
332 199
68 335
451 310
309 302
93 402
447 205
201 318
483 295
178 254
330 85
189 348
142 469
490 81
181 464
150 24
75 232
419 334
496 143
297 370
272 305
363 243
61 71
219 64
170 44
481 397
245 0
321 170
252 239
56 311
187 433
17 206
392 263
258 289
159 388
46 56
299 284
355 261
325 360
256 426
323 495
347 238
260 420
12 168
332 364
149 68
126 19
134 167
456 370
110 393
301 467
103 156
417 452
164 311
237 94
441 420
10 413
333 288
309 123
487 197
265 141
12 137
156 391
113 499
244 464
431 224
232 45
497 387
198 2
96 161
433 287
200 38
178 296
419 386
83 487
480 406
43 201
444 345
344 51
15 58
282 88
485 447
186 14
16 334
347 236
23 113
3 280
76 224
462 181
21 495
254 45
246 1
198 149
201 43
101 42
482 216
15 383
397 467
301 53
289 266
231 148
281 313
389 86
267 209
57 351
248 140
494 311
312 347
390 192
235 13
82 491
226 217
37 449
3 475
241 190
191 292
457 324
410 472
33 346
49 178
170 90
253 298
497 164
357 66
431 239
230 444
13 365
315 308
283 50
241 318
462 377
201 432
256 420
266 112
142 141
232 168
318 312
477 337
255 315
54 186
130 187
404 136
296 143
46 219
389 79
308 139
423 204
124 10
122 179
172 242
410 116
428 404
94 228
395 257
295 349
388 301
437 425
421 293
364 233
165 319
458 254
310 473
335 381
412 434
28 457
73 84
341 291
19 354
463 435
136 267
68 259
36 25
170 358
443 309
128 34
140 460
434 86
319 450
236 121
79 83
168 265
56 4
210 361
148 427
46 174
285 284
161 467
325 321
131 331
218 120
81 111
198 358
161 367
488 369
453 397
14 419
276 473
334 422
202 486
12 482
118 248
215 149
471 280
463 392
13 454
65 181
392 94
313 115
485 53
302 153
73 290
263 317
239 349
187 449
283 441
42 52
201 401
33 257
150 24
478 349
30 163
109 396
11 422
327 274
427 348
138 130
447 352
53 253
54 38
332 93
145 337
91 374
131 198
223 476
325 133
148 53
449 208
482 109
383 461
309 310
440 163
15 300
405 239
277 69
14 460
149 109
483 159
209 240
69 467
452 284
338 394
454 101
210 287
100 437
99 446
109 262
414 391
130 476
397 319
131 259
369 411
422 281
373 204
23 132
416 442
189 476
429 106
394 143
432 139
85 494
108 31
274 46
23 22
342 404
164 420
332 325
106 385
441 254
238 480
422 317
145 155
113 463
459 74
213 7
354 391
275 151
197 462
337 49
306 220
493 31
356 470
207 325
431 463
295 0
317 22
29 217
33 462
36 142
150 492
383 102
253 356
170 10
412 302
375 7
38 218
40 368
45 395
210 99
99 328
350 5
74 417
231 379
22 107
99 120
222 24
380 335
197 327
129 50
410 109
179 356
76 300
195 219
318 473
302 257
262 270
187 4
384 189
296 270
390 258
282 248
435 112
291 14
416 484
446 421
129 178
479 125
197 206
179 26
284 367
137 333
338 398
87 176
447 74
184 236
336 337
302 466
332 271
107 93
366 100
279 53
31 496
54 258
284 228
95 85
271 68
467 85
261 109
35 406
142 60
398 219
37 478
101 52
497 221
321 209
114 364
212 100
358 145
373 118
203 143
63 321
406 474
435 382
141 19
80 470
41 283
114 330
234 78
151 215
276 231
95 473
73 391
36 159
277 284
279 262
83 481
307 342
77 341
360 243
65 218
353 292
122 107
37 467
35 208
440 189
14 311
54 35
195 87
371 91
353 324
305 150
345 288
129 465
208 274
492 341
134 125
84 197
165 108
317 122
163 200
363 257
144 177
116 418
361 191
16 340
342 214
2 173
138 187
313 483
324 198
324 157
355 310
271 408
382 20
72 88
197 397
426 287
205 193
385 43
383 418
132 253
426 225
265 486
321 417
115 78
236 498
308 291
52 443
463 79
19 286
36 387
26 68
262 462
357 84
2 499
252 92
170 487
473 30
299 435
365 147
145 267
58 453
396 305
385 462
101 211
450 256
325 137
451 477
61 439
438 309
401 63
50 42
424 71
358 376
375 224
343 224
29 20
325 253
216 426
137 62
319 317
306 88
65 496
435 257
418 478
41 225
119 320
243 444
172 395
119 102
178 47
419 314
68 207
133 96
159 284
453 123
63 330
326 111
368 480
458 113
190 139
459 351
147 161
56 54
8 319
218 28
342 186
246 137
234 410
46 231
354 245
75 351
462 417
397 253
218 183
322 207
59 408
69 133
187 206
378 477
5 196
234 96
86 348
258 332
64 172
269 157
8 270
40 344
449 471
6 437
497 167
427 328
461 56
114 348
325 0
48 492
441 331
31 135
467 379
403 141
298 31
154 172
368 307
130 194
483 317
336 136
464 480
36 263
463 277
129 3
495 288
119 30
165 288
19 2
144 484
16 422
446 442
101 170
216 314
483 231
367 199
180 171
434 183
312 68
71 249
38 442
472 419
207 9
12 489
473 227
1 156
450 341
363 448
114 52
283 79
279 98
269 3
186 459
27 56
157 499
293 451
370 195
205 265
106 429
8 69
77 79
421 362
310 27
79 136
216 424
374 215
218 495
454 496
404 404
255 333
284 61
109 48
165 6
288 314
235 271
203 296
158 312
339 476
112 320
97 271
486 328
323 471
319 204
460 129
315 223
137 216
264 451
310 246
412 282
53 98
246 147
459 108
84 405
77 150
421 197
25 174
146 407
111 201
182 317
393 424
140 497
301 30
276 256
38 111
209 40
187 444
52 455
212 146
296 489
186 290
464 70
477 63
116 462
280 441
365 299
148 173
55 5
113 449
60 331
223 4
448 121
77 410
408 352
341 289
431 56
126 379
295 396
210 104
45 411
62 342
367 262
119 211
12 422
105 232
236 425
46 328
238 36
241 123
265 146
55 82
314 196
444 181
285 461
224 7
349 182
444 287
350 217
139 415
148 214
139 245
425 236
273 186
161 164
162 14
448 278
475 217
251 114
75 271
278 36
71 152
439 128
197 367
283 141
355 188
433 283
19 347
385 211
375 144
158 46
325 389
459 459
425 152
275 210
98 353
5 54
34 169
389 444
437 83
271 172
455 144
491 57
268 326
471 376
423 495
384 481
292 100
104 195
405 218
71 379
285 356
25 76
372 171
254 266
438 309
453 26
83 245
424 297
173 351
198 395
228 448
48 434
130 21
91 4
384 387
243 162
90 21
193 121
387 314
123 447
325 178
423 428
225 408
111 199
446 251
199 309
244 175
48 100
104 226
113 139
153 340
362 357
478 95
409 55
354 365
43 384
312 180
440 319
18 390
141 52
213 465
492 340
440 309
35 40
31 397
237 149
358 36
131 99
6 188
405 392
276 213
393 301
120 88
330 333
237 490
307 471
164 303
464 299
191 456
353 0
1 74
110 443
394 211
399 93
485 401
114 304
105 261
202 359
44 77
68 384
208 134
437 227
379 372
328 401
253 422
497 34
477 106
317 459
405 371
124 216
21 390
4 90
449 478
56 58
442 494
128 476
203 150
374 417
170 82
5 55
89 424
30 354
313 418
141 348
416 218
461 266
356 289
268 317
375 158
152 324
300 169
172 132
401 355
290 398
453 71
347 295
1 394
312 378
78 314
385 454
72 346
136 198
15 280
438 404
80 242
263 442
74 380
87 435
334 475
47 377
24 139
34 246
124 25
192 346
152 54
401 77
275 76
357 37
293 142
384 295
238 373
105 147
435 164
492 192
70 121
260 391
137 94
472 146
345 262
168 164
241 497
426 421
310 368
362 283
430 103
328 246
245 20
185 433
478 180
153 177
68 400
346 414
60 205
319 318
482 405
255 340
261 75
295 181
316 72
27 157
255 246
267 356
141 1
33 304
481 119
19 187
453 401
458 366
36 365
123 278
470 19
94 378
411 231
155 242
399 79
325 183
391 155
8 444
100 32
152 41
228 81
334 23
241 33
399 293
423 278
149 22
252 245
476 243
485 15
94 132
167 237
392 271
216 58
90 400
293 316
250 94
470 374
407 436
81 63
341 306
328 356
101 490
86 432
447 430
414 423
12 41
165 81
491 256
8 381
49 433
380 302
176 151
440 350
265 83
390 21
230 459
301 70
355 331
113 387
163 302
196 27
108 175
432 361
94 451
385 440
94 495
499 265
467 270
206 439
312 232
191 448
370 42
226 345
232 225
380 339
219 247
275 76
289 179
131 59
351 235
82 16
133 446
216 81
372 100
184 422
222 185
79 228
73 93
318 305
497 157
405 198
126 216
395 32
91 267
354 26
394 442
388 437
18 27
479 457
231 391
76 164
392 454
47 7
313 317
474 217
416 162
378 231
263 394
14 273
152 354
149 368
305 46
74 389
346 324
67 53
69 430
384 495
2 313
130 283
0 167
329 457
188 268
15 207
333 304
10 29
397 485
31 159
49 55
231 457
363 247
177 298
145 284
98 413
196 147
315 80
37 49
317 496
204 78
234 332
213 389
374 244
256 463
18 257
215 157
404 249
47 430
214 82
347 192
191 164
245 44
93 358
355 134
64 262
95 411
300 298
43 160
123 26
283 151
308 141
390 350
280 212
146 289
333 347
11 494
390 25
235 108
243 483
97 442
353 159
458 44
205 5
31 353
356 328
470 315
17 164
228 212
2 298
497 375
221 187
64 8
117 111
446 300
94 212
223 395
440 448
305 33
386 145
473 337
4 242
258 295
360 21
171 487
214 214
401 168
29 435
398 466
118 498
210 196
91 212
12 285
319 31
176 318
7 57
152 2
149 11
384 410
397 9
223 56
76 111
398 125
443 105
103 296
344 413
477 165
451 436
319 490
160 270
327 348
350 167
30 479
242 351
361 414
470 139
103 84
61 399
4 1
150 356
269 108
273 494
282 247
89 76
346 102
450 249
268 26
357 152
355 298
212 99
91 216
153 35
434 194
47 66
423 438
398 197
44 44
143 24
100 326
280 232
333 299
325 230
234 101
399 34
134 90
158 464
499 77
123 311
378 285
75 170
368 153
197 474
350 264
90 341
73 450
249 371
453 259
360 426
461 40
130 112
76 447
24 140
304 427
212 147
169 34
187 139
465 37
301 384
77 315
266 244
115 3
262 15
442 420
460 122
234 255
202 442
83 162
89 78
225 387
421 153
293 394
284 460
344 258
74 437
33 274
277 192
59 0
421 39
13 1
108 381
324 100
262 310
240 259
498 204
357 317
64 271
231 2
261 348
137 427
201 187
231 23
23 478
369 290
292 444
326 383
483 252
415 2
113 97
301 155
473 111
382 11
13 37
237 113
40 126
165 374
249 242
220 396
187 273
217 442
325 331
83 395
249 160
257 498
154 362
473 411
274 127
16 355
320 287
266 253
479 361
455 431
180 229
2 27
469 367
198 71
319 294
306 133
484 68
431 416
327 138
117 256
464 453
240 133
238 284
497 358
290 217
446 452
332 470
189 300
372 301
448 239
224 191
111 254
170 208
198 42
151 349
302 315
300 115
251 395
253 38
108 101
53 395
217 54
355 385
39 258
497 79
270 487
93 222
430 233
276 264
465 481
296 279
246 120
15 449
339 497
98 120
368 447
354 4
241 85
344 209
140 280
119 193
267 262
495 213
329 50
31 123
402 146
266 179
128 148
498 133
106 320
267 96
452 474
411 473
182 46
178 107
301 174
436 298
363 68
470 432
407 192
338 1
181 310
310 457
90 161
333 308
257 48
22 453
426 209
107 434
393 461
135 286
84 194
115 72
356 447
491 85
87 115
425 181
490 120
133 236
396 433
481 467
420 153
215 4
290 346
307 322
108 183
230 295
219 44
343 345
282 427
42 334
368 221
193 468
56 358
291 327
146 452
458 273
129 66
264 173
495 271
306 424
219 456
0 36
233 290
217 344
30 368
89 259
79 398
109 135
462 135
440 400
25 108
26 398
423 154
277 142
66 270
226 84
472 137
427 79
275 58
426 144
256 305
56 367
2 335
323 165
417 464
424 115
365 443
449 302
445 288
410 227
163 363
1 489
68 135
193 280
277 343
0 471
339 385
220 56
73 341
158 395
362 491
286 82
237 227
367 87
314 182
397 278
267 329
317 250
31 187
382 10
334 160
45 382
291 173
14 117
13 216
59 24
107 375
455 345
433 196
378 322
452 99
281 127
378 71
258 98
460 409
421 492
375 294
467 466
83 18
86 334
358 448
176 146
343 317
13 131
305 128
80 243
371 258
329 361
459 249
10 88
432 419
66 431
397 307
177 385
219 332
281 116
262 430
247 309
292 457
86 113
208 97
355 166
27 79
180 37
477 338
109 190
473 409
69 175
413 222
55 246
214 132
62 188
497 476
286 162
127 289
238 372
390 335
267 94
131 269
107 447
490 460
369 68
96 315
38 438
37 9
493 93
133 251
80 408
70 482
123 366
238 49
384 361
307 480
249 3
303 290
250 208
276 145
460 120
58 372
233 498
443 447
199 227
135 76
410 131
497 57
106 33
395 87
67 342
346 202
493 316
24 149
294 243
215 152
25 106
105 126
73 110
337 400
329 124
255 472
381 239
273 104
191 487
182 20
222 110
426 380
381 67
311 302
455 27
133 378
4 332
442 90
491 78
54 132
456 320
411 310
414 338
177 184
56 458
68 359
239 279
198 347
149 120
499 9
240 456
140 133
223 244
174 83
67 214
386 229
391 23
361 298
334 157
115 39
250 391
22 184
383 342
314 220
82 32
341 314
447 322
418 481
416 170
237 93
322 483
7 475
125 65
222 220
259 312
203 338
374 362
204 77
149 257
141 18
332 231
405 334
316 279
302 324
417 84
68 391
366 91
8 427
147 344
156 230
420 259
121 211
288 146
255 325
343 437
21 397
83 28
159 278
102 399
484 461
204 371
314 404
331 423
267 322
53 330
89 423
486 325
472 210
387 274
63 227
476 83
111 436
215 60
311 270
84 317
41 147
51 288
63 355
30 234
65 330
105 435
260 6
217 91
217 232
312 104
187 133
69 288
200 150
421 284
454 364
11 357
145 347
54 415
1 209
391 84
19 66
425 349
440 280
364 142
98 10
143 28
317 138
288 212
349 369
233 61
418 155
354 245
12 416
477 408
493 13
432 368
217 364
496 357
351 10
20 361
241 449
439 163
227 58
280 228
141 428
435 13
110 60
328 289
198 474
488 305
25 43
407 272
481 95
105 404
117 332
133 477
492 358
269 73
301 71
0 49
414 294
354 435
225 377
351 34
339 275
318 191
463 365
312 225
481 444
128 269
246 98
309 262
335 90
13 430
479 488
282 13
301 245
122 489
23 378
153 326
17 215
432 323
48 333
129 244
13 30
480 258
20 111
53 141
71 207
195 66
432 402
148 329
318 85
463 122
300 194
409 468
291 318
3 341
437 191
73 132
390 302
265 406
47 262
469 318
384 119
373 16
346 168
253 21
496 16
62 68
36 296
466 323
164 179
371 469
102 453
255 444
350 344
107 20
190 250
369 428
445 427
95 242
116 143
11 349
417 464
260 74
397 306
485 79
48 414
367 208
153 2
347 475
495 355
105 306
234 186
465 326
421 31
174 60
261 389
353 186
112 179
337 465
44 361
275 322
31 93
95 495
470 36
243 294
100 317
355 349
27 187
218 320
233 448
189 245
283 494
25 42
8 395
256 362
37 52
497 384
231 68
456 445
239 53
370 199
400 340
27 78
250 428
228 97
342 483
330 418
460 125
372 355
218 320
225 129
365 255
175 74
19 96
149 131
182 259
451 371
301 83
11 330
427 52
387 91
9 122
247 217
425 322
494 120
101 495
102 219
294 466
414 277
260 313
424 415
286 442
25 227
57 440
344 388
480 337
459 231
301 341
15 206
178 78
73 10
229 279
97 175
304 23
189 11
278 64
358 465
193 65
357 236
124 250
439 201
284 456
150 398
457 437
15 165
175 135
267 88
115 405
280 364
228 419
335 321
287 6
423 194
430 480
82 280
481 406
215 22
420 266
203 365
30 229
365 71
159 206
463 132
496 127
398 95
417 76
83 234
428 56
388 358
139 210
116 322
344 472
90 183
48 117
346 146
217 431
489 63
195 228
355 304
399 44
120 254
488 168
76 55
414 268
330 464
287 405
229 298
482 483
452 320
466 382
313 299
214 183
263 302
106 410
306 119
225 358
378 426
334 65
185 455
271 100
357 15
313 410
394 86
406 147
30 346
497 224
259 343
498 212
474 23
494 456
314 280
58 71
488 193
0 392
344 173
40 271
182 201
140 353
353 76
274 398
123 383
78 124
336 234
109 76
33 162
442 103
26 199
244 0
245 14
187 244
16 89
143 227
433 50
478 283
181 286
21 104
228 156
391 99
176 416
78 0
456 61
260 372
373 334
349 5
101 470
411 388
468 469
19 54
189 401
39 497
102 223
379 60
159 182
99 122
475 187
248 29
402 283
117 361
218 127
97 318
207 319
289 8
415 175
76 308
158 104
179 467
379 112
146 411
33 390
78 245
127 360
143 178
39 29
156 113
431 257
77 253
113 138
313 218
378 28
485 241
60 36
0 164
427 439
330 147
244 461
173 260
438 371
400 169
282 330
87 408
161 65
204 16
234 127
155 369
463 113
1 492
9 375
315 354
1 436
249 497
109 245
469 423
444 47
377 369
130 78
143 317
333 143
270 199
69 68
33 278
270 384
259 34
388 131
68 426
275 241
339 169
444 384
284 308
29 388
466 161
330 159
303 110
161 164
84 73
203 230
466 117
3 326
457 78
356 244
337 377
399 484
368 176
336 343
84 4
18 366
377 402
364 348
12 180
106 26
108 448
417 161
487 75
5 273
17 297
26 361
197 206
235 425
269 66
422 71
289 205
107 440
289 167
199 472
350 153
102 305
319 458
385 19
292 306
455 390
104 161
220 482
407 301
219 455
26 28
233 142
82 316
483 193
17 223
377 34
192 367
325 479
350 11
317 63
453 143
156 273
107 409
63 376
331 14
43 134
276 210
26 128
173 211
286 361
395 190
57 163
142 439
450 235
298 345
340 120
245 103
365 496
225 352
366 428
62 408
118 261
242 191
402 496
209 415
106 188
204 457
396 15
102 198
43 347
467 252
356 383
232 212
64 221
149 457
365 282
44 63
254 336
332 286
201 8
49 42
499 159
27 253
451 247
94 129
382 347
230 413
477 90
311 314
271 41
176 312
375 489
325 72
358 482
490 9
51 411
423 391
144 402
2 450
431 448
147 96
362 313
403 377
44 339
381 66
230 315
156 409
481 458
440 333
343 191
454 282
174 246
1 377
179 318
118 3
99 111
276 265
495 461
301 32
98 39
206 34
295 329
139 215
48 276
467 79
361 391
138 421
151 387
206 139
142 330
293 176
294 93
407 70
102 289
180 60
446 52
233 238
453 241
369 372
451 2
393 336
109 165
52 383
22 260
443 110
139 16
110 236
158 433
74 369
429 260
313 254
492 227
468 398
271 298
300 337
25 74
91 193
429 134
247 144
106 451
320 42
278 245
30 282
151 437
49 104
210 432
159 214
113 55
353 479
168 236
310 5
50 45
31 402
398 479
431 278
172 356
454 103
385 451
240 484
441 36
320 141
356 3
58 331
310 321
57 263
268 330
375 367
121 319
150 258
37 371
228 81
184 209
12 34
370 421
457 104
246 311
167 277
108 454
275 77
341 270
452 332
51 461
132 327
86 25
248 283
216 475
36 476
362 253
174 401
357 233
44 484
113 103
409 63
141 74
344 184
368 334
295 149
328 272
149 280
415 266
241 397
374 131
236 130
383 88
321 263
247 240
196 218
281 212
286 105
142 422
256 483
132 362
134 404
36 460
227 283
181 451
434 320
302 407
495 171
286 37
278 169
387 33
245 326
283 168
443 384
367 277
140 51
455 499
311 126
410 343
294 38
211 443
202 81
252 365
403 49
218 38
423 33
359 105
126 20
404 494
272 69
120 123
474 264
390 428
271 286
176 152
95 418
499 239
105 149
199 251
141 8
41 269
227 416
288 252
246 353
422 45
168 370
134 394
322 143
281 25
29 94
364 457
49 125
126 363
466 154
162 177
447 459
375 203
455 174
27 15
60 53
276 301
47 229
224 410
287 370
316 357
166 317
294 180
43 215
369 420
98 9
468 31
86 397
71 195
210 41
447 450
103 123
204 223
485 150
372 428
285 273
442 188
220 451
167 236
8 115
124 388
420 458
355 444
491 6
400 278
80 54
177 199
422 35
186 381
161 259
32 58
99 298
101 326
62 319
287 120
9 423
381 411
208 429
287 89
367 199
105 187
238 300
335 282
163 160
272 21
432 324
122 304
483 383
54 76
196 397
320 341
105 205
134 202
143 313
364 274
313 10
162 470
104 52
64 498
371 268
444 336
493 155
38 419
495 476
373 445
286 191
249 194
248 391
56 383
9 391
253 273
95 323
375 416
266 199
319 439
276 489
145 116
387 269
245 35
480 234
277 470
164 267
10 26
262 264
7 419
44 271
94 113
381 491
190 321
261 147
136 362
330 37
158 281
169 69
303 255
225 149
268 80
459 242
6 131
402 221
344 366
479 446
437 439
260 360
359 479
193 373
262 495
129 23
444 420
175 298
299 247
180 253
495 68
199 139
212 353
219 101
399 56
347 50
410 336
167 460
185 269
117 361
236 448
368 246
396 181
280 396
149 195
263 460
451 144
349 314
267 15
424 69
119 166
354 123
435 382
3 374
235 121
69 120
366 323
4 289
37 262
458 285
97 186
182 73
388 401
416 32
453 7
26 192
316 424
306 232
106 251
372 310
430 341
17 293
435 149
263 21
158 472
159 73
499 108
9 193
225 239
246 277
470 178
103 272
5 138
389 261
71 111
305 114
407 354
355 322
195 194
167 470
396 206
314 178
371 395
134 175
304 97
127 232
5 126
264 82
344 362
325 154
268 267
473 482
156 27
74 180
151 204
410 241
419 47
294 76
103 142
91 280
12 259
386 219
301 369
231 150
304 497
265 409
243 424
304 238
419 400
456 378
471 422
321 218
294 242
384 467
247 249
8 476
47 259
129 246
397 348
198 212
121 53
330 463
53 365
117 486
216 324
98 73
291 187
281 419
386 437
38 165
493 133
245 398
145 40
241 374
86 42
447 439
254 60
277 277
263 307
484 246
319 331
18 82
354 462
251 299
317 240
226 289
39 162
203 323
197 184
78 296
87 135
195 378
155 341
0 324
70 271
102 484
419 241
55 473
124 273
365 306
447 441
104 443
266 339
23 159
307 463
451 454
332 394
87 498
323 339
110 439
424 245
487 65
38 195
468 394
201 162
456 185
129 0
339 412
71 395
211 215
169 230
124 162
160 353
192 211
2 335
81 155
72 278
473 420
314 110
124 293
479 367
368 432
344 108
355 59
126 267
497 418
432 147
0 473
36 445
280 45
200 39
317 213
133 272
234 291
84 448
315 210
495 415
23 35
447 191
459 231
1 73
221 308
282 434
379 73
118 170
209 159
225 170
294 27
170 358
158 28
91 106
22 326
361 438
129 45
128 160
234 440
101 130
64 307
380 235
405 295
306 499
169 115
494 31
390 464
344 16
122 400
226 287
225 144
42 440
100 207
147 170
152 186
493 248
483 68
363 226
77 389
356 170
53 98
62 202
218 295
196 259
398 340
485 422
362 476
183 27
49 463
1 330
431 202
122 495
73 266
7 486
8 150
248 363
417 61
357 163
274 135
328 53
475 172
148 165
44 190
5 331
14 93
147 6
1 297
63 270
108 426
76 71
286 116
29 325
340 56
191 238
291 114
286 371
36 119
161 287
470 80
26 166
172 484
133 173
295 26
452 197
120 403
371 29
206 406
462 401
139 46
160 6
229 283
254 298
85 118
198 415
81 56
392 76
102 105
131 26
75 397
153 84
465 195
453 376
277 23
69 268
126 269
404 81
379 207
325 10
425 465
373 24
452 358
315 117
143 54
452 447
383 70
117 457
333 348
371 71
191 463
84 292
373 169
376 488
498 104
421 202
78 275
485 294
412 30
85 300
99 407
478 389
346 482
182 447
18 179
494 405
197 61
230 78
66 422
27 107
309 416
43 300
447 387
269 380
33 359
118 354
243 132
467 448
396 89
121 149
407 266
328 467
46 104
379 410
17 464
233 258
58 178
417 276
9 5
216 187
41 42
26 187
135 137
78 493
495 383
150 199
167 402
358 330
240 65
29 237
495 110
140 262
391 406
411 58
245 400
442 480
167 138
275 468
314 302
38 354
405 309
211 40
370 424
489 69
307 462
424 19
133 154
60 65
123 24
424 324
304 220
358 218
187 471
125 486
340 353
162 163
203 97
22 373
294 425
388 363
234 453
108 312
377 368
392 20
196 352
72 169
387 0
323 283
269 426
279 449
112 461
58 293
166 168
93 432
296 313
266 333
146 30
398 226
247 375
228 143
164 295
296 152
435 403
182 119
68 204
165 313
107 33
201 224
156 125
438 146
480 304
335 205
431 478
353 85
80 30
326 433
86 244
148 474
445 21
78 182
495 14
399 243
319 102
228 452
98 328
132 166
223 430
408 467
405 155
37 114
47 485
230 215
189 485
359 230
264 135
1 437
32 259
362 252
204 352
32 442
108 154
85 164
484 332
339 345
459 241
226 376
444 7
344 308
390 485
120 203
492 154
414 473
77 25
229 128
70 133
288 261
277 178
362 225
70 113
354 201
430 30
389 81
241 374
359 233
289 132
286 332
157 281
158 200
328 235
220 239
352 398
429 8
233 130
95 291
345 156
186 302
235 127
1 427
160 476
108 212
396 301
435 247
299 406
493 445
185 128
378 213
74 37
19 159
303 307
315 115
269 148
127 1
428 4
480 480
192 441
94 441
188 441
347 29
475 487
467 192
405 12
49 198
357 479
139 421
388 12
12 454
308 157
161 139
119 88
381 141
82 312
105 476
357 270
110 304
496 184
196 77
275 253
85 98
19 133
145 224
30 407
64 158
297 190
279 225
218 269
81 12
340 301
423 38
342 198
234 33
111 190
295 431
381 238
371 380
456 252
159 369
379 487
29 75
152 28
297 160
173 370
23 230
268 13
63 299
332 462
4 298
81 295
386 300
180 462
214 257
478 137
476 225
300 209
238 5
166 452
174 387
118 191
204 198
349 238
53 268
66 33
329 57
209 147
461 215
324 390
379 175
400 155
364 207
64 52
356 454
342 230
421 30
80 312
50 478
98 429
463 103
13 164
163 144
211 222
464 124
151 387
394 195
402 403
455 259
65 467
49 163
193 259
71 323
301 126
407 474
77 399
415 222
366 442
17 430
406 429
317 333
29 57
312 211
322 283
102 267
282 240
499 152
327 475
453 71
45 480
231 361
83 474
269 498
428 302
231 286
471 334
243 400
464 0
136 55
174 138
378 238
242 456
283 230
301 69
49 237
450 198
24 132
130 33
187 293
431 58
244 419
171 403
403 487
394 135
126 391
130 68
376 4
234 224
294 160
249 387
437 195
180 199
84 462
255 310
221 272
43 187
90 465
305 214
202 345
237 199
120 328
184 219
443 496
156 271
158 89
137 405
456 96
58 317
479 41
313 165
352 200
166 356
70 294
492 471
22 124
452 229
300 142
139 137
408 95
37 147
405 418
366 174
343 361
402 424
90 322
23 67
423 294
441 41
12 346
470 433
14 386
29 275
264 314
409 20
167 172
442 298
472 72
286 309
233 167
490 188
256 175
322 365
406 31
229 263
196 270
156 200
327 210
376 185
205 91
263 137
436 225
149 205
366 408
76 435
476 100
127 418
283 232
115 449
64 189
459 345
397 260
470 467
153 224
315 198
336 210
435 430
487 272
32 85
20 354
306 460
378 496
80 285
235 13
54 48
393 299
412 365
333 290
366 234
433 486
196 181
463 269
41 484
69 302
156 73
34 441
290 314
100 264
130 222
270 187
338 184
50 163
305 250
485 235
221 171
204 418
39 269
253 19
322 80
5 174
468 330
145 391
8 258
480 97
284 138
322 251
266 122
373 224
459 72
95 210
128 180
302 300
319 167
99 407
434 493
324 104
348 402
160 469
418 356
494 492
95 202
324 316
393 362
286 49
259 352
385 381
33 239
258 187
446 205
198 357
314 380
282 22
343 14
370 294
287 261
315 216
384 382
244 492
41 277
130 382
264 153
392 15
202 297
354 151
360 0
381 53
427 26
40 163
310 123
236 262
478 97
479 52
44 363
140 76
458 85
90 122
137 74
224 483
486 191
192 78
483 198
225 73
88 263
386 117
232 398
347 122
26 210
425 327
255 70
8 418
40 65
492 98
433 30
221 216
146 419
118 413
338 130
393 195
164 279
177 131
253 396
459 25
204 132
202 236
154 311
376 62
13 47
77 368
436 446
218 150
416 83
65 188
383 254
33 458
441 47
296 63
88 194
326 255
491 144
455 381
295 498
397 183
404 308
255 474
476 340
275 325
13 392
147 340
150 248
295 32
95 91
138 443
50 35
31 316
197 42
392 486
22 345
153 289
115 278
118 260
85 91
484 246
86 450
198 483
15 89
32 346
289 463
350 170
487 340
234 382
220 36
381 126
267 94
372 387
147 382
473 343
89 85