5000
364 218
285 55
423 282
299 235
79 77
386 473
20 91
177 389
391 234
312 151
419 93
300 103
135 167
360 40
396 79
297 38
93 260
395 434
170 368
297 46
20 101
192 35
424 40
126 221
372 168
261 438
394 144
163 413
453 29
460 375
413 201
314 109
44 358
78 209
255 214
167 375
411 127
167 211
433 187
207 294
84 157
153 468
381 478
359 316
192 186
388 171
281 457
316 54
115 325
391 394
122 222
350 58
269 385
424 369
15 54
212 132
100 452
430 365
34 334
372 142
313 226
183 112
166 94
271 351
246 281
4 162
72 220
105 206
75 194
248 29
13 443
395 312
30 114
300 177
319 64
290 172
285 485
431 325
177 303
437 203
365 275
347 293
499 290
484 452
333 426
369 232
397 347
313 116
294 427
491 465
137 465
302 133
310 274
430 234
437 339
466 367
160 154
444 313
117 11
289 280
13 451
150 11
127 410
189 463
428 273
239 180
165 417
44 393
127 475
315 474
193 416
71 281
95 353
216 367
148 64
15 5
16 13
275 165
480 496
269 464
496 408
326 360
254 161
136 370
196 381
150 303
85 389
94 221
440 32
96 310
167 440
305 464
129 36
32 80
396 110
370 301
14 244
405 48
270 268
1 394
197 466
207 151
224 134
18 301
463 17
457 115
79 131
167 263
195 60
22 51
352 444
188 393
441 218
486 446
340 212
30 340
343 389
24 238
391 420
437 42
9 355
338 394
157 440
1 357
408 205
149 375
268 112
331 337
283 62
126 169
361 475
217 156
246 205
125 93
487 138
493 62
308 497
437 183
40 318
23 290
166 448
412 24
361 286
348 243
265 497
324 474
483 126
331 41
134 229
367 308
222 122
119 212
395 383
201 408
51 287
235 76
100 69
355 0
243 313
310 56
382 8
487 135
28 365
447 170
479 163
285 166
231 53
436 256
16 126
266 489
65 67
136 353
353 17
331 344
400 449
309 141
128 134
352 296
467 157
320 299
317 298
203 457
65 48
27 492
481 81
1 293
146 399
416 489
333 0
449 99
241 85
220 258
407 221
378 72
223 374
172 50
359 40
89 227
219 424
358 468
261 201
452 359
348 259
111 220
320 34
471 412
23 413
134 43
467 430
156 365
267 42
83 180
407 479
403 24
344 127
180 113
472 105
216 132
204 173
59 328
240 24
289 382
426 263
45 424
141 245
288 201
381 408
239 223
99 289
416 143
256 443
400 448
432 81
106 116
444 136
13 165
47 37
152 302
226 325
71 198
251 219
480 359
434 133
274 219
214 33
476 42
490 471
404 376
492 422
410 10
175 289
326 423
226 74
400 330
380 304
24 323
34 132
117 4
223 468
1 243
285 438
261 329
205 127
401 165
27 49
338 311
235 202
128 16
199 313
117 380
203 79
63 141
497 89
57 32
275 221
11 410
239 412
391 124
141 296
346 144
456 168
222 36
405 43
208 350
231 104
35 325
467 286
376 99
483 464
37 433
196 259
23 400
24 435
232 415
411 165
185 430
318 367
262 407
258 223
327 470
296 341
127 215
314 115
431 3
289 149
408 321
73 485
272 284
51 98
115 356
286 462
182 153
60 105
180 444
267 318
159 360
75 415
382 139
142 241
390 165
486 283
120 151
435 60
10 393
249 486
448 477
130 388
345 482
279 191
361 377
237 46
313 373
12 312
405 195
360 6
290 296
447 199
111 410
155 234
220 121
450 257
497 20
3 81
124 342
219 134
180 485
210 309
121 345
40 222
81 27
175 252
303 223
485 122
208 414
387 141
250 280
300 338
419 247
89 155
289 395
232 160
321 321
166 443
17 443
322 58
163 98
173 349
323 466
381 159
152 31
311 268
106 402
1 463
471 377
124 90
102 260
434 357
300 424
219 452
11 169
120 393
242 174
140 293
304 65
448 373
142 308
210 259
222 100
330 211
153 193
306 454
311 108
384 92
44 463
133 455
348 55
81 253
398 442
359 222
95 203
11 307
66 89
42 74
137 140
186 372
178 143
103 344
436 342
305 487
442 480
388 290
395 142
436 469
43 294
349 295
102 491
80 360
286 20
12 474
198 424
419 50
394 377
219 22
9 330
163 376
19 303
297 51
20 414
60 233
28 416
407 409
122 482
354 487
314 408
184 218
269 12
389 103
125 163
494 460
189 486
141 9
60 60
326 438
23 432
348 387
148 403
385 255
95 270
31 91
310 409
421 215
171 79
94 163
475 148
135 440
449 16
76 128
419 9
294 403
290 442
346 494
250 290
413 83
27 197
458 444
11 337
268 231
394 182
331 362
303 222
238 318
446 252
114 315
218 365
308 260
254 360
2 6
441 356
405 415
211 468
157 363
95 223
405 425
288 341
415 88
406 443
47 154
321 205
70 161
273 391
251 230
88 28
236 105
21 30
350 142
357 232
307 8
433 452
146 65
153 73
368 61
67 412
117 416
429 388
279 39
122 203
83 382
488 62
92 171
165 361
93 443
451 23
327 401
318 236
162 473
387 471
235 30
446 454
195 204
244 228
431 474
357 218
280 366
37 197
58 225
20 203
78 3
256 323
59 405
231 74
398 73
104 470
276 133
338 402
130 471
446 434
152 413
279 155
204 284
9 169
224 262
265 29
352 154
59 374
448 264
337 142
112 346
480 441
196 389
212 170
104 326
92 10
165 108
392 223
392 221
483 402
283 468
122 101
475 488
252 34
176 275
122 441
235 141
382 454
124 431
109 94
105 80
188 201
425 122
344 80
334 169
490 179
132 470
458 464
498 107
383 62
355 27
20 357
163 90
373 402
496 287
219 483
36 453
428 407
339 313
483 124
303 174
144 325
289 436
395 454
368 288
167 130
487 223
166 187
89 2
141 39
374 437
243 360
267 411
224 171
295 107
133 59
384 450
386 129
83 174
314 134
264 303
26 481
168 104
106 192
84 109
46 248
108 458
369 289
312 228
335 446
5 107
58 468
97 390
64 296
282 32
335 230
211 47
3 213
258 379
488 461
209 342
300 386
28 170
398 22
468 340
448 85
405 325
215 358
6 2
386 131
361 141
40 73
138 424
303 43
4 396
90 143
382 66
88 391
265 410
250 486
423 85
410 50
260 328
182 478
461 119
260 68
493 175
99 300
195 131
380 255
250 51
117 470
213 132
394 57
43 478
415 145
47 318
146 326
304 160
279 328
248 117
292 391
191 241
225 392
147 238
289 105
75 397
382 259
316 289
119 276
273 212
30 35
213 321
481 177
357 17
486 112
3 106
199 279
171 46
284 424
29 170
67 425
184 457
98 449
226 353
65 217
104 499
172 95
124 317
186 5
117 482
440 173
452 472
370 139
416 475
145 6
432 297
254 64
366 468
321 204
422 444
295 238
186 378
196 320
325 310
144 382
55 295
119 436
428 359
186 490
496 344
141 183
248 428
249 248
452 466
410 70
309 226
105 57
377 347
157 153
35 55
350 154
90 443
302 469
459 18
214 341
24 308
88 208
456 124
90 337
260 260
339 352
262 69
268 296
449 139
194 425
431 336
279 396
366 374
244 434
275 177
337 459
167 299
276 426
263 475
87 366
71 23
444 278
74 333
472 212
490 375
64 19
415 273
147 343
129 133
163 244
203 256
408 0
426 222
49 184
50 42
417 488
267 473
306 214
278 193
421 131
2 268
394 485
180 269
403 393
137 310
66 418
418 192
414 474
10 197
91 315
304 413
386 8
222 71
116 45
176 1
121 37
22 30
299 15
409 203
13 202
120 398
91 431
258 391
440 5
173 268
181 31
391 477
400 68
113 466
467 16
54 141
171 440
308 76
279 322
25 69
467 144
428 497
240 58
416 186
454 180
211 89
418 488
408 103
69 318
334 373
366 388
180 388
317 37
211 340
409 448
445 236
86 377
287 373
411 326
7 55
144 217
205 70
25 414
232 113
338 446
186 419
159 204
93 219
59 328
277 305
393 469
198 222
447 479
158 485
41 358
75 17
87 37
304 133
98 465
411 36
307 437
141 450
169 467
295 87
392 228
49 424
498 285
265 247
85 297
155 275
292 126
15 83
68 379
196 319
208 166
455 460
410 367
334 449
36 431
159 482
258 280
65 209
308 257
406 182
457 393
371 414
497 249
481 239
58 417
435 177
137 118
486 243
192 47
330 172
6 80
360 490
51 265
374 425
460 211
105 280
194 417
19 328
67 43
312 0
177 478
96 248
491 167
66 434
459 35
115 397
239 465
82 475
252 142
353 456
89 212
482 310
139 135
31 1
1 206
36 343
91 30
197 133
419 434
469 264
161 378
344 436
263 400
42 426
235 16
228 247
58 176
311 62
63 197
255 342
186 416
447 292
277 129
416 496
260 196
427 237
174 273
25 123
401 437
305 419
167 136
312 386
448 225
274 476
170 12
428 29
173 356
338 227
224 450
499 254
491 484
110 426
49 17
307 135
55 450
439 112
498 74
299 103
79 447
459 425
454 250
458 239
467 128
430 296
402 191
27 429
355 246
115 137
125 256
207 422
35 180
254 498
101 33
332 405
330 181
283 143
383 136
116 93
390 202
393 399
328 144
242 272
410 36
292 358
280 35
67 351
349 167
53 173
78 451
484 385
29 260
248 119
212 412
114 365
264 454
99 359
131 444
480 193
51 393
280 125
328 184
203 199
372 30
481 256
142 302
62 317
436 23
287 163
28 0
455 253
112 144
440 406
99 95
341 273
398 3
187 473
173 78
108 390
499 45
348 441
258 493
16 262
425 46
47 303
56 305
301 2
408 20
467 242
15 359
362 308
282 265
195 49
292 455
352 304
245 143
136 200
463 356
402 152
455 240
46 301
303 363
383 347
441 63
423 350
11 308
73 285
187 145
100 269
425 331
474 452
5 170
26 462
114 320
60 281
82 421
284 458
158 238
153 19
221 99
408 428
66 84
229 333
454 253
436 181
134 379
50 262
224 491
163 428
61 338
111 75
34 144
234 247
266 192
143 387
168 339
424 403
237 234
339 153
335 191
423 275
389 321
164 325
253 113
303 327
402 315
311 414
13 288
332 397
136 131
470 476
231 304
38 246
400 468
12 377
4 87
260 435
112 393
358 424
251 365
32 161
427 5
294 195
92 440
71 478
454 229
33 394
140 38
6 424
153 40
479 370
157 158
403 239
163 269
487 114
275 266
124 371
67 55
495 418
248 159
240 419
313 55
93 274
50 453
346 451
322 203
213 177
417 331
453 469
83 432
51 292
163 210
265 175
445 230
242 113
32 193
248 482
108 197
2 341
293 158
214 200
378 467
150 427
248 147
79 103
395 331
42 130
157 411
141 307
420 102
296 235
218 304
353 44
238 326
337 356
56 31
350 51
330 286
433 0
456 79
410 365
347 203
114 304
464 5
107 256
343 236
41 255
152 61
240 394
102 390
421 77
480 11
297 271
123 310
241 83
300 79
283 152
308 499
4 397
5 272
9 464
71 349
262 50
296 223
113 2
79 251
262 34
157 59
222 411
346 133
212 463
467 498
498 347
245 276
48 354
170 102
451 57
459 242
465 66
68 108
211 79
465 0
59 473
236 475
108 133
449 435
433 172
20 416
44 283
138 265
219 93
2 308
50 23
89 314
274 16
447 157
157 485
310 412
239 69
202 46
333 347
20 3
420 267
50 392
9 464
409 40
349 228
251 264
430 251
119 340
350 204
189 66
479 7
428 351
397 218
418 483
486 231
350 290
182 406
223 252
293 191
419 484
248 494
245 23
215 178
234 365
431 65
425 275
126 262
333 353
336 24
107 251
393 175
433 309
61 75
118 156
493 206
200 37
412 93
124 446
311 128
193 358
134 94
357 470
324 260
136 42
145 12
187 95
256 38
465 121
129 318
376 83
472 122
68 77
23 385
13 192
50 186
280 58
29 36
149 489
31 205
217 137
233 176
214 257
230 489
159 179
114 359
334 36
465 87
472 402
446 488
174 337
247 348
385 306
296 276
333 386
23 327
356 403
160 108
450 70
102 390
101 109
497 216
303 287
41 462
302 127
316 487
336 328
135 64
192 73
459 283
462 26
281 482
443 318
241 441
183 393
354 195
411 136
424 352
166 67
46 317
305 321
149 363
427 493
66 136
271 471
497 377
211 86
404 278
71 154
47 497
192 106
243 402
106 456
375 19
188 124
445 421
136 493
338 447
435 415
387 256
133 59
145 236
367 197
351 401
399 438
397 399
153 91
399 492
363 111
235 274
48 51
397 33
332 36
452 235
344 119
178 339
427 477
26 175
77 294
85 378
129 476
419 482
474 282
393 319
445 337
240 480
365 345
382 137
225 197
317 334
25 69
398 347
23 452
99 425
155 100
428 184
18 284
418 347
18 344
33 163
495 316
161 273
263 361
58 43
229 488
409 227
427 254
59 307
84 302
254 10
194 239
23 182
381 64
408 293
456 252
68 441
214 452
313 229
125 477
317 223
303 354
461 226
386 230
384 20
30 470
210 138
172 76
140 85
379 53
157 400
341 187
491 225
307 407
237 156
232 432
286 54
133 35
117 247
119 19
489 1
491 1
77 51
489 163
68 69
469 220
407 226
303 162
70 251
407 110
394 307
213 139
26 33
132 346
217 495
348 252
105 59
110 339
354 35
104 99
319 423
1 426
88 79
330 304
267 10
317 89
81 161
46 383
81 107
455 179
283 299
358 303
495 388
423 320
272 349
124 380
158 91
22 125
430 98
109 204
294 49
62 278
161 227
186 109
288 243
394 141
445 423
311 104
424 440
141 87
319 196
140 266
391 477
75 14
219 173
222 36
315 365
92 285
394 476
71 278
420 34
457 317
421 217
9 120
207 198
246 2
268 378
207 238
253 160
185 135
171 472
189 260
45 486
315 281
411 291
177 238
56 183
400 134
106 329
27 261
264 314
44 126
364 32
44 252
387 117
441 82
342 58
397 130
263 239
30 212
450 175
358 59
193 358
188 111
372 299
465 67
193 488
373 362
114 58
175 417
351 1
411 469
99 193
432 308
372 363
38 314
373 323
181 396
359 66
218 221
289 232
72 35
397 482
40 445
215 363
216 68
37 66
260 128
288 136
351 44
359 161
336 241
138 232
151 17
239 349
81 221
256 28
362 6
451 6
369 255
323 166
85 86
214 212
200 197
241 354
15 52
293 100
333 351
221 283
133 336
57 312
340 66
72 165
171 54
309 376
394 41
127 132
196 479
176 193
47 397
301 270
370 415
118 94
230 55
391 339
151 215
281 448
114 343
398 206
434 137
178 59
44 328
160 157
202 240
137 188
458 250
17 438
385 181
236 487
179 115
330 480
428 182
26 463
21 394
384 276
335 307
488 62
72 379
472 148
188 274
376 109
400 499
180 393
381 285
252 268
248 60
94 82
397 29
275 120
248 271
78 159
222 436
167 66
66 294
68 139
101 255
254 445
190 1
286 286
54 423
335 38
472 303
332 430
402 221
344 107
267 151
439 423
341 341
487 106
98 408
15 55
352 199
52 121
407 395
318 338
228 461
116 6
436 52
125 448
408 338
341 470
245 27
368 132
91 86
494 355
262 189
240 361
482 467
362 292
482 389
203 32
38 62
466 319
120 326
165 91
61 380
407 358
491 158
245 127
334 434
123 91
453 96
415 215
359 435
177 129
162 341
403 380
51 200
27 369
312 23
403 44
254 226
384 162
289 97
31 129
73 123
72 6
221 26
313 487
117 80
273 342
74 279
331 176
397 126
1 210
106 62
288 257
419 361
310 24
154 209
332 342
348 79
457 404
244 70
2 122
465 213
492 276
304 39
17 175
238 54
116 19
276 344
57 256
280 47
256 368
62 286
365 441
197 410
332 322
445 441
154 335
463 262
301 498
26 267
173 171
42 116
460 289
45 170
217 370
90 326
112 326
267 152
414 330
4 464
258 247
434 301
63 264
115 397
16 217
388 493
109 190
331 282
452 421
291 229
407 21
347 233
385 371
201 114
431 300
399 206
359 41
305 333
82 423
140 272
265 98
140 380
162 374
296 324
53 466
487 439
173 460
183 335
301 58
210 385
443 232
273 461
294 302
77 431
203 376
327 69
301 469
343 319
495 315
281 491
431 48
360 121
308 104
14 44
281 109
194 77
38 224
378 319
102 333
61 456
377 306
127 240
412 179
494 322
314 407
308 128
249 245
201 168
212 57
18 215
292 345
69 212
384 183
16 300
108 486
144 429
22 485
16 271
446 434
193 11
139 260
357 1
170 240
297 58
125 234
80 315
380 270
453 1
153 116
102 321
250 261
99 247
370 124
58 115
126 316
428 104
105 117
357 137
47 127
214 154
322 173
295 146
147 54
170 248
69 153
414 272
371 171
296 13
129 94
262 206
310 107
225 191
180 268
395 82
89 228
253 109
255 263
317 48
148 255
408 339
463 217
240 174
188 335
281 388
95 169
276 43
86 257
25 1
436 267
495 273
382 377
140 100
148 490
97 309
148 296
365 357
31 111
298 457
346 71
240 79
475 441
50 369
222 61
328 76
349 158
35 175
275 83
425 27
336 423
71 22
379 484
448 436
394 411
482 98
30 92
33 75
444 5
66 435
11 166
177 395
422 212
148 212
92 198
121 73
96 428
265 45
333 327
90 213
311 79
171 73
0 341
198 56
492 444
462 265
12 355
420 139
204 434
132 68
141 296
76 106
3 237
417 341
54 336
268 7
432 218
411 439
348 432
228 110
227 340
47 43
182 239
25 467
35 238
34 10
468 177
266 111
304 471
159 183
191 359
429 427
367 123
408 192
302 67
407 136
179 381
472 454
274 214
452 498
360 309
338 339
302 328
299 105
140 458
169 310
238 183
159 98
291 457
24 67
55 445
327 283
237 87
153 151
149 363
173 457
148 361
189 11
468 302
261 340
151 109
144 430
381 241
198 303
222 172
469 222
5 278
217 148
300 94
310 370
327 301
163 483
346 328
130 204
45 315
276 391
174 48
289 272
76 55
227 487
61 298
428 48
197 418
364 145
367 349
150 174
9 47
375 165
370 356
23 5
249 267
315 151
423 423
478 104
443 499
150 57
105 356
274 430
76 154
3 490
17 295
342 6
171 26
382 69
427 393
160 257
408 176
451 475
431 184
35 429
338 374
82 185
116 443
450 208
199 44
191 453
311 216
242 34
455 335
228 477
234 382
58 389
216 495
179 9
290 148
374 214
252 128
424 457
165 220
116 374
179 216
432 307
193 491
326 27
356 149
31 406
295 442
437 442
303 364
12 468
35 94
74 238
47 139
359 498
224 65
281 475
282 404
247 66
445 476
125 425
183 301
95 8
450 331
195 385
353 254
200 59
297 240
379 274
125 197
262 238
65 349
105 395
313 348
176 204
481 110
411 153
161 165
496 359
244 464
218 191
102 97
190 418
44 399
448 69
160 169
371 62
458 225
425 328
33 123
234 101
106 366
31 497
356 120
84 379
70 100
50 302
72 172
424 240
309 468
490 224
287 321
47 361
41 97
72 472
426 74
293 306
156 384
4 324
204 12
465 88
242 126
151 15
107 166
135 427
151 268
90 125
338 290
387 137
461 379
306 312
118 239
124 99
275 274
139 128
69 479
458 456
323 311
478 461
388 430
50 465
442 391
34 140
129 280
11 273
85 91
182 317
268 204
330 306
287 44
375 321
277 356
19 185
146 452
234 349
314 386
278 285
425 108
388 312
437 55
498 252
69 23
79 180
339 190
234 409
83 478
186 461
147 212
165 205
55 293
180 399
184 221
330 310
474 462
369 70
322 411
434 367
399 244
434 13
275 90
68 20
333 358
422 254
460 480
274 439
339 367
440 306
116 375
337 122
193 90
353 206
425 367
111 288
153 177
267 397
269 428
138 336
90 103
435 61
0 402
269 61
367 191
419 62
184 335
277 108
167 377
97 131
419 92
269 60
458 72
1 37
225 79
34 491
404 315
70 470
383 405
448 339
253 251
86 367
328 438
167 364
347 495
439 264
325 266
190 61
450 135
66 43
35 175
342 101
423 439
196 412
252 306
409 145
364 357
295 348
64 192
187 463
227 411
29 479
40 52
39 219
263 490
165 106
207 298
237 7
420 482
140 286
431 24
381 50
250 147
340 29
492 166
77 379
358 71
476 106
325 250
240 15
121 440
238 257
117 180
14 328
114 37
413 155
57 397
396 146
175 307
473 236
468 19
91 402
360 178
429 67
434 37
478 21
279 56
88 68
396 396
285 103
258 362
111 50
196 167
474 8
96 224
95 299
201 416
95 186
105 61
450 376
397 40
448 428
497 28
424 388
491 245
460 61
111 101
268 423
283 160
236 94
245 380
148 331
370 446
359 243
471 475
367 310
90 369
397 167
408 87
185 174
235 251
353 145
68 199
211 473
420 352
84 447
130 165
464 232
328 0
328 175
337 299
20 47
67 428
367 270
444 475
226 52
49 31
82 431
405 118
322 293
92 177
342 258
490 223
223 306
482 170
470 403
451 171
99 490
260 18
493 467
371 56
88 71
3 421
391 22
316 260
437 213
323 408
131 131
438 313
336 207
110 272
443 306
148 413
431 395
362 261
317 276
348 233
154 257
280 203
463 45
110 448
356 252
383 433
99 340
399 321
445 435
93 9
423 241
136 241
354 206
483 498
83 172
281 183
386 90
487 413
361 201
453 98
383 218
410 336
10 334
269 309
170 307
48 214
308 93
152 184
34 162
186 487
170 470
60 468
233 408
109 399
349 95
313 414
250 233
419 75
384 112
420 189
255 54
0 468
5 63
226 152
491 39
361 264
84 13
421 421
321 318
413 382
296 22
255 78
153 398
363 175
216 37
443 283
103 323
387 443
447 460
0 465
229 438
451 361
135 314
484 224
106 308
330 397
475 254
5 438
465 480
369 368
3 181
356 312
108 458
419 243
60 55
346 271
484 290
456 149
374 471
279 440
189 332
87 462
252 164
496 444
164 217
250 365
177 19
477 106
350 137
45 248
371 410
52 391
40 356
179 360
152 414
247 311
273 341
357 186
482 25
94 353
218 146
17 344
450 248
385 346
95 152
415 430
173 318
174 319
180 214
480 206
17 332
174 79
117 142
19 383
237 99
97 113
457 455
55 114
461 259
412 293
75 56
374 179
498 249
463 401
107 30
215 295
375 476
118 389
124 492
92 137
250 361
169 189
304 59
318 224
369 265
173 82
261 445
194 399
152 112
142 9
304 259
87 357
98 179
172 205
194 223
436 116
157 444
3 105
182 461
78 174
256 51
496 103
3 370
334 190
199 155
267 328
38 356
35 206
412 488
63 59
27 106
403 0
457 185
498 258
432 139
43 429
32 41
263 39
82 387
395 449
277 133
489 162
220 167
8 377
288 132
91 71
423 316
1 494
252 233
224 499
428 37
430 267
159 313
200 193
494 93
226 95
109 123
291 68
297 330
314 299
222 85
401 405
251 146
379 402
254 356
393 103
223 34
347 323
368 382
327 400
495 362
337 53
473 457
287 128
279 270
356 101
359 2
0 109
364 110
466 379
334 118
4 359
34 57
291 204
104 254
468 118
24 451
408 306
286 349
120 47
149 66
68 328
437 8
470 68
299 301
271 437
148 485
43 276
332 35
289 186
305 436
387 110
268 181
30 148
195 54
120 2
182 196
56 40
108 120
273 27
316 259
245 397
25 464
351 140
326 357
145 493
103 483
16 384
32 371
425 47
401 80
276 398
438 84
56 333
212 399
158 329
78 28
492 403
395 103
312 196
189 222
57 457
194 292
15 74
473 226
158 440
338 374
458 435
268 129
28 14
196 332
360 186
442 126
230 204
400 337
411 394
204 89
381 469
395 398
124 396
189 368
242 283
70 379
8 53
419 190
22 36
223 467
94 382
86 17
354 176
70 487
428 266
87 274
172 310
58 482
350 149
284 247
479 444
497 354
396 487
24 269
236 418
152 99
468 330
358 238
77 322
440 281
55 6
168 379
361 80
81 226
326 63
8 217
423 157
144 357
126 319
89 20
471 215
397 241
331 439
114 256
37 409
267 54
434 444
376 287
365 147
211 309
26 191
200 71
280 449
268 345
217 259
474 357
450 189
128 371
479 282
43 94
149 368
165 310
97 435
434 41
351 314
358 497
68 229
179 58
403 349
108 299
9 473
162 434
157 459
93 142
237 137
357 136
298 238
25 22
416 247
62 459
457 267
496 420
478 377
226 27
327 234
207 186
120 188
147 369
363 278
267 241
229 452
190 476
499 28
275 215
27 415
34 337
257 336
213 382
262 236
322 440
478 89
129 29
250 451
81 276
369 113
66 348
324 99
127 108
176 175
442 254
92 203
39 476
211 201
289 252
44 473
414 111
140 375
326 43
171 390
356 407
107 41
492 274
382 283
311 471
225 58
113 253
230 169
371 4
257 441
266 160
272 153
380 180
223 264
155 206
465 394
287 363
137 424
60 279
250 19
430 371
124 328
497 43
48 354
147 220
233 157
162 265
445 5
121 43
101 168
415 128
491 419
343 202
334 128
0 255
126 436
264 430
325 251
105 114
334 225
234 105
370 67
424 397
292 168
188 398
26 245
164 103
158 18
498 360
115 492
428 498
280 242
345 193
159 458
183 302
407 345
265 418
167 130
298 189
87 459
56 338
442 466
484 73
285 100
444 482
333 252
346 372
417 113
423 191
494 76
422 107
377 253
383 187
228 396
355 33
372 168
134 263
336 166
118 470
452 121
374 62
434 137
103 72
264 352
280 26
485 258
11 202
241 362
110 247
132 322
490 465
81 356
22 476
446 417
391 140
54 250
388 117
189 489
193 491
369 453
63 473
28 355
69 427
26 121
443 180
497 158
367 285
113 78
348 241
234 411
14 239
356 288
277 402
245 397
351 470
296 466
321 266
193 176
297 391
423 71
82 241
378 420
351 449
190 492
403 199
290 424
213 417
171 498
395 342
165 268
235 98
365 461
489 408
151 410
334 286
379 74
347 416
217 258
102 198
249 407
184 357
127 39
37 249
91 150
419 284
383 108
421 6
414 100
362 410
197 418
492 196
112 76
186 191
389 329
89 140
498 490
381 125
374 125
127 418
55 465
74 398
404 438
390 495
258 171
89 252
301 455
383 433
125 265
95 422
62 366
357 36
161 60
37 238
9 35
352 165
415 64
354 278
126 172
343 244
348 384
191 284
69 149
415 74
348 46
413 362
250 411
323 122
212 411
298 361
378 73
489 2
133 293
317 195
439 259
495 160
296 140
289 186
112 218
264 56
418 461
224 29
3 168
431 47
260 216
141 81
436 490
136 131
326 69
180 453
466 118
258 27
65 114
332 399
456 177
490 449
478 226
247 66
114 482
50 30
464 226
217 43
26 400
321 353
158 353
323 1
28 124
239 433
184 93
122 423
372 492
219 465
31 351
185 318
200 145
372 87
130 164
64 441
146 9
362 385
238 304
281 37
322 266
211 20
443 6
499 186
151 316
19 70
240 182
180 56
143 440
105 404
197 125
134 169
407 343
147 348
237 145
264 428
300 59
66 327
13 96
264 417
339 16
199 135
191 79
19 231
487 186
163 124
146 184
379 150
498 53
50 378
159 88
147 314
494 459
407 65
334 7
24 171
158 173
252 75
158 349
387 124
248 145
181 51
53 246
151 60
438 403
491 202
368 97
409 491
408 362
370 168
340 243
268 246
321 350
52 21
145 479
476 439
342 245
492 9
421 395
151 143
345 359
309 142
133 66
428 70
238 394
137 150
396 430
281 405
278 69
400 333
124 275
21 376
237 319
214 365
8 158
370 217
360 206
272 31
101 345
239 52
55 191
122 228
486 451
21 255
440 264
392 421
150 64
383 413
278 387
398 450
167 138
196 268
299 379
225 320
373 252
443 316
397 280
231 417
172 383
499 104
378 112
29 391
156 380
267 264
66 286
425 17
285 86
465 473
294 84
188 42
211 19
299 132
49 108
491 30
487 74
186 342
234 365
97 67
332 242
29 364
382 398
484 454
427 19
456 302
344 73
92 144
276 407
15 391
274 178
252 358
201 113
330 290
358 287
29 427
143 42
292 58
364 377
397 129
283 144
69 353
497 127
35 162
405 126
304 402
261 31
496 408
198 314
453 326
253 408
302 334
393 249
126 447
76 109
105 23
228 359
338 175
189 78
56 225
480 446
330 212
120 241
407 326
5 170
79 360
194 258
359 381
328 439
401 486
361 256
467 358
385 442
20 158
383 74
373 76
288 363
456 203
381 260
430 215
427 386
145 9
243 122
413 356
342 423
32 166
25 56
498 351
9 410
337 18
446 245
460 210
265 86
346 269
484 146
33 128
490 412
386 30
386 233
8 151
318 229
285 392
244 343
105 135
153 253
498 442
4 451
389 311
80 269
416 87
215 64
328 449
479 205
290 214
366 217
446 151
43 36
379 83
218 287
393 336
279 223
26 243
54 283
405 415
2 134
51 321
122 70
275 379
94 453
170 418
69 312
348 469
404 112
252 79
415 123
198 145
388 46
330 225
492 295
429 87
408 347
417 480
360 382
335 44
462 306
470 5
326 31
496 318
397 231
206 248
245 164
211 404
481 485
280 393
480 326
173 210
42 240
122 442
486 254
60 309
314 301
184 30
200 493
224 180
280 97
114 430
186 25
11 325
218 168
494 143
353 50
290 19
461 396
150 264
73 299
100 63
445 239
232 137
317 146
95 456
238 450
327 209
386 425
445 190
334 104
6 291
310 187
435 148
412 123
274 438
353 485
225 375
364 298
444 309
266 33
483 40
101 4
281 311
1 488
444 226
369 335
375 451
99 179
154 162
100 364
349 429
156 453
104 426
236 20
53 48
440 354
210 389
52 394
382 492
70 405
241 326
129 440
471 468
130 81
445 478
407 83
388 146
73 415
287 492
393 161
367 340
81 185
79 77
421 133
391 461
140 492
284 132
452 121
202 107
85 82
17 499
146 344
259 406
398 71
84 46
239 143
329 451
28 320
306 408
222 450
294 197
181 214
335 430
37 485
419 38
37 123
467 437
343 35
106 79
125 93
89 190
493 364
37 418
178 22
324 195
244 252
466 470
400 277
262 302
340 437
412 181
118 229
117 232
311 313
259 223
266 288
5 348
118 259
133 394
89 296
49 457
427 185
462 15
169 179
469 224
257 9
91 381
465 228
41 208
283 276
417 152
0 401
161 422
316 118
267 146
456 257
442 168
35 235
415 404
480 205
66 384
265 89
317 157
217 83
211 211
363 353
254 128
402 216
186 267
414 70
327 305
473 370
105 121
377 9
214 20
256 209
299 280
290 374
457 116
179 7
360 168
297 43
111 467
234 199
270 149
455 148
370 449
71 428
289 476
348 300
10 355
136 105
479 309
277 278
137 436
104 457
352 498
465 253
305 463
464 51
200 427
376 419
200 70
398 299
100 341
197 247
204 110
271 185
463 183
471 48
357 100
450 75
181 209
24 267
319 486
413 489
260 19
441 289
441 460
302 340
439 41
3 499
184 143
326 126
26 499
99 297
224 384
93 50
317 405
391 470
311 136
7 304
446 71
384 449
141 387
280 38
389 80
223 135
113 73
424 401
50 139
23 23
425 274
180 469
439 243
231 423
80 102
173 239
40 26
265 57
447 181
261 397
32 336
261 336
237 145
284 185
209 287
413 160
129 134
229 445
369 420
22 461
52 449
327 47
457 92
273 92
489 404
241 386
74 373
370 2
188 163
302 6
166 249
383 215
161 147
67 465
426 382
331 89
489 478
422 158
102 446
350 195
433 91
316 91
94 7
22 186
192 134
383 324
39 211
358 118
83 52
434 426
367 361
191 117
275 356
154 113
160 377
320 5
96 93
452 136
174 42
176 326
150 367
430 411
30 42
446 288
66 465
327 381
350 286
494 18
484 478
207 149
154 144
90 28
16 102
145 394
221 191
410 173
85 223
265 340
128 115
80 212
445 195
481 259
130 147
125 475
476 114
110 333
361 130
233 200
447 229
420 230
403 168
243 330
170 488
455 9
73 151
198 388
147 370
17 31
358 129
243 143
328 335
465 206
258 41
270 50
280 205
225 191
373 184
24 469
330 396
47 332
72 403
125 245
276 71
201 142
137 134
321 296
2 465
6 287
337 261
466 277
320 118
154 192
13 193
441 30
362 343
246 488
85 434
6 371
365 213
200 59
355 3
468 21
160 358
119 327
104 498
468 437
481 276
469 474
4 494
337 263
103 219
5 435
158 189
254 363
422 24
379 306
328 278
488 347
26 488
338 459
396 130
406 306
132 230
224 228
491 137
208 414
349 446
135 213
77 8
384 242
48 351
481 263
462 228
217 469
428 489
471 407
66 177
407 230
458 198
187 483
397 301
247 395
109 247
107 235
329 38
389 491
106 377
458 223
192 68
409 175
434 473
2 381
111 0
199 409
392 421
74 386
134 290
389 173
260 243
133 348
191 89
319 374
97 297
217 277
304 290
115 127
8 238
91 117
378 471
392 142
380 270
412 318
491 14
257 153
353 252
341 242
117 44
341 12
289 214
356 411
38 93
332 471
440 398
221 275
417 318
441 465
283 297
312 205
359 274
378 421
164 212
109 220
232 281
347 302
213 374
467 204
175 103
1 151
426 116
286 74
39 343
493 227
433 322
449 305
78 144
208 327
399 242
375 317
120 484
358 223
427 333
437 177
329 454
422 290
217 107
303 209
436 256
431 296
453 221
365 232
59 31
126 74
243 311
295 1
224 363
49 5
182 3
310 338
128 363
471 84
293 197
454 126
274 82
155 237
469 227
110 21
447 380
191 236
238 190
54 486
491 314
170 455
293 174
389 480
64 273
471 212
338 210
144 425
14 464
191 299
320 483
363 154
390 119
310 55
393 480
295 216
171 385
411 465
297 464
89 300
13 213
275 60
337 203
168 419
219 351
334 211
365 391
363 50
457 108
88 25
241 350
87 235
52 264
80 350
3 349
415 169
230 368
71 190
462 419
271 91
155 181
424 457
7 20
480 287
312 316
167 69
304 405
21 106
457 357
58 453
123 460
180 473
16 205
124 251
195 478
11 247
205 350
222 435
75 64
381 203
272 239
145 400
358 428
285 18
472 167
479 196
21 447
4 159
411 37
367 480
228 106
308 378
166 433
349 30
233 93
332 82
334 5
286 329
348 193
360 71
119 172
119 340
499 141
30 475
455 262
220 398
128 183
468 28
59 146
239 170
252 292
150 72
253 87
132 436
359 453
125 492
184 331
472 96
71 36
150 2
252 27
62 371
251 381
27 383
53 310
455 267
191 305
244 457
245 296
250 376
221 456
287 375
324 405
293 259
114 395
274 444
167 366
247 337
220 418
81 127
246 125
430 36
345 437
85 175
51 90
46 335
63 124
382 334
93 387
134 175
471 207
74 409
98 138
57 173
300 170
295 138
26 46
335 77
252 371
461 421
108 156
280 359
193 171
410 162
190 139
198 45
306 161
300 124
298 404
426 209
199 450
349 73
150 225
448 36
309 255
263 261
120 418
441 43
58 166
305 352
249 100
261 3
128 55
311 413
474 278
228 237
162 173
250 429
466 312
67 50
311 275
45 182
226 284
450 487
191 136
236 255
110 440
347 349
115 238
16 158
247 89
263 245
174 409
221 365
416 492
120 141
323 227
11 165
4 401
389 313
68 47
487 477
179 179
269 186
344 294
383 286
383 91
352 498
364 409
254 74
67 280
359 374
39 242
496 223
36 396
443 385
215 457
488 283
469 394
188 257
395 166
257 423
422 130
392 110
36 138
418 146
20 455
197 129
352 59
307 45
431 389
198 251
386 498
392 186
295 355
21 432
207 43
173 131
93 481
119 65
211 129
436 389
19 231
143 133
179 371
112 302
53 462
312 162
200 439
147 56
340 496
391 20
151 47
29 64
482 244
225 0
390 193
277 161
147 409
132 272
74 178
492 97
111 480
271 304
360 312
160 418
291 200
99 51
115 442
39 128
129 449
143 264
426 371
132 272
396 425
103 116
213 470
302 95
399 325
489 74
344 111
311 149
200 135
430 262
391 167
117 469
233 372
95 112
236 11
288 227
343 132
102 391
486 409
86 405
331 237
348 75
224 27
163 11
274 276
443 93
414 17
241 412
24 499
363 336
415 260
392 151
43 258
19 347
104 381
119 105
32 287
314 319
331 256
384 477
422 457
474 328
240 336
188 215
403 117
229 51
202 318
428 122
321 97
479 448
405 425
212 98
269 438
46 26
356 100
57 431
111 130
467 383
450 203
172 155
58 353
23 402
24 260
358 452
252 197
122 337
287 9
299 186
64 56
9 346
129 420
403 418
154 92
147 370
377 104
310 320
222 435
47 333
137 98
295 405
94 389
399 269
307 233
142 198
396 371
144 3
421 377
321 47
269 427
32 469
289 498
433 194
27 363
461 332
238 165
406 108
377 184
270 305
356 36
259 412
415 104
334 403
302 188
116 155
476 423
421 0
194 117
480 206
39 73
90 293
253 129
165 497
154 482
18 435
347 362
467 278
33 114
303 153
160 336
259 271
123 489
106 33
239 169
242 439
84 130
111 333
182 338
320 277
212 336
199 339
469 412
26 18
23 2
190 181
452 183
172 450
335 427
96 131
70 426
57 191
376 154
344 168
297 58
246 165
356 10
422 445
315 325
179 300
482 338
374 370
172 286
214 398
29 7
433 162
353 451
458 342
363 229
139 302
319 160
170 386
183 175
352 444
245 499
189 32
402 227
365 415
314 74
81 79
242 343
147 366
209 447
29 105
407 72
84 168
54 227
254 107
51 90
89 107
139 148
227 130
46 393
467 93
24 212
407 400
118 118
66 54
159 327
251 95
115 67
146 336
443 22
112 400
359 346
347 53
183 498
243 74
19 81
145 62
462 44
162 53
107 81
260 80
27 119
38 364
52 143
165 184
436 347
193 277
330 296
146 392
467 365
299 390
452 338
382 444
497 267
200 397
477 457
76 312
176 5
0 114
150 228
75 165
294 86
382 121
13 124
341 29
271 332
171 140
85 223
342 405
302 82
391 42
355 132
489 467
433 31
112 489
154 83
22 187
160 448
424 256
285 174
6 265
258 408
484 29
435 343
277 326
369 89
221 169
488 76
459 210
199 274
209 71
111 205
5 231
488 271
297 429
47 125
386 156
185 305
0 370
196 472
62 277
298 417
493 283
346 139
265 305
376 45
103 474
58 339
463 108
38 398
375 112
268 437
94 261
131 306
278 94
223 180
97 192
328 374
365 443
248 174
71 130
104 476
168 174
283 14
412 131
243 173
110 288
49 364
22 204
150 181
213 152
345 373
247 310
105 173
199 464
94 205
182 122
297 51
65 350
333 432
105 478
266 428
292 67
271 167
200 314
467 421
146 413
224 164
189 246
210 181
387 388
362 305
208 69
271 159
91 273
251 456
236 48
115 369
389 29
195 238
11 89
3 14
30 158
256 79
260 219
459 466
123 499
420 322
333 331
457 191
499 277
325 208
430 236
117 441
31 319
260 164
31 43
53 263
194 61
281 309
127 307
306 92
414 103
434 227
270 248
25 243
304 270
358 350
143 234
405 327
491 27
70 165
281 22
436 123
432 327
134 217
309 411
14 441
20 76
324 301
44 290
412 201
403 348
434 122
449 399
426 339
357 293
315 496
119 490
317 251
320 403
314 452
245 482
58 181
482 265
407 234
435 26
375 172
294 190
89 309
1 244
37 15
363 210
200 204
308 334
89 17
321 480
314 256
437 418
35 372
458 419
297 443
115 245
436 172
334 261
357 377
245 187
397 246
451 108
295 97
466 111
443 384
140 288
58 258
482 77
348 94
37 441
38 146
170 4
265 326
204 356
43 475
221 449
409 292
241 24
135 204
89 208
348 431
189 81
159 406
0 171
464 7
5 389
245 355
181 176
32 363
338 385
186 428
220 59
84 96
152 462
22 71
354 93
175 222
480 43
67 186
45 333
222 383
238 51
227 468
183 420
157 259
39 21
432 344
292 260
74 368
292 444
38 448
170 146
42 213
399 150
483 461
196 296
347 58
378 435
207 426
38 61
434 364
60 77
337 366
87 352
297 263
211 379
377 187
252 233
236 271
232 3
299 219
129 429
216 147
73 359
420 275
491 111
189 206
425 52
256 378
142 12
243 53
92 205
439 120
392 344
347 175
246 476
257 147
294 228
87 325
100 219
183 8
66 92
496 224
102 491
355 252
306 96
302 98
71 250
95 241
268 315
143 442
89 14
242 401
226 235
307 182
42 179
271 490
214 108
452 267
19 168
265 307
258 177
428 419
12 329
496 375
317 280
146 139
392 259
346 241
423 471
150 153
495 465
425 421
40 209
230 377
185 411
441 495
414 443
124 369
244 426
58 472
463 413
172 204
297 356
179 19
24 220
37 329
102 20
81 463
340 494
405 311
158 25
320 346
67 72
350 296
268 163
77 408
465 232
440 101
472 262
483 471
300 497
369 20
335 254
248 450
114 176
53 153
352 272
197 374
22 419
83 47
308 291
375 12
113 273
35 167
138 438
435 370
243 290
44 156
458 78
106 292
297 72
345 160
386 149
69 42
441 408
51 4
368 249
22 278
445 333
271 410
280 435
225 58
214 375
454 269
413 173
245 60
72 211
212 442
336 458
367 133
137 278
27 270
49 357
191 402
312 346
282 462
21 444
320 359
481 87
260 126
186 394
457 358
152 259
69 170
303 489
267 288
59 293
150 146
400 108
454 341
156 64
361 88
300 177
116 181
307 281
27 377
87 345
456 485
7 239
228 26
314 162
455 347
346 373
333 458
299 98
163 140
80 455
484 24
57 380
161 101
330 216
413 189
26 269
8 370
248 385
47 89
288 414
288 355
313 134
85 473
465 464
272 100
476 46
426 108
61 33
101 88
129 391
160 14
236 7
244 21
110 484
399 291
498 398
385 39
364 163
128 322
422 330
376 252
360 398
431 154
94 422
165 384
398 223
82 178
199 487
471 178
470 309
59 222
113 320
484 296
118 330
160 464
216 40
290 388
42 428
350 221
105 137
212 368
46 356
343 147
325 245
406 166
241 147
468 317
466 354
184 304
268 84
477 196
84 484
264 267
341 479
116 115
335 298
6 180
327 381
478 201
368 153
152 384
53 461
167 120
424 19
456 204
400 44
28 285
404 337
316 293
260 245
396 284
464 95
328 402
456 144
149 306
42 324
137 301
274 95
467 304
8 198
243 423
60 261
98 123
268 464
62 266
402 380
327 458
212 218
362 155
313 168
344 363
165 355
303 481
286 439
489 270
45 294
55 84
208 105
421 5
123 328
209 483
441 25
244 388
396 6
174 458
322 209
417 371
352 339
278 220
342 490
137 267
204 387
344 44
50 412
92 265
249 25
51 153
42 42
400 147
105 438
147 427
298 279
118 64
136 2
493 248
368 478
217 130
26 72
336 413
179 428
454 428
82 280
174 357
4 476
414 75
2 461
93 413
330 152
154 63
312 318
297 499
481 32
104 366
280 8
436 292
220 311
443 242
99 154
482 117
44 103
417 248
14 398
50 10
73 344
162 57
56 385
417 311
30 38
398 373
165 310
473 186
429 238
244 416
385 28
132 79
327 430
328 401
411 341
37 379
436 484
222 52
215 344
234 491
365 245
407 132
319 382
472 380
148 100
128 69
148 34
464 112
13 327
169 144
375 424
261 58
110 311
8 483
326 178
423 242
227 43
278 183
415 398
498 250
171 64
450 126
91 319
147 266
410 104
381 168
226 286
449 494
329 189
367 457
52 155
199 142
325 279
177 477
79 241
157 175
153 251
422 459
225 244
201 69
237 487
125 82
76 316
5 427
236 257
412 224
366 288
419 111
440 192
285 96
123 20
123 294
105 277
373 45
115 182
21 74
8 204
372 147
426 436
193 377
453 162
303 106
69 320
364 222
171 362
234 1
147 294
423 357
254 252
434 149
223 221
426 455
454 84
20 150
380 380
43 66
24 333
153 346
68 445
307 17
370 239
386 393
250 17
269 161
310 5
226 203
11 34
470 4
155 465
198 342
408 387
220 241
439 284
230 374
243 359
451 389
283 114
483 337
498 385
390 253
308 161
47 469
325 319
137 17
359 332
219 335
428 268
404 292
18 367
78 134
24 261
227 29
218 307
192 211
316 69
230 435
256 124
296 277
294 433
266 285
472 5
125 337
129 400
119 30
164 147
261 49
79 40
199 340
403 149
218 244
31 71
196 300
77 287
72 344
481 223
229 190
28 453
353 354
384 9
9 324
373 401
441 270
462 304
454 493
237 218
289 172
325 268
407 337
181 402
478 479
170 162
467 207
413 50
59 172
496 150
403 68
190 222
26 344
337 5
223 332
357 426
194 12
350 182
436 101
433 383
398 414
473 103
153 365
38 387
389 64
133 386
460 292
488 175
180 339
171 178
104 403
268 28
62 151
104 470
205 499
413 37
492 103
321 387
126 497
62 211
449 367
159 47
222 410
249 499
177 403
158 272
153 134
285 278
248 215
214 241
279 306
261 480
219 271
121 82
145 197