6000
298 225
257 208
410 399
126 70
139 49
54 344
418 394
126 305
386 346
51 225
180 165
496 462
415 254
30 457
449 11
88 163
223 99
350 345
268 485
35 476
320 407
301 441
246 238
437 279
356 484
150 340
302 388
142 498
456 69
80 172
187 257
208 168
366 410
396 58
34 134
41 431
372 354
445 194
473 470
455 382
74 181
69 457
307 376
445 64
236 263
372 378
46 276
38 80
138 264
398 286
217 24
231 439
485 441
264 176
410 458
491 71
380 484
212 61
125 187
303 157
35 213
341 175
108 434
198 380
166 246
271 449
388 236
29 2
30 374
184 145
216 440
276 28
89 96
136 488
497 66
131 439
466 33
319 325
205 74
321 369
170 223
311 444
298 411
285 341
486 328
120 321
349 55
3 248
236 290
208 139
430 233
118 192
17 397
471 289
11 74
297 144
440 181
92 109
302 238
418 229
403 140
47 390
138 104
247 51
42 226
312 455
147 325
222 282
424 16
90 45
42 435
468 388
349 482
73 61
142 151
143 343
86 45
2 191
94 76
303 249
204 136
461 467
249 204
220 35
81 173
460 311
51 475
457 429
342 400
403 382
226 336
234 46
237 312
388 236
485 331
320 43
10 189
245 133
169 112
137 466
129 102
77 450
231 180
432 386
121 425
261 335
233 347
11 495
231 323
154 251
295 216
258 326
460 157
121 3
321 481
435 259
61 450
482 364
250 292
217 414
101 371
70 478
326 187
10 81
185 57
126 16
343 480
489 384
387 155
136 111
222 209
11 71
287 283
427 494
260 37
261 144
474 214
401 183
117 300
210 263
279 302
134 336
220 122
129 123
234 459
168 265
188 456
91 32
378 475
365 18
14 490
56 478
161 489
141 309
72 130
432 351
39 352
326 66
190 259
219 456
73 276
85 239
271 114
89 176
195 1
492 306
136 61
50 48
358 298
280 44
395 430
134 213
131 435
46 461
417 173
450 117
357 342
456 35
63 480
482 46
204 110
172 326
226 341
491 74
118 436
367 271
336 366
301 353
314 468
141 199
317 83
426 91
478 26
6 382
280 42
4 340
18 485
178 176
251 245
181 21
292 369
235 400
254 129
449 388
440 420
4 90
34 257
135 282
164 364
258 493
186 297
134 263
439 204
301 312
333 42
264 335
87 477
458 351
240 341
114 407
350 32
141 470
252 236
100 276
269 268
65 211
474 455
160 199
363 265
160 313
148 48
378 424
275 236
429 336
96 367
399 43
365 446
34 40
316 117
386 486
197 86
393 303
3 171
289 53
219 218
119 449
225 367
455 497
333 0
220 237
132 281
79 119
12 498
115 113
100 180
118 353
157 297
321 12
417 12
230 462
263 136
356 349
346 488
488 311
400 32
313 208
180 33
31 393
358 192
372 498
352 458
108 491
355 9
373 281
243 272
409 103
305 358
346 265
428 3
387 186
247 329
214 53
298 427
471 245
243 156
467 195
38 447
308 75
208 393
166 181
285 303
161 427
44 442
445 7
45 324
153 333
238 292
71 367
464 36
192 42
90 60
7 159
86 128
374 316
497 146
449 392
319 134
76 110
469 215
39 374
59 15
159 45
264 297
333 231
273 229
289 377
389 363
344 148
316 327
474 70
462 314
300 423
386 133
348 229
103 207
74 239
284 14
311 234
465 49
278 496
225 90
306 419
419 114
442 150
220 236
402 416
191 34
167 202
431 429
137 367
106 386
400 63
297 391
292 63
59 114
205 70
341 285
251 11
13 112
348 193
461 233
119 102
157 5
286 286
5 440
327 275
339 111
354 79
143 488
103 146
68 54
191 308
319 261
374 443
488 332
417 74
177 302
159 36
174 334
126 445
221 179
290 453
385 412
400 497
143 380
434 3
311 212
473 478
273 130
314 199
274 261
415 231
119 303
489 74
20 293
472 115
421 93
5 115
464 306
38 405
261 107
171 472
302 72
55 145
196 75
337 369
453 470
125 104
179 72
218 114
230 51
144 42
9 3
309 1
258 473
81 347
171 19
444 252
249 326
401 499
220 446
268 90
195 25
450 394
8 226
277 168
210 90
93 273
126 220
193 254
453 384
256 126
379 477
303 200
51 480
426 204
147 271
149 47
441 342
68 99
267 301
392 345
470 329
401 337
92 96
480 447
73 397
374 88
288 304
285 177
234 339
463 63
110 381
75 112
211 403
205 143
340 330
11 449
286 310
258 413
212 230
128 238
327 137
442 2
32 467
307 79
494 118
499 270
234 457
212 74
69 445
275 417
218 409
71 138
51 5
235 329
419 115
253 215
218 98
66 47
126 102
220 225
347 472
281 71
497 81
378 494
263 66
327 5
143 482
339 398
79 47
162 426
142 498
449 415
462 212
314 15
92 440
265 386
309 291
372 46
392 306
372 250
255 156
490 199
449 250
297 329
255 28
378 460
227 249
461 327
194 42
334 127
13 138
429 99
498 322
480 301
403 242
250 352
403 10
261 240
421 204
84 410
370 177
278 463
142 450
492 240
367 337
475 178
130 233
407 405
58 480
222 388
92 314
176 473
65 348
52 437
348 487
16 489
452 70
20 294
34 94
283 364
43 254
339 259
16 173
153 246
486 426
92 227
52 79
279 269
206 118
105 183
172 406
329 473
267 124
71 201
66 154
260 354
465 461
486 99
345 333
260 491
218 184
263 352
473 271
241 42
225 180
438 198
171 398
374 267
469 290
296 445
152 387
200 408
7 117
303 186
177 205
389 415
119 247
370 4
398 93
125 111
161 475
373 63
183 332
475 100
397 4
243 123
32 49
19 443
481 39
96 322
89 10
257 485
341 208
301 480
443 239
215 426
342 105
289 440
392 25
381 116
240 290
191 124
419 272
163 210
384 400
410 112
449 473
182 19
499 291
30 335
262 443
400 97
38 456
481 189
306 430
72 214
338 398
22 264
326 257
9 37
149 211
36 419
438 99
242 70
406 438
233 124
222 20
476 133
174 112
394 309
23 332
230 467
83 213
322 252
142 409
472 331
102 291
242 9
431 40
330 484
109 337
209 63
48 183
295 37
346 75
407 41
360 221
434 490
94 443
353 108
439 236
28 177
38 41
434 270
107 470
159 264
180 68
251 369
406 80
155 398
439 105
326 415
405 300
95 113
221 499
236 300
478 13
54 116
238 16
486 340
105 345
265 146
367 137
69 16
266 125
230 225
492 58
210 57
22 397
248 305
106 243
256 484
452 84
452 163
3 191
388 439
437 460
449 154
22 156
281 19
96 289
199 364
273 88
485 409
214 295
38 85
70 320
256 147
310 374
65 61
352 165
126 306
312 289
297 427
446 186
327 430
294 42
130 26
435 67
214 467
53 150
322 105
252 475
349 431
492 414
79 267
425 344
485 57
485 237
275 282
212 431
326 103
129 359
426 456
276 65
67 493
98 329
156 241
172 350
264 357
476 16
212 195
253 401
490 197
331 90
21 266
221 396
255 347
156 350
267 33
26 284
465 334
76 124
326 121
478 100
117 442
138 307
208 181
379 243
333 51
169 210
458 354
54 390
240 213
247 62
346 8
194 125
102 311
284 122
75 428
371 114
421 44
225 361
104 482
33 104
167 437
143 202
92 125
191 49
111 184
44 438
415 309
472 239
213 17
446 256
371 288
332 169
30 292
274 58
14 134
423 159
361 181
159 66
116 305
490 350
140 79
241 34
125 55
73 213
470 339
479 371
40 341
485 312
222 422
408 112
271 236
418 331
249 485
290 429
279 217
297 280
167 419
474 390
103 292
483 399
122 73
266 463
127 14
436 252
364 349
85 344
27 487
472 355
284 277
494 263
395 415
334 143
33 414
59 161
412 489
62 42
357 35
49 181
285 336
185 338
34 1
488 123
330 62
191 461
76 115
382 37
33 471
238 217
230 418
407 297
339 142
29 322
3 49
385 79
269 140
141 423
398 303
217 129
442 228
195 408
298 370
194 78
295 331
249 432
229 377
371 157
331 420
469 401
332 186
326 207
482 101
256 467
448 380
108 474
382 391
261 304
382 180
363 455
239 29
406 113
122 468
389 277
30 305
491 210
417 362
315 317
136 399
279 72
46 84
327 240
44 280
313 441
248 426
455 176
141 488
456 213
342 115
420 345
56 373
87 411
80 325
77 403
327 216
153 356
448 225
357 480
273 492
270 170
199 22
10 225
290 192
308 318
16 133
6 80
344 424
249 93
348 424
493 326
35 27
104 498
478 483
328 462
484 104
126 98
176 183
228 488
306 466
99 36
116 174
98 457
403 460
237 348
26 103
131 82
80 413
397 87
49 410
14 77
175 34
69 140
480 351
318 297
185 139
313 269
79 302
114 412
112 482
85 203
285 138
404 68
156 217
128 153
230 57
91 142
135 405
257 161
310 467
106 427
48 496
150 420
184 127
109 116
320 296
286 47
467 457
175 190
343 475
33 303
297 73
331 476
489 284
252 88
367 300
148 358
130 415
43 298
266 314
462 4
403 86
396 249
291 371
198 423
78 487
412 83
60 375
160 243
183 401
201 264
122 402
318 201
351 105
419 213
217 118
56 234
483 121
344 452
375 126
465 42
126 305
181 378
473 186
439 193
309 9
411 141
194 431
388 229
294 46
164 308
42 12
485 220
25 377
355 329
371 400
58 321
199 349
387 239
284 24
33 327
320 93
376 445
26 14
60 265
425 173
185 224
445 319
48 22
351 322
222 403
224 74
424 280
371 275
152 311
138 7
452 185
482 458
473 181
298 361
34 33
110 223
394 71
93 407
229 442
197 296
370 303
436 422
49 294
106 159
19 53
239 96
55 471
152 73
286 380
265 302
25 172
243 227
134 271
213 188
484 215
19 411
185 207
1 307
466 86
140 459
408 485
309 231
156 315
195 313
116 443
115 312
40 493
265 211
251 26
242 478
241 236
295 113
420 278
365 296
108 238
76 357
88 16
331 385
50 96
39 378
190 166
160 7
70 82
109 425
255 321
409 351
316 349
127 204
1 236
326 344
53 461
477 402
287 493
90 160
38 338
356 481
488 228
163 16
293 58
380 272
123 401
102 141
346 439
27 81
278 199
160 353
256 331
325 137
297 395
85 267
248 187
267 442
310 89
147 430
202 456
209 379
21 177
468 311
244 367
66 347
201 22
354 78
67 309
56 31
150 364
403 142
436 398
487 170
101 98
54 487
218 155
333 115
426 239
458 153
1 171
45 376
306 202
363 251
282 373
89 419
413 432
183 492
163 201
300 22
9 116
271 206
322 80
171 456
110 100
123 482
210 463
165 169
420 17
390 380
151 55
339 480
472 65
266 374
397 487
103 418
125 258
338 227
35 299
251 10
344 497
460 375
396 54
71 477
357 168
75 462
442 9
426 415
141 266
254 192
463 38
297 209
288 440
239 487
349 176
173 490
217 193
248 134
111 465
134 171
133 321
330 209
476 427
194 108
152 118
8 300
361 115
55 157
497 2
178 294
137 346
392 351
337 206
172 492
163 449
122 306
367 297
76 452
60 196
166 122
274 212
180 174
184 136
138 235
382 181
27 316
19 371
77 271
263 357
158 249
407 427
76 280
84 127
323 4
127 496
60 341
367 401
389 240
476 51
84 27
195 210
81 464
235 67
424 158
408 499
278 82
214 167
294 206
210 298
294 469
162 189
91 354
95 30
433 480
360 423
133 18
482 407
474 66
224 217
68 250
332 484
4 198
256 398
196 298
120 467
156 342
197 282
312 99
80 144
67 98
116 292
199 52
470 450
19 174
424 46
383 440
490 109
7 387
185 247
214 56
398 157
440 222
174 447
91 104
202 106
398 10
414 170
120 97
123 384
431 492
432 400
9 314
53 422
169 368
276 90
248 235
310 175
122 188
144 484
90 66
76 347
369 340
437 491
227 342
334 413
313 158
324 118
40 174
394 377
468 62
149 171
198 68
256 459
295 172
238 252
451 237
77 167
158 321
163 367
132 237
396 349
467 445
471 72
302 359
421 365
388 122
190 423
234 438
463 298
50 30
119 201
220 2
175 49
416 230
468 190
39 48
345 216
288 358
217 168
33 442
416 491
414 274
64 106
256 148
30 27
81 159
13 2
51 301
32 188
230 319
219 0
68 269
127 64
232 208
151 196
187 117
243 67
26 453
454 308
187 134
293 336
338 268
422 158
198 389
60 454
306 428
49 279
195 374
434 176
225 279
249 85
5 412
366 492
152 383
17 172
8 340
460 163
321 347
88 382
336 372
300 149
280 494
220 350
378 476
255 155
92 103
368 4
349 97
332 86
258 1
193 350
365 266
465 154
36 38
410 54
55 225
71 63
413 335
163 292
299 143
247 419
275 391
341 467
53 124
478 173
375 311
429 171
325 240
279 395
301 214
291 41
104 208
43 362
154 17
13 207
478 453
197 260
79 253
230 38
211 132
295 208
379 87
179 224
471 57
123 310
352 272
480 414
276 456
326 376
435 283
88 339
451 413
18 285
175 30
162 248
308 387
326 309
33 188
97 5
316 5
129 220
486 168
476 110
338 262
397 302
493 273
38 338
475 444
326 56
157 151
38 340
149 465
5 216
221 183
40 102
174 389
409 169
131 160
275 238
40 469
94 24
362 386
182 132
41 338
489 9
349 198
15 379
95 351
386 21
475 168
410 278
447 150
162 171
409 431
252 289
314 450
188 347
331 176
366 370
379 224
274 207
438 81
284 290
163 33
54 170
448 138
140 464
135 247
178 155
444 397
199 283
482 258
287 387
257 313
38 5
213 489
422 312
454 151
37 206
376 117
108 443
407 176
423 100
255 394
143 454
89 52
310 342
229 71
236 449
455 339
328 126
291 20
171 250
456 245
215 60
3 184
360 175
275 262
9 135
441 383
435 152
495 30
101 97
47 224
63 190
316 354
374 243
493 107
205 397
458 301
337 272
447 461
224 49
185 74
457 233
385 478
9 244
194 232
457 462
152 241
447 372
116 321
280 173
70 461
263 485
257 28
490 100
150 56
131 66
151 187
165 440
185 36
269 26
341 379
472 78
302 345
166 271
444 418
232 447
284 14
43 495
447 394
302 385
303 449
488 433
374 454
342 6
32 411
142 463
41 225
71 114
385 344
114 89
36 329
195 346
193 173
419 90
327 493
442 221
7 130
436 283
289 381
144 279
242 173
399 286
252 136
332 322
411 137
318 298
497 300
473 13
456 190
183 244
465 283
414 478
113 472
205 350
481 402
427 201
487 224
212 326
0 239
228 396
194 412
212 398
264 191
382 37
281 220
3 417
247 98
423 269
472 360
114 128
182 453
29 42
220 169
261 241
137 221
133 489
240 332
375 345
234 4
76 257
27 15
113 79
201 126
487 36
17 173
126 101
143 199
220 156
397 216
437 481
323 387
219 422
119 63
419 94
204 353
368 495
74 83
209 333
222 275
448 196
150 91
142 427
83 145
361 362
344 480
219 150
72 19
82 438
385 191
44 1
348 441
24 264
450 422
50 85
134 172
263 350
277 284
281 405
119 360
193 143
293 315
334 412
203 366
409 268
121 440
381 454
70 469
244 257
194 20
44 146
496 328
112 307
64 126
338 394
389 36
351 383
148 34
252 186
306 351
143 162
468 428
249 376
485 38
59 493
139 179
8 455
263 488
114 472
218 179
215 452
336 107
494 419
457 336
39 246
408 263
43 182
58 376
267 293
138 395
74 178
133 278
266 82
407 248
280 380
184 125
85 347
266 372
208 79
325 75
339 247
281 86
314 234
379 191
86 81
111 18
296 161
95 97
345 62
294 2
480 477
325 330
55 65
496 443
19 263
363 321
259 210
444 144
188 74
7 324
342 274
287 471
68 490
404 235
89 413
391 198
380 69
486 68
11 435
51 482
304 30
240 414
410 63
489 185
361 450
225 497
468 203
45 364
99 388
301 449
147 189
110 44
112 379
315 97
79 476
6 366
132 235
151 247
284 394
345 140
489 497
52 422
286 309
197 97
46 238
427 351
395 45
424 389
486 360
336 91
457 66
301 194
293 441
336 452
445 77
426 33
455 434
244 478
75 241
331 293
144 121
166 258
148 392
252 443
34 486
52 440
134 344
285 206
10 428
357 473
6 455
242 284
114 461
55 338
131 190
163 386
497 276
168 182
125 497
483 272
64 11
355 388
446 198
478 141
466 456
264 188
324 473
434 6
196 438
480 341
228 327
455 144
326 77
74 123
247 303
314 409
149 311
362 22
15 95
404 192
232 481
454 168
26 56
495 241
82 222
401 327
471 162
91 357
332 149
304 17
427 80
243 119
493 428
24 105
150 8
489 428
448 382
439 444
37 474
48 286
113 119
134 449
158 437
86 77
95 491
423 391
362 374
302 166
272 355
215 326
106 422
304 204
148 54
380 95
233 37
9 280
82 347
136 143
72 240
231 222
465 167
41 154
173 179
386 196
22 445
219 101
306 481
387 375
323 306
344 120
400 56
255 353
348 334
75 391
466 420
440 158
165 431
463 481
177 338
135 201
303 52
385 206
433 461
119 272
244 256
313 315
168 145
479 420
312 368
141 406
65 278
61 81
414 82
420 376
78 92
496 407
113 233
194 381
5 46
303 313
129 250
247 468
388 149
370 78
485 52
182 11
444 402
484 96
472 358
450 256
163 402
135 298
31 128
174 181
347 37
287 329
297 328
329 386
464 38
442 199
62 301
203 125
73 6
365 39
147 397
300 167
466 310
438 287
469 497
386 465
294 168
496 173
411 444
482 325
377 376
177 424
401 439
298 233
124 474
372 163
330 272
434 24
163 148
498 225
190 132
152 384
410 336
280 148
326 321
197 114
391 55
494 227
460 292
119 292
307 436
208 343
219 490
138 495
220 382
367 136
21 262
98 19
20 431
252 379
493 198
253 302
381 384
29 99
244 341
129 148
343 51
41 338
333 62
444 32
20 405
167 163
183 41
324 265
496 55
253 429
83 342
226 6
457 464
157 107
107 201
105 286
124 450
364 498
30 309
214 161
324 51
444 233
499 359
414 121
50 347
189 19
377 133
97 268
375 335
388 254
392 335
137 493
492 17
178 2
15 374
277 245
478 191
51 74
195 477
177 317
337 97
82 366
134 66
401 179
285 362
197 290
283 177
46 334
188 127
354 77
322 203
395 131
205 300
130 298
115 252
349 307
25 304
371 431
462 12
374 272
414 99
129 423
257 50
29 175
252 298
1 383
15 426
227 248
46 72
177 209
368 162
318 26
310 393
405 189
314 124
224 279
54 228
130 353
380 164
462 160
43 485
411 463
64 410
335 490
199 110
272 12
390 67
461 443
132 200
325 218
350 298
27 401
254 404
68 9
169 134
119 30
346 213
475 383
373 410
20 310
322 73
492 145
88 213
265 305
24 72
371 442
343 374
278 250
259 449
84 347
229 281
346 55
290 427
337 321
484 164
89 210
207 306
371 81
387 147
71 489
431 263
137 442
44 127
76 415
114 156
437 12
420 196
123 283
456 210
374 313
375 440
99 463
397 82
81 322
311 136
399 152
447 95
222 36
303 491
147 150
163 418
466 436
71 83
293 89
254 28
320 168
483 129
211 271
94 380
368 292
297 257
352 267
303 244
235 426
77 107
377 235
171 92
175 343
284 95
123 320
340 39
168 295
67 176
408 232
376 161
270 277
44 173
417 123
401 348
307 153
240 330
422 184
379 411
6 449
122 15
54 481
129 462
490 75
159 196
209 399
176 35
209 479
454 220
68 478
483 208
38 227
263 223
487 313
114 142
10 345
327 88
403 416
491 308
4 393
292 2
38 65
396 468
189 99
77 203
411 109
337 413
136 301
466 100
95 123
469 81
21 105
21 148
456 424
318 365
367 312
229 110
431 257
208 125
328 120
81 286
199 91
393 270
223 187
311 359
292 170
127 132
280 314
238 148
365 88
400 56
19 85
194 129
254 450
422 403
41 435
26 3
126 92
279 419
131 349
19 442
74 423
237 146
146 206
294 476
384 364
301 194
175 403
205 495
398 282
217 127
483 291
383 95
367 461
310 163
457 498
273 181
179 32
238 11
339 177
393 385
431 75
331 194
190 107
389 36
16 440
232 458
405 351
312 115
130 124
474 474
7 88
472 248
111 186
215 62
447 450
25 109
303 231
338 356
245 345
138 79
389 261
464 370
337 294
419 276
102 320
260 393
493 109
147 232
146 104
406 362
471 446
177 432
140 127
324 15
446 237
498 462
184 335
481 462
90 22
194 252
146 192
301 454
38 491
96 448
163 184
130 2
286 134
113 159
26 279
16 438
400 472
159 367
181 85
459 141
393 124
316 153
107 391
383 470
270 497
181 331
185 433
420 164
323 472
103 385
323 202
174 119
338 76
13 186
327 20
144 324
477 72
464 312
134 436
433 199
30 405
190 466
482 215
39 462
348 158
360 142
114 23
99 386
72 304
176 464
288 399
472 172
485 117
405 288
487 471
376 190
157 369
436 419
381 139
297 476
470 81
105 157
396 436
241 56
21 468
220 417
90 161
279 44
332 427
398 36
227 171
40 127
46 384
375 476
304 279
361 25
34 275
63 318
374 430
399 304
74 247
409 471
15 164
91 40
76 199
222 341
468 303
39 262
90 366
146 415
440 247
22 359
29 474
257 85
242 403
3 8
479 316
332 412
304 346
397 423
116 380
184 119
381 85
451 75
490 323
70 449
308 282
109 444
382 337
93 218
226 124
292 96
360 205
403 124
399 164
44 300
419 15
100 80
8 152
327 404
353 350
133 250
194 14
203 94
312 428
404 296
244 390
447 196
172 104
120 350
2 71
87 17
449 421
425 39
295 457
308 252
2 149
163 293
239 49
477 366
15 403
293 234
430 259
216 240
442 103
26 188
205 444
217 113
5 155
464 494
246 300
301 272
65 101
2 316
35 156
59 331
65 50
161 352
92 348
303 229
418 386
330 329
295 123
130 399
393 152
452 95
219 492
445 106
422 137
293 447
130 457
7 353
205 48
396 21
250 150
36 199
380 168
144 219
118 175
327 274
221 364
356 132
238 441
430 301
100 160
470 223
76 230
278 477
350 134
136 26
225 101
269 24
95 458
133 265
40 214
78 313
297 113
406 286
87 387
399 336
412 187
269 369
199 340
474 48
74 49
150 462
487 152
110 272
37 82
148 95
260 429
43 78
364 409
296 301
138 303
342 196
65 50
242 112
12 264
166 217
31 438
90 316
88 370
305 52
0 126
407 453
384 260
22 450
252 100
256 318
366 242
144 98
62 284
400 386
455 74
13 66
383 487
209 103
8 323
301 14
320 8
120 209
11 204
156 142
461 115
357 412
363 327
463 353
92 425
0 364
430 47
386 13
468 313
137 96
110 476
336 290
499 430
486 457
99 11
478 495
259 412
92 188
41 122
48 55
419 133
33 400
265 350
15 419
367 85
414 4
295 330
260 250
59 146
9 99
94 159
423 488
176 353
476 15
423 69
203 376
128 194
396 88
359 393
330 412
268 227
57 244
347 415
414 169
268 406
417 423
411 214
68 341
208 439
9 396
124 131
326 64
152 252
497 222
486 363
90 327
424 107
22 499
169 271
177 436
212 289
4 95
288 475
415 72
320 496
480 276
192 444
196 158
232 344
59 45
224 219
178 150
149 148
419 52
341 170
460 449
44 53
28 316
388 332
180 295
423 208
4 160
170 115
311 200
97 403
474 371
21 321
470 152
204 22
45 241
190 397
450 357
173 234
418 331
478 61
121 451
463 402
17 125
177 134
37 329
200 126
447 363
15 73
447 269
11 71
469 492
349 201
288 271
102 374
287 58
9 81
335 408
385 325
459 352
181 414
40 348
211 233
306 488
109 78
1 106
450 120
174 322
94 300
26 462
372 48
481 314
222 382
207 316
21 460
374 18
366 202
288 267
107 429
359 446
52 216
337 360
35 3
155 363
325 481
381 181
347 197
431 363
31 70
382 490
8 404
459 108
375 226
7 247
193 482
51 366
79 98
453 240
103 114
95 460
493 280
477 476
191 341
263 261
251 75
479 145
105 260
338 438
37 481
315 346
212 83
181 218
458 291
257 486
298 61
341 352
181 291
484 171
432 372
299 247
244 35
147 279
69 350
183 486
332 107
190 350
69 396
40 223
61 27
441 297
2 359
150 134
305 183
55 135
234 89
125 355
486 479
181 272
258 55
14 364
66 442
191 56
279 135
15 83
380 192
51 308
442 382
65 54
41 100
189 473
180 275
106 166
439 166
73 139
355 49
344 88
144 422
57 387
470 276
468 424
232 350
85 372
426 27
127 2
327 467
94 168
335 7
25 201
192 274
175 451
391 48
470 19
406 387
163 379
304 228
79 484
356 388
415 16
370 282
101 42
63 198
57 195
248 398
24 83
34 441
489 199
71 277
164 311
190 329
58 328
164 346
235 489
357 20
154 2
397 227
425 255
302 460
358 483
418 403
344 382
433 304
81 185
496 356
186 245
425 186
385 96
85 441
461 472
474 442
21 467
74 223
183 447
282 377
280 393
127 52
208 476
161 61
269 141
238 157
195 455
403 164
105 80
52 488
282 419
386 379
102 304
103 313
190 286
31 237
141 322
298 159
72 349
490 311
468 341
149 80
244 15
448 52
393 202
473 0
379 27
183 211
24 334
472 138
375 66
388 3
162 368
69 38
349 86
280 411
492 169
37 281
333 88
290 485
337 78
106 115
327 217
403 289
428 351
270 375
378 155
24 158
49 393
331 93
357 398
420 111
392 349
437 457
442 78
156 80
195 279
348 262
52 22
226 251
478 332
487 348
6 357
250 363
309 407
306 81
45 166
367 78
35 437
15 304
384 329
460 24
286 432
306 161
264 190
374 384
232 243
100 214
77 91
498 202
135 238
256 304
234 180
470 123
280 121
302 337
361 16
448 263
276 0
42 255
139 40
283 417
483 372
315 235
289 412
151 313
470 277
457 259
235 204
326 279
469 15
31 128
243 182
182 480
87 19
412 77
346 78
302 195
283 329
241 117
431 424
201 244
4 401
105 11
142 239
254 283
264 111
294 137
469 7
379 328
405 56
487 291
338 103
432 289
407 473
398 174
418 190
91 99
462 422
13 48
184 105
216 119
257 448
455 362
191 78
487 186
477 448
52 474
115 316
289 484
10 374
64 39
139 429
203 7
56 101
58 69
188 240
188 275
137 297
376 495
182 180
129 215
189 11
327 33
17 304
31 469
8 380
309 95
103 499
453 364
433 159
251 11
138 122
271 291
138 128
308 147
362 320
332 289
322 403
60 11
480 192
72 91
186 341
340 233
97 141
152 293
305 31
5 403
194 443
71 276
276 333
5 232
21 490
394 189
53 196
240 454
397 33
374 312
397 83
77 67
360 494
377 229
133 17
461 234
363 179
364 384
468 139
129 222
411 490
38 375
181 464
350 278
442 78
14 76
143 339
333 91
320 356
373 63
149 453
485 186
423 12
151 201
423 391
233 133
8 187
3 271
49 190
268 353
282 491
330 134
225 277
133 16
431 46
351 7
193 80
93 336
38 468
360 96
229 313
0 93
365 90
280 4
209 266
258 400
35 343
121 440
308 112
158 254
113 239
172 10
198 159
127 117
213 88
402 487
433 295
385 254
110 298
64 17
269 172
15 174
467 156
269 488
243 127
219 427
289 208
367 391
8 488
428 347
334 221
368 182
437 267
417 253
122 399
71 334
360 392
48 439
427 179
307 317
97 22
231 26
417 386
226 450
297 277
350 155
337 484
103 219
324 126
378 21
207 447
339 301
240 67
247 387
57 20
394 406
432 154
40 125
428 201
478 267
274 225
209 180
399 463
442 313
186 224
23 320
121 393
312 362
101 214
86 411
317 158
312 480
458 249
302 205
472 386
463 280
313 246
61 25
338 212
288 3
323 376
269 311
25 297
363 433
345 127
137 449
281 162
264 450
155 239
477 66
199 479
77 441
466 12
76 138
142 156
32 217
380 317
114 153
438 406
385 477
278 283
298 22
324 60
299 62
480 331
310 129
70 179
43 239
230 388
396 472
189 372
41 428
433 69
327 8
485 371
7 212
87 116
176 305
219 411
243 327
456 199
231 405
145 26
266 126
98 375
99 162
442 139
61 492
0 227
451 388
453 338
454 458
115 40
303 130
457 334
385 398
304 414
292 468
447 301
28 411
73 397
37 127
119 368
95 98
338 472
310 46
356 143
35 264
394 471
157 339
237 203
469 395
215 393
194 114
25 162
60 222
201 450
318 449
47 173
145 414
312 237
381 455
71 169
492 416
107 317
20 150
397 345
90 490
456 112
275 285
359 333
283 187
136 413
438 454
368 35
272 435
242 32
201 5
422 313
130 194
196 29
226 150
492 93
205 317
454 300
133 332
19 165
430 417
371 7
42 368
303 91
123 167
24 45
210 177
371 446
328 340
343 419
12 406
75 187
488 217
402 29
47 473
242 421
281 477
198 465
56 175
342 1
399 32
209 219
165 109
450 432
351 345
252 145
332 215
432 327
209 172
146 186
460 108
85 388
354 241
416 283
137 262
146 111
330 36
497 207
139 347
45 447
444 342
57 297
476 129
301 342
28 37
145 299
188 488
81 83
218 394
8 498
461 355
243 155
362 143
490 241
40 354
196 35
184 485
114 106
300 13
50 267
67 180
21 48
131 107
353 102
452 201
409 361
16 413
56 152
245 231
85 399
434 286
123 133
91 471
484 89
208 391
424 386
434 275
234 445
47 417
119 87
301 352
117 28
32 169
400 26
425 278
416 337
471 211
182 391
332 414
306 18
405 40
168 82
27 339
257 402
342 426
278 228
108 143
164 248
274 140
270 65
254 199
262 38
281 77
492 297
315 113
6 150
232 220
412 26
280 259
37 21
249 122
117 168
416 357
349 282
199 190
241 472
10 305
383 3
300 144
109 375
377 468
188 115
141 109
220 100
473 422
396 109
277 222
431 366
0 193
235 281
253 51
356 328
184 115
259 239
466 336
304 369
336 343
304 345
297 330
104 24
134 271
493 0
366 263
309 425
58 218
269 44
225 163
278 126
217 409
245 390
111 184
379 402
247 299
129 184
60 44
315 233
86 46
310 161
438 304
23 119
15 496
159 292
418 240
1 289
31 488
172 99
1 142
294 403
87 248
144 423
157 0
46 460
473 95
399 356
327 411
259 422
215 343
435 270
59 485
325 437
36 443
437 497
253 389
137 231
155 340
340 133
93 164
259 239
95 418
329 158
81 275
470 88
358 148
485 405
194 270
213 311
160 82
471 150
382 413
106 460
94 389
53 298
37 39
458 164
322 485
260 139
80 255
255 230
487 290
412 241
404 34
468 125
128 64
330 440
252 362
103 436
234 198
90 156
172 124
109 400
39 494
102 221
303 471
262 209
450 290
176 174
152 206
123 145
437 132
346 453
241 189
240 449
457 327
451 330
230 129
475 412
133 121
93 429
139 436
79 207
233 441
148 107
252 237
369 123
76 189
231 67
16 169
496 323
153 325
454 300
212 235
208 282
211 346
134 153
212 202
144 65
173 446
183 144
267 425
467 405
472 195
364 198
21 341
166 212
12 26
113 121
255 225
423 321
327 466
21 57
123 39
485 165
309 148
73 21
426 76
271 40
90 250
91 487
199 463
341 258
231 212
289 454
128 486
304 212
269 455
494 325
490 244
392 480
353 151
79 318
210 279
29 202
189 153
468 473
231 241
305 310
264 462
300 94
306 244
199 104
282 427
24 194
26 272
276 268
438 379
10 355
58 149
154 391
364 99
340 122
432 447
409 145
239 49
293 209
166 397
325 493
39 448
72 201
469 417
148 348
56 408
409 158
401 114
213 63
185 118
65 54
51 470
19 327
388 143
40 164
157 54
354 217
418 48
465 427
127 388
148 113
123 183
149 57
120 25
495 363
269 157
127 60
387 320
463 498
163 128
182 356
73 172
221 389
168 492
232 38
4 295
331 380
289 127
4 480
195 261
418 499
412 464
137 398
396 299
279 100
456 411
84 462
203 382
374 157
195 371
166 458
190 51
179 349
330 479
240 35
35 377
342 10
408 447
98 479
431 157
68 378
192 240
122 4
161 395
118 348
158 209
260 136
486 348
179 291
327 168
45 271
281 214
13 387
218 42
199 463
193 2
94 119
124 237
484 216
416 137
198 102
239 426
274 459
102 225
393 305
76 429
495 290
30 357
399 8
324 100
102 450
70 17
255 196
264 46
183 239
194 32
458 234
45 433
158 84
389 147
429 403
193 465
175 424
285 75
176 74
377 461
478 278
327 447
345 85
177 91
476 380
114 371
156 434
19 159
307 314
69 260
226 236
12 114
190 253
327 149
110 366
496 204
3 441
378 323
267 348
229 55
278 243
29 343
355 434
100 400
161 162
250 169
136 239
492 114
264 326
44 171
228 226
167 392
216 231
432 46
453 335
78 13
208 84
18 107
8 63
225 471
140 21
260 327
442 128
306 104
275 58
136 350
243 355
87 156
202 311
146 371
384 7
91 76
183 92
156 462
433 43
416 233
61 425
54 28
132 355
265 360
63 260
115 401
409 158
469 54
277 111
471 115
43 161
106 414
376 78
474 114
347 161
87 390
419 260
467 493
205 403
15 84
338 268
426 483
37 247
211 247
214 167
328 182
96 257
336 286
400 325
486 310
200 100
212 425
418 471
227 180
116 124
244 242
225 454
202 23
270 115
282 413
447 485
94 462
249 395
220 430
92 1
101 59
484 145
116 166
346 255
379 195
438 314
269 123
498 15
482 471
236 269
106 264
79 35
430 200
483 180
181 3
414 75
72 135
301 398
153 41
236 499
313 384
360 26
42 82
405 358
479 24
141 493
28 85
138 220
400 311
166 121
48 433
68 80
478 473
14 369
220 484
368 250
277 34
468 80
439 171
195 226
219 418
356 188
260 100
263 494
467 160
446 429
9 367
340 14
236 339
323 354
457 456
342 44
124 234
257 163
389 415
186 304
493 460
60 42
388 253
266 323
104 355
74 212
78 113
453 267
473 314
123 128
24 430
16 317
480 149
416 273
78 369
182 102
496 71
176 242
418 384
91 442
6 22
488 166
285 85
251 293
421 258
189 374
44 446
447 205
331 24
246 215
318 409
332 428
22 166
51 360
155 292
167 494
12 161
98 155
448 297
56 350
76 221
19 245
302 120
497 466
34 485
246 243
171 352
370 78
291 45
338 421
268 446
459 5
12 280
78 58
408 312
385 134
231 484
457 405
223 385
371 454
197 257
461 117
48 220
117 332
105 339
137 455
312 373
154 96
154 176
488 232
218 414
251 374
279 301
186 208
14 354
112 409
27 63
283 425
257 427
118 252
208 363
88 255
351 372
49 242
326 358
272 389
263 396
197 23
83 394
249 236
145 97
160 213
138 24
451 295
48 248
463 69
176 108
332 51
146 28
238 381
271 324
221 10
386 386
281 418
154 321
419 382
447 152
176 431
79 437
185 480
401 127
87 148
52 78
458 419
301 198
374 48
58 424
310 95
366 296
118 443
177 372
24 389
320 124
414 53
385 399
378 99
100 286
216 465
237 4
54 26
74 38
314 428
24 485
281 476
272 390
262 251
140 449
426 139
192 461
212 340
291 77
215 91
408 243
247 284
310 145
35 301
82 237
222 201
178 106
348 355
107 450
251 462
453 247
60 177
369 145
74 273
216 13
256 290
426 124
122 356
9 236
473 9
211 91
49 47
403 389
191 249
64 10
257 442
472 17
163 318
443 193
206 89
231 159
135 315
23 157
246 109
119 32
476 71
119 330
219 377
127 374
384 262
204 191
208 493
163 28
74 223
165 106
117 132
447 396
406 105
214 322
355 152
75 333
163 183
60 194
68 234
348 187
230 304
298 405
433 291
14 461
420 7
140 31
280 37
142 439
262 186
190 209
42 469
152 265
312 58
144 212
252 232
37 493
398 482
273 187
0 331
191 140
23 272
162 183
474 303
489 304
13 236
57 31
297 408
466 61
126 109
193 110
103 378
212 82
269 1
185 338
330 122
394 228
411 353
157 56
213 385
474 498
30 78
486 383
445 179
288 304
267 423
153 333
416 222
224 217
55 185
159 261
489 237
91 406
462 252
489 100
450 27
106 315
199 480
159 444
101 496
271 299
133 368
90 424
141 401
86 166
427 49
286 98
4 268
372 229
329 318
346 362
29 280
112 304
248 228
76 272
423 201
69 347
271 408
309 12
178 265
314 248
346 458
78 100
182 202
20 451
165 11
143 366
170 194
275 256
380 271
472 203
51 155
64 394
406 174
291 225
473 436
246 105
58 171
373 325
128 240
103 394
112 145
191 99
355 135
258 466
22 87
94 82
476 425
99 10
236 234
23 243
348 209
233 269
446 258
350 106
352 426
71 454
53 465
452 263
81 260
199 210
144 103
28 293
304 121
207 480
75 392
101 82
204 423
34 334
293 150
429 384
190 145
462 0
115 95
355 266
328 49
4 406
52 473
446 385
217 356
248 153
88 292
67 201
388 292
442 101
338 181
178 371
224 28
124 493
259 191
92 331
238 440
413 97
334 142
350 359
364 403
195 98
151 452
244 262
216 391
424 39
262 406
286 103
448 338
30 410
94 59
499 474
423 184
326 412
271 257
160 176
126 488
440 207
322 129
21 185
76 390
296 445
400 338
177 82
345 348
260 59
385 439
475 259
24 309
418 301
329 147
135 431
138 455
84 76
113 460
350 105
403 189
379 498
81 303
4 408
319 278
69 264
375 205
14 44
345 399
399 284
215 174
481 34
462 354
166 65
23 427
116 369
367 426
229 348
256 300
78 85
349 76
133 147
43 225
476 499
283 388
414 227
262 499
353 247
165 76
4 371
240 40
466 472
320 108
260 47
133 429
5 191
338 334
411 490
489 382
122 240
467 272
123 389
488 81
158 328
200 153
193 14
486 440
400 11
411 159
88 161
352 44
230 445
435 42
276 142
382 276
400 251
492 349
431 24
352 332
486 441
307 52
345 31
43 293
304 245
258 306
350 392
189 462
5 432
74 476
252 133
236 456
158 153
177 228
413 441
382 381
434 399
282 41
334 279
376 177
483 491
383 135
449 185
118 425
401 306
440 192
1 154
159 28
109 159
452 188
69 22
421 186
227 3
134 55
233 413
404 363
350 216
254 140
65 299
106 372
416 466
472 398
426 417
428 131
171 35
57 380
66 241
96 330
386 293
59 83
446 119
187 463
103 296
95 441
165 168
487 53
451 82
499 459
443 378
413 280
160 114
355 323
153 79
224 304
387 39
10 283
247 333
481 198
491 350
371 428
482 157
239 358
169 285
163 90
222 112
227 429
252 383
314 434
238 405
297 38
174 125
310 307
5 273
475 291
220 349
6 346
56 54
339 97
39 226
338 355
284 262
497 417
204 388
145 311
201 294
420 442
250 227
0 82
226 107
456 476
322 298
352 314
263 379
457 43
398 155
417 295
65 34
422 266
429 269
63 68
362 482
210 335
418 112
72 210
38 496
294 380
195 213
444 498
41 310
465 401
196 440
326 234
0 113
382 101
21 281
264 446
133 383
348 474
36 51
47 420
300 427
140 193
191 347
158 84
337 233
25 475
210 385
499 351
452 62
344 381
179 473
209 460
434 313
216 57
477 322
101 116
309 129
477 241
177 1
86 487
462 14
400 111
314 24
87 399
132 267
92 283
243 312
477 301
358 29
203 193
309 187
317 305
46 119
472 146
485 76
90 58
169 299
324 342
93 483
102 263
46 78
390 47
348 289
170 219
412 59
98 373
178 222
193 267
413 77
153 165
223 250
50 95
438 244
79 374
137 383
461 34
81 35
176 203
422 281
340 346
219 335
409 439
206 398
327 102
267 472
74 480
75 490
86 124
350 365
249 165
199 339
374 62
266 280
62 50
396 40
375 254
45 468
218 136
238 104
428 45
377 5
347 2
127 304
170 433
99 477
169 271
333 150
431 43
446 451
492 345
99 194
162 219
356 497
101 232
277 446
452 29
31 6
311 151
85 10
340 481
104 36
186 9
404 289
93 469
314 350
397 437
156 266
115 59
144 364
311 216
97 273
280 115
266 128
491 91
424 203
91 331
340 380
21 130
99 244
447 114
51 266
384 344
255 60
276 499
67 399
173 439
54 164
144 305
248 173
228 135
318 24
404 320
450 158
255 425
40 401
19 202
46 443
355 403
254 301
53 132
71 321
485 78
383 126
151 482
469 131
155 379
199 288
446 411
336 1
403 53
255 228
24 422
178 153
307 379
363 432
254 212
290 435
413 91
425 173
156 64
443 395
183 163
74 495
496 481
35 262
343 251
26 142
148 219
98 204
488 307
19 314
249 94
38 309
334 14
78 463
210 342
5 373
220 393
227 431
45 69
320 262
256 388
459 198
254 256
63 58
224 243
189 82
243 473
487 227
43 77
271 417
290 253
499 276
59 11
432 226
340 105
493 252
303 96
353 453
363 57
152 268
203 87
412 194
273 446
376 251
168 316
422 147
276 310
173 421
147 335
440 105
210 487
435 286
91 13
422 140
409 306
393 427
121 112
410 157
408 246
63 286
286 428
238 485
258 62
397 412
369 405
244 190
476 79
444 31
172 67
373 367
146 81
45 118
127 119
365 455
94 35
315 428
265 232
294 53
317 375
132 43
85 187
266 376
408 61
480 211
430 432
365 205
323 76
47 410
217 450
337 412
193 163
395 152
58 458
186 41
437 375
414 318
47 22
436 33
244 455
239 416
122 26
454 104
14 297
100 1
413 83
99 289
294 106
417 494
388 352
79 103
273 325
199 494
379 320
127 135
52 123
1 366
470 26
175 307
160 336
420 275
65 73
32 19
365 211
415 301
256 253
430 494
340 29
350 130
265 219
194 477
196 169
47 47
354 166
3 223
498 366
440 275
146 415
478 324
477 11
117 393
240 233
114 399
381 432
152 316
146 499
168 198
98 342
8 68
291 304
171 363
138 141
409 463
139 136
148 387
281 116
201 117
368 21
305 315
484 250
249 309
8 130
472 269
337 458
262 332
48 480
122 285
248 186
323 383
122 239
355 323
292 403
276 408
76 160
410 82
391 60
190 159
281 251
61 14
198 118
451 176
461 246
285 425
308 62
301 460
283 430
186 157
417 427
87 314
396 493
53 350
361 140
243 95
461 142
113 305
481 160
406 64
489 442
4 43
3 149
79 158
167 286
65 265
80 84
78 5
355 328
320 131
79 216
211 64
221 40
200 176
240 202
496 459
2 81
230 353
11 6
144 309
427 178
262 62
67 359
39 192
176 422
490 360
276 255
295 53
229 497
51 348
159 469
50 47
252 161
19 280
442 263
293 16
78 369
80 408
100 145
419 119
331 276
31 261
315 459
308 179
27 44
14 359
259 186
199 416
49 11
127 71
439 491
212 420
328 17
14 144
115 281
57 285
46 299
258 441
120 361
406 67
278 499
37 272
40 37
49 88
159 89
432 176
448 450
467 144
140 129
410 333
118 256
55 319
112 165
378 313
232 84
435 284
408 11
48 324
413 449
390 449
477 424
375 323
319 426
407 194
28 312
68 169
340 498
15 123
288 453
37 394
30 21
384 325
149 439
240 284
234 62
339 130
305 211
489 66
260 477
289 396
65 140
139 357
332 258
211 154
400 472
345 100
425 431
370 229
14 427
341 110
92 248
311 180
246 250
79 301
49 7
499 368
77 467
225 138
145 261
233 288
388 45
476 79
160 166
93 198
160 26
126 434
467 105
355 438
91 213
72 434
154 140
459 72
62 231
344 184
472 59
457 77
8 213
379 285
484 21
47 324
110 496
101 174
112 77
143 308
242 55
195 215
139 248
331 7
191 54
465 175
105 16
229 422
208 113
134 460
284 44
40 182
208 394
324 494
302 320
227 467
34 397
145 422
281 26
432 477
4 473
341 397
172 109
75 70
30 232
128 61
95 166
412 168
162 303
475 88
55 317
214 202
477 442
468 359
188 258
231 252
149 45
154 424
494 173
405 81
143 376
394 33
54 238
42 307
395 68
385 17
220 303
245 99
311 197
455 65
317 351
396 39
463 318
492 403
484 310
186 249
135 127
366 81
240 189
257 260
277 487
290 495
446 349
46 387
304 257
461 354
245 473
144 357
112 208
370 488
237 97
76 57
490 372
413 294
54 82
69 23
18 332
33 212
451 464
74 80
286 108
81 35
244 31
91 77
65 209
306 462
371 155
379 382
177 213
295 293
316 83
267 216
280 186
2 301
233 232
340 428
315 19
50 273
351 60
121 493
455 268
423 427
161 178
391 303
448 190
274 38
107 116
302 393
194 387
119 156
85 427
446 311
437 400
312 348
342 140
408 433
212 149
328 184
339 374
416 219
110 287
403 42
436 217
104 57
213 130
410 76
239 150
51 356
57 176
168 215
149 399
48 429
113 361
87 376
448 304
443 4
398 410
127 198
255 334
317 83
159 320
471 227
435 399
427 374
89 492
243 448
377 238
452 144
20 342
498 39
395 320
230 441
139 146
480 209
293 246
66 149
228 304
55 389
263 16
360 483
283 353
443 104
100 160
354 395
287 472
293 352
293 34
180 375
85 284
30 13
162 230
34 96
486 243
259 90
425 101
306 471
427 208
220 250
497 27
0 426
130 136
171 293
20 423
59 203
216 457
187 89
185 231
326 74
16 23
477 437
408 441
1 283
385 336
363 73
351 235
371 363
8 481
256 394
98 381
338 315
404 166
249 378
452 441
317 75
12 320
261 294
429 421
109 114
39 315
50 472
188 390
371 273
168 196
77 479
294 118
284 268
146 50
491 386
461 450
270 160
306 474
247 383
349 236
403 356
180 388
278 305
430 368
417 1
480 450
68 346
114 126
176 205
91 260
62 19
32 52
378 184
67 338
426 477
333 416
304 181
338 366
234 434
287 269
219 151
498 119
245 140
345 464
77 273
145 288
192 139
324 177
367 71
48 243
160 294
327 234
100 316
103 166
435 186
190 390
362 6
146 188
4 459
233 491
279 81
221 230
407 472
395 397
140 126
420 295
381 152
469 248
266 333
20 424
166 201
207 210
250 28
488 354
197 254
336 73
303 329
153 409
158 62
188 400
195 298
303 461
61 429
262 124
48 327
28 282
344 214
95 87
293 94
201 83
8 343
172 389
298 311
225 177
77 308
458 413
226 124
53 261
385 287
114 316
450 433
0 494
434 295
241 95
30 227
70 442
331 38
201 94
271 481
289 426
191 200
325 248
361 418
205 230
398 247
32 172
166 349
496 32
127 100
180 237
32 9
47 250
345 363
197 248
26 468
169 338
438 218
488 346
76 300
399 45
217 475
176 431
464 384
336 172
261 443
453 16
119 293
9 352
453 316
284 206
396 479
49 305
151 335
487 389
435 80
55 386
317 152
388 83
255 133
429 225
241 16
310 234
438 212
28 171
377 391
223 313
470 125
460 124
14 474
54 299
185 449
101 461
44 355
340 490
67 151
167 269
355 160
373 329
0 294
185 401
66 229
355 408
385 37
11 167
319 399
348 417
378 4
211 301
143 274
425 52
321 62
223 444
274 177
471 448
349 126
208 8
269 268
157 415
434 154
405 20
437 253
258 253
406 167
441 469
21 402
464 218
162 195
224 187
135 288
415 195
55 337
105 123
38 324
330 262
282 472
78 235
340 71
238 336
157 247
149 31
249 31
78 465
153 411
200 302
349 140
329 467
442 404
81 286
400 332
156 411
499 34
105 234
422 339
438 195
226 432
463 439
405 327
91 41
195 410
402 143
110 44
448 232
18 404
236 381
293 271
305 392
127 292
483 411
458 401
333 422
361 185
364 148
41 266
28 455
450 236
280 431
163 412
316 81
462 33
304 52
297 255
399 110
373 276
177 383
157 331
368 363
11 18
137 85
392 53
289 165
96 343
255 70
151 111
497 424
328 113
221 301
263 125
253 472
207 488
172 283
146 364
235 392
477 157
62 372
389 370
213 352
274 338
449 320
244 277
390 298
452 425
402 463
436 215
56 156
439 495
360 228
120 85
94 95
319 98
320 157
9 60
398 385
205 135
412 200
350 302
79 154
118 302
18 481
137 406
401 426
154 76
13 113
60 126
76 460
117 231
292 396
281 478
113 42
94 339
493 377
31 445
247 72
53 1
407 117
43 191
119 161
274 49
176 485
445 187
418 252
149 414
244 210
105 282
121 209
86 199
496 114
186 117
119 244
361 240
283 378
391 257
306 402
239 18
205 334
87 184
450 123
186 88
370 194
403 143
342 492
458 489
459 191
435 145
237 430
308 148
257 20
274 200
70 64
398 14
50 275
398 337
425 1
47 436
79 148
492 451
292 274
465 450
447 251
33 252
400 184
56 342
394 10
74 331
197 464
91 324
14 99
100 341
278 439
439 148
451 209
483 431
382 243
347 300
52 329
366 380
74 305
315 422
105 320
136 241
417 154
254 227
69 431
223 354
354 199
408 162
94 157
401 392
192 476
157 100
480 97
402 23
298 407
227 69
310 403
58 216
443 79
11 164
18 364
63 86
248 225
382 472
216 194
22 135
235 260
357 180
55 68
475 111
180 353
109 54
270 342
274 19
183 214
430 285
371 53
130 494
466 471
166 365
0 182
294 188
368 88
156 152
115 276
481 483
37 296
490 442
461 308
374 264
401 496
402 304
150 124
96 32
249 116
150 262
302 250
338 445
449 23
299 346
329 64
212 280
223 366
26 55
319 36
385 252
409 73
197 287
171 59
28 293
407 421
23 30
327 210
85 213
59 276
193 384
16 388
106 257
312 91
480 485
237 484
57 365
4 498
58 254
400 175
448 438
468 307
369 471
184 296
424 306
190 243
483 469
227 59
2 90
427 39
23 482
199 164
163 80
187 203
379 73
11 87
246 179
151 331
479 468
274 335
431 256
225 317
376 266
208 452
344 378
213 135
300 219
152 412
116 315
240 339
278 347
26 103
434 24
344 177
365 266
22 119
288 148
414 247
52 16
246 123
258 396
467 459
224 410
77 119
310 340
39 317
272 88
465 65
95 207
325 161
132 312
460 347
94 420
436 226
349 498
246 183
494 460
370 214
185 218
58 300
117 496
436 97
15 242
301 401
63 110
274 126
473 195
116 234
460 419
418 404
87 162
122 164
378 82
152 344
144 64
60 211
160 114
356 496
250 27
137 157
283 165
360 263
497 256
175 328
85 310
472 93
110 24
458 446
290 488
404 111
174 287
401 316
165 334
362 257
414 415
80 351
115 49
157 292
473 464
126 184
130 58
82 450
396 240
228 393
4 39
326 133
449 178
12 227
336 114
381 226
430 102
151 313
106 397
213 160
344 431
341 340
290 474
214 423
316 39
78 443
428 172
350 256
335 229
196 215
293 171
273 429
243 223
472 276
436 201
132 186
26 280
255 473
248 168
207 469
264 417
441 137
393 44
126 292
7 80
251 322
103 152
376 376
152 346
47 200
386 440
221 31
356 264
433 328
149 457
226 492
130 414
310 167
459 375
456 436
110 318
471 59
436 214
412 199
399 440
381 460
343 286
402 454
282 52
9 335
328 431
197 235
402 310
37 8
296 214
32 345
257 407
473 355
406 193
485 385
197 306
444 366
320 393
445 346
34 454
386 454
41 214
24 83
443 443
9 413
259 240
499 394
249 16
61 472
357 156
314 398
117 407
300 110
308 289
244 245
51 342
56 130
65 92
35 432
346 9
101 397
291 457
325 100
424 392
400 238
136 133
40 214
176 253
43 340
437 485
327 287
269 488
80 384
316 334
195 468
365 14
471 296
248 156
48 296
386 172
306 449
15 23
276 198
39 192
29 171
310 328
317 356
92 79
266 249
217 261
275 461
110 82
90 99
247 210
383 491
292 134
157 41
239 159
203 285
457 130
459 232
89 267
199 276
25 33
294 465
278 95
29 422
21 240
451 120
463 120
254 334
227 255
414 263
49 466
97 470
202 358
477 56
184 143
177 28
493 61
156 323
245 124
364 186
158 118
91 315
1 121
228 345
109 80
47 494
464 10
220 144
52 167
162 49
78 88
149 339
15 71
47 158
196 112
83 412
79 354
327 174
371 433
13 407
401 332
342 412
56 366
385 414
464 460
48 399
239 42
465 50
208 106
218 13
277 404
110 301
327 356
141 289
196 199
31 7
419 97
315 226
140 328
288 52
452 104
146 189
239 43
149 112
125 299
203 219
21 254
110 165
454 200
399 104
111 150
99 431
157 30
358 415
319 149
254 499
188 271
166 252
364 279
78 315
35 341
447 133
298 408
108 58
14 104
254 360
143 125
7 205
472 152
301 218
217 292
415 407
160 257
388 82
249 376
70 466
451 136
44 17
427 249
205 5
217 441
66 311
16 360
12 74
292 489
281 165
73 361
118 48
130 233
109 6
324 380
16 31
49 275
376 413
270 476
418 81
392 487
199 336
262 260
249 63
228 54
267 382
431 153
386 237
95 61
293 348
379 271
46 162
75 280
257 274
207 197
184 27
363 451
212 235
298 126
32 461
196 26
32 152
389 127
40 418
118 485
256 334
348 350
130 155
281 275
472 239
266 489
440 8
243 482
108 4
318 41
419 492
144 14
141 451
222 34
371 33
219 340
42 479
486 67
342 173
412 268
257 314
322 31
13 49
54 417
458 473
465 224
238 230
33 462
348 231
264 255
448 71
50 484
403 490
163 389
157 246
412 428
311 266
315 87
4 324
149 221
445 315
397 466
428 35
266 430
186 128
199 31
367 134
476 102
491 270
368 492
272 0
266 133
72 83
259 433
155 76
243 408
226 452
488 140
71 7
135 106
489 109
95 187
289 356
479 71
415 132
132 199
184 187
270 250
183 256
185 381
289 190
495 280
421 368
375 483
441 344
305 10
197 431
139 400
323 338
322 470
22 239
278 306
56 206
463 49
282 92
282 0
280 424
292 277
112 53
397 167
29 406
337 202
454 79
417 328
299 130
221 92
250 321
27 499
400 159
251 342
194 183
107 385
15 475
28 399
66 479
385 278