6300
92 130
82 367
286 37
67 30
216 277
441 257
442 474
482 199
236 80
373 105
252 6
309 267
348 121
13 101
467 322
452 335
55 412
449 386
417 341
470 369
126 485
459 411
462 69
1 442
47 50
56 227
494 299
420 366
467 342
16 285
472 286
198 468
207 27
368 148
17 124
109 338
101 495
64 69
363 63
465 418
145 410
61 22
240 491
333 333
118 59
345 349
169 90
470 396
396 376
352 190
381 413
260 462
31 482
398 177
95 246
156 363
237 92
83 69
254 477
36 416
117 224
166 234
130 138
15 136
327 26
291 367
181 208
42 51
228 64
310 440
156 323
267 318
387 245
223 350
118 493
217 111
345 87
226 384
20 475
353 93
312 199
407 144
48 494
410 450
242 276
452 221
39 250
496 219
422 279
124 219
182 392
480 342
226 28
355 206
151 98
298 209
205 315
161 57
359 253
382 72
293 102
352 186
257 184
315 348
419 179
424 292
134 102
482 404
462 212
162 337
398 465
280 312
370 104
209 442
14 229
331 443
129 159
195 36
236 387
418 363
155 8
462 342
98 141
353 444
133 60
25 15
328 32
488 306
100 50
279 49
493 114
125 463
351 474
213 320
35 87
447 132
326 190
331 409
353 277
337 36
404 487
371 215
373 84
134 359
260 473
439 265
228 253
228 64
236 431
19 441
425 272
314 466
228 104
381 498
34 81
420 70
285 290
374 143
2 10
483 360
478 115
368 422
338 58
490 448
242 75
347 9
327 167
123 161
11 407
489 4
427 46
188 261
405 212
75 415
275 259
374 58
333 253
312 95
43 171
246 302
163 137
305 445
459 342
250 280
137 470
368 91
204 64
128 57
472 461
221 203
114 99
353 447
42 447
470 17
171 438
75 69
366 186
28 232
13 325
148 130
73 2
66 16
425 278
239 46
250 249
349 312
260 216
163 54
423 154
92 485
54 94
280 20
252 421
98 160
143 117
119 98
467 216
494 37
84 392
142 86
398 186
402 343
397 10
165 417
402 320
266 109
129 309
82 398
58 234
351 180
279 201
270 471
360 246
490 116
202 444
130 484
327 453
463 32
449 76
248 128
90 352
13 14
412 219
453 95
127 323
376 157
480 258
356 146
263 340
285 347
183 317
270 415
300 11
439 86
214 249
453 188
202 156
376 466
61 467
142 181
338 189
447 18
17 318
159 304
3 132
449 444
211 186
49 72
158 11
113 489
177 224
381 66
385 231
50 109
290 446
487 192
63 481
299 287
443 80
212 310
106 298
484 13
85 318
181 34
375 243
320 294
213 404
135 201
310 98
396 186
230 452
433 384
23 293
373 85
395 466
264 437
451 2
172 100
486 388
484 205
0 361
265 304
5 65
163 253
291 167
119 59
295 21
315 405
490 318
136 40
478 385
239 252
205 281
169 411
469 191
405 5
309 321
386 22
275 166
185 49
460 418
440 305
62 256
74 107
499 52
437 63
167 329
110 29
292 372
64 132
137 261
82 321
343 299
465 468
369 471
241 151
308 330
86 33
140 370
422 12
427 492
321 211
92 95
467 432
416 385
146 383
204 53
352 229
49 400
223 170
173 419
101 316
350 481
203 187
51 342
334 477
188 479
74 156
440 133
18 41
277 208
113 164
245 333
85 318
488 147
418 160
477 161
494 19
58 327
169 197
174 109
88 356
364 214
347 14
408 304
12 365
382 185
18 477
295 127
126 104
116 283
296 44
415 93
272 290
487 473
83 294
150 161
228 23
38 14
170 75
441 446
131 34
11 323
302 1
457 307
442 281
325 74
167 239
29 241
66 440
86 369
382 149
173 236
102 110
186 63
9 272
158 479
154 492
493 169
328 308
89 303
377 123
362 267
8 396
188 243
464 74
76 274
362 347
457 101
164 464
88 495
474 25
17 246
268 128
437 362
165 448
71 26
145 394
143 285
381 5
432 331
458 345
44 8
109 320
137 2
349 125
150 225
324 324
304 19
381 444
392 241
120 399
293 316
453 265
271 288
472 334
32 203
63 430
102 76
430 24
149 91
317 280
456 151
170 493
289 260
2 51
450 181
349 474
91 96
236 303
489 362
417 208
490 21
450 332
356 93
184 380
12 5
156 353
198 468
229 326
230 487
21 83
57 32
480 222
25 0
215 217
425 367
388 132
465 416
361 190
71 173
179 397
103 83
404 187
366 153
141 133
68 96
480 14
236 477
477 461
178 114
481 192
177 455
223 221
412 494
167 436
186 335
270 198
386 289
294 174
159 104
52 287
301 227
204 32
345 390
4 34
226 375
331 337
410 403
397 406
343 174
361 417
115 29
170 132
158 353
457 464
104 170
397 361
246 405
295 454
488 91
467 151
340 66
322 150
56 251
277 219
488 251
132 139
123 104
457 154
471 133
303 267
128 75
332 53
359 374
318 128
131 199
265 285
287 324
427 87
159 343
447 204
195 147
251 431
438 318
304 61
180 409
336 107
12 160
35 168
148 371
70 205
490 280
456 188
275 277
472 383
87 286
434 271
55 135
453 37
450 493
402 257
217 130
291 238
406 229
453 178
383 55
187 375
63 225
354 143
26 191
477 178
450 465
100 411
301 5
350 406
15 251
234 252
342 84
314 377
407 100
7 119
494 290
367 194
189 410
101 73
251 67
385 78
342 53
410 337
243 143
246 260
364 111
195 480
357 206
307 361
332 264
406 314
361 327
237 125
198 402
322 338
268 302
355 207
44 110
253 266
378 140
103 0
332 243
449 150
12 42
306 108
275 344
23 65
190 136
390 112
302 241
43 212
271 71
181 398
16 168
308 287
139 395
138 263
413 471
13 439
48 277
474 172
237 323
311 497
110 279
20 201
266 412
335 415
314 37
205 369
156 182
77 365
128 147
118 215
155 42
171 484
8 55
378 145
143 97
376 189
242 105
369 249
164 8
46 205
74 330
13 251
117 82
229 442
10 97
491 199
35 17
72 163
308 43
140 302
343 451
408 369
118 85
446 278
335 134
465 344
447 261
195 330
272 416
14 424
475 134
151 5
168 11
406 223
25 329
132 47
268 220
158 41
319 386
372 104
448 6
267 337
19 395
312 462
238 144
278 178
183 65
428 430
5 204
33 335
234 383
103 165
58 2
240 261
365 229
235 112
302 165
413 354
316 173
317 225
403 406
472 96
378 438
494 252
439 383
118 27
45 173
27 222
335 103
333 119
84 53
218 420
275 386
411 131
208 443
202 229
177 463
254 174
278 407
290 248
128 218
243 409
483 25
480 271
242 318
371 165
86 326
64 442
73 361
156 476
57 134
449 358
384 234
141 203
304 163
381 283
44 432
309 124
247 27
198 289
455 342
168 69
11 41
254 233
61 437
423 410
121 118
204 372
428 5
20 197
332 232
16 401
378 377
256 325
114 477
319 454
376 421
462 340
425 239
176 68
331 486
456 451
324 452
309 12
61 104
188 330
231 393
122 204
381 461
291 379
185 495
417 462
302 413
153 231
152 227
65 181
133 483
287 373
385 309
265 96
426 446
192 453
157 10
471 314
45 38
385 114
77 83
496 154
238 231
459 149
183 390
225 376
250 316
477 12
108 487
286 242
195 35
45 478
144 204
94 368
483 190
273 479
486 412
143 121
123 76
466 454
331 306
474 191
55 433
272 451
193 163
198 58
388 240
444 95
464 33
223 38
369 299
211 348
469 355
283 354
309 444
250 249
292 492
277 224
27 347
363 49
460 220
460 413
9 348
381 256
294 325
124 456
304 164
371 335
41 126
70 155
256 202
46 173
397 401
100 323
225 425
497 463
229 185
33 310
66 238
63 267
223 213
229 39
374 28
6 452
107 267
470 428
101 216
469 368
44 351
128 69
385 269
306 125
435 114
352 191
458 354
419 267
306 182
62 148
100 32
299 420
348 60
128 121
342 302
153 97
166 386
155 281
258 51
165 313
4 194
400 369
488 315
349 319
467 294
178 263
183 419
479 330
303 383
185 107
204 145
31 190
471 223
274 38
351 230
276 292
13 208
23 28
199 2
148 224
487 18
437 327
157 22
405 269
228 460
458 443
133 433
8 489
380 457
39 134
278 83
291 167
195 292
294 166
390 246
264 442
121 377
399 201
470 278
91 157
452 51
484 49
390 437
394 344
478 270
354 285
452 257
49 497
164 499
245 195
489 406
136 361
63 463
241 387
396 385
436 184
233 348
286 272
468 124
246 32
318 447
204 100
450 122
474 105
152 466
372 71
433 493
456 360
248 348
233 50
234 144
493 22
146 468
444 279
163 115
414 190
143 481
456 470
427 93
411 430
1 79
72 283
144 434
282 381
431 244
388 368
242 165
485 233
364 240
207 429
472 28
361 121
91 467
412 317
99 370
449 323
458 101
387 374
255 454
198 22
242 186
351 439
172 336
76 189
118 389
417 284
257 442
261 130
448 201
71 173
496 47
0 21
247 307
261 240
262 2
40 312
251 356
192 243
432 275
164 268
404 403
345 433
416 162
363 107
132 364
263 434
307 481
288 116
356 54
408 401
213 470
326 448
192 464
92 18
138 124
379 108
42 43
205 225
184 458
174 68
354 316
297 289
257 162
68 437
339 465
435 477
277 52
369 113
483 469
446 461
69 122
165 325
402 463
273 370
290 438
255 299
441 496
158 404
342 198
16 79
56 181
233 451
417 333
155 454
415 400
22 453
130 337
152 187
409 385
323 278
77 51
48 78
483 370
69 58
137 177
358 85
388 45
379 443
398 305
58 386
339 165
354 80
120 321
206 359
137 381
433 30
108 66
437 333
243 443
120 6
443 381
278 330
274 183
341 9
395 24
41 399
331 86
408 396
255 451
333 114
144 244
310 266
451 105
400 247
105 194
427 373
203 400
84 206
215 477
353 277
176 463
49 395
291 7
311 309
424 398
142 144
262 420
377 304
52 213
259 130
3 9
410 187
245 206
36 346
123 312
275 389
284 151
10 325
134 427
177 321
465 410
183 171
476 79
144 412
42 28
37 404
443 45
252 299
145 40
352 288
29 268
419 128
305 166
445 430
103 291
54 123
294 69
0 237
1 270
150 145
49 44
89 40
339 344
384 193
333 485
105 88
216 363
29 377
159 373
17 326
449 262
183 71
160 96
366 184
329 161
205 369
261 230
426 147
340 100
437 310
398 174
37 395
272 467
192 418
244 431
45 209
132 46
142 229
413 144
306 360
81 94
176 363
362 342
443 102
412 203
377 232
127 162
129 266
36 251
34 174
383 132
30 80
161 16
160 172
385 426
20 318
34 466
309 48
150 396
99 104
336 414
76 328
446 316
67 58
232 334
467 454
34 115
483 349
22 47
473 496
166 407
373 345
393 200
97 34
138 395
309 48
229 475
143 385
295 175
362 62
16 27
495 181
30 402
449 330
326 52
311 274
471 345
45 37
71 364
259 494
395 210
37 68
306 124
151 32
94 101
481 365
46 463
365 328
158 77
481 167
441 337
182 293
182 413
129 79
74 253
315 241
161 321
297 352
236 467
421 448
314 331
294 254
82 212
289 11
178 240
429 271
416 472
385 111
43 98
351 366
107 469
290 19
371 269
88 87
387 108
291 361
115 53
266 437
448 197
290 55
178 127
99 219
183 94
44 336
202 226
195 396
415 162
431 485
424 138
98 371
233 311
365 241
178 348
46 483
38 127
106 188
407 69
15 205
393 442
168 60
456 447
109 215
52 223
213 392
264 476
140 164
405 349
197 5
488 436
415 95
283 378
447 21
78 43
485 463
375 471
270 154
221 183
258 380
124 274
102 471
487 388
89 242
99 245
181 287
234 439
170 96
469 370
413 469
284 47
370 398
404 159
342 140
372 126
252 100
424 497
237 206
449 411
156 327
466 400
340 189
137 52
422 362
331 458
5 335
86 116
275 227
368 490
468 118
218 240
237 72
279 494
406 327
154 80
480 414
456 472
24 172
34 445
404 447
134 218
334 409
137 220
211 109
79 357
449 31
104 150
144 39
366 235
315 402
317 20
492 147
172 273
70 368
315 58
276 474
384 450
170 110
72 373
82 233
117 151
153 31
70 73
308 298
200 436
308 123
122 369
494 152
21 294
205 65
39 188
138 481
444 275
0 161
246 16
19 82
114 363
436 173
323 36
473 244
219 375
245 133
286 342
488 91
156 159
347 45
27 48
323 338
499 471
339 176
258 245
109 210
235 224
261 397
142 58
286 234
219 213
407 383
474 5
16 248
293 483
31 364
202 320
143 354
30 53
298 334
45 141
365 259
9 280
191 478
212 3
216 329
212 284
141 476
224 38
21 158
374 17
190 52
259 76
481 185
20 141
282 131
391 65
197 0
478 252
255 240
69 43
327 323
299 133
172 468
126 23
41 193
246 0
428 83
268 5
146 261
393 288
205 281
281 136
388 255
495 259
154 143
466 417
50 481
450 266
141 74
268 428
281 182
117 366
371 61
323 386
26 369
2 216
352 232
339 283
395 240
235 186
103 401
383 53
171 6
80 185
465 313
347 200
66 246
308 465
351 289
159 483
199 377
461 13
149 403
495 300
339 396
297 230
283 294
300 180
217 307
120 233
433 183
281 467
432 0
289 441
424 135
13 300
314 475
378 326
479 315
211 373
103 318
112 8
41 239
46 265
498 258
293 18
485 283
283 75
16 418
53 425
77 293
268 418
97 243
58 147
20 428
246 269
278 476
67 210
327 319
429 465
483 325
109 223
298 468
238 244
21 166
459 144
414 99
342 80
227 11
439 401
22 247
75 37
100 300
471 142
459 427
105 401
476 442
411 66
162 126
292 1
145 184
283 104
184 60
423 477
230 263
10 215
252 253
405 438
432 204
132 229
130 392
334 89
155 458
84 97
451 317
353 376
332 96
8 136
466 368
131 432
147 48
301 494
432 251
308 59
288 216
108 292
381 270
228 295
244 388
57 312
40 195
292 411
399 225
93 152
84 365
414 225
219 83
187 67
126 3
219 347
139 266
36 180
475 372
260 264
428 219
415 169
80 469
46 59
211 480
197 139
216 148
83 463
383 287
290 122
469 361
128 362
42 460
332 16
133 369
88 444
114 61
382 355
266 46
378 428
420 330
330 428
391 136
424 413
388 126
488 66
428 209
170 468
484 322
191 354
299 117
31 132
487 265
311 413
194 106
436 42
470 114
250 266
31 361
340 26
93 419
481 328
296 21
344 151
5 132
250 35
167 156
273 281
46 7
113 437
479 240
206 401
167 449
162 457
483 50
322 2
182 428
450 303
454 330
463 146
33 311
320 65
346 201
60 93
382 392
485 25
426 361
162 191
0 93
495 177
31 336
264 317
120 214
396 214
212 426
238 359
424 246
299 58
3 122
367 359
384 238
451 352
395 310
255 114
143 396
232 102
420 174
240 496
63 40
467 137
348 275
21 57
467 125
247 320
31 470
60 466
318 415
77 12
126 214
462 184
287 121
295 194
42 59
451 388
25 105
381 418
327 225
350 254
75 294
117 450
416 106
374 177
189 87
153 303
340 167
288 115
161 479
38 436
324 203
309 341
260 201
426 42
296 439
234 277
79 223
182 203
380 495
82 408
63 422
89 235
202 403
234 230
166 363
419 124
466 490
191 228
122 78
17 117
246 270
346 103
306 325
173 28
288 187
109 107
195 351
107 50
280 397
113 193
318 446
436 32
112 136
214 479
449 234
4 231
335 47
373 350
230 493
180 398
5 370
74 141
192 200
450 181
226 472
271 63
95 44
180 207
39 207
293 246
330 488
35 297
0 17
10 260
10 82
453 191
184 16
68 379
60 376
201 18
81 138
183 472
31 28
235 215
314 70
410 28
178 144
161 298
410 30
112 171
214 421
289 417
148 399
127 357
376 208
199 328
300 309
338 382
449 184
254 425
454 263
259 17
315 484
14 420
444 77
498 478
248 158
409 139
497 396
457 37
365 225
34 156
390 18
202 224
150 191
455 308
177 456
440 214
487 492
422 454
284 431
89 420
60 32
281 351
388 409
134 238
394 105
475 20
97 136
327 29
338 247
55 134
201 15
360 495
301 188
471 282
54 85
470 412
263 466
375 251
489 151
109 361
234 235
371 84
114 183
282 50
185 304
171 337
332 238
426 31
165 133
70 249
161 72
38 40
143 425
428 266
479 132
219 37
122 65
248 442
493 236
392 30
367 30
268 63
95 51
36 46
295 112
184 107
499 308
233 75
193 143
127 14
51 172
238 347
141 25
113 338
369 486
16 5
69 88
140 136
182 16
128 176
135 329
490 165
92 135
130 75
89 285
309 257
456 141
18 399
238 98
84 132
137 459
47 453
89 206
222 187
216 124
305 203
368 351
486 295
371 312
97 116
226 460
453 406
158 182
132 472
104 396
355 69
22 93
300 402
442 463
87 22
77 158
9 245
40 297
109 348
316 263
76 206
465 42
77 29
353 123
371 61
482 309
403 226
480 4
320 203
77 422
432 259
4 155
304 294
142 397
12 414
120 310
205 88
470 437
60 134
195 323
485 431
9 178
34 388
443 342
116 354
466 372
379 49
343 470
219 184
98 337
147 232
320 218
8 352
486 290
466 420
204 34
64 303
191 213
55 98
305 486
358 172
73 271
93 238
422 268
105 313
45 20
90 104
309 217
360 98
371 147
181 178
481 75
140 97
48 24
10 48
72 353
476 368
106 145
413 69
234 28
400 370
326 279
497 491
441 135
283 209
387 312
387 316
414 368
392 28
76 314
167 402
270 0
145 495
416 229
109 410
280 151
282 10
1 106
94 131
340 294
107 229
45 227
95 346
226 311
477 339
241 154
154 144
491 364
93 299
209 408
411 202
64 341
300 193
325 65
212 394
475 165
245 319
165 372
36 192
32 244
398 13
10 125
489 53
204 1
261 434
489 266
107 172
366 53
471 259
5 43
60 35
354 480
353 305
498 371
115 389
254 30
7 366
419 264
266 349
283 123
389 27
52 124
30 349
460 270
313 353
388 466
298 373
31 94
317 3
244 381
263 285
151 499
263 270
119 70
45 381
409 255
231 287
136 313
83 261
466 96
414 248
121 206
300 213
216 4
385 118
403 461
312 148
271 54
476 75
457 390
497 21
308 218
31 229
342 296
245 466
214 309
367 159
224 187
192 168
138 441
254 429
430 393
299 66
493 201
443 275
148 450
20 441
170 309
457 51
369 12
173 202
214 83
271 41
61 438
231 315
244 51
444 485
403 174
227 95
222 397
199 171
112 370
31 220
123 282
146 341
43 493
76 172
65 109
48 199
14 126
29 279
117 111
285 473
68 20
269 13
184 290
12 469
41 296
430 396
89 164
9 428
100 484
94 438
137 165
143 142
273 4
115 172
497 390
263 400
265 417
59 32
353 301
449 424
172 394
411 379
160 261
245 420
210 260
278 339
333 348
352 273
298 107
497 467
219 295
65 260
145 485
138 476
252 498
245 88
319 424
185 156
428 479
92 283
474 139
339 370
143 308
415 43
10 441
89 264
25 81
66 6
482 170
20 205
145 235
11 117
125 464
444 49
332 54
45 388
258 306
114 236
279 253
47 381
146 141
222 136
494 23
45 289
346 476
63 65
183 343
307 75
124 308
214 103
491 308
114 111
347 101
207 81
314 478
119 254
242 460
483 342
483 236
64 380
446 181
24 128
55 481
141 183
287 179
487 356
319 130
84 453
386 19
497 291
45 201
13 117
459 139
375 349
229 294
475 291
271 175
8 499
34 326
357 150
358 173
304 196
2 177
48 240
31 388
89 46
15 428
67 455
304 326
120 294
437 33
209 447
446 209
35 69
219 480
154 245
441 429
459 310
50 443
184 7
405 433
213 125
80 420
246 280
426 384
418 218
165 363
72 479
48 463
296 460
57 120
49 302
464 498
294 8
368 366
299 478
455 273
194 12
144 36
420 292
11 422
285 190
169 28
492 210
22 70
190 140
442 79
429 239
100 258
124 223
53 468
241 275
287 9
397 287
80 283
205 317
8 443
471 342
52 29
99 315
307 426
5 289
381 101
359 287
362 333
301 483
258 416
277 394
182 397
32 174
343 114
409 237
432 203
233 232
400 336
263 332
122 207
309 120
407 355
188 168
4 270
38 341
87 114
12 167
193 121
235 44
134 36
240 144
377 66
402 473
157 277
336 17
138 279
486 145
166 397
167 174
367 22
136 57
224 455
76 0
45 417
306 164
160 31
449 398
223 37
166 203
221 380
12 355
352 359
256 498
25 18
392 276
333 244
199 29
29 58
327 128
292 426
309 485
383 452
342 258
462 106
487 360
215 183
394 351
201 68
438 2
278 226
471 331
212 464
374 22
2 241
20 201
187 294
99 329
88 422
29 293
153 50
85 368
71 221
141 479
481 272
351 431
262 112
76 174
196 474
68 450
3 199
345 88
269 42
465 296
89 357
259 346
66 95
316 344
323 137
409 309
240 157
121 260
434 3
329 197
499 483
34 249
189 354
397 379
28 459
316 214
60 117
212 428
272 478
115 380
189 448
105 376
137 282
137 226
275 423
406 466
68 274
480 440
172 257
68 377
443 200
169 237
165 355
333 234
466 437
385 448
325 8
290 490
68 314
237 427
245 343
469 496
288 313
423 450
179 460
12 491
228 475
330 34
268 393
183 164
464 234
242 68
411 141
455 384
311 331
175 45
41 57
370 496
298 329
142 145
137 330
305 6
392 217
463 135
151 160
247 146
66 116
257 341
226 329
161 65
110 389
446 188
184 3
184 169
314 335
165 178
37 303
21 470
105 429
442 484
482 257
225 189
382 400
230 334
399 460
350 391
79 361
216 296
317 115
450 253
431 132
435 115
85 468
250 456
292 43
300 192
233 126
27 377
211 467
428 257
0 111
324 130
278 79
194 41
294 96
228 497
112 77
398 163
472 198
93 148
340 116
243 245
122 425
392 122
231 333
296 172
302 231
162 121
14 81
29 208
205 308
237 257
272 318
368 135
135 96
213 461
206 475
252 308
430 180
13 145
317 161
392 310
431 120
53 54
262 297
105 82
191 320
138 194
330 463
60 358
171 465
293 273
433 229
409 45
42 363
24 422
84 360
332 268
174 367
164 385
319 436
108 121
316 10
325 246
456 498
463 237
362 127
208 108
6 295
158 117
392 48
260 34
302 476
344 92
329 476
265 8
130 0
10 373
472 446
444 188
425 280
408 259
220 288
83 116
86 226
126 94
128 478
454 387
331 283
259 298
307 13
13 376
102 289
235 24
64 74
354 31
142 489
129 114
83 362
440 213
159 21
499 67
306 287
70 305
104 489
2 182
410 263
404 16
392 12
438 139
22 456
297 145
111 164
27 427
492 46
67 467
386 151
290 66
224 44
34 361
395 180
295 36
52 305
170 199
338 444
252 108
253 212
376 50
477 365
263 403
223 469
472 331
249 461
6 262
475 473
153 40
76 222
28 448
147 481
277 198
158 337
49 382
432 264
481 426
181 261
82 244
75 256
218 54
168 325
298 224
116 144
366 304
252 44
25 246
296 252
441 155
37 455
219 491
269 469
82 200
296 302
59 164
218 372
197 277
353 386
382 347
3 469
13 101
199 108
360 391
398 496
303 301
144 435
256 374
426 265
68 338
354 222
94 479
108 72
310 143
343 461
282 45
498 346
306 147
390 197
45 166
320 288
75 200
74 316
434 331
21 352
75 2
333 375
299 21
17 441
254 462
7 212
410 36
35 5
54 217
235 426
214 100
300 407
224 290
473 227
79 158
12 347
74 6
28 345
138 374
336 397
109 392
280 195
52 371
88 315
241 106
206 324
231 308
450 359
86 307
317 423
270 165
172 181
378 197
71 52
449 16
408 259
454 410
281 188
356 358
464 222
46 449
257 23
382 129
289 207
483 468
133 458
492 105
302 305
209 370
387 373
484 158
420 147
188 290
148 54
276 44
493 113
136 174
155 103
310 370
338 444
255 145
251 471
129 247
469 53
427 338
349 208
356 263
54 121
175 396
292 202
167 303
477 137
240 155
25 133
429 403
48 363
187 36
135 299
353 168
358 105
313 132
247 59
181 21
269 301
356 208
12 61
199 23
31 341
326 291
46 56
272 108
144 95
246 311
479 132
237 451
435 337
397 402
276 183
336 430
490 45
459 192
68 354
196 10
301 99
7 374
482 348
295 131
442 479
111 41
493 421
111 200
454 280
463 360
290 230
128 300
492 132
487 87
97 412
11 183
57 250
450 371
2 392
223 245
287 445
218 334
386 132
412 329
41 340
423 228
380 183
316 51
490 224
137 303
486 439
189 0
371 395
139 140
385 226
23 362
48 24
8 241
423 434
127 273
1 464
148 50
453 233
457 464
267 443
382 94
95 105
352 71
63 318
44 492
354 301
325 67
161 403
189 186
459 84
400 316
218 312
45 48
364 171
114 2
449 483
440 348
420 396
214 293
137 335
136 111
30 491
246 314
0 43
127 288
104 311
475 380
280 323
346 372
226 145
480 461
161 175
71 421
66 433
269 138
101 203
46 257
71 131
175 145
433 423
86 154
386 389
64 61
285 167
164 411
224 12
187 144
417 385
319 111
101 483
38 440
197 202
185 85
82 269
44 212
367 15
404 131
44 253
272 321
232 330
342 436
433 456
193 381
492 350
186 364
304 93
147 76
13 2
123 333
45 95
110 167
298 264
18 367
188 343
173 142
79 272
80 367
248 364
214 273
138 241
186 252
329 294
296 334
167 342
290 419
87 212
477 252
119 237
432 347
341 159
431 105
472 272
136 11
285 73
314 203
455 275
69 352
38 136
331 218
489 205
270 121
373 428
166 99
298 345
4 98
56 139
264 436
299 380
453 400
103 436
211 119
324 411
47 133
203 362
420 230
203 192
121 190
141 429
274 139
89 291
282 130
418 145
378 46
447 218
154 183
303 50
313 218
203 127
489 361
443 406
450 409
451 147
76 71
210 444
235 350
332 300
297 370
416 251
469 27
211 363
266 475
193 14
493 79
292 248
6 334
96 236
383 457
28 399
344 311
13 91
243 431
301 345
96 40
68 218
433 417
393 131
145 51
483 438
187 490
176 127
363 193
2 272
24 98
261 31
474 368
151 274
120 217
109 453
23 68
486 29
160 456
360 231
169 157
499 343
322 208
254 176
300 186
136 256
139 324
192 398
24 465
182 344
149 144
65 144
173 172
480 51
134 186
343 192
387 303
364 195
371 210
396 470
78 171
496 384
134 70
35 40
236 159
303 70
214 385
409 368
271 239
277 242
434 405
61 473
168 322
32 277
99 39
62 280
164 177
247 58
451 151
310 283
205 187
425 465
186 271
362 334
76 457
215 140
113 363
185 128
257 133
172 69
349 356
33 234
145 365
16 133
268 96
135 326
292 473
244 60
247 478
287 106
98 175
38 354
482 63
196 75
144 239
447 220
307 345
211 481
114 452
400 79
258 382
207 35
448 402
380 451
409 195
370 19
374 360
423 261
336 208
300 120
340 481
326 247
80 499
303 389
321 46
428 203
91 79
481 487
438 39
86 213
232 200
60 308
69 458
19 483
455 258
239 171
270 148
147 417
159 351
249 451
6 480
59 30
17 97
488 392
105 308
8 426
235 189
0 420
255 156
414 371
42 63
211 5
275 164
15 210
161 434
266 117
147 20
469 177
69 164
472 310
236 174
215 332
104 323
480 215
86 360
423 246
252 480
145 486
196 379
313 12
129 210
230 431
108 276
441 51
361 177
203 265
450 98
421 418
486 54
414 253
352 424
405 189
175 104
335 50
62 224
434 148
431 44
320 16
67 39
216 113
231 429
27 271
189 181
235 300
406 27
452 2
191 258
214 357
259 219
443 49
49 173
217 377
393 480
19 390
355 312
241 87
358 86
267 120
273 399
279 3
357 179
289 231
440 48
119 3
52 199
224 62
291 453
433 294
184 36
349 304
243 39
126 442
63 453
204 245
100 336
367 483
66 457
358 156
159 6
57 477
392 63
368 282
428 183
220 301
457 112
3 421
363 200
5 129
227 426
114 209
193 327
285 481
489 259
118 143
472 148
63 27
161 364
48 431
84 89
201 120
41 393
93 205
186 404
183 98
160 413
93 297
131 353
464 378
373 120
121 434
462 345
62 36
468 123
65 110
82 404
298 266
323 123
379 243
194 362
127 414
64 354
59 72
450 195
167 23
310 175
373 140
177 124
247 435
397 145
401 312
431 331
454 199
443 106
320 185
452 137
491 300
372 16
63 402
425 175
350 230
223 87
211 75
10 400
397 311
475 259
90 298
498 406
365 396
434 293
282 37
337 386
402 125
27 210
385 317
399 304
392 87
163 122
22 103
414 25
285 419
218 390
148 227
124 68
213 365
403 58
296 495
472 92
302 50
367 499
303 39
479 266
389 47
3 142
19 263
183 417
159 304
32 253
173 160
25 8
418 386
233 280
373 214
264 205
56 27
67 483
249 211
259 398
40 490
106 262
31 411
216 289
394 43
203 100
460 419
305 80
361 378
444 390
95 86
113 60
43 151
362 32
430 292
135 473
235 322
234 241
382 119
162 302
402 128
47 217
297 214
92 204
94 10
96 388
448 41
192 210
242 491
135 406
232 25
347 270
363 319
438 81
383 97
225 452
169 137
351 272
328 319
181 295
183 422
463 278
340 131
122 7
266 434
459 110
380 498
317 307
240 96
193 108
60 124
113 419
43 82
401 465
260 372
146 82
212 296
427 462
469 404
339 402
12 87
85 298
457 244
340 255
363 198
174 386
157 423
357 287
104 200
424 258
193 217
13 423
385 257
162 292
194 354
442 1
151 58
303 379
134 109
159 495
381 349
125 333
472 38
91 482
93 429
498 367
290 286
43 11
155 27
234 205
58 202
260 28
407 210
171 63
411 394
243 330
15 292
183 220
203 339
268 126
493 296
434 266
129 136
15 329
35 137
339 249
277 445
155 99
15 37
431 326
8 426
70 26
247 23
215 253
379 302
450 335
454 225
213 384
213 83
220 228
478 100
46 411
11 107
144 53
232 26
452 427
306 240
116 22
128 405
207 331
18 359
436 157
393 472
408 149
230 458
59 480
392 60
167 457
10 403
281 164
91 94
335 233
107 397
302 303
486 87
447 361
18 4
477 235
237 263
222 385
217 467
379 281
90 109
364 46
62 452
47 145
230 154
403 382
37 338
277 206
67 23
27 76
312 438
53 356
241 49
368 275
408 311
420 247
145 498
451 285
430 208
214 350
84 161
351 117
175 121
144 480
57 95
385 23
380 369
270 438
66 473
284 490
89 474
325 205
342 86
146 128
478 272
285 360
330 62
35 488
469 357
452 179
202 26
247 189
128 434
408 369
211 194
20 192
397 300
238 345
473 239
364 385
97 451
365 149
490 279
137 400
79 459
485 441
131 134
68 84
453 259
305 476
169 16
316 325
171 418
158 54
291 496
448 374
375 241
20 313
214 365
324 157
99 145
131 161
245 82
193 52
28 50
66 498
175 49
320 234
141 198
195 478
204 284
25 495
160 79
445 46
55 226
372 121
283 6
88 355
407 380
283 133
483 288
189 201
436 159
209 9
487 429
213 404
251 43
123 91
489 412
138 420
41 44
403 362
218 324
57 343
477 125
265 340
41 460
471 455
464 329
110 181
437 304
347 176
267 189
101 470
242 256
152 91
454 284
460 407
251 172
149 17
209 80
392 415
370 103
432 364
397 334
138 395
71 334
375 338
160 338
446 476
420 403
187 450
358 374
46 147
165 109
41 47
462 226
329 433
297 184
19 114
9 194
381 9
199 80
270 256
85 360
263 68
18 5
379 450
449 376
337 277
324 466
193 378
164 139
323 22
136 313
360 194
204 145
77 241
349 403
263 199
119 434
291 378
180 490
366 22
299 130
96 56
286 476
115 289
164 450
264 438
133 300
298 476
217 189
444 227
279 418
353 60
438 250
240 496
19 119
101 459
15 170
146 197
339 153
456 113
404 355
155 72
48 389
78 305
385 265
35 374
434 16
266 388
385 225
196 7
466 256
426 297
346 333
486 425
38 37
392 442
366 442
331 400
205 414
31 261
136 442
458 67
307 70
147 225
84 192
300 343
492 402
87 227
152 339
376 425
220 42
337 269
21 86
1 168
282 226
21 32
99 418
340 479
56 407
451 488
183 140
394 252
331 176
15 481
407 335
229 243
364 127
213 66
235 385
464 66
99 369
287 485
464 50
309 127
467 373
13 261
365 151
179 260
93 48
235 194
289 0
479 464
31 154
391 45
111 118
487 355
192 62
113 274
253 157
30 422
35 73
76 395
7 252
300 255
301 101
453 35
0 442
448 433
330 383
1 340
47 441
356 340
466 240
249 469
243 219
144 279
26 131
383 220
327 34
487 184
71 480
423 440
373 423
306 371
63 55
349 159
499 111
351 205
26 465
37 452
83 121
252 181
254 109
495 136
172 433
414 482
275 243
167 189
60 0
56 473
133 124
87 405
110 132
450 290
242 488
109 487
20 325
286 362
498 274
60 282
116 170
265 474
163 391
244 432
258 75
51 300
205 243
227 138
428 167
155 177
164 170
495 116
478 185
311 282
416 328
350 371
197 384
128 116
400 212
140 372
172 158
401 191
330 229
248 129
158 110
281 255
371 323
360 128
262 202
382 171
395 30
415 233
201 444
9 395
267 101
112 149
192 291
372 365
346 22
133 120
227 5
328 266
246 450
152 40
211 361
391 35
120 458
255 158
53 321
274 264
265 172
315 386
104 457
332 187
159 450
455 317
83 238
189 135
175 181
42 341
228 239
49 286
444 348
21 304
420 350
22 296
34 185
495 190
377 138
441 327
144 389
127 248
236 79
260 316
10 263
2 155
441 238
439 404
60 237
87 460
108 333
18 462
152 143
133 365
192 381
270 426
175 188
267 250
418 411
174 380
35 428
19 29
285 328
65 458
270 345
178 153
467 379
374 49
414 119
0 359
286 459
147 123
225 461
372 415
295 143
72 398
427 182
10 443
401 212
410 75
80 23
254 88
489 47
18 128
340 256
215 371
346 126
439 362
129 71
214 163
61 276
310 138
433 341
405 320
248 334
210 315
256 180
228 464
445 97
353 98
469 285
263 420
135 315
238 202
217 264
393 305
443 278
471 203
376 377
63 377
192 124
156 125
90 300
398 236
335 387
24 251
24 304
472 287
341 159
423 210
15 58
188 316
372 311
40 160
389 248
224 455
81 81
234 380
117 23
262 132
235 452
108 286
425 259
418 432
143 266
176 194
362 10
173 216
376 234
334 65
21 265
199 58
439 454
329 285
417 408
360 91
377 4
116 320
253 302
420 34
80 248
110 96
312 443
29 284
201 41
158 364
274 74
28 209
494 213
121 209
300 411
268 333
154 177
331 384
270 259
7 251
199 351
146 469
253 364
405 175
391 307
381 415
125 166
379 262
471 119
383 353
38 272
301 151
35 44
303 485
236 305
8 162
132 288
152 154
330 237
44 409
176 221
239 278
40 301
421 471
324 11
283 156
307 214
259 437
422 194
351 62
77 10
150 360
14 209
298 302
63 196
270 195
473 240
393 9
480 13
24 314
470 156
371 160
449 129
323 130
44 371
233 27
387 473
182 384
38 253
302 333
28 102
194 424
285 1
366 87
254 266
274 242
402 76
58 497
479 203
74 233
260 24
349 160
44 499
253 32
217 82
36 407
331 97
98 82
170 116
234 316
58 276
204 361
358 313
16 262
348 338
214 91
251 108
108 63
447 147
229 213
472 16
113 118
200 303
271 211
379 222
498 6
367 438
251 55
169 77
415 267
210 17
126 481
397 313
460 86
151 344
361 42
160 123
426 474
38 360
83 197
55 269
207 433
340 274
352 310
78 10
379 119
101 140
306 5
443 498
194 266
160 94
217 407
234 320
33 495
45 124
393 468
253 100
375 453
263 94
456 79
198 193
334 335
193 151
1 140
258 136
83 48
455 419
91 152
148 41
165 124
92 193
145 411
364 198
292 372
451 127
321 100
435 2
153 7
147 480
469 7
55 257
176 52
204 10
52 120
244 204
397 69
480 189
387 395
119 344
324 31
131 71
425 145
4 418
399 430
437 3
260 368
420 492
355 289
409 476
181 259
328 5
194 430
325 161
357 81
112 445
368 181
178 95
14 145
75 182
185 413
133 365
357 298
439 405
381 64
323 348
353 414
345 4
17 400
481 22
319 374
408 446
41 39
184 86
121 55
320 112
477 158
456 453
210 186
251 395
95 92
358 426
282 301
201 203
78 299
174 34
480 397
437 434
20 374
429 121
233 141
300 102
407 62
249 108
356 118
62 352
130 451
104 420
124 413
212 305
340 202
451 238
172 172
46 388
362 45
38 328
282 447
10 338
299 189
307 111
463 155
458 369
290 93
358 63
220 266
320 423
161 412
437 271
12 186
83 483
163 374
173 121
312 445
135 183
146 111
118 294
16 109
55 428
343 306
424 413
336 416
328 96
219 350
388 265
101 231
457 471
444 116
62 131
166 256
219 49
343 313
274 189
118 359
17 181
95 313
229 293
241 283
485 58
175 461
192 225
48 128
245 2
133 493
101 159
60 151
464 321
362 403
115 91
272 480
294 484
130 219
355 23
433 371
332 340
418 461
89 377
379 466
311 186
345 364
367 413
86 405
161 332
275 448
281 128
464 47
119 75
450 94
318 474
166 236
197 150
379 84
51 286
325 110
326 362
127 170
428 194
378 65
14 441
69 153
52 295
222 385
332 171
497 24
260 150
152 164
248 309
448 32
494 151
366 273
295 321
15 493
59 223
16 245
250 425
72 437
323 302
326 146
170 155
305 323
487 283
92 457
341 88
239 392
165 336
157 105
451 461
36 24
121 362
287 53
342 371
173 211
357 165
172 351
175 379
14 477
287 14
102 459
351 128
316 342
299 369
330 325
349 250
112 218
123 322
193 251
314 466
483 219
70 23
255 156
133 97
112 269
80 272
253 66
260 432
153 69
395 60
162 335
53 96
419 275
378 29
495 112
331 193
216 330
486 254
351 323
93 472
244 315
234 173
457 497
419 494
54 462
297 314
410 217
344 351
232 181
294 74
119 79
409 477
83 188
11 396
220 435
102 104
130 316
166 336
331 439
402 85
399 237
306 51
402 161
195 150
225 486
65 489
318 196
384 475
223 402
189 396
352 443
259 143
480 482
274 425
362 163
252 28
79 261
275 59
61 334
320 470
311 138
335 386
213 481
383 219
115 436
231 72
68 468
302 342
268 400
63 428
456 130
244 167
226 388
222 371
193 288
278 394
132 4
337 113
333 345
281 221
145 300
268 364
207 213
113 423
351 327
457 28
196 308
48 53
276 274
414 270
16 469
325 193
158 149
494 163
236 491
292 128
492 381
447 412
335 199
26 412
441 187
347 336
241 489
115 395
17 18
339 382
427 33
182 17
180 85
429 29
157 268
1 221
485 1
53 448
361 321
360 431
267 154
495 207
102 361
231 462
344 471
4 422
439 123
209 187
68 471
239 138
211 225
226 241
41 196
369 131
63 402
408 229
436 182
43 255
218 390
361 126
49 414
38 366
405 488
312 99
237 473
50 51
144 300
496 128
260 186
440 366
447 323
5 349
104 384
126 401
27 174
89 488
206 76
417 479
78 463
436 229
132 167
467 338
466 277
315 315
33 226
401 255
104 481
365 407
308 61
87 491
331 187
116 176
7 389
352 33
114 85
252 140
478 246
375 71
387 445
23 190
446 420
401 425
184 402
315 118
462 344
31 403
431 293
183 147
32 439
376 387
28 146
245 129
200 6
303 120
163 87
360 327
104 109
363 261
232 288
132 179
82 194
339 15
15 365
156 374
262 47
46 33
162 290
296 291
263 214
154 452
131 426
35 14
127 235
375 399
430 359
53 359
374 364
229 245
119 389
437 386
419 381
23 483
126 433
147 172
124 389
316 301
167 255
490 203
454 295
154 217
76 384
248 60
305 450
192 330
68 424
158 481
464 487
272 181
353 442
331 419
73 329
84 499
55 92
387 426
143 9
394 394
454 219
22 494
324 111
35 214
195 392
231 45
227 11
453 3
275 432
262 136
488 200
292 346
125 43
52 32
278 268
340 298
293 232
195 362
428 469
214 230
276 123
486 297
153 355
287 291
279 280
480 401
248 267
310 124
8 225
493 215
365 286
370 185
399 10
332 65
148 327
302 46
195 276
483 288
431 348
128 122
24 211
478 460
437 124
349 141
208 297
436 342
380 73
84 306
224 279
107 416
314 224
0 261
402 361
210 335
457 333
44 190
3 481
105 375
368 292
89 454
149 428
1 25
184 29
308 437
205 260
484 267
381 371
233 336
23 283
116 295
337 480
462 13
240 340
132 419
374 108
36 74
451 23
404 389
179 487
99 64
184 384
108 435
123 65
348 341
488 146
127 316
181 325
166 441
360 421
381 150
76 86
461 269
159 380
367 365
282 338
74 319
254 466
31 182
375 378
24 231
47 215
41 3
444 81
2 59
61 157
243 236
5 490
370 205
422 164
354 89
408 204
22 281
315 163
41 53
136 43
258 417
421 36
117 299
210 217
374 471
207 272
262 470
27 213
377 132
73 449
6 84
365 482
145 28
434 180
75 38
455 70
106 334
133 376
446 75
47 344
468 320
142 254
467 82
66 169
471 197
133 139
121 329
357 350
382 118
156 143
66 458
292 112
340 24
100 277
473 286
459 147
253 441
23 101
271 73
270 89
229 94
423 255
105 202
321 132
276 487
445 477
441 342
218 237
15 282
420 318
317 488
282 379
481 71
144 305
247 104
198 266
21 328
30 121
253 126
113 203
33 381
75 411
148 474
108 294
464 15
4 29
408 282
353 286
443 241
197 349
115 42
370 395
368 488
114 253
308 474
355 79
490 341
168 283
77 491
6 276
305 393
175 362
0 66
159 380
229 444
338 357
104 196
184 61
166 473
447 150
82 474
168 154
289 424
267 336
112 366
112 274
488 270
188 287
168 489
285 347
56 249
446 123
184 161
486 482
485 350
177 285
439 419
343 345
181 229
447 111
237 293
415 59
199 225
214 103
303 367
468 499
475 359
372 414
249 159
362 358
143 86
5 391
236 435
164 200
163 417
62 463
375 400
478 478
433 74
293 44
396 236
96 261
28 371
382 468
179 277
215 96
487 322
257 220
420 75
344 273
89 84
336 259
237 316
390 166
211 170
407 183
296 107
330 355
175 324
453 64
161 354
177 168
388 0
76 286
412 161
97 272
31 353
169 433
452 268
291 411
94 163
122 50
257 242
67 304
368 432
287 20
189 381
234 316
454 429
90 310
434 218
71 39
473 466
86 240
151 277
440 229
279 97
340 414
218 388
321 259
279 438
172 460
276 320
102 406
68 230
301 44
84 2
468 372
465 57
186 55
284 468
418 126
392 416
156 258
369 462
252 477
437 0
321 424
330 65
148 275
319 250
253 449
321 403
312 73
480 138
107 498
476 117
385 25
135 368
330 41
19 4
356 83
359 308
374 177
452 190
440 374
323 124
27 45
119 496
135 340
338 99
216 94
471 315
35 101
495 106
462 218
301 14
174 318
348 160
202 48
274 152
276 495
40 97
94 304
496 11
463 81
175 186
353 179
133 146
104 389
107 128
494 418
88 260
272 168
69 288
441 475
322 343
293 69
225 362
226 239
320 221
408 189
220 347
345 261
2 205
333 301
71 109
369 179
200 159
448 142
469 269
464 241
162 291
5 257
496 388
109 231
420 168
15 369
483 493
198 212
13 485
95 384
63 84
96 316
310 263
384 396
489 279
422 349
458 151
39 428
159 307
475 1
370 432
425 343
407 205
191 123
7 421
357 138
454 423
38 305
201 117
396 423
124 190
194 171
99 82
241 233
234 110
42 217
412 457
162 319
295 319
92 205
343 154
77 302
107 150
267 116
391 161
203 15
186 15
449 397
131 137
248 191
260 217
174 142
314 24
343 189
394 109
263 288
90 90
92 193
309 197
210 211
78 200
67 414
311 265
254 16
59 294
12 2
497 319
195 38
79 311
272 39
327 474
416 35
80 269
466 8
219 389
441 29
443 297
414 8
25 254
401 21
375 436
108 413
303 372
35 303
342 383
209 307
195 21
290 125
485 275
17 109
138 204
353 310
319 433
39 120
141 196
132 440
353 16
241 240
44 157
392 276
436 238
112 101
226 483
110 254
215 63
119 127
290 205
138 472
444 109
157 178
118 85
454 289
382 324
333 195
323 278
368 225
326 111
94 332
87 404
467 57
36 302
360 86
410 326
435 498
176 355
292 444
234 147
471 98
145 468
98 156
381 321
432 318
151 59
315 379
436 238
392 282
220 324
151 252
103 482
189 438
383 131
278 334
432 469
437 101
257 430
251 387
205 490
49 35
266 208
446 364
498 54
379 191
295 70
53 30
468 398
382 94
428 203
172 160
114 213
495 461
348 371
362 246
133 406
114 263
480 400
306 413
456 478
49 185
67 251
2 454
400 388
91 384
396 181
246 264
77 10
234 241
339 278
184 448
211 472
224 150
63 191
22 383
68 371
123 423
229 488
376 477
213 129
310 319
435 109
472 56
149 13
291 206
6 488
313 327
329 69
113 37
420 393
116 135
410 341
181 239
68 139
120 57
228 281
243 283
339 164
29 215
273 341
329 172
499 131
200 142
32 328
73 313
300 304
497 190
281 210
201 178
87 350
483 322
105 316
480 226
293 296
137 9
181 418
49 467
461 32
212 250
415 493
150 138
328 216
278 147
178 461
163 480
302 265
81 499
225 407
55 61
422 371
289 193
12 455
487 339
441 473
319 52
190 356
424 321
320 370
331 203
35 498
264 347
346 337
96 345
259 423
294 151
196 181
489 436
275 208
34 328
380 216
424 205
26 70
440 349
404 346
197 124
471 439
128 461
306 169
92 76
227 417
451 239
175 276
484 440
268 302
370 370
75 149
71 294
495 453
152 12
488 399
190 349
310 459
480 170
246 468
238 424
163 326
102 189
129 190
492 438
309 249
398 362
9 236
42 322
334 4
256 46
395 322
133 298
469 57
377 465
389 215
41 115
304 405
95 143
434 285
387 440
154 95
183 137
459 163
20 225
271 293
467 276
74 18
75 452
417 395
111 305
420 159
64 4
0 77
214 11
451 434
29 101
239 458
121 212
290 198
344 141
269 61
80 163
116 196
91 7
312 385
44 54
59 85
162 460
472 59
345 228
330 275
233 374
438 421
471 207
200 228
142 315
331 470
18 74
433 299
184 109
164 246
183 81
41 223
134 197
425 13
141 479
205 255
28 374
433 143
224 0
167 134
456 366
292 498
149 474
435 225
323 334
267 99
174 6
203 308
174 160
491 481
88 315
189 196
192 117
117 475
109 416
134 136
135 417
391 278
3 284
470 178
278 179
37 237
398 304
317 93
74 72
387 308
5 162
279 428
403 197
465 248
385 364
281 451
229 372
8 24
203 84
263 479
68 333
489 153
246 466
390 306
115 320
482 277
206 472
21 114
362 461
178 486
289 247
119 459
336 18
454 128
459 391
224 70
223 379
346 65
372 469
141 88
366 339
311 475
89 424
237 332
170 452
51 415
375 459
477 23
3 63
454 283
353 462
341 178
95 428
249 39
128 467
158 390
366 346
122 469
153 455
259 359
275 323
282 163
186 2
65 111
395 189
151 19
49 100
29 344
236 144
464 278
21 216
414 122
92 387
194 36
395 245
69 306
469 170
172 203
315 155
196 237
108 62
162 199
395 157
154 43
322 131
199 118
240 195
82 113
149 184
282 128
434 45
215 351
406 255
262 240
329 221
283 458
9 438
447 298
341 405
36 453
71 15
210 88
201 164
348 144
273 351
248 130
333 59
167 315
55 240
313 281
240 237
175 449
247 249
154 474
428 440
308 43
131 351
15 18
15 332
35 216
198 140
51 283
99 384
476 218
0 6
243 289
90 92
193 270
97 337
130 200
243 377
228 438
308 226
410 96
164 323
463 446
81 362
246 15
233 32
39 74
364 85
177 282
405 454
144 223
423 2
379 126
64 166
244 459
55 372
196 154
452 219
434 11
26 386
418 32
107 112
197 309
444 323
129 227
450 349
351 273
399 225
391 82
41 315
188 487
141 97
168 236
99 446
332 454
487 126
90 250
60 446
269 139
366 356
205 398
24 168
393 408
490 275
91 136
475 31
128 131
219 117
415 149
103 318
296 247
349 442
388 386
26 261
117 9
260 244
265 322
230 136
411 10
499 72
104 354
337 474
443 84
233 408
79 358
105 189
131 375
114 307
68 372
381 492
88 38
360 493
129 205
216 443
15 393
99 67
41 471
56 437
345 485
343 141
330 276
4 301
460 314
38 118
462 28
66 419
265 402
108 279
74 394
139 176
243 441
413 239
176 284
121 321
462 373
150 317
118 145
311 6
476 78
458 349
120 438
192 377
156 385
132 300
476 82
23 271
10 219
356 288
461 38
264 477
294 276
273 266
272 264
194 84
285 248
38 153
382 405
143 230
31 390
472 275
398 359
431 347
488 261
299 287
264 449
77 63
181 411
175 350
434 453
53 222
227 219
477 91
174 109
499 120
247 57
416 323
22 145
406 347
486 10
312 58
473 103
14 389
240 155
460 41
263 26
98 14
457 490
451 75
47 131
188 450
125 294
291 457
156 148
10 198
108 143
246 322
64 81
236 112
153 156
182 197
63 417
259 280
207 20
152 211
13 106
400 192
149 139
139 44
242 158
301 149
324 202
283 399
11 240
396 372
421 16
285 78
211 484
4 397
108 270
377 8
53 473
464 129
173 54
212 103
105 267
469 365
264 281
21 105
477 127
496 417
347 250
234 281
178 410
181 90
451 138
112 410
391 4
58 428
32 65
184 271
488 489
270 6
111 253
232 143
412 440
190 80
362 259
170 276
218 392
383 203
465 169
25 347
275 208
273 84
207 159
148 310
168 195
300 270
413 279
71 385
465 325
437 113
389 179
424 459
14 459
129 307
154 331
39 6
90 429
89 165
475 149
197 89
360 143
274 349
234 125
303 197
310 52
83 240
51 51
10 7
314 65
396 491
498 320
250 287
452 440
442 191
280 427
422 139
340 492
470 48
245 427
479 273
365 55
458 62
422 268
185 321
312 88
409 81
220 162
455 11
54 173
452 397
388 186
179 375
275 228
155 1
274 21
428 486
401 491
259 387
60 323
263 444
377 372
387 172
35 97
122 342
239 441
128 75
450 127
207 159
160 225
98 363
349 286
129 27
266 250
425 388
184 326
50 189
213 413
362 437
279 249
190 485
60 370
497 170
329 362
87 57
420 489
127 38
65 121
372 256
496 183
361 149
338 32
445 411
201 52
153 308
145 480
351 195
218 205
67 200
257 47
389 6
396 29
151 16
125 313
496 375
24 121
154 357
121 215
119 451
111 322
154 124
171 256
313 5
58 389
437 232
91 167
49 178
194 487
301 200
427 171
293 149
7 303
18 299
250 480
302 489
113 362
470 456
314 285
174 284
16 372
391 463
141 459
447 440
492 188
359 248
397 419
223 152
303 256
236 93
83 54
268 38
347 196
333 238
22 161
385 8
471 391
350 128
69 113
153 297
397 61
333 12
17 147
255 408
1 320
374 492
382 436
133 494
233 81
242 318
326 107
498 479
108 150
115 201
350 177
90 268
280 100
247 275
183 297
470 354
346 185
121 196
191 81
14 106
425 424
31 257
88 103
253 382
435 196
225 220
488 285
385 168
443 269
418 484
339 127
164 388
85 37
470 137
244 128
52 485
242 21
476 435
169 182
379 230
302 104
390 104
124 291
412 127
112 68
195 182
71 451
488 359
496 8
136 459
444 92
465 40
327 38
72 442
24 349
453 451
408 326
117 195
323 32
100 381
64 287
90 147
358 487
347 78
389 355
299 335
227 185
75 265
207 54
255 148
451 231
409 209
256 359
244 379
260 431
218 196
344 176
163 308
239 202
409 362
197 480
18 209
326 276
183 93
93 33
116 438
499 45
256 377
256 256
39 0
49 369
45 110
270 393
447 61
275 361
342 357
418 325
101 360
305 244
129 284
223 399
296 97
474 74
330 52
405 231
452 222
332 454
199 497
410 454
316 146
355 186
11 158
370 273
369 112
249 175
426 498
95 324
398 74
127 70
153 81
303 384
190 105
454 487
441 241
387 365
403 257
267 95
220 414
378 137
165 90
88 127
451 91
166 184
106 350
283 145
381 259
216 86
425 423
164 170
35 366
124 403
498 290
204 391
381 71
161 435
62 46
489 249
285 366
68 7
152 243
354 351
289 385
308 70
93 214
80 324
228 480
271 56
300 78
149 475
410 181
79 310
412 325
191 68
76 49
293 111
314 80
318 499
70 103
317 126
451 163
143 249
158 31
109 414
242 310
343 259
421 4
329 422
342 333
235 372
335 418
351 28
379 149
104 169
147 449
464 421
23 98
129 460
226 33
343 91
350 320
325 186
108 271
457 6
231 450
221 192
72 66
216 72
93 451
253 320
94 240
191 217
29 469
2 320
263 256
76 345
383 113
237 253
260 491
293 46
238 491
409 366
290 310
113 477
150 383
124 366
436 96
65 167
487 465
73 419
116 103
216 2
255 499
342 305
351 367
210 487
354 441
103 120
449 144
380 217
83 99
47 356
23 371
337 464
383 362
465 262
264 351
202 34
191 372
91 396
384 43
336 302
274 90
86 440
157 223
175 466
174 92
316 222
187 197
412 5
267 422
126 229
263 384
256 328
225 307
350 347
1 461
51 186
478 127
203 137
456 135
80 378
452 482
32 396
401 491
266 444
173 20
404 392
72 289
96 12
212 149
462 298
336 65
193 13
3 315
302 396
274 311
293 234
482 78
422 325
121 235
256 188
432 147
288 160
25 4
6 236
34 237
302 468
334 222
389 347
243 337
0 44
278 369
448 293
471 261
496 370
410 444
91 104
117 342
198 379
115 142
231 204
25 1
224 385
233 359
48 465
9 476
346 48
193 288
401 146
368 16
461 249
354 278
472 52
284 323
317 170
227 399
253 48
285 252
463 329
294 18
347 11
411 304
92 45
191 456
473 345
446 411
189 286
338 152
475 161
183 474
226 292
192 410
14 479
308 478
496 477
488 102
406 343
388 251
208 350
47 431
342 181
467 494
146 383
396 157
132 122
414 80
342 210
189 459
437 357
334 349
451 433
129 175
426 210
412 369
153 134
167 460
454 347
231 486
144 100
222 127
59 128
190 489
448 402
259 379
228 237
170 93
268 31
93 151
373 47
181 6
466 26
373 349
335 272
372 456
84 331
311 447
288 495
397 1
232 88
325 156
102 312
196 347
499 222
269 289
295 372
250 303
4 113
385 123
80 191
375 110
57 16
11 186
40 197
285 261
269 124
437 110
309 223
446 133
274 160
32 67
222 70
35 134
110 226
418 273
383 190
58 145
331 292
489 421
182 223
348 126
88 452
175 137
122 397
58 473
393 396
318 442
77 115
194 354
479 187
229 464
109 362
154 287
60 292
16 495
121 243
195 216
205 209
458 222
48 327
223 16
459 441
408 42
248 388
427 102
66 227
441 156
295 175
468 447
442 355
450 336
52 415
476 497
220 257
436 434
451 268
61 159
53 262
2 469
72 153
232 429
437 138
166 173
472 84
439 134
470 266
181 242
239 374
131 157
92 459
79 419
78 395
9 492
462 484
489 11
292 386
376 222
247 229
165 42
176 220
486 104
346 498
372 20
29 438
397 355
274 121
368 329
173 205
41 377
240 487
373 30
252 384
113 102
144 352
424 278
235 173
171 262
282 433
371 396
251 312
285 121
302 378
83 6
235 475
463 124
6 476
360 188
290 259
463 326
456 287
460 387
149 43
329 483
231 284
448 52
25 483
213 85
91 179
155 148
272 327
155 470
10 278
389 367
193 301
440 204
443 2
397 400
235 445
229 226
279 467
302 29
114 156
336 367
15 206
385 343
165 139
417 40
259 175
328 159
215 453
307 268
20 159
104 204
431 108
75 185
214 62
70 229
96 328
386 406
249 111
250 123
15 414
442 19
30 275
80 270
391 246
405 387
443 411
371 361
46 226
288 446
27 260
440 359
117 123
86 179
302 367
133 188
208 170
445 75
198 90
336 377
264 89
352 93
306 59
286 224
22 352
464 74
285 50
25 405
436 403
122 464
152 90
260 255
183 360
303 57
434 381
322 491
85 50
110 174
398 391
96 396
322 273
323 60
317 460
363 200
164 253
344 337
444 317
29 104
162 127
360 332
324 448
499 182
357 261
4 109
357 107
380 100
13 179
139 55
256 330
84 354
191 420
89 428
32 488
115 119
451 46
495 328
10 127
388 346
455 219