6500
240 227
200 241
472 169
24 224
431 8
169 104
256 294
394 430
14 91
199 493
234 273
257 155
147 278
252 357
211 78
157 435
28 451
120 358
434 1
9 497
101 365
11 30
460 357
300 406
399 326
99 351
6 485
263 209
66 6
84 368
155 277
81 242
452 184
185 201
198 386
103 46
76 152
361 114
20 388
215 162
365 272
257 166
375 224
230 373
93 293
423 166
260 248
284 4
205 212
450 469
367 256
260 53
168 295
184 121
135 40
312 251
417 1
77 422
295 145
438 159
325 240
340 361
365 438
2 125
446 423
31 453
358 166
461 291
412 26
419 145
248 400
401 231
153 166
163 330
489 300
392 101
315 314
104 233
210 32
455 107
412 156
174 338
129 270
149 136
133 394
294 68
151 382
400 47
377 157
457 63
16 366
32 202
435 331
216 137
96 145
153 171
10 360
482 328
464 491
385 483
51 449
331 31
78 55
212 231
146 455
173 21
223 163
346 206
195 10
155 62
86 143
3 161
489 448
439 485
321 305
254 177
208 224
279 438
169 139
446 343
365 168
183 120
178 440
451 29
444 373
16 458
119 382
330 371
208 460
117 121
298 29
254 372
162 359
498 385
229 183
351 296
416 446
386 34
416 94
319 337
148 212
94 187
58 267
228 424
397 119
0 345
69 196
407 254
140 231
267 257
53 221
167 118
153 322
416 53
243 421
133 88
275 391
10 79
355 186
157 238
436 252
300 157
264 357
441 207
316 256
477 208
178 370
192 144
49 183
104 460
400 292
35 89
168 176
214 46
136 23
276 371
28 424
134 428
136 292
48 427
135 304
26 377
21 313
497 70
31 423
67 453
43 431
459 103
1 211
87 173
44 489
266 215
143 425
69 252
179 131
436 470
347 314
479 462
33 369
144 328
282 416
199 211
166 177
240 159
184 167
9 327
42 81
6 127
379 186
317 427
397 58
224 105
68 245
466 55
384 101
17 110
321 18
195 216
227 488
7 435
115 264
345 368
495 157
195 203
130 374
284 365
470 28
273 8
64 38
491 91
201 300
318 360
77 374
214 365
152 156
420 222
442 267
277 117
320 438
164 472
189 303
331 449
309 160
50 456
399 225
25 42
402 100
326 195
60 331
340 41
115 65
332 260
378 57
347 109
434 50
353 12
313 123
283 36
344 474
200 334
228 243
195 77
125 130
314 22
415 37
102 154
414 30
439 435
396 144
47 287
151 330
454 252
289 316
290 89
275 485
81 342
272 3
486 276
150 397
434 300
454 65
447 37
324 220
217 387
26 220
51 264
368 177
345 357
298 157
495 135
330 74
429 76
352 102
351 267
419 355
420 285
174 225
298 220
107 498
219 15
131 133
162 122
479 499
9 7
494 129
203 4
80 324
278 485
104 284
139 129
267 24
249 412
484 441
440 399
414 443
76 11
133 397
249 90
449 464
93 258
114 443
120 149
486 46
330 250
232 90
466 322
86 499
292 68
467 70
13 84
447 234
131 441
383 80
44 380
490 332
127 490
139 104
150 247
350 125
67 333
7 82
433 34
102 93
15 77
14 69
155 380
321 461
42 287
19 56
388 438
280 10
114 15
115 419
396 117
450 465
399 464
350 309
402 184
261 452
373 269
149 275
89 29
168 322
378 131
421 187
49 266
133 202
473 16
133 100
417 370
186 435
244 168
352 36
340 498
267 114
241 65
446 268
90 330
313 466
6 468
86 87
141 55
71 71
172 114
336 56
343 441
110 374
410 439
289 462
428 102
20 408
176 22
352 466
433 266
86 18
105 439
346 172
96 246
212 270
178 268
61 49
275 374
313 171
134 186
140 455
363 414
436 160
479 392
158 141
11 412
203 245
269 116
214 49
171 365
485 278
179 350
224 47
218 455
493 389
196 204
471 133
146 60
452 407
400 125
389 462
59 411
379 92
493 329
46 445
224 17
367 32
431 255
210 443
184 1
58 203
189 381
441 29
288 335
312 245
59 189
452 201
145 119
300 332
277 490
7 346
230 353
109 226
169 13
15 319
375 354
235 73
102 416
251 28
125 390
431 63
116 36
155 384
68 261
251 307
6 197
51 111
337 88
102 12
183 359
213 117
42 58
474 300
180 144
386 77
492 157
193 170
406 460
221 349
8 474
171 325
288 14
103 222
86 125
336 205
174 270
180 401
201 216
212 7
436 233
390 450
120 429
389 84
285 26
352 463
140 145
160 24
98 428
405 115
172 185
455 242
143 198
414 487
494 197
430 126
428 431
212 173
109 49
427 101
416 246
391 280
156 56
484 403
18 254
439 242
484 42
240 246
234 127
176 6
484 80
11 107
132 413
314 223
177 241
487 93
373 93
2 230
134 29
136 338
80 4
47 75
174 64
44 139
146 260
340 220
179 130
395 204
427 311
52 209
303 456
402 391
122 28
410 404
94 256
112 46
473 175
91 11
151 147
259 135
208 149
279 100
304 239
51 27
236 83
392 455
347 391
272 294
50 321
77 182
228 144
319 41
53 53
53 263
250 204
353 312
264 458
198 484
11 420
356 101
56 100
343 248
394 255
76 115
297 444
88 5
47 377
431 260
23 100
156 336
148 125
436 9
345 265
185 134
87 209
161 41
289 495
251 356
472 183
479 179
185 121
351 68
180 84
36 282
470 55
180 192
53 118
383 116
102 250
459 421
462 41
37 472
329 104
139 140
319 301
274 119
39 356
440 125
259 219
126 476
20 229
200 158
127 73
324 83
356 229
123 135
108 319
423 160
300 289
442 62
33 471
328 216
342 72
143 120
449 453
183 269
280 469
395 383
318 407
488 219
206 175
346 111
271 166
455 121
35 423
395 397
466 69
141 223
343 160
113 137
258 144
114 148
383 38
445 9
80 54
229 434
397 286
453 427
48 169
444 260
158 83
4 339
414 476
136 498
135 110
254 101
250 393
432 368
229 133
187 229
15 309
96 268
47 413
434 401
161 95
31 378
70 171
147 35
33 336
446 135
237 168
414 201
421 339
324 198
427 3
312 12
132 295
208 260
161 180
127 494
224 175
346 158
46 294
131 494
129 79
100 429
482 218
57 366
64 256
259 382
246 343
138 71
332 230
262 198
192 345
20 390
400 417
63 219
65 446
378 46
476 194
265 330
196 458
214 322
56 260
103 473
397 154
385 94
292 81
278 147
389 485
254 299
18 142
440 169
216 83
129 170
0 192
2 246
421 48
308 69
394 477
484 264
358 291
224 369
368 2
339 3
302 258
252 93
115 172
107 192
363 331
375 88
187 215
264 377
298 108
437 424
40 193
484 421
142 250
253 209
64 11
121 92
38 366
390 373
417 153
336 349
289 280
496 211
440 328
436 260
36 239
432 226
147 77
327 268
329 290
153 80
25 393
111 274
499 63
68 353
54 416
197 404
115 196
24 45
157 55
146 461
187 193
270 430
51 186
328 98
30 232
478 481
107 55
118 89
295 106
23 38
442 349
397 72
117 57
465 422
235 274
319 463
394 422
460 90
40 297
29 141
122 70
478 7
449 82
188 448
487 244
445 63
135 429
487 343
117 252
378 304
267 352
126 198
140 13
310 86
79 180
102 340
347 54
136 80
29 148
244 324
388 16
445 42
385 375
128 284
88 354
206 358
56 208
221 332
270 48
228 32
372 350
404 183
263 71
72 40
216 292
160 316
358 456
332 106
242 95
449 312
170 183
391 155
339 79
127 112
496 110
460 208
391 368
292 364
256 6
299 216
32 472
429 311
269 391
338 113
425 12
195 288
295 447
378 86
50 135
245 358
66 47
267 57
273 309
315 411
127 29
353 466
278 160
403 134
247 399
411 93
233 24
472 106
44 29
16 350
60 447
494 113
170 126
287 113
25 295
324 455
273 152
164 177
312 403
303 419
13 411
436 214
173 246
127 408
110 69
16 143
256 171
149 362
476 278
73 289
244 1
5 249
427 17
273 170
89 91
2 76
142 454
201 290
198 315
237 180
324 161
332 253
116 432
211 333
122 444
445 136
386 218
88 450
472 165
108 361
437 414
368 462
253 79
247 421
102 303
464 484
89 278
210 148
482 205
149 273
262 456
175 446
249 0
17 263
124 221
135 125
439 413
344 356
129 192
348 91
75 231
361 312
461 17
74 424
197 295
251 224
22 311
311 426
41 271
493 328
305 165
430 480
188 245
289 275
366 318
401 137
302 294
311 263
187 263
410 385
461 236
48 161
440 484
107 211
392 481
147 452
285 49
294 77
204 473
291 436
425 71
217 193
456 227
342 28
265 495
83 252
266 79
63 131
195 206
187 22
475 439
488 186
116 260
85 135
71 320
243 377
70 348
76 460
340 378
225 270
375 106
185 308
292 141
347 100
474 339
278 34
73 449
61 266
401 189
9 147
376 324
173 253
65 298
28 101
371 406
12 253
413 246
239 49
1 205
44 86
473 475
277 322
441 46
87 190
337 342
19 448
201 65
363 192
145 119
25 243
496 368
467 389
438 410
467 206
293 439
414 364
186 118
16 191
382 479
322 455
403 71
489 341
385 457
76 204
448 382
250 101
490 296
206 217
424 280
219 26
390 69
39 485
29 428
408 55
362 263
186 82
275 265
222 175
380 160
394 298
251 180
476 144
362 93
373 35
61 138
59 444
430 451
231 98
5 311
74 139
221 367
132 112
288 496
8 207
357 20
200 402
399 109
54 176
211 113
251 428
372 124
427 310
408 154
317 159
298 265
132 243
356 372
220 116
323 496
16 229
483 181
142 68
244 382
495 196
476 308
432 98
408 201
355 360
371 168
285 25
268 21
393 417
34 124
120 114
195 209
390 488
56 178
413 384
433 153
461 408
359 409
110 245
457 119
288 318
343 328
350 425
343 111
88 95
209 229
438 60
49 404
435 181
65 457
110 348
108 498
408 71
317 467
439 370
188 274
455 79
4 383
347 305
400 347
76 435
347 462
218 15
48 248
206 153
353 113
464 316
388 314
133 224
94 57
183 72
151 283
18 138
295 156
3 365
152 48
10 432
299 0
248 228
234 347
460 454
271 439
253 276
0 11
68 387
311 95
230 103
94 463
119 248
114 389
437 474
406 266
118 299
380 57
404 367
173 466
405 217
493 296
307 159
398 494
441 227
183 209
24 171
271 277
166 143
470 237
356 456
107 228
286 474
193 487
453 42
259 367
163 359
370 105
451 323
402 120
181 392
415 85
362 206
201 186
276 381
337 171
400 132
106 444
432 186
228 300
19 237
448 340
297 34
357 318
290 248
492 260
345 472
30 407
445 60
441 231
255 221
205 278
74 7
45 312
464 358
448 273
465 335
369 396
67 262
10 79
191 357
181 354
261 388
448 63
147 59
132 389
19 402
409 338
2 446
304 306
431 318
153 252
1 397
11 374
453 68
425 374
228 144
33 459
22 342
401 333
223 21
423 33
223 94
40 184
342 225
43 197
301 274
171 48
423 302
222 182
408 376
373 0
459 137
479 406
239 333
355 380
265 314
261 130
167 341
66 301
350 9
283 462
10 4
158 306
341 285
162 381
381 249
386 35
293 340
25 217
449 384
51 232
363 67
408 312
465 382
243 474
288 168
172 27
185 151
436 330
211 26
128 450
337 92
284 366
84 482
219 162
394 33
100 270
82 257
491 360
187 399
67 235
114 475
478 239
422 299
178 267
69 485
430 306
24 407
241 66
228 108
494 460
82 123
232 446
307 164
416 224
311 494
321 483
75 425
76 300
67 349
334 106
264 136
395 116
183 289
397 489
449 411
386 243
190 32
48 119
195 349
343 464
300 6
283 164
316 227
76 211
318 235
224 410
27 434
223 119
460 62
473 473
216 410
294 360
331 258
107 194
11 26
384 302
319 311
38 19
82 135
371 466
228 252
187 95
66 107
169 410
235 27
289 143
355 304
62 435
129 38
64 22
176 492
155 300
171 495
131 45
11 253
6 354
449 240
347 45
307 367
394 17
12 43
347 35
470 219
257 261
135 452
296 173
325 312
307 452
497 496
101 290
144 9
101 107
4 445
165 448
317 312
207 411
447 181
252 406
19 269
73 361
34 155
319 370
322 359
207 478
121 171
180 309
268 117
63 281
82 273
437 228
139 251
285 496
402 438
60 37
251 421
428 133
355 285
497 99
430 177
349 56
365 51
168 381
15 134
259 83
163 449
200 48
44 303
93 337
375 446
219 153
287 478
263 0
99 142
172 112
169 381
432 373
254 386
372 101
36 121
70 131
179 200
3 271
108 223
21 448
102 335
313 241
93 241
383 429
393 44
426 407
280 414
301 358
311 387
8 173
157 348
48 79
202 336
412 403
351 162
498 433
26 305
46 163
444 471
16 282
189 338
252 442
152 470
209 53
79 316
16 217
148 236
424 64
319 350
13 188
474 22
328 363
26 0
324 226
8 471
309 340
134 198
20 413
319 138
454 229
298 398
486 470
386 447
297 410
99 57
432 162
25 73
425 112
338 52
375 249
441 347
397 184
449 75
214 269
350 268
166 20
491 148
447 152
415 229
287 245
407 366
439 71
183 285
337 216
466 21
220 212
248 407
335 117
238 197
318 401
421 88
89 336
341 264
494 36
133 256
122 133
204 41
326 413
129 387
260 15
79 447
207 481
450 327
376 42
443 189
277 46
383 364
129 366
255 224
480 475
460 388
281 454
367 164
403 459
474 348
296 163
144 53
232 3
397 95
284 461
7 192
56 413
132 390
114 37
364 387
275 446
252 324
488 57
16 119
320 391
407 343
248 468
323 51
498 481
294 220
412 134
48 301
44 320
210 32
419 10
457 74
399 46
455 209
181 239
483 472
167 1
321 390
293 415
248 144
364 292
426 42
196 128
448 326
210 240
250 10
85 481
28 59
121 484
223 483
307 154
7 206
448 474
242 328
472 242
386 490
33 188
316 164
491 229
321 116
127 53
35 423
335 64
48 63
398 308
462 123
182 58
32 469
149 130
224 126
117 121
161 110
275 2
231 477
445 118
171 404
179 424
488 206
121 14
322 388
364 372
430 284
105 46
28 314
441 254
227 105
215 58
60 388
217 342
312 143
47 15
439 484
42 78
93 280
168 16
388 415
52 32
430 318
132 9
264 311
416 73
483 343
84 483
178 43
38 301
168 490
326 437
16 108
388 369
237 109
376 408
293 125
443 428
438 75
386 427
353 54
249 154
138 336
232 333
487 316
306 270
208 155
263 133
354 224
185 3
264 91
68 61
342 57
484 363
290 132
186 371
25 143
332 287
121 15
183 64
334 108
263 490
475 394
118 379
234 181
124 155
217 498
407 192
407 411
43 392
115 197
193 81
368 492
8 377
441 341
449 191
33 275
170 213
444 360
41 140
296 178
29 165
209 365
276 436
180 116
166 171
104 295
288 211
88 472
314 296
339 29
156 115
180 373
233 178
171 124
155 127
144 319
184 184
120 354
322 312
335 301
448 340
403 439
263 236
384 491
372 429
45 224
449 381
411 225
202 34
161 82
401 357
41 306
12 437
101 13
314 334
27 288
227 115
351 430
274 491
272 88
164 498
231 317
395 113
147 143
77 97
454 161
467 479
268 347
360 479
165 222
10 27
142 192
123 90
433 493
433 249
247 205
23 97
62 479
474 418
367 62
223 51
382 173
20 190
169 3
225 380
259 334
27 87
177 401
395 2
103 110
316 180
278 202
33 191
461 340
402 7
59 328
353 125
315 293
296 373
105 336
23 373
461 365
118 50
404 490
453 365
46 359
61 121
312 324
16 95
454 125
305 419
396 365
159 158
383 64
400 307
181 340
57 423
325 494
484 176
41 81
440 437
410 87
263 354
301 222
199 280
51 255
121 4
14 447
363 132
439 397
90 116
39 472
466 147
175 217
150 451
240 217
156 443
297 151
225 420
200 450
205 425
281 251
50 178
310 148
45 414
30 102
74 487
487 421
490 41
344 162
379 493
436 436
87 36
308 85
35 165
442 8
111 92
271 75
223 13
427 433
35 121
108 309
83 110
151 95
258 73
418 495
431 489
377 354
291 371
388 185
45 178
271 330
405 8
22 394
327 129
102 301
111 363
325 210
306 46
119 476
323 416
405 38
244 254
477 135
320 388
66 365
47 218
226 189
435 305
286 248
50 263
478 388
98 13
59 303
131 256
172 30
420 454
60 430
417 17
405 38
255 237
307 323
365 303
108 34
134 300
415 394
134 36
49 393
48 232
489 460
343 179
485 13
295 115
132 46
436 212
302 389
65 43
198 109
143 430
82 158
404 130
166 498
243 38
271 216
28 144
323 112
477 223
339 161
207 273
337 323
65 495
38 139
101 130
412 237
395 96
226 494
344 300
338 393
461 440
84 461
73 341
65 259
420 403
176 404
227 479
474 365
5 144
274 13
102 458
54 38
385 497
149 281
174 229
21 340
301 135
328 105
365 227
130 393
297 137
117 158
23 377
21 91
456 380
338 148
38 58
408 393
26 423
5 409
249 200
187 26
132 403
482 15
261 349
486 464
122 58
287 103
47 497
230 161
161 3
414 68
313 199
123 322
83 191
391 480
6 333
88 430
298 490
339 70
34 59
469 178
133 8
5 109
270 180
184 235
156 283
482 450
272 321
13 457
437 355
40 256
39 296
138 128
50 337
248 478
8 84
444 217
326 141
322 450
37 448
231 358
308 45
367 66
375 432
139 232
340 313
461 32
12 379
68 99
429 63
499 316
386 437
431 444
246 212
13 105
315 283
181 96
162 475
259 400
132 38
203 398
282 472
204 164
115 295
358 272
89 45
334 209
5 475
39 117
222 251
387 404
1 37
12 68
468 163
53 271
22 452
276 256
272 304
99 332
105 240
137 309
371 46
21 471
89 376
480 412
317 163
201 367
287 318
333 65
189 107
411 387
495 63
367 39
372 120
360 319
480 477
23 349
320 351
80 396
160 261
425 60
279 477
147 478
395 418
25 333
72 84
147 288
327 419
39 367
186 199
28 251
100 18
222 403
151 273
386 154
66 312
141 163
141 345
115 141
474 37
473 492
280 46
465 121
340 107
159 357
460 378
396 39
443 413
38 470
124 94
258 424
88 190
387 400
393 229
118 2
494 367
265 92
65 274
234 82
439 257
135 245
284 252
165 383
354 79
26 55
479 478
169 284
36 67
149 56
59 281
148 119
63 53
180 413
348 480
237 266
11 287
391 224
108 147
79 408
463 462
440 105
241 443
362 461
18 130
411 363
335 77
482 412
177 398
231 14
132 25
165 320
45 143
143 56
465 153
467 222
179 428
223 407
369 272
402 438
301 239
168 166
430 136
387 150
17 107
133 118
290 149
145 298
206 335
488 140
214 171
452 307
215 393
17 175
113 436
175 420
438 267
255 343
345 368
327 494
464 214
216 460
110 255
90 361
353 317
340 431
238 67
312 144
172 305
93 329
101 137
404 120
315 39
259 12
6 13
227 87
399 471
78 443
156 10
179 168
451 9
76 19
16 42
347 240
70 188
325 293
413 171
63 230
242 229
242 322
261 100
423 321
117 161
171 1
170 125
135 202
73 473
15 63
304 89
277 363
156 226
397 103
333 421
150 460
283 427
379 244
418 396
57 303
304 387
12 80
282 326
300 499
415 356
445 315
30 71
297 223
178 186
460 194
7 363
290 462
59 142
38 21
324 477
364 96
176 481
307 228
228 311
167 107
423 143
66 464
39 453
492 363
409 217
80 304
266 416
58 222
244 325
302 97
45 420
401 18
247 221
32 209
168 327
470 51
16 91
397 36
251 55
125 241
45 160
77 205
280 311
137 487
84 24
296 291
162 129
203 198
259 409
236 87
139 427
371 58
446 7
414 120
361 197
209 39
97 258
421 286
274 377
253 410
202 210
192 49
99 364
125 247
186 358
286 213
123 177
184 157
277 69
118 451
490 490
248 327
466 87
316 169
80 92
154 69
471 134
350 346
445 70
429 327
392 132
309 67
76 15
436 494
445 205
195 406
233 287
227 295
316 51
143 43
465 248
234 298
496 436
358 84
263 442
74 287
354 155
170 235
229 430
487 458
364 26
166 182
329 98
1 245
140 146
246 145
295 105
393 481
417 291
85 252
391 181
336 159
395 98
380 359
317 476
355 368
402 182
132 373
118 232
230 133
130 258
216 476
309 425
69 109
213 227
260 154
166 105
55 96
307 61
389 435
303 477
159 96
469 206
290 143
128 87
198 20
496 259
36 414
375 158
385 105
112 89
46 145
93 278
191 101
388 401
230 80
29 192
250 241
384 350
290 40
412 364
475 488
254 260
418 12
469 129
70 303
300 81
359 468
421 394
147 50
483 310
354 377
118 364
214 104
496 354
218 4
492 408
20 46
58 246
228 439
94 27
461 298
267 395
141 172
75 188
350 140
369 58
274 204
160 339
193 488
493 8
268 263
309 337
436 289
228 219
99 164
314 322
69 60
232 81
122 210
350 159
69 472
177 219
58 343
332 189
198 103
219 177
366 466
255 28
100 302
466 483
158 199
111 133
66 227
438 195
355 188
13 140
212 424
268 42
231 270
226 452
481 281
248 445
473 347
150 355
339 425
124 468
101 349
76 235
431 168
208 366
359 138
62 221
115 71
341 182
134 347
128 67
364 115
315 228
84 190
115 465
285 275
124 240
327 239
407 52
271 258
248 467
41 130
201 311
493 156
355 394
314 480
447 336
416 178
368 262
227 0
127 336
76 365
104 103
156 403
14 363
330 279
409 262
425 223
232 462
208 419
251 87
275 374
405 198
461 192
44 125
461 40
257 172
275 37
293 361
224 283
62 159
421 407
130 323
137 347
118 362
302 198
72 221
419 429
121 329
455 232
125 18
42 416
306 382
244 169
453 99
110 320
227 367
43 31
230 358
72 32
230 200
421 374
304 155
484 341
425 277
147 291
208 50
285 189
359 366
317 29
349 164
383 427
310 429
139 278
163 41
93 211
438 245
252 15
208 242
371 237
380 485
36 19
60 440
306 321
202 271
287 475
402 403
332 171
301 213
106 323
35 464
62 199
66 473
67 314
403 126
112 290
161 284
224 148
321 222
493 383
358 375
130 281
304 113
326 315
138 457
274 284
335 25
498 336
150 402
28 417
60 54
190 140
140 221
295 414
149 313
40 141
422 8
121 171
486 78
387 299
83 476
2 161
497 270
172 352
270 148
54 53
45 182
403 244
10 186
351 199
340 160
20 392
415 114
44 141
292 253
229 431
93 227
497 231
436 90
90 22
75 206
388 496
240 120
158 143
194 251
263 10
254 34
0 283
276 21
274 44
328 68
147 355
439 421
363 144
18 375
433 306
302 93
66 173
316 43
146 224
86 11
397 409
44 192
213 398
294 320
240 339
195 122
43 387
383 134
9 259
65 402
347 442
115 367
262 413
490 283
294 260
169 76
121 44
294 65
385 334
174 88
211 477
364 221
355 106
217 100
2 216
10 282
2 349
115 477
260 116
377 105
33 407
451 398
464 154
489 245
185 201
179 15
236 396
355 43
495 443
11 424
59 497
199 21
498 61
177 166
271 110
17 406
305 304
459 320
65 269
470 300
315 251
499 1
45 403
198 206
483 392
242 209
82 42
103 293
459 432
42 132
39 82
386 412
232 344
465 197
349 150
253 287
289 16
419 104
163 186
78 469
30 146
188 320
113 112
396 143
127 424
6 439
203 166
362 245
442 287
437 179
467 292
160 42
147 108
294 80
401 310
308 224
45 432
396 348
491 10
435 293
84 118
137 441
38 287
74 351
31 333
477 364
406 350
458 137
217 53
215 104
328 471
403 375
223 225
236 299
444 214
185 23
316 28
315 174
25 355
188 242
106 408
110 165
302 364
418 420
24 372
195 485
213 205
430 98
249 436
3 18
393 194
222 40
214 210
417 390
484 91
0 457
474 442
306 110
31 276
0 76
62 407
112 195
145 275
63 395
413 395
441 66
106 307
369 163
405 172
264 286
243 389
183 116
226 217
345 490
66 109
369 198
245 480
107 481
376 391
138 171
89 142
449 79
94 48
220 318
456 352
93 484
100 199
268 277
267 179
140 113
163 333
166 9
343 409
152 273
444 71
213 290
221 386
434 14
184 167
19 154
491 140
191 113
242 91
122 459
425 9
194 263
124 88
349 360
486 319
243 1
143 282
168 308
323 364
384 102
109 359
352 403
368 100
43 395
207 462
471 166
281 132
72 18
230 257
77 422
423 216
499 172
480 419
283 167
122 303
15 19
423 231
331 367
114 143
106 226
392 321
453 429
299 173
283 378
300 30
246 212
384 75
494 97
117 364
20 130
149 239
322 35
254 424
420 5
231 368
190 26
307 124
149 495
373 107
489 284
496 25
101 87
185 380
245 447
77 154
393 265
152 79
3 67
72 406
126 423
301 155
131 316
312 109
68 133
417 37
63 409
496 414
146 164
463 33
187 391
8 41
472 432
499 12
418 475
251 423
79 397
213 52
13 210
343 377
415 433
342 261
27 478
494 339
224 173
417 457
350 412
344 277
290 174
150 344
267 60
457 253
157 346
409 23
400 171
456 252
365 167
497 151
342 244
418 491
301 66
478 187
316 3
178 323
19 458
371 180
433 138
485 328
203 442
113 246
498 456
123 422
73 216
460 121
464 415
481 230
269 117
473 312
135 86
396 151
183 6
144 267
448 468
410 481
227 151
107 376
298 78
294 231
204 223
490 106
337 168
286 323
135 458
44 259
262 122
128 293
60 297
117 273
254 8
12 27
255 482
412 119
202 405
128 206
312 258
427 470
294 1
460 65
176 429
52 356
149 290
439 32
305 210
70 56
435 412
246 82
54 191
96 158
364 108
367 77
47 28
30 146
211 341
123 342
198 239
381 27
59 348
410 320
228 365
129 480
415 163
354 375
33 469
429 303
380 249
129 296
442 279
121 11
353 5
96 96
123 404
252 477
149 182
399 14
346 377
41 28
255 261
82 247
50 140
389 364
160 282
62 371
382 455
460 35
131 88
492 409
386 254
288 244
110 388
265 188
68 456
70 158
406 324
316 4
368 308
91 58
429 29
484 153
188 163
251 296
205 171
277 243
339 444
332 65
105 449
258 449
460 26
202 328
184 366
26 18
76 53
434 117
270 5
169 270
66 310
481 272
16 124
68 258
176 355
157 252
201 133
159 415
95 161
379 361
232 279
332 406
375 308
166 266
388 146
308 187
459 455
431 142
252 327
35 351
103 428
414 192
107 156
170 73
287 202
481 401
159 371
31 166
284 35
33 49
236 173
480 341
335 48
227 411
262 88
368 262
454 217
373 282
208 413
115 395
297 347
218 449
467 456
491 101
151 251
424 376
218 239
139 256
167 53
493 367
129 281
498 362
144 84
349 372
119 204
51 465
266 416
225 121
223 85
336 216
445 374
113 113
369 163
68 253
120 389
170 62
424 101
37 169
393 420
125 387
204 12
281 28
150 322
407 6
74 373
247 95
208 19
34 212
465 430
171 103
17 437
39 341
362 293
213 428
315 107
472 190
219 19
341 253
111 369
94 248
344 185
57 193
405 404
186 91
46 223
12 357
51 63
208 403
332 265
373 274
464 147
19 197
450 35
256 212
313 413
450 350
43 157
413 7
99 301
376 100
309 497
413 388
144 360
126 121
395 476
475 351
48 212
247 346
59 350
263 4
354 372
381 213
221 250
403 146
246 172
21 279
19 408
268 434
56 163
491 246
449 303
15 319
17 497
199 263
119 76
300 462
28 473
75 33
180 101
125 478
109 278
186 146
433 129
144 455
53 489
144 488
307 3
352 160
275 324
253 52
366 394
219 405
439 246
347 147
477 119
397 324
471 87
68 84
391 404
245 212
200 296
151 241
253 359
36 4
408 28
274 289
46 126
373 346
345 485
104 72
397 322
409 354
290 368
124 329
42 181
329 221
462 94
454 481
337 216
96 490
131 245
371 223
69 177
15 96
169 266
88 471
325 66
286 350
179 467
0 410
131 73
168 330
311 445
161 474
316 0
245 258
333 299
328 468
65 254
20 343
315 234
152 108
310 492
460 438
348 490
63 312
142 331
276 83
57 305
305 290
400 373
172 50
371 233
487 1
196 288
22 7
467 363
208 26
464 278
120 168
480 164
495 183
267 475
280 123
413 176
50 438
340 313
398 74
427 211
499 385
244 476
339 373
399 64
342 47
67 215
379 462
497 400
375 374
350 264
441 7
445 263
429 343
269 286
349 327
65 197
25 349
74 161
225 364
412 326
41 419
233 331
231 421
147 231
347 458
466 497
113 140
335 263
49 42
221 105
154 251
100 138
300 179
43 26
352 377
297 307
139 394
315 30
113 222
181 314
312 461
101 499
262 425
319 289
394 164
415 40
31 48
79 367
393 183
60 474
134 98
492 209
92 273
347 159
473 205
18 28
379 137
62 120
409 494
158 381
274 155
55 425
144 305
488 134
460 389
487 400
110 94
219 331
342 202
259 67
447 168
305 278
250 327
173 368
101 11
166 331
108 227
32 73
207 252
493 372
125 167
114 481
312 235
289 333
400 7
175 400
178 200
379 480
200 428
439 52
235 302
29 457
30 343
447 414
138 89
109 440
273 263
350 223
56 438
445 491
392 309
9 120
452 70
351 388
292 153
307 142
100 27
370 188
102 482
72 169
461 93
208 33
256 235
173 59
50 164
473 470
90 294
365 334
74 394
47 68
210 366
393 354
395 162
145 115
136 349
442 69
102 98
333 151
62 358
374 358
180 464
259 348
34 270
16 476
44 109
327 64
270 106
269 221
188 165
367 266
335 325
423 309
312 437
147 108
318 226
191 21
221 498
120 450
278 256
217 136
52 322
280 44
117 323
340 49
315 306
131 59
221 2
291 406
14 33
260 438
312 184
182 303
253 385
141 302
290 383
205 210
255 343
18 485
387 224
30 210
270 54
57 161
419 491
376 348
139 433
117 488
291 303
188 151
305 396
279 182
244 96
291 484
322 499
224 309
371 61
115 106
120 493
484 24
225 39
325 213
201 216
19 442
446 493
389 59
93 251
347 169
5 338
189 490
151 179
240 265
372 23
16 208
84 492
31 353
66 309
25 356
151 267
112 396
456 97
200 354
23 49
387 48
390 380
60 77
342 42
65 152
212 66
58 433
138 297
106 442
150 56
324 484
380 153
102 288
142 336
238 303
203 17
398 125
54 93
135 310
314 249
315 52
338 27
176 226
20 476
33 282
266 22
28 209
349 499
335 130
285 492
361 73
51 488
434 259
421 105
206 421
474 236
263 22
248 164
492 439
73 120
142 25
86 192
191 22
153 436
280 378
304 290
279 141
253 355
312 65
486 174
410 19
393 312
476 25
464 493
113 469
346 390
434 107
130 285
73 125
355 135
425 353
346 159
366 56
121 99
126 31
50 108
420 36
62 295
288 397
218 378
120 401
360 64
349 54
31 490
477 422
127 387
398 403
459 326
425 265
148 81
41 51
440 198
493 461
210 2
232 133
34 428
493 353
407 394
237 194
469 439
178 214
469 96
422 76
193 429
362 200
103 341
391 403
364 43
397 384
17 75
3 482
335 403
150 348
395 94
385 239
453 364
312 63
140 423
204 87
287 185
27 66
469 242
286 418
155 185
260 35
17 24
428 116
316 352
299 430
169 211
75 184
248 474
249 240
327 240
425 305
371 466
208 452
223 192
230 346
382 378
402 490
458 399
104 182
464 127
338 403
439 133
460 266
6 39
279 61
367 185
151 57
361 90
283 359
58 84
314 365
207 440
191 217
251 166
293 295
50 216
201 483
249 342
381 13
75 107
292 13
70 442
384 295
155 283
220 19
384 65
5 34
103 92
258 196
344 355
423 403
238 246
88 476
490 488
447 322
335 65
359 92
387 257
40 243
263 394
459 260
147 499
91 464
13 250
457 201
104 209
455 232
209 343
183 396
218 199
116 482
74 53
310 475
70 314
208 202
315 185
185 168
484 462
64 276
478 349
58 374
106 434
129 366
262 315
366 164
147 332
385 482
457 73
387 47
101 380
65 448
116 416
230 250
379 452
154 147
21 357
143 212
430 127
295 273
437 192
24 161
144 436
362 261
160 453
185 249
197 262
30 251
353 165
470 261
408 232
89 124
188 281
260 233
358 119
163 55
69 147
84 40
153 65
370 446
47 314
76 56
307 97
262 458
219 160
393 232
208 479
260 334
419 397
368 21
428 277
425 31
423 497
62 361
307 77
391 433
341 206
303 319
277 148
160 66
150 349
180 405
92 211
108 293
166 11
289 476
359 94
444 66
427 283
212 358
143 86
144 103
274 484
484 448
366 403
104 497
402 368
79 285
78 494
6 39
367 96
190 147
65 227
362 486
345 344
430 74
29 340
177 74
374 155
58 161
158 240
109 163
300 413
407 40
80 378
474 265
264 447
26 16
355 329
173 388
314 52
392 455
30 343
350 69
83 256
497 409
424 241
154 458
498 224
454 414
179 430
378 280
148 296
125 256
497 3
55 151
106 311
7 300
221 488
245 357
118 304
398 242
52 42
118 404
170 402
333 424
204 202
498 63
319 205
60 123
274 316
480 468
268 233
221 487
196 489
146 466
60 315
209 396
152 464
367 180
104 323
25 200
263 161
218 23
498 434
251 278
246 273
6 83
422 366
208 79
46 118
285 354
102 458
423 347
379 254
77 290
490 335
496 102
477 105
39 66
345 476
249 142
77 443
310 107
186 499
470 18
224 84
43 255
454 326
80 466
108 333
169 158
112 450
55 17
84 90
66 446
441 281
224 167
274 18
18 34
404 312
397 488
95 128
454 292
258 50
235 387
397 218
168 256
274 9
451 223
21 210
491 369
36 462
481 67
102 162
475 351
191 6
487 224
16 286
188 441
328 126
344 276
32 77
439 364
87 158
368 390
260 460
423 211
279 148
311 256
459 233
91 138
214 150
288 78
372 82
60 329
105 52
130 404
268 489
148 69
311 207
19 368
432 71
72 442
50 211
296 383
373 361
11 387
318 439
21 152
333 190
94 81
337 290
279 224
145 457
16 279
0 457
28 35
330 432
495 100
335 380
242 291
30 60
499 105
109 348
38 20
453 442
232 133
209 290
247 12
143 355
312 263
299 143
75 192
145 481
361 70
361 332
393 455
413 244
92 244
265 22
465 483
468 218
361 197
61 177
384 108
224 205
348 48
93 375
356 276
198 238
70 69
377 412
156 315
60 290
312 248
231 177
247 129
327 51
229 108
69 240
445 465
14 145
372 146
274 107
197 228
149 472
384 119
435 26
316 40
141 347
376 481
110 224
276 123
84 289
30 357
322 153
150 327
325 188
295 22
102 99
424 344
464 251
278 308
201 251
98 446
279 342
66 474
449 242
31 342
51 33
38 413
241 374
62 188
62 418
18 210
54 164
416 442
102 370
121 46
344 155
497 71
45 124
366 416
110 347
380 249
163 162
388 271
311 256
174 450
12 374
38 44
338 419
289 306
352 441
96 411
482 49
173 446
214 380
79 391
140 324
338 459
82 155
411 226
29 394
268 86
130 41
460 158
465 321
262 250
13 317
366 210
8 347
79 391
134 222
399 158
470 127
282 89
316 52
446 194
132 197
238 214
225 114
435 51
153 190
359 49
112 166
365 78
469 120
195 445
103 456
83 446
35 73
478 365
411 203
400 424
491 43
10 491
42 216
406 445
347 47
65 265
343 459
79 430
375 165
473 126
424 331
256 56
421 312
367 234
11 185
80 120
111 2
70 90
388 5
52 476
93 235
194 117
399 289
306 125
104 275
458 279
335 28
192 66
301 108
145 60
180 312
166 226
168 291
148 236
64 56
291 52
169 157
298 337
463 420
195 456
235 67
447 5
72 422
383 140
52 225
37 28
106 232
375 55
291 275
331 23
75 355
364 475
312 96
16 15
471 127
46 64
421 59
333 494
486 493
70 216
97 38
270 107
14 203
330 497
20 305
12 14
489 447
395 377
244 153
281 411
327 215
126 327
173 249
94 460
28 159
49 165
124 125
181 171
168 139
296 363
377 40
487 309
38 218
372 382
146 282
349 153
480 325
74 328
288 6
17 21
38 168
146 67
90 162
153 327
42 259
299 450
111 420
138 139
373 149
283 10
15 371
197 484
312 348
354 123
144 452
121 371
290 182
197 267
446 381
140 350
152 340
260 291
282 115
264 251
113 156
27 399
236 129
477 76
200 48
353 183
54 344
379 326
445 197
78 428
130 243
83 70
213 283
398 196
299 496
4 15
266 412
393 383
460 2
403 222
405 160
356 256
434 312
9 87
15 379
122 439
9 146
281 57
253 222
70 31
398 52
317 74
310 165
19 210
433 270
282 422
30 190
2 490
430 464
343 363
302 445
443 317
375 163
238 76
108 480
33 308
235 358
23 202
412 45
167 43
317 197
388 301
291 348
312 242
458 221
19 8
325 260
424 314
391 52
33 14
322 351
209 418
120 409
306 85
480 32
82 473
274 297
497 322
64 418
139 310
170 22
135 10
325 495
400 411
425 68
419 433
351 99
361 128
65 471
355 167
141 45
343 289
111 267
185 192
354 28
402 177
39 24
372 37
300 216
284 272
205 225
177 203
184 408
379 38
205 249
147 86
376 198
318 342
34 487
367 3
32 389
413 270
159 72
288 285
57 460
37 425
128 114
22 214
252 164
266 253
340 310
8 413
255 216
55 326
182 289
178 275
45 66
490 444
229 204
164 131
56 139
253 202
268 36
201 128
381 21
183 319
232 221
289 43
222 487
128 197
472 404
322 307
251 369
73 313
444 332
323 90
144 352
388 429
57 412
285 441
260 438
12 468
364 492
331 153
350 86
490 460
119 174
43 164
477 222
54 469
411 273
125 230
159 55
319 14
455 216
6 457
277 68
412 18
172 141
227 244
56 374
49 69
234 175
397 444
265 63
337 303
33 176
83 462
476 192
408 255
212 284
352 267
285 489
131 264
360 309
184 210
280 416
91 85
29 366
429 340
144 295
323 266
229 29
222 407
162 57
341 482
249 226
215 45
162 387
196 198
409 22
439 380
465 41
259 382
223 495
142 188
307 219
248 317
224 36
445 322
305 238
464 287
184 406
293 32
230 346
369 490
222 491
32 160
394 188
35 291
332 117
188 29
346 139
27 437
259 423
161 472
111 416
323 478
10 296
142 468
310 240
232 363
23 33
221 116
260 418
387 108
137 444
83 76
365 483
258 462
434 476
393 420
398 46
342 68
388 408
0 336
200 199
232 84
53 75
345 305
413 165
109 233
161 402
237 44
6 378
354 496
268 292
338 99
167 166
426 32
221 56
107 278
363 421
348 339
496 268
433 194
427 261
163 42
86 440
318 252
248 444
236 24
124 16
34 427
311 291
199 312
91 32
305 158
497 306
74 154
348 345
106 359
401 127
419 269
374 339
135 237
261 122
491 371
150 385
29 377
190 462
346 80
239 133
291 152
158 88
434 217
76 358
485 40
162 329
20 256
493 388
10 155
26 106
344 353
231 29
491 225
157 273
258 189
193 396
337 49
266 351
209 123
15 194
23 46
302 29
417 43
198 147
106 428
133 76
105 302
27 216
341 448
138 36
285 99
148 183
35 122
245 266
460 96
495 112
142 483
378 149
149 59
339 428
5 255
409 473
41 462
411 288
324 383
482 401
436 109
231 483
101 323
420 328
441 62
397 267
268 83
494 128
56 417
24 334
159 61
376 433
73 200
435 139
392 398
7 270
253 328
152 91
271 206
120 424
191 64
147 370
498 311
229 494
328 54
468 105
391 339
39 344
483 464
214 327
97 375
55 222
165 202
408 207
131 436
1 29
399 174
486 0
494 397
303 67
172 174
13 271
467 415
380 405
232 302
29 94
168 181
383 85
292 333
122 291
172 424
450 123
475 71
320 436
3 322
496 124
247 176
91 362
119 67
369 323
270 203
384 399
336 438
124 267
410 128
404 246
221 83
154 355
143 48
370 327
303 147
175 219
433 402
469 118
442 52
255 191
442 64
2 491
258 278
258 478
76 20
103 15
370 297
198 110
437 365
12 68
139 240
494 187
158 72
124 464
7 452
16 231
222 449
79 370
349 332
353 337
352 425
75 456
66 74
440 273
193 3
95 304
492 333
405 90
406 2
454 382
113 413
214 470
340 336
20 293
482 41
467 373
330 335
261 394
167 396
252 201
6 212
397 199
141 350
352 303
37 399
164 306
128 2
190 378
23 468
10 211
84 6
193 329
223 414
163 454
8 242
306 267
466 366
216 204
359 460
359 420
78 396
398 376
254 58
26 89
300 130
136 388
69 236
151 329
283 144
386 166
433 291
157 45
249 251
211 225
497 108
356 423
299 427
485 106
47 405
35 364
252 199
436 171
352 174
318 87
253 136
279 57
102 38
289 289
366 351
311 353
128 364
291 167
125 427
184 277
493 173
372 72
95 245
271 308
395 448
436 90
147 0
38 67
356 249
452 180
33 223
439 263
282 161
440 82
211 407
432 476
48 204
450 305
113 144
444 73
163 361
361 380
299 310
411 252
432 156
231 215
330 317
478 22
104 464
372 270
246 316
20 304
461 295
291 322
396 75
436 235
467 59
222 149
253 266
274 485
53 185
2 357
379 383
348 332
102 484
300 72
228 349
144 172
495 190
117 435
22 243
302 53
54 489
255 376
214 308
345 30
387 267
2 348
32 119
103 350
274 135
484 255
427 3
45 480
267 274
17 162
67 289
130 172
400 473
133 237
267 114
233 479
179 7
478 236
438 211
346 81
188 65
420 182
162 115
242 465
479 281
422 259
431 398
371 52
290 332
298 5
484 409
268 384
472 15
226 246
179 410
475 425
107 367
335 395
212 122
255 77
336 191
441 178
82 120
304 313
170 372
134 454
338 6
21 254
1 310
73 99
24 32
400 400
148 484
106 87
164 360
404 213
391 352
472 197
362 474
198 128
83 32
390 184
439 421
84 263
363 292
324 9
409 239
223 76
163 409
270 181
395 179
32 26
223 138
464 356
485 438
470 15
51 68
341 213
476 490
134 425
286 191
283 311
239 196
105 6
40 255
434 227
105 287
277 318
175 181
119 94
109 160
228 441
154 160
3 421
199 483
26 489
152 485
33 309
168 392
147 491
70 208
347 433
252 176
209 124
218 279
439 328
121 179
192 19
440 276
111 47
36 139
477 137
447 41
433 10
353 115
175 432
217 424
452 22
498 321
100 161
341 69
248 39
410 462
90 292
339 351
342 53
191 228
121 171
34 490
105 54
338 387
311 132
6 407
229 115
276 4
73 329
221 469
432 174
318 131
334 374
428 10
238 29
200 471
461 359
265 234
474 418
50 455
362 137
253 56
412 443
125 381
351 338
12 346
329 135
9 182
192 164
45 289
260 282
141 245
332 73
343 258
65 306
295 393
301 428
223 48
282 66
404 348
194 133
120 268
450 376
40 481
271 143
425 85
182 383
309 419
29 366
24 152
398 95
375 320
220 51
117 98
447 2
487 21
289 493
369 107
89 92
235 261
198 212
95 12
431 233
99 256
409 313
408 124
444 307
358 283
233 16
19 328
349 180
26 358
466 491
83 247
9 55
119 318
182 59
292 66
323 466
279 392
16 232
391 187
322 312
180 101
429 55
88 199
58 131
122 114
361 376
283 205
375 222
282 402
468 409
375 74
466 291
375 154
341 334
498 118
220 163
71 179
230 1
132 159
125 140
16 106
163 486
61 299
53 38
300 343
269 22
165 175
330 88
274 41
159 23
39 273
304 231
233 110
269 34
27 217
324 394
232 43
195 487
378 293
488 248
122 178
353 258
346 140
33 35
59 120
245 192
276 98
208 49
436 361
78 329
223 463
358 254
94 307
101 405
6 472
2 441
199 128
268 207
243 397
370 153
346 154
104 467
369 474
335 164
493 305
120 265
20 68
375 478
384 114
438 328
122 242
370 440
499 173
71 491
144 94
248 293
112 342
168 352
16 481
138 3
121 361
281 258
89 141
107 157
337 325
67 397
337 459
133 289
132 188
283 56
201 277
471 31
236 313
295 140
495 104
318 433
44 468
461 99
108 133
310 68
465 446
257 229
18 154
343 242
298 151
280 478
361 351
165 103
95 97
54 312
245 443
411 372
471 141
126 373
293 80
378 436
165 259
265 487
230 36
39 460
438 380
232 319
274 300
249 397
209 370
313 155
27 306
448 224
97 351
283 426
363 243
354 161
148 380
416 119
432 230
111 307
126 222
22 343
92 401
123 124
279 153
311 436
12 159
10 259
186 462
205 145
306 401
133 59
30 306
389 402
209 462
185 0
195 336
89 59
183 139
292 212
0 315
474 103
215 12
474 336
481 253
6 31
90 139
445 139
41 121
83 186
186 251
439 120
180 233
372 380
444 363
178 16
472 444
308 4
340 187
292 135
166 321
460 298
289 257
230 258
444 183
286 165
286 483
216 77
457 466
181 441
309 401
197 212
216 281
320 357
492 409
230 112
262 159
268 191
301 404
87 498
15 245
80 373
450 301
119 149
90 259
12 153
365 399
181 209
66 433
194 353
466 411
70 425
468 80
484 190
40 269
366 71
444 55
209 447
96 246
5 328
481 38
289 17
78 198
484 322
176 497
408 178
455 494
74 478
20 275
44 59
482 60
115 263
62 279
25 324
5 10
48 383
400 338
389 189
12 331
328 373
403 40
34 236
66 211
486 108
19 86
146 383
146 2
281 113
438 208
70 158
41 443
133 118
159 442
273 22
247 171
211 453
189 151
214 97
206 107
193 200
83 77
79 191
304 81
141 212
371 242
37 211
181 412
206 23
45 341
364 331
284 293
296 428
25 325
432 10
62 83
161 125
316 498
79 92
305 121
215 73
284 176
88 105
128 318
159 295
126 25
318 375
155 263
88 466
328 33
116 21
146 391
389 129
222 315
288 320
393 379
55 355
460 30
348 495
290 440
466 359
86 269
384 284
251 242
275 472
493 431
322 243
373 492
159 63
236 447
326 447
302 481
363 381
228 263
55 211
422 19
140 21
158 361
455 24
348 261
192 230
325 342
186 15
430 198
497 345
292 166
148 323
56 446
209 11
75 285
156 117
138 349
62 148
24 296
57 17
247 372
66 250
117 425
123 252
449 47
214 473
148 241
188 214
77 205
342 249
366 4
354 350
498 357
153 268
286 374
246 211
313 385
310 165
417 430
477 286
259 367
460 43
109 407
464 0
102 187
191 306
156 468
325 397
166 6
232 331
42 304
189 479
144 207
137 0
286 413
132 114
10 45
452 445
445 119
158 269
75 47
368 202
99 84
442 45
376 117
421 175
6 270
477 463
463 2
415 114
81 249
146 400
345 443
62 450
219 142
190 221
423 295
231 58
455 374
344 25
200 332
454 117
80 206
60 432
398 43
144 328
228 331
274 290
241 425
67 189
262 460
107 257
167 185
411 190
216 475
307 107
225 416
475 113
45 305
201 35
363 296
479 345
488 443
368 254
295 81
41 288
397 57
94 1
191 417
392 5
113 407
176 199
312 190
347 3
390 210
358 48
246 106
49 337
443 234
315 270
58 238
147 208
61 455
372 241
99 253
12 264
315 212
254 40
395 480
42 101
2 286
392 252
89 248
334 293
63 385
475 149
209 473
429 123
364 271
376 153
270 463
27 240
281 437
417 281
235 176
314 311
63 237
485 58
352 5
390 171
320 415
241 217
340 381
152 170
175 205
20 380
121 445
383 48
181 254
282 152
464 268
5 97
155 379
384 342
13 359
275 126
344 185
67 368
390 184
241 71
304 65
363 262
162 425
179 98
102 195
464 461
410 66
298 469
164 418
277 182
309 177
215 404
272 153
337 134
57 162
228 431
45 361
286 443
41 207
402 317
131 143
62 366
188 41
459 360
394 352
381 89
493 203
208 448
82 266
428 398
329 492
353 8
303 374
433 492
161 196
192 335
54 292
186 254
466 94
298 497
86 212
416 31
480 80
198 124
374 414
406 478
339 203
429 112
456 142
339 362
198 117
262 31
137 104
198 448
445 455
167 348
379 384
316 435
412 359
126 14
492 286
342 384
348 183
326 271
134 304
274 17
400 184
140 36
484 389
196 338
38 281
165 215
151 417
129 481
347 415
53 255
491 192
375 395
19 340
144 53
70 153
189 418
306 322
211 329
19 290
424 259
475 57
326 89
423 126
393 455
210 270
462 446
342 202
394 190
243 361
366 38
309 166
340 407
88 115
258 404
163 459
368 182
123 138
116 194
150 46
169 9
456 212
266 483
173 150
11 160
51 269
287 229
488 212
179 127
383 76
35 437
471 47
37 255
449 95
141 154
163 451
16 162
146 471
121 282
295 319
440 484
65 198
410 227
207 53
481 89
379 90
489 368
123 350
445 27
181 425
228 439
101 196
20 244
379 247
419 493
478 174
224 211
291 395
449 134
223 498
440 282
151 102
305 430
309 126
51 250
189 342
390 280
376 143
242 410
404 255
281 161
373 234
481 5
491 164
14 282
65 215
169 306
236 216
342 474
77 397
239 246
26 118
261 130
392 402
10 4
17 148
234 291
149 242
258 216
498 140
207 124
431 63
131 229
55 19
417 474
72 132
103 8
138 450
352 364
220 383
31 214
358 90
184 266
482 7
147 443
419 480
396 355
84 350
370 27
353 491
124 139
147 425
375 227
443 138
21 80
146 16
458 404
22 4
11 142
437 356
337 159
366 357
59 85
112 302
293 281
420 318
243 269
348 420
58 471
403 144
160 431
187 49
54 470
464 210
66 65
76 402
111 255
340 294
448 22
304 305
123 94
363 224
144 218
41 212
356 54
337 296
346 368
190 25
235 252
169 154
56 153
409 246
392 19
42 101
406 193
287 346
422 381
452 150
214 419
473 493
290 422
142 311
188 488
240 332
487 423
76 409
7 395
267 337
439 252
445 309
7 345
79 232
234 281
200 31
376 301
223 26
189 166
6 218
50 377
152 246
156 37
285 228
66 15
267 52
213 5
202 212
296 220
1 281
164 31
332 54
80 41
59 407
125 121
498 66
312 176
65 150
230 320
188 350
254 296
153 455
20 467
187 208
341 316
199 41
95 6
47 31
439 27
148 458
24 416
92 498
148 189
361 10
212 378
27 49
357 467
434 32
240 377
45 474
367 82
440 245
128 462
341 339
297 419
336 341
339 174
363 280
290 339
69 76
478 3
322 448
481 335
64 108
82 73
7 461
206 449
263 447
286 187
106 104
297 436
110 442
223 136
475 325
253 365
368 397
345 231
418 42
151 326
252 334
296 233
35 259
207 354
41 298
255 345
133 148
442 404
41 95
420 165
31 368
265 26
257 251
294 463
289 28
362 445
30 41
153 158
13 65
216 360
57 406
406 323
227 191
286 349
366 120
341 59
85 397
1 106
69 194
222 147
444 211
104 85
243 474
392 257
469 108
367 460
135 27
70 273
122 362
335 208
267 341
90 176
134 204
399 91
238 56
267 121
206 34
9 223
481 302
262 253
213 302
329 481
255 348
62 251
460 229
70 249
277 227
432 161
104 412
468 183
304 195
229 87
162 363
165 90
343 495
298 279
261 408
108 479
231 368
97 23
272 43
122 20
33 50
314 54
89 137
184 134
73 394
257 414
356 235
231 274
53 200
460 381
360 166
34 69
92 443
338 132
4 216
118 461
367 37
26 432
66 457
351 63
329 139
227 460
234 185
237 458
191 139
306 198
267 403
347 340
324 211
279 185
498 180
217 398
330 366
323 96
11 249
240 174
134 340
25 467
277 220
359 263
313 468
372 165
358 432
143 71
108 182
363 274
172 107
473 432
380 355
456 148
322 391
231 196
16 308
28 109
224 293
114 239
405 37
469 338
261 115
297 464
238 221
180 12
297 263
118 153
301 177
421 74
122 475
135 152
113 138
284 15
255 337
374 250
440 12
127 195
11 201
274 424
289 102
365 455
460 86
115 335
261 262
89 36
41 383
374 225
240 154
492 10
260 347
359 218
266 52
105 486
411 277
231 379
334 52
138 96
283 295
409 253
290 44
280 350
75 331
337 154
164 168
367 329
400 276
180 227
213 166
295 285
164 476
28 379
475 351
146 18
272 111
155 55
405 414
97 435
89 333
353 434
116 105
233 220
299 16
34 413
50 13
489 329
60 215
66 370
388 36
499 64
471 12
426 154
90 228
61 375
310 31
489 266
339 426
294 74
340 138
3 328
9 390
105 345
215 70
458 23
87 455
320 457
111 58
287 246
474 53
437 200
319 136
62 278
352 158
148 208
36 192
83 152
349 45
467 40
64 416
371 425
234 3
62 191
290 346
251 201
401 116
252 40
318 220
230 166
374 23
215 231
383 410
307 150
43 84
0 127
52 107
462 223
267 139
337 24
225 409
25 88
481 479
51 277
443 299
322 282
13 317
79 390
392 248
332 238
365 435
394 184
407 270
409 357
233 26
435 246
186 311
290 460
89 167
319 341
475 32
201 493
235 488
88 132
371 128
63 272
308 88
358 310
167 68
94 119
217 400
211 30
342 256
423 1
195 432
464 94
88 170
11 18
150 323
451 451
76 373
462 367
177 384
452 172
292 196
96 47
429 361
117 160
13 271
203 41
487 208
231 20
38 75
251 94
397 188
414 54
421 473
358 376
48 450
498 162
209 192
54 95
107 138
410 171
64 120
181 465
485 52
479 264
210 23
64 230
285 459
433 478
206 58
361 143
305 254
299 359
306 367
357 353
24 413
386 267
85 441
345 67
183 70
446 324
55 245
204 362
192 192
250 489
132 398
4 463
323 290
9 303
156 481
395 366
486 33
474 133
52 71
141 319
495 235
480 439
301 50
94 36
26 493
391 197
160 158
300 396
199 335
317 309
28 208
93 64
197 14
85 67
238 249
336 78
370 85
488 168
204 171
165 82
279 82
93 408
156 440
127 393
55 208
416 444
8 83
449 361
428 57
158 386
464 18
455 346
14 334
358 443
26 71
153 375
283 157
449 246
492 292
0 77
21 47
482 268
129 382
291 431
317 409
279 450
296 133
320 234
178 163
86 178
53 56
213 239
338 188
480 163
92 182
229 480
100 465
199 63
494 81
490 491
441 163
148 121
356 89
104 468
146 386
442 190
282 51
240 7
22 120
302 72
405 114
432 383
298 5
87 131
122 144
307 429
51 415
357 455
276 407
145 461
152 274
326 439
446 434
406 418
490 321
287 60
295 395
253 219
351 93
237 340
269 325
241 396
203 172
79 98
411 479
254 76
15 63
349 432
202 462
135 107
167 44
292 422
142 314
407 45
237 345
22 496
392 358
31 115
65 96
427 110
187 477
392 33
317 54
16 242
349 19
416 151
426 369
183 208
253 420
117 443
439 490
348 139
255 184
132 379
342 320
149 59
93 381
435 42
284 262
282 304
307 485
354 198
258 233
5 390
333 11
353 122
262 124
308 53
285 369
41 440
0 127
360 191
233 445
207 147
451 17
354 341
391 111
196 61
451 149
12 202
324 136
260 365
271 438
307 69
361 56
35 349
40 361
158 395
42 273
142 218
411 346
309 348
409 303
304 5
207 212
348 317
34 384
322 461
30 305
361 130
331 391
105 396
143 371
496 115
333 38
384 490
190 245
400 45
50 100
312 204
373 258
142 13
474 408
65 316
446 356
99 427
175 277
0 204
320 319
357 348
190 5
250 93
138 381
481 150
207 40
150 145
158 80
340 144
461 484
340 406
185 259
37 440
496 212
31 389
90 316
174 240
185 280
161 424
427 175
216 494
492 486
418 366
363 2
487 259
17 324
83 179
119 54
266 472
362 116
284 150
242 452
84 458
235 428
455 246
92 14
0 23
390 84
439 270
381 105
429 426
105 398
304 12
337 77
45 71
73 199
3 329
140 315
95 87
185 227
93 51
74 130
214 93
215 316
421 153
431 97
347 350
215 389
466 152
223 52
103 11
192 148
463 458
45 184
263 59
462 83
213 356
301 36
353 279
285 17
114 126
329 216
105 461
465 44
448 423
286 188
188 403
361 331
367 152
63 258
341 131
487 25
61 406
186 141
158 266
393 471
39 124
437 222
118 497
420 403
443 418
321 59
390 132
284 182
440 257
388 199
224 134
40 228
369 137
404 78
49 379
3 149
223 441
438 440
195 193
111 358
417 139
271 284
466 159
417 407
106 258
392 157
237 182
319 285
363 458
337 75
224 265
206 192
133 299
492 144
354 328
319 455
239 124
283 90
497 57
168 52
62 455
137 412
197 299
258 309
384 413
178 95
288 461
260 236
232 273
453 105
412 86
62 273
215 152
61 198
250 65
20 229
142 164
464 10
319 191
104 74
21 203
164 134
370 309
434 277
382 102
41 240
365 146
150 103
301 80
145 212
293 404
68 18
28 287
331 384
458 347
50 435
70 480
141 67
344 292
395 428
168 78
224 436
391 385
465 375
439 193
449 463
481 84
372 369
254 9
356 203
490 64
44 406
325 412
205 38
466 169
99 452
240 486
371 176
51 131
176 188
151 342
278 477
347 132
141 150
205 453
17 497
256 48
312 414
452 81
103 17
321 418
256 202
378 61
193 127
315 281
475 221
199 467
451 254
256 46
499 93
442 314
362 368
282 50
484 174
44 234
4 439
141 365
279 260
387 372
5 472
45 55
22 481
87 244
142 325
418 343
157 493
362 213
115 371
46 144
379 99
390 442
307 383
144 32
256 86
410 383
438 261
94 308
52 312
138 181
25 195
188 408
473 34
406 50
47 89
40 452
394 426
161 431
315 53
492 157
41 423
184 254
62 331
496 279
312 115
162 134
394 337
224 202
105 368
309 130
434 152
430 201
484 328
233 91
249 299
222 225
480 142
325 259
390 394
9 321
307 202
392 23
78 202
422 116
98 183
187 83
284 32
212 117
60 121
420 445
23 161
303 495
106 355
249 481
302 348
402 111
486 462
16 294
262 64
99 290
373 212
244 286
403 9
130 456
254 316
477 403
398 277
484 133
114 356
204 233
196 268
230 106
253 183
99 98
388 367
80 199
337 261
271 324
133 93
409 253
156 387
16 386
19 406
262 0
85 485
254 318
425 134
169 336
435 30
397 268
319 175
437 329
154 157
250 60
313 139
26 159
397 470
376 394
246 417
254 491
309 331
317 8
197 86
116 486
107 484
159 366
195 278
287 448
360 201
340 37
48 26
348 218
112 298
67 76
67 358
42 321
182 229
315 359
198 379
215 284
2 157
435 226
27 197
251 75
112 387
265 91
162 13
163 113
42 274