6600
485 230
51 109
190 379
238 233
464 358
142 288
297 179
258 144
193 85
160 285
172 444
388 124
489 290
403 50
324 152
382 445
407 161
40 434
19 449
307 131
271 484
15 301
297 69
154 273
58 491
287 314
438 83
373 175
225 280
432 128
426 402
415 315
101 333
134 456
87 120
456 442
243 358
279 324
97 41
384 433
99 8
91 171
347 390
170 316
444 424
178 102
269 370
55 94
50 370
491 190
484 489
199 299
123 227
120 479
264 73
81 4
176 216
106 24
340 375
299 128
82 136
359 330
424 352
74 266
308 326
315 65
217 292
372 366
345 340
413 492
497 462
178 494
370 25
400 136
116 62
51 51
381 198
402 410
28 305
483 477
394 337
481 298
17 111
304 353
198 214
176 217
64 47
424 206
194 434
349 324
227 310
361 400
310 109
266 115
444 190
27 250
400 339
302 361
66 269
484 106
176 116
163 160
219 240
26 87
263 265
428 375
275 491
452 141
256 437
128 70
172 201
392 7
368 73
342 46
153 287
403 178
191 329
421 67
6 410
175 447
175 122
113 103
96 450
388 417
487 353
406 368
227 160
85 150
196 96
235 279
458 201
382 138
57 149
411 155
103 416
38 438
394 278
80 3
420 490
195 320
188 407
419 101
103 268
364 356
136 152
205 451
89 446
447 88
243 499
415 358
148 198
328 453
456 42
385 261
81 228
487 80
34 122
390 407
263 137
289 106
57 251
197 495
435 498
497 496
206 30
81 264
217 355
249 261
22 25
105 134
215 456
78 93
352 249
238 320
278 467
71 380
227 187
185 120
117 14
44 35
299 323
178 477
239 369
246 280
414 113
69 352
297 481
82 499
171 149
468 321
53 449
136 39
160 280
294 174
61 129
452 190
20 360
81 483
263 111
224 328
180 177
159 146
497 329
478 93
414 169
470 298
338 319
99 459
485 350
479 245
288 46
258 431
266 308
271 340
168 29
59 495
493 200
29 218
163 343
364 359
9 78
397 334
145 347
49 349
446 482
28 28
312 234
394 139
479 78
108 165
13 499
51 167
237 6
201 432
291 400
330 65
252 152
0 80
429 249
232 49
430 227
462 112
251 242
172 356
374 230
81 280
299 387
245 132
64 388
289 447
12 207
360 471
51 264
14 212
113 332
60 98
210 43
137 374
82 462
44 310
442 456
343 126
110 94
482 89
388 175
234 123
447 400
17 94
158 498
183 383
481 272
167 95
321 43
5 305
467 403
212 402
380 261
355 55
496 490
17 190
313 384
137 252
198 260
111 154
389 357
481 146
93 222
265 148
305 414
169 123
25 272
386 381
289 405
395 241
431 285
22 265
17 97
209 159
165 67
424 320
318 54
276 257
406 411
325 393
16 211
336 347
228 41
298 222
315 17
155 46
311 99
196 177
336 328
247 405
78 353
407 24
281 396
308 35
428 187
251 485
332 445
338 87
161 61
430 137
183 328
427 85
114 494
174 123
381 302
155 421
445 459
355 414
301 227
266 163
149 230
27 17
456 333
246 365
354 469
298 177
114 37
383 225
201 229
31 409
183 82
41 39
453 128
207 396
412 255
337 326
343 413
246 216
433 152
121 493
22 288
177 271
497 488
69 61
470 198
280 453
492 153
134 321
69 297
404 193
19 481
394 241
309 215
219 493
486 243
31 192
464 360
348 208
121 313
11 418
371 444
449 143
316 215
12 435
129 385
367 417
10 0
67 113
106 320
63 138
331 444
156 446
6 147
460 357
275 128
424 471
466 498
213 373
309 282
167 77
346 290
142 386
352 357
29 62
200 310
255 444
390 383
30 263
120 396
376 490
313 247
245 300
26 279
61 310
240 335
477 81
319 86
295 119
181 23
334 324
120 382
265 441
204 10
259 296
138 325
424 487
288 452
83 170
332 314
1 497
430 424
11 478
97 249
125 158
483 131
13 459
252 103
466 130
278 456
133 77
64 417
221 58
80 352
18 304
301 264
189 371
349 231
333 52
210 299
430 458
269 45
1 295
425 21
329 467
44 56
473 315
373 108
313 46
350 305
69 183
55 4
87 110
162 256
55 420
230 373
270 337
132 351
372 271
238 410
318 54
369 134
95 143
189 242
399 260
443 391
395 320
431 350
107 483
255 445
170 14
204 338
189 441
212 188
450 62
116 303
289 268
411 337
431 384
144 100
492 330
150 440
290 239
222 433
231 249
264 330
168 401
342 320
8 209
123 407
210 459
227 239
428 499
236 491
91 359
189 380
320 435
175 192
477 463
212 249
431 208
110 328
148 451
161 304
211 157
468 284
376 273
125 47
38 304
164 361
93 482
269 353
397 266
81 444
46 375
435 293
122 329
281 45
202 122
131 442
226 265
391 451
499 102
407 16
229 389
371 423
276 174
292 141
437 26
401 373
19 335
165 188
234 493
115 298
240 288
53 99
50 318
421 296
164 49
439 180
103 245
420 162
155 231
257 64
438 445
132 10
199 457
450 149
447 285
425 417
16 187
6 478
127 67
468 279
311 291
37 259
422 414
497 309
373 429
226 107
469 163
120 359
8 168
305 422
192 456
495 230
61 208
275 353
484 188
331 96
355 295
209 368
29 129
59 59
166 403
66 137
496 135
156 39
313 357
313 461
44 5
214 160
366 457
497 341
289 350
146 328
49 145
274 207
266 78
481 185
323 284
420 400
291 171
28 76
389 104
110 193
206 285
242 176
369 72
422 239
420 159
156 420
480 469
399 282
468 98
383 233
133 143
166 303
231 424
380 195
240 120
406 342
370 446
370 0
92 92
251 293
65 12
333 259
41 45
144 232
465 361
356 379
182 450
226 23
70 265
385 107
301 310
109 143
144 172
264 479
124 88
100 367
126 42
87 433
17 167
29 83
314 483
433 385
260 496
113 12
119 330
493 499
494 272
444 102
433 490
78 60
427 58
100 30
463 405
73 39
475 333
316 454
191 289
138 101
113 304
486 251
102 84
357 479
433 449
439 153
214 367
277 370
400 493
399 229
268 216
49 324
130 95
237 217
170 173
477 375
478 136
220 464
295 81
382 429
83 229
448 321
43 297
142 77
306 296
12 41
217 426
22 413
482 347
21 259
486 152
288 498
314 316
249 361
290 110
191 131
305 225
374 139
216 348
144 17
58 374
300 8
273 276
475 174
285 255
260 496
347 123
440 400
261 161
271 189
321 404
129 462
453 126
326 4
373 21
395 323
331 431
59 48
222 457
212 35
383 360
483 472
225 230
244 275
465 486
242 15
330 138
116 224
228 283
157 442
265 101
384 52
100 449
406 296
183 175
387 470
443 66
149 222
498 20
6 393
260 315
453 101
325 90
226 69
363 405
358 383
287 129
430 94
390 240
267 336
306 73
492 154
228 101
121 141
386 226
41 480
81 146
89 494
415 258
163 315
50 279
260 21
115 189
429 190
378 358
431 48
202 36
490 275
268 431
9 111
443 154
301 51
397 376
134 390
57 165
296 149
170 459
148 56
98 138
496 430
478 476
364 279
55 33
316 354
318 175
330 177
80 261
490 483
225 478
495 476
126 134
93 291
199 148
286 93
375 297
125 134
266 354
239 489
344 321
348 407
84 162
275 178
13 165
495 117
94 238
372 490
133 220
220 317
411 332
129 359
493 286
492 106
95 259
432 83
490 291
305 281
311 427
444 433
50 325
63 439
281 144
216 288
105 414
98 289
148 368
7 79
185 141
253 351
287 280
72 185
318 277
56 229
162 130
307 0
291 213
209 222
10 72
338 278
67 468
188 436
15 215
356 195
399 200
333 461
147 186
315 257
486 317
447 372
224 1
214 106
329 16
88 275
53 339
159 279
215 120
335 348
395 83
135 44
5 294
480 320
429 4
322 296
20 416
417 121
228 244
260 483
258 57
248 201
480 312
284 260
108 47
482 120
16 355
150 470
290 373
230 482
130 220
488 52
173 150
247 257
92 253
162 359
60 350
14 411
171 392
292 299
271 131
486 274
96 139
12 488
471 387
459 242
146 101
104 447
56 172
425 203
62 148
350 88
351 475
219 365
16 374
357 11
138 139
278 343
332 234
473 142
237 155
108 432
231 235
407 64
267 139
287 185
125 330
157 490
355 476
202 376
388 223
362 59
254 378
112 492
486 438
93 438
370 223
459 202
266 454
93 218
403 386
216 233
223 380
208 373
249 430
5 410
321 489
367 367
211 76
14 332
270 197
273 108
162 492
298 84
302 280
166 244
477 58
438 234
459 52
482 147
409 61
50 339
206 231
307 270
454 269
466 321
281 76
68 239
323 295
76 219
463 478
36 94
329 440
492 326
325 140
201 326
165 235
318 252
374 223
492 477
150 328
404 310
402 432
79 324
43 77
55 7
102 6
298 443
270 283
423 142
320 95
182 125
229 337
60 352
329 455
283 404
67 480
264 39
215 321
398 343
351 259
117 454
397 305
440 268
410 19
467 363
340 83
420 1
354 421
376 333
89 183
15 11
402 156
329 131
475 118
229 228
34 178
335 198
466 431
303 275
490 229
312 270
123 183
456 84
417 477
13 333
196 359
367 28
160 451
69 197
425 487
17 150
348 459
242 352
127 167
248 397
167 469
152 412
496 291
120 109
294 266
125 133
14 342
293 492
41 26
13 362
364 466
277 30
234 213
232 20
417 213
182 480
392 437
80 187
296 240
6 200
186 442
284 483
328 52
78 78
292 369
336 91
473 157
370 113
485 59
272 454
434 255
192 306
493 178
418 124
176 289
231 277
260 362
414 368
446 440
310 344
287 238
395 498
463 112
171 117
71 449
56 443
102 357
387 248
224 95
237 158
435 400
115 468
336 47
488 381
226 134
373 150
148 13
126 120
238 111
412 149
445 161
371 468
68 47
142 258
416 292
45 379
200 203
251 160
393 388
23 91
241 471
485 248
368 241
204 463
464 458
472 117
437 409
456 343
453 358
150 451
330 370
425 47
59 382
271 176
119 453
424 294
394 212
453 261
76 262
73 158
127 41
450 45
240 416
274 259
210 193
415 425
324 392
275 341
369 384
337 46
192 341
53 113
375 86
200 359
369 303
344 273
170 348
264 147
406 262
456 39
316 468
360 223
416 140
24 135
33 138
479 213
327 225
163 384
95 54
357 364
489 316
164 54
53 12
274 429
320 311
279 82
306 136
128 139
127 74
212 5
218 160
238 43
280 397
451 401
117 227
44 161
67 107
119 208
137 472
283 393
328 309
445 62
53 134
60 426
431 180
193 125
168 1
399 431
332 300
28 202
215 450
409 72
280 134
106 28
273 270
431 389
303 101
87 377
155 357
389 0
125 86
87 434
365 145
446 338
41 50
352 326
398 256
391 261
141 30
152 497
239 266
220 84
313 42
251 307
307 468
406 493
427 284
430 345
184 293
195 228
54 225
333 47
160 304
186 224
74 301
67 191
127 313
207 139
299 440
260 459
304 458
243 18
363 231
376 173
253 399
124 71
470 307
463 310
386 130
283 1
192 460
125 203
342 319
111 185
144 141
100 223
93 448
31 343
368 309
208 408
331 121
280 185
495 302
284 95
96 381
194 68
271 141
312 319
4 113
107 276
499 0
300 207
50 93
402 184
92 270
391 462
147 275
429 23
118 494
376 214
134 214
207 70
241 405
370 20
296 98
450 477
184 147
240 103
287 86
356 494
309 231
6 99
122 456
451 436
2 240
307 179
101 136
393 14
386 194
292 263
93 182
330 95
198 277
216 422
269 337
68 424
24 78
386 426
214 498
239 189
368 216
204 398
264 321
16 97
361 151
185 160
255 454
83 15
290 305
142 151
76 59
489 210
137 452
450 375
417 351
420 41
439 137
459 124
222 204
207 327
487 435
241 392
260 95
400 176
328 50
461 43
105 404
208 450
177 94
446 158
200 94
84 218
342 139
195 43
222 416
351 254
499 209
304 92
269 259
161 57
100 449
205 122
424 57
152 413
71 101
48 450
168 271
263 484
379 362
279 310
417 101
162 130
75 416
175 467
376 196
145 188
310 328
385 350
263 86
187 37
339 186
458 87
423 7
370 73
235 302
403 149
131 152
68 66
385 206
402 95
283 261
441 47
249 445
31 326
216 12
199 71
10 55
415 9
434 434
236 285
286 21
174 140
58 417
476 94
190 443
56 378
278 325
271 497
175 27
392 154
225 391
299 443
304 236
22 214
351 238
259 258
250 137
406 285
380 308
251 382
113 422
247 159
156 391
270 370
25 332
75 14
457 102
190 374
88 261
351 212
323 439
428 463
248 73
382 335
69 480
402 485
145 182
425 2
224 153
485 196
210 101
204 61
435 20
281 246
459 376
167 485
448 282
355 96
283 48
29 89
75 352
387 431
285 72
225 312
360 10
111 211
124 423
443 167
414 411
139 76
61 373
7 307
255 361
410 362
304 390
94 439
222 379
303 481
294 360
370 28
91 154
77 481
149 67
479 372
449 415
288 118
277 10
224 295
9 384
126 134
425 313
44 221
202 499
359 199
228 496
3 229
63 171
239 80
453 64
479 218
188 254
116 119
266 318
54 340
474 275
441 181
402 251
251 337
37 104
101 110
192 117
288 104
36 255
171 379
449 341
95 150
121 138
308 212
404 387
14 362
43 231
482 455
145 445
402 85
196 34
151 355
311 388
495 291
171 347
41 18
168 120
110 488
52 141
28 418
133 457
188 42
350 176
474 22
108 495
29 376
83 304
44 32
323 394
93 391
409 346
319 134
123 429
70 429
200 175
484 450
492 333
361 172
195 194
189 187
415 155
311 70
454 498
392 207
98 130
476 486
472 359
140 295
77 95
123 62
12 277
110 107
132 356
51 323
11 179
334 92
15 426
425 145
352 469
99 169
155 302
161 428
223 128
75 153
215 152
429 50
158 227
83 391
215 142
321 486
431 78
356 155
152 446
415 281
303 4
158 367
295 310
290 171
324 370
23 366
268 39
118 304
196 426
68 201
40 263
193 241
396 471
417 49
183 48
404 184
403 486
296 414
85 198
421 87
305 261
300 444
100 73
352 418
472 148
263 272
14 364
335 456
6 262
163 104
140 41
27 67
334 44
94 175
114 419
181 15
311 271
197 333
252 412
60 401
173 76
440 324
132 39
302 127
231 138
31 465
384 371
267 410
86 218
138 362
377 52
324 171
4 41
453 373
274 108
36 13
189 447
487 476
103 322
312 289
106 186
410 344
254 490
209 177
391 192
245 347
370 269
310 421
294 226
187 115
480 68
367 223
52 170
344 354
495 7
194 156
352 101
92 456
133 459
151 301
0 25
146 248
21 222
300 308
423 315
235 487
63 403
425 455
309 115
474 121
130 157
110 20
476 482
293 54
207 462
339 297
397 59
281 337
145 419
86 82
421 420
175 174
129 484
451 453
74 290
447 426
446 204
39 410
464 275
237 332
129 172
231 428
265 379
298 365
447 262
182 384
410 368
205 209
162 39
330 156
82 237
293 129
39 381
156 332
17 356
28 245
173 498
377 111
476 438
52 175
412 275
496 234
295 322
214 201
357 458
47 44
25 292
173 340
25 65
421 329
74 42
40 301
412 99
389 418
445 241
16 441
27 357
32 12
65 322
132 246
142 275
67 31
372 167
232 240
421 249
291 5
306 347
446 183
101 71
312 335
128 47
256 328
193 7
329 288
34 110
385 314
345 28
196 452
192 69
318 280
286 465
312 109
145 444
15 258
445 246
145 179
360 425
432 402
190 53
163 114
428 77
105 401
353 125
195 301
82 398
363 13
475 220
164 176
286 120
218 32
211 84
361 364
266 71
476 294
408 456
385 492
393 188
313 491
144 98
496 8
374 78
298 212
388 201
321 315
199 26
462 39
255 262
186 324
118 21
330 162
6 378
418 215
58 251
350 231
92 203
281 198
410 466
19 432
99 150
177 340
231 298
60 139
315 487
360 246
261 285
163 190
406 119
371 433
165 464
19 73
271 109
427 153
85 182
332 446
138 184
334 361
353 369
208 246
493 168
454 69
111 106
225 469
403 17
334 448
21 420
381 353
6 293
327 308
254 443
479 159
373 244
465 313
60 226
394 174
95 405
363 200
170 206
76 440
389 425
197 262
115 262
55 78
386 474
269 234
394 492
236 249
414 267
345 201
227 474
231 239
292 174
381 94
35 314
239 309
71 276
38 436
366 38
364 446
180 252
96 134
235 426
45 184
237 149
476 390
482 465
491 207
154 274
88 224
33 41
317 179
467 104
143 355
153 333
437 7
493 334
260 33
217 228
378 158
48 454
271 354
413 30
156 263
487 67
108 96
275 373
477 277
485 242
427 472
332 138
472 364
397 325
406 85
95 466
273 136
342 143
26 396
11 255
175 34
131 351
224 135
265 258
1 53
378 250
388 280
145 210
387 213
150 394
361 293
281 245
240 486
382 123
379 118
153 246
97 406
393 136
394 321
226 158
408 247
28 104
314 149
362 173
67 54
199 364
461 280
118 481
104 201
320 353
99 335
241 325
461 196
369 487
145 207
455 95
200 406
55 483
8 366
420 269
133 427
60 472
453 94
147 178
31 57
393 319
144 482
30 486
473 457
17 251
199 471
377 472
307 251
117 432
201 315
242 390
362 186
280 302
333 315
224 279
99 216
199 469
456 95
53 81
333 281
252 422
394 32
283 129
61 201
368 252
494 114
300 110
265 208
375 432
212 98
314 100
69 311
406 365
299 377
159 311
233 132
16 411
41 479
32 151
255 454
69 400
363 102
310 221
154 128
78 186
286 218
29 244
462 207
85 287
451 261
245 96
7 36
16 261
264 400
355 48
301 371
473 276
497 164
292 284
470 3
73 370
466 108
167 102
242 428
189 252
200 45
81 434
47 208
108 97
498 311
183 315
443 299
463 156
292 293
148 107
329 262
222 222
176 295
224 390
494 418
315 265
200 195
255 397
346 99
263 215
383 344
495 298
454 326
471 310
417 99
213 120
342 246
394 436
178 18
289 470
235 24
71 104
353 287
387 326
394 200
396 150
448 277
455 392
202 254
353 427
47 472
218 67
355 241
259 464
434 385
409 400
357 170
309 333
159 210
410 196
198 405
182 307
51 498
105 138
65 253
225 458
377 464
205 296
260 84
321 316
217 47
69 231
416 426
136 378
427 427
333 47
206 477
476 15
5 257
362 81
391 70
386 88
236 121
57 91
260 348
395 379
462 329
255 464
195 378
305 391
290 122
451 138
6 496
105 427
360 11
434 468
408 104
225 320
264 144
492 282
13 24
353 240
204 475
205 108
351 251
373 11
1 142
490 325
104 7
19 448
416 317
421 453
125 324
320 146
280 389
413 164
404 146
121 118
226 461
212 327
190 430
424 438
115 191
51 266
214 219
388 70
375 130
306 309
307 0
242 478
143 440
86 7
126 47
360 207
386 204
134 73
11 428
472 58
325 126
197 23
93 391
374 438
247 320
320 32
11 55
495 414
422 154
53 81
140 48
252 414
339 379
307 239
149 350
328 131
154 326
218 377
315 247
419 92
124 415
470 92
6 135
141 317
398 428
476 47
313 390
269 81
320 152
354 429
60 469
296 34
263 215
314 14
458 431
346 86
178 82
70 168
485 184
113 63
462 383
273 89
170 127
279 395
176 342
164 485
371 236
303 460
326 487
418 470
408 136
218 116
284 86
270 140
56 269
152 383
325 18
146 277
24 347
190 277
115 200
289 354
166 486
473 444
266 344
480 243
359 174
260 50
43 143
264 383
266 99
117 268
46 443
291 115
245 422
475 333
39 360
198 264
60 57
401 24
267 179
353 233
283 479
474 466
349 326
277 239
7 467
411 247
362 405
328 202
387 107
319 303
419 426
483 18
42 331
10 236
469 161
492 216
182 104
283 467
206 383
350 60
307 213
119 113
315 170
129 447
102 54
480 449
319 373
204 463
51 213
226 67
283 20
125 219
186 317
200 408
320 392
457 402
16 128
150 76
375 183
238 279
80 329
202 70
34 399
464 407
474 437
458 191
410 109
426 435
195 96
340 478
380 15
495 297
226 248
284 145
425 101
431 22
444 357
109 133
392 330
268 73
264 218
327 226
13 26
474 105
83 208
75 314
464 316
64 71
216 190
143 200
74 493
203 426
412 19
349 312
385 304
375 117
195 2
28 202
160 208
268 3
169 243
59 196
267 133
175 476
176 335
181 319
245 251
122 384
196 157
314 471
89 433
435 41
95 136
345 316
171 255
499 465
161 340
326 410
386 280
116 353
172 415
18 149
33 270
279 140
463 229
14 445
486 52
41 302
118 82
337 386
351 141
333 188
99 365
145 159
13 337
104 113
262 37
159 122
114 295
376 439
236 78
482 243
45 223
305 23
261 15
156 494
183 465
330 489
1 134
471 327
441 366
403 76
50 203
351 63
354 165
95 79
322 90
165 429
453 367
382 322
317 66
31 390
380 352
486 213
41 233
99 309
385 334
37 354
269 288
453 240
320 123
66 400
329 494
362 83
406 134
201 96
487 75
427 84
298 219
304 265
74 191
25 403
257 460
248 414
7 27
2 53
305 327
321 420
4 486
121 35
484 262
337 174
258 323
42 116
381 408
99 198
101 455
267 476
391 210
89 367
272 398
77 92
364 77
64 250
138 220
482 185
211 122
445 171
287 469
230 339
37 20
476 181
158 138
200 95
463 401
151 290
234 235
313 80
330 98
171 229
414 468
90 5
177 477
298 387
226 316
189 28
210 263
253 165
260 220
121 454
96 75
311 124
204 330
428 476
205 34
355 451
457 119
448 297
185 486
302 246
275 263
27 491
8 337
57 132
438 121
196 30
154 34
364 7
335 358
392 145
96 40
11 99
397 405
391 459
206 82
345 194
37 481
318 224
209 398
19 227
257 499
34 67
427 411
269 250
247 262
303 13
113 344
101 314
274 10
444 493
39 480
313 141
218 76
474 483
210 427
426 345
413 467
378 312
63 340
102 499
12 162
358 257
72 125
487 460
453 346
178 431
425 492
420 491
474 143
422 247
92 36
3 200
365 357
197 233
84 280
442 152
409 96
74 301
261 333
179 413
197 214
58 209
52 122
117 478
77 378
414 39
91 170
379 269
2 456
236 429
81 438
387 179
480 342
28 461
226 93
159 59
269 423
397 217
47 321
200 14
53 125
147 114
384 145
101 26
455 238
177 190
369 388
83 416
229 201
294 111
170 455
379 453
170 291
113 276
143 69
46 165
131 196
193 193
72 367
106 147
337 27
268 135
51 58
259 203
314 132
87 53
358 336
128 318
447 380
449 93
110 90
138 496
41 241
109 332
331 113
493 67
54 20
78 261
316 457
89 189
242 482
318 176
347 452
332 298
243 294
236 281
129 353
95 374
58 171
284 204
123 389
409 277
390 177
134 339
28 206
188 223
251 270
222 359
157 98
244 406
188 401
254 480
355 317
488 201
405 413
155 125
254 28
57 64
404 145
203 191
266 432
55 244
455 370
320 129
36 464
365 65
45 76
245 472
25 252
18 234
211 431
311 173
89 465
462 221
412 493
278 166
262 31
253 185
166 217
181 73
138 202
130 399
223 36
140 376
462 248
31 158
183 173
138 195
416 273
118 101
119 180
63 396
433 381
450 316
390 100
154 131
30 380
268 285
13 105
354 409
419 475
148 385
80 103
376 138
91 348
29 494
243 62
295 92
409 28
128 245
377 151
31 283
420 259
365 152
61 433
408 71
308 332
435 408
398 241
89 163
10 342
404 470
63 105
133 200
445 324
475 114
397 174
286 358
10 169
454 3
426 423
256 362
122 234
475 43
207 372
214 65
35 69
174 471
171 450
274 159
273 468
495 101
312 22
191 133
488 322
246 145
359 414
148 354
397 333
206 476
41 456
25 272
243 428
231 51
211 266
87 357
459 484
7 82
67 271
445 50
48 55
321 191
45 407
93 469
445 295
251 151
423 338
119 277
328 19
285 350
207 391
228 224
158 18
289 235
137 225
132 235
278 185
445 453
275 176
471 38
189 220
411 222
351 464
483 382
232 32
423 121
345 439
458 151
238 4
229 99
186 376
413 214
167 317
345 358
248 442
15 168
242 289
254 278
160 94
126 237
358 392
183 401
405 56
60 493
445 143
371 141
355 131
300 137
347 23
317 145
313 96
385 332
110 56
2 139
229 122
14 480
381 439
495 50
43 286
282 55
197 340
472 5
142 404
427 124
122 490
438 245
429 435
343 175
167 392
14 345
325 396
335 381
283 59
197 331
238 178
19 331
337 287
192 343
467 331
173 471
68 89
377 111
287 498
242 220
418 454
202 108
489 243
154 389
72 272
451 204
35 311
98 322
165 372
56 142
114 132
74 229
341 182
32 451
171 480
286 274
383 89
185 340
229 224
349 191
395 302
113 152
474 431
155 63
58 139
123 211
441 172
206 197
148 134
114 239
13 172
113 252
92 248
473 150
342 173
475 174
326 237
20 440
356 152
291 176
239 414
438 266
464 180
166 144
235 464
488 132
384 249
349 102
104 328
2 174
348 446
36 329
270 26
178 408
436 126
392 321
88 176
208 182
326 52
368 227
359 62
163 357
311 96
276 12
187 415
214 278
460 387
414 102
10 230
208 92
414 447
475 452
134 2
406 35
262 460
374 274
483 474
70 389
402 294
62 346
477 441
180 276
378 437
167 94
187 388
187 227
179 453
307 14
50 165
125 213
339 164
138 352
241 323
469 208
407 495
288 31
307 384
321 469
63 185
426 340
67 102
407 465
332 98
263 214
427 234
398 240
444 119
442 389
449 186
33 411
443 356
92 174
143 102
140 413
253 58
13 418
235 172
122 420
135 67
301 385
478 414
33 52
441 422
460 327
91 242
99 494
168 386
488 191
457 163
73 480
398 62
235 86
7 134
201 209
95 494
260 355
407 73
495 146
325 200
294 456
302 416
302 245
437 322
337 143
123 246
308 410
497 22
8 395
105 356
202 61
416 52
477 314
460 175
227 472
280 138
54 22
267 434
108 209
352 56
302 445
356 327
201 463
210 205
413 209
271 315
219 115
429 39
215 196
21 242
380 294
168 301
88 286
495 436
344 196
494 199
379 147
462 350
407 80
142 172
340 320
287 265
304 59
256 216
310 371
166 277
430 42
329 334
122 370
419 176
228 467
466 413
115 107
187 280
452 22
342 181
446 144
204 129
197 251
474 312
441 360
402 492
327 223
446 83
260 301
120 365
278 488
447 86
366 245
267 486
168 171
315 461
442 114
217 371
35 139
351 192
184 328
52 106
189 363
17 498
215 301
141 137
76 345
90 88
75 294
465 357
170 95
209 133
356 112
103 279
323 392
220 455
61 359
75 124
474 250
404 92
229 189
34 45
134 157
452 124
333 61
156 269
402 3
467 217
496 259
3 71
26 319
31 75
200 439
41 106
198 174
216 445
491 279
437 250
227 477
38 389
158 60
416 46
263 413
24 383
306 112
283 379
454 184
123 314
420 6
33 17
462 118
250 249
351 305
134 187
428 78
491 172
70 438
351 407
142 334
446 375
106 449
133 229
44 61
67 109
126 316
435 100
349 440
246 185
224 201
131 380
405 152
90 122
381 475
161 294
21 376
325 459
189 128
189 310
419 85
401 108
209 45
486 188
225 410
463 84
316 449
453 447
69 221
49 44
338 303
179 62
22 211
339 356
166 63
0 28
489 86
483 401
442 198
460 469
405 167
469 276
223 222
295 422
318 144
447 196
259 8
220 126
334 281
344 411
440 1
439 196
449 281
479 422
244 391
411 291
67 149
371 232
6 142
287 19
215 325
185 86
65 474
107 257
169 399
400 303
499 461
242 339
262 449
340 73
364 358
7 103
335 284
278 231
250 342
19 65
152 465
292 56
314 217
116 399
203 483
444 369
208 54
3 186
259 322
180 196
299 475
111 40
271 487
181 390
307 373
190 52
108 311
380 482
234 422
257 349
218 289
343 53
239 278
101 347
43 350
178 281
173 194
33 289
31 444
317 66
118 339
2 360
342 227
1 383
232 428
217 111
164 450
80 61
260 404
106 181
315 155
201 136
278 488
285 235
301 309
0 454
314 272
351 355
238 9
437 352
463 322
124 7
420 128
384 204
386 180
187 342
331 53
41 388
475 109
270 326
281 129
401 123
478 447
456 252
456 216
38 246
253 272
252 162
366 173
205 136
330 104
157 244
132 161
122 199
377 460
89 393
16 10
458 490
94 494
210 266
12 50
322 100
114 117
142 74
62 480
85 199
443 245
258 94
145 76
388 381
274 23
385 477
319 142
136 343
462 413
315 198
150 474
444 138
64 264
244 86
286 479
224 181
128 229
157 482
215 273
148 45
374 341
483 34
229 193
458 119
169 191
18 274
264 319
83 462
400 328
159 180
213 38
268 383
218 341
115 277
175 285
127 115
149 49
243 110
82 379
70 53
327 251
71 440
402 91
272 6
186 155
193 431
167 252
93 313
91 237
22 60
176 266
167 1
112 325
56 262
316 194
297 479
419 143
87 220
227 322
477 359
142 265
17 170
484 161
250 111
23 427
45 273
126 51
229 212
327 238
284 285
264 143
138 434
154 184
358 225
436 381
147 187
209 431
92 164
127 45
472 343
468 151
202 369
434 446
185 431
69 261
256 321
255 333
369 394
472 410
143 79
266 260
191 290
307 328
373 136
331 434
437 198
67 151
97 492
423 1
114 134
456 344
30 370
117 63
325 399
331 89
349 469
111 97
425 393
29 270
205 151
349 360
363 142
486 416
270 460
95 410
106 384
107 403
318 136
388 224
165 144
465 219
316 366
259 428
199 94
245 288
0 404
398 94
362 363
176 385
147 132
369 271
26 253
242 328
404 344
340 130
349 69
435 305
86 17
111 195
335 285
41 208
154 188
403 291
28 17
1 79
202 27
133 222
50 228
425 375
5 454
375 265
423 354
371 311
358 9
294 335
395 45
233 187
478 50
67 137
216 7
34 420
143 419
499 167
42 45
352 424
190 399
105 227
390 465
474 329
164 100
146 120
307 59
109 231
368 137
144 28
449 437
208 31
50 444
489 59
484 445
344 341
421 26
491 450
279 311
264 317
289 295
206 410
141 96
85 168
196 362
151 82
113 497
441 211
270 163
108 283
476 106
132 305
255 397
61 475
144 386
181 325
235 433
29 387
55 228
442 467
49 104
453 445
156 162
177 395
30 279
385 138
443 6
404 370
197 50
436 465
290 342
275 469
356 377
457 157
124 264
220 400
345 173
187 173
420 354
133 216
354 302
309 370
240 149
199 213
30 438
280 135
104 172
401 407
64 313
429 358
110 188
213 1
174 308
162 400
117 447
249 147
17 323
473 58
123 110
48 172
160 5
29 180
87 116
429 430
141 4
192 210
211 251
59 406
158 238
185 73
220 127
451 286
197 238
200 424
448 172
178 100
280 108
77 59
490 219
223 358
69 131
234 268
26 132
370 146
219 184
312 407
46 440
30 263
39 243
415 230
330 487
448 445
357 462
33 377
235 347
330 109
377 156
289 64
210 403
439 159
419 282
74 103
218 465
60 104
186 257
97 327
273 368
182 397
274 482
329 67
176 361
18 11
427 405
160 307
318 490
272 100
203 237
54 346
302 422
31 114
442 340
60 480
377 67
49 94
161 3
365 230
93 338
243 383
42 20
10 256
356 360
450 134
480 411
185 356
471 134
474 69
49 265
184 386
480 279
282 85
167 142
332 147
382 260
280 427
183 424
285 143
277 391
155 87
443 258
244 192
261 266
31 71
457 163
442 67
152 438
432 224
224 319
79 264
191 458
383 212
355 375
266 20
107 132
242 421
114 402
169 339
410 227
390 52
120 367
305 332
409 124
296 237
353 485
443 227
439 45
272 326
198 146
279 38
312 157
60 373
212 278
357 81
133 122
342 248
432 105
230 499
89 341
326 26
253 442
487 122
448 45
191 259
150 147
156 322
48 314
444 216
297 112
87 301
49 283
388 429
428 482
175 470
348 17
312 354
476 454
499 151
411 276
275 42
365 413
227 432
0 265
377 171
472 298
433 464
393 374
208 321
144 174
43 235
89 492
298 355
7 417
46 149
192 270
183 321
105 409
174 262
433 106
404 51
16 257
483 189
10 261
435 191
427 6
351 479
334 368
138 149
299 193
463 184
5 343
252 146
260 463
69 426
329 45
303 325
14 345
459 138
330 376
383 394
373 109
329 234
235 60
253 467
151 34
377 217
215 9
472 129
407 328
373 393
218 89
286 28
167 232
108 245
140 497
458 343
429 365
425 287
107 165
199 31
100 110
471 429
410 167
495 295
188 170
259 369
397 406
490 45
291 64
413 451
294 283
148 223
11 76
241 74
457 470
80 292
221 57
224 52
347 132
302 220
441 388
294 413
458 338
255 285
88 101
384 20
244 234
310 33
459 107
77 51
344 416
325 9
413 417
49 49
121 113
1 203
468 414
105 147
284 427
28 360
380 372
107 413
298 476
83 417
469 257
25 12
22 165
82 350
251 287
400 484
39 225
139 401
49 8
287 244
456 333
58 315
80 189
17 165
434 378
487 101
465 255
420 12
362 487
127 355
191 466
191 27
281 82
90 182
279 182
15 229
397 235
276 425
442 477
208 294
247 377
132 195
208 212
52 405
260 422
388 179
206 303
385 431
114 339
21 328
57 393
128 389
314 454
284 257
51 257
134 492
39 150
362 118
23 99
22 266
445 135
438 262
194 4
343 176
356 308
201 365
254 413
220 181
290 420
177 356
200 341
343 163
282 239
191 206
472 305
293 213
327 270
274 231
259 21
181 469
186 115
381 234
268 292
213 453
309 58
252 242
406 9
100 95
301 40
345 291
356 126
248 138
222 184
57 22
343 481
449 91
325 30
322 330
283 93
152 387
130 92
453 404
499 36
76 405
197 153
131 273
264 405
441 379
253 338
171 499
442 96
478 120
450 267
213 301
40 85
29 365
121 170
58 482
240 472
477 486
112 289
194 108
339 376
66 488
339 444
41 237
210 281
48 371
24 12
98 261
478 65
235 127
462 99
424 146
132 202
491 401
362 244
472 37
25 53
498 38
128 364
145 391
262 338
202 46
159 287
204 300
280 138
89 291
437 242
296 13
267 70
166 139
176 129
182 491
29 54
418 180
423 9
199 416
314 186
325 402
202 473
111 29
320 482
76 53
66 258
180 224
363 333
314 346
337 40
446 349
381 219
80 216
132 305
491 280
34 446
420 168
197 236
71 383
436 369
479 499
224 355
40 159
358 87
479 207
56 47
118 277
494 437
242 51
331 126
425 85
253 365
453 197
432 302
172 376
228 221
76 3
15 452
391 468
175 373
272 223
0 231
21 243
294 494
473 263
349 477
194 398
447 454
257 499
376 379
100 281
136 104
408 28
497 151
376 299
22 24
108 149
244 375
369 129
392 390
367 342
92 93
400 61
412 39
271 9
290 288
244 371
252 426
78 4
156 101
125 306
455 30
405 233
214 51
441 275
469 107
52 308
221 62
453 452
461 134
274 224
96 103
382 371
375 200
301 312
118 31
62 278
364 426
477 467
94 78
37 419
79 64
478 90
394 153
139 431
156 208
311 413
136 104
304 45
357 364
395 105
383 328
254 309
129 247
326 231
2 75
139 215
157 82
87 117
49 52
260 226
139 57
161 423
321 128
492 465
70 30
358 239
401 305
405 112
196 382
457 83
298 50
484 449
418 456
8 71
297 319
376 120
395 289
417 37
2 68
99 261
0 424
82 457
422 253
135 487
70 470
20 93
42 368
176 5
76 460
280 36
156 226
15 156
46 404
472 284
45 48
325 423
381 397
151 407
246 155
125 286
379 316
36 145
2 273
234 213
249 431
157 366
374 258
14 172
456 420
321 338
262 353
250 146
405 495
150 401
188 151
319 127
124 67
341 355
420 127
58 427
293 22
280 215
239 167
88 146
484 47
400 409
407 98
93 150
52 312
315 95
222 240
159 134
341 347
474 352
279 262
284 384
451 424
92 416
62 190
237 32
293 46
145 489
139 52
364 90
186 191
283 31
165 260
107 443
295 358
120 433
169 427
351 256
172 120
162 295
327 86
133 251
240 472
24 130
72 380
423 240
271 258
371 207
150 288
147 478
264 297
224 119
376 433
406 76
371 400
487 68
320 51
23 472
454 60
292 48
140 26
137 216
423 412
52 8
486 425
222 199
171 102
388 299
375 399
299 294
214 98
149 138
110 386
299 25
425 64
443 91
159 65
329 80
88 82
359 382
433 426
29 434
233 104
3 269
415 460
58 155
293 129
368 60
437 256
320 167
110 362
279 263
195 270
204 109
343 283
210 64
498 276
233 91
360 83
43 236
243 275
256 101
13 37
293 124
143 302
164 465
81 254
376 296
257 276
60 80
496 100
228 122
213 494
77 461
50 425
200 472
426 293
182 308
285 439
242 475
293 428
34 258
406 374
150 410
343 163
115 62
184 339
334 344
305 397
322 263
236 207
1 374
35 162
453 183
11 320
100 47
158 304
30 487
397 64
80 180
95 240
80 195
39 279
29 266
381 197
256 203
430 469
483 257
293 465
137 437
336 156
312 237
76 494
411 342
374 326
66 491
38 469
249 498
116 430
479 278
333 498
319 235
345 263
228 303
240 490
146 217
307 428
275 458
152 383
209 186
29 26
496 128
126 419
349 97
375 95
445 328
64 60
324 264
67 409
251 404
122 159
88 397
207 429
312 363
401 359
237 374
2 430
349 233
330 480
75 51
379 57
118 20
285 295
56 442
198 204
364 307
56 320
101 304
167 263
474 414
288 68
350 212
297 142
122 51
102 128
37 198
70 334
481 7
301 207
412 390
49 0
320 128
432 106
221 422
188 99
19 196
260 328
470 221
124 57
37 92
142 79
413 427
434 213
420 246
136 236
236 184
312 186
144 408
182 96
195 365
413 370
50 66
139 25
83 20
465 264
343 472
399 107
172 108
206 186
422 445
129 195
381 10
418 294
390 377
94 101
323 438
356 8
33 374
246 496
260 468
293 211
319 455
63 192
378 343
288 121
316 152
162 418
64 49
426 81
34 454
244 21
381 209
83 101
97 414
235 330
393 209
164 28
72 64
408 79
200 451
455 196
466 17
418 118
51 30
337 345
218 437
146 81
182 99
13 82
264 131
340 248
128 157
222 356
435 201
4 130
326 488
357 459
429 145
175 275
472 332
269 12
94 190
289 268
350 128
260 155
255 114
271 100
457 384
85 345
475 244
84 89
48 154
299 293
421 478
162 326
339 393
84 432
200 285
265 373
380 50
16 25
478 136
20 287
133 287
383 105
194 460
466 468
113 94
424 117
444 34
428 87
19 135
272 364
89 71
473 37
63 470
106 489
128 41
328 126
231 113
426 211
31 277
371 392
10 145
31 296
235 306
441 311
175 254
177 213
250 265
235 2
343 165
206 341
319 323
437 386
450 402
179 215
107 333
330 402
198 469
275 362
173 433
39 216
281 349
466 68
422 32
197 201
394 265
89 256
494 65
467 378
445 444
130 498
400 52
374 460
174 451
236 149
218 348
49 128
48 351
383 367
420 471
88 433
41 166
231 29
407 35
332 50
48 204
257 462
422 300
251 483
484 97
297 340
320 54
406 198
65 368
339 141
74 485
151 280
309 467
3 234
284 69
273 335
297 184
484 30
365 71
168 88
428 350
404 317
15 248
468 162
304 432
269 160
440 230
198 420
6 249
318 201
36 290
474 92
474 185
256 311
399 340
42 277
94 179
279 298
461 462
394 247
407 265
347 16
436 347
449 45
246 295
85 267
359 134
171 412
223 186
26 428
57 474
153 420
218 151
465 432
31 179
296 212
228 291
490 144
189 16
311 439
59 288
274 249
161 418
104 446
226 236
210 482
402 283
286 215
499 121
152 252
464 30
173 449
445 44
60 164
455 486
274 372
121 14
285 401
347 134
222 389
224 425
60 432
499 478
451 346
450 498
380 104
405 266
310 406
70 350
336 371
95 25
392 463
364 216
202 177
418 63
488 424
208 142
473 48
246 207
57 424
28 197
463 289
195 285
487 274
497 117
495 176
139 92
308 387
64 355
418 362
286 334
477 258
158 494
53 450
226 404
101 110
251 255
392 417
191 299
416 380
408 188
280 263
150 47
254 440
302 66
401 172
282 440
434 230
32 440
196 339
301 258
365 298
67 52
351 110
490 258
298 120
383 398
297 430
222 386
304 51
75 376
316 57
287 209
149 102
441 171
282 345
495 242
146 147
257 62
172 498
470 99
349 322
104 353
91 146
49 326
54 396
453 476
185 370
324 93
116 186
32 117
359 398
46 379
442 358
356 155
255 466
289 178
31 104
103 393
72 475
371 4
481 126
349 176
121 18
205 173
143 238
136 237
468 2
212 34
190 410
229 420
98 297
253 18
263 482
457 208
213 187
314 180
208 46
64 15
40 330
68 269
358 183
38 56
91 327
89 250
171 133
430 170
40 269
251 183
244 304
343 60
240 457
3 9
24 449
131 419
41 417
100 51
107 251
430 138
241 50
183 372
42 412
33 465
1 83
239 137
197 245
54 82
92 290
91 409
328 468
385 222
273 369
473 486
476 380
283 403
275 69
481 466
284 318
401 367
4 285
382 492
74 201
343 436
345 18
339 434
156 25
247 224
62 429
162 220
123 391
460 445
263 399
217 442
309 399
36 470
462 165
218 418
206 388
259 62
496 51
429 98
322 153
434 176
396 237
128 96
393 19
418 88
382 9
408 487
309 43
208 445
215 271
12 427
341 422
325 271
369 337
342 106
282 43
280 277
225 30
50 408
349 119
480 320
160 83
127 240
185 469
241 187
466 253
27 253
376 307
145 204
311 245
288 487
116 445
476 421
329 342
313 378
198 30
114 293
33 358
180 93
280 71
176 273
378 99
406 203
259 254
499 403
243 422
368 139
60 359
53 196
74 242
272 366
11 272
483 238
331 45
468 163
288 464
63 144
199 166
420 321
77 310
233 419
410 320
31 453
149 323
65 85
303 223
347 189
280 315
212 182
197 111
427 180
176 485
151 342
164 227
37 71
342 241
413 122
75 253
428 444
381 76
151 493
34 185
352 499
33 314
278 64
96 231
216 57
400 124
351 368
291 416
157 240
215 134
239 422
218 142
219 167
12 452
137 370
221 398
213 341
405 255
486 343
400 1
477 54
274 152
68 328
420 66
52 77
499 135
278 143
162 70
22 497
219 174
424 11
352 441
48 489
332 109
462 34
440 85
237 439
119 215
281 158
235 39
175 333
328 87
157 453
302 490
16 31
394 21
314 440
430 246
207 362
248 114
51 169
460 189
404 141
299 79
118 37
370 386
473 293
98 50
40 482
13 400
274 56
348 407
5 440
303 278
245 212
233 403
92 296
437 193
272 348
385 88
475 243
388 255
157 300
283 487
239 197
253 148
56 365
306 102
232 413
478 461
364 477
126 211
257 457
305 415
4 29
124 191
298 331
131 13
352 456
5 414
63 443
309 259
213 471
236 467
428 297
127 214
426 292
101 253
20 35
416 259
450 376
207 41
54 100
408 339
105 258
201 414
25 20
343 362
181 90
387 80
294 109
254 14
119 72
107 355
114 140
16 24
417 416
17 224
415 323
81 277
191 372
245 134
349 216
158 88
168 30
140 46
60 315
387 246
101 32
172 347
223 68
484 40
116 140
463 353
131 383
256 396
382 174
243 1
89 231
114 401
447 110
425 106
352 360
392 164
11 305
373 416
456 86
226 358
63 73
456 41
289 194
221 64
417 172
255 464
365 359
469 369
327 165
377 246
410 179
485 121
37 274
360 358
68 345
270 87
480 132
178 79
143 270
294 251
215 61
420 401
271 433
98 241
487 450
130 475
448 397
171 467
177 485
182 32
471 246
230 453
384 303
73 260
12 27
440 219
121 79
12 212
453 244
194 462
289 292
42 324
143 237
74 213
97 321
67 257
62 420
224 149
261 446
325 149
221 273
353 118
330 342
438 217
180 136
428 132
309 469
207 470
36 452
273 133
390 485
258 192
193 304
102 334
483 455
80 428
46 56
398 285
3 228
364 188
321 35
4 145
115 482
286 63
197 3
489 60
104 439
244 247
81 150
457 198
126 416
473 37
175 24
253 223
412 30
65 117
262 85
67 421
485 230
233 353
265 34
473 74
173 222
372 69
268 106
23 181
218 246
271 348
423 245
275 376
345 335
272 340
114 108
190 339
45 451
485 275
350 162
384 310
232 375
482 108
289 0
98 357
57 360
105 369
97 480
168 381
73 443
403 440
132 39
490 93
368 29
191 475
138 70
298 428
36 370
222 280
489 178
38 320
42 46
378 495
228 139
82 398
339 302
193 485
430 323
204 184
11 151
73 395
323 149
371 371
3 212
242 93
414 492
390 280
275 308
447 269
167 356
158 382
367 358
33 203
387 150
301 237
485 399
400 226
98 160
372 272
365 453
446 466
246 131
439 188
457 374
230 239
121 477
187 240
443 340
490 73
162 183
434 143
370 147
160 334
458 320
273 384
351 176
307 71
260 97
323 99
338 69
398 405
497 459
299 86
11 441
476 142
285 173
173 410
96 155
327 333
217 55
231 101
172 420
370 390
341 432
2 193
451 179
490 400
338 448
241 290
432 201
227 217
127 69
77 400
85 76
131 404
357 154
75 214
456 30
314 445
490 298
329 168
421 441
390 320
462 111
313 131
201 246
315 40
292 328
256 244
149 229
383 387
453 6
388 310
107 262
412 203
223 98
391 241
413 144
256 281
265 227
473 421
461 466
146 141
385 105
334 403
142 386
245 69
232 448
210 133
188 339
289 122
215 412
56 181
314 129
356 164
85 79
397 182
323 398
3 396
151 60
299 189
111 293
93 44
29 195
34 303
277 218
482 176
209 493
122 390
407 23
455 330
12 492
391 204
100 187
248 246
288 251
397 399
443 251
446 490
146 324
394 332
360 423
416 376
119 69
93 390
221 26
18 400
104 233
421 261
360 205
308 21
272 0
103 57
48 215
391 49
233 46
469 286
14 94
163 238
128 133
11 256
8 201
287 382
495 113
170 208
81 355
207 478
388 353
420 310
211 436
334 163
449 445
39 303
393 464
449 54
163 374
75 461
343 171
284 362
422 190
46 454
285 355
60 105
268 173
461 480
496 479
276 147
450 445
261 167
222 196
70 63
376 385
408 145
8 71
261 193
499 430
286 159
265 136
161 346
179 33
364 474
121 175
472 141
308 424
120 86
149 30
267 190
187 25
448 176
221 195
478 209
369 72
209 116
314 486
371 222
197 345
20 235
228 318
94 345
431 37
419 214
256 432
309 187
215 444
139 257
466 436
8 469
85 187
25 69
292 400
97 396
484 341
11 118
315 212
101 106
172 98
30 21
60 429
373 339
96 275
211 364
186 414
454 71
493 271
23 479
228 285
126 121
91 212
276 489
95 258
356 378
399 268
49 386
225 459
86 274
138 173
439 149
220 324
448 393
225 213
350 323
296 453
165 328
318 239
497 441
319 265
385 353
91 70
381 434
208 168
341 467
116 199
375 133
26 189
254 175
351 251
204 105
285 147
387 221
15 103
221 236
442 186
257 106
393 33
54 490
458 453
152 395
380 426
467 380
55 407
10 222
327 406
406 67
140 112
68 145
381 155
194 141
247 175
209 303
293 140
446 263
10 103
30 98
330 391
150 497
71 238
496 12
431 250
215 402
47 72
79 283
424 281
456 125
428 23
16 17
132 222
177 462
412 495
238 59
409 95
333 388
252 480
231 329
232 36
460 446
81 131
412 39
17 357
232 221
238 445
19 248
62 223
218 197
256 327
422 456
196 165
146 255
84 448
484 229
175 168
300 296
188 108
465 64
285 205
150 197
298 376
99 170
367 360
187 317
125 123
141 109
216 321
269 287
16 301
469 106
402 43
151 121
186 442
147 468
17 323
51 298
320 315
28 2
171 187
162 67
29 296
117 155
294 245
398 239
197 310
205 220
193 99
394 208
176 379
55 41
339 194
361 458
461 11
50 241
309 132
429 65
220 190
287 46
285 15
177 38
258 482
434 383
91 451
183 328
221 120
166 90
48 61
424 27
269 9
494 475
40 430
472 423
321 260
275 259
297 107
441 305
188 407
359 227
407 131
251 394
484 129
42 417
297 384
394 466
441 418
200 240
163 333
94 172
283 484
443 221
26 433
340 237
464 66
50 51
445 224
353 301
71 281
166 395
213 220
138 412
4 7
340 338
362 167
3 434
8 145
78 447
36 386
305 271
322 0
76 355
8 120
253 429
176 79
151 271
35 390
249 289
479 39
206 89
376 341
339 210
9 384
122 417
188 397
397 427
282 363
483 326
255 291
222 236
8 432
174 374
15 43
83 423
364 347
188 141
203 240
476 27
297 64
461 99
26 337
200 211
37 309
452 35
124 292
76 26
252 132
27 102
377 268
115 462
104 242
482 155
35 159
224 459
410 184
21 185
248 436
97 74
109 285
430 401
428 233
217 358
461 180
300 97
59 338
432 267
423 15
175 267
78 458
494 251
288 488
276 15
441 37
322 226
127 403
488 104
463 407
88 58
155 424
114 240
8 214
82 47
166 431
241 109
360 244
232 235
102 148
185 360
86 396
299 360
464 214
473 287
197 427
203 413
154 352
419 318
217 162
445 1
110 235
479 38
125 322
470 63
423 227
475 8
368 10
76 274
414 184
464 49
463 111
316 167
337 117
131 235
88 406
141 76
466 50
372 120
183 91
170 194
54 107
469 146
272 274
459 45
94 38
2 423
442 409
378 318
405 280
38 9
437 493
395 180
152 403
494 119
165 188
147 165
163 220
494 116
13 435
474 305
228 459
369 476
146 23
303 247
257 51
396 193
373 46
450 143
262 378
66 444
461 427
499 213
181 124
412 494
299 194
153 238
66 380
403 22
270 212
263 58
251 379
425 159
302 477
355 227
172 416
195 421
486 485
462 195
41 167
361 226
464 340
72 14
389 30
242 475
385 11
242 357
368 137
466 167
247 22
438 321
94 271
256 485
180 80
247 70
296 221
414 460
326 260
142 486
314 67
78 236
93 199
188 320
340 461
483 154
475 87
358 273
259 421
1 466
37 439
13 100
60 185
298 279
117 239
306 440
177 431
483 385
57 122
84 23
178 249
188 67
341 5
427 46
365 452
243 280
381 254
439 256
387 293
32 237
30 5
288 339
76 59
181 271
295 485
235 265
185 325
182 423
322 378
330 461
242 39
293 73
182 123
416 232
322 69
426 301
492 204
263 215
338 420
405 444
62 485
162 492
416 99
477 345
306 90
129 159
84 48
23 274
6 266
188 292
93 180
384 114
181 437
357 499
296 20
357 262
255 358
309 20
365 23
465 286
297 171
72 94
368 381
0 95
387 226
259 188
154 332
269 495
495 188
60 126
241 291
1 417
437 348
371 310
448 154
178 336
282 245
478 250
197 2
80 478
18 437
269 191
187 173
361 391
17 34
177 273
190 110
458 30
340 480
486 329
17 140
237 164
266 151
5 215
194 316
253 86
277 212
237 374
265 316
350 450
223 135
245 379
409 266
98 204
385 101
241 84
101 255
406 478
46 367
183 412
350 240
304 288
163 479
296 394
196 428
63 498
230 272
38 161
365 139
241 136
72 102
357 482
313 173
41 116
380 359
451 76
365 230
61 107
1 28
308 209
60 50
322 372
385 290
429 212
200 250
204 170
5 272
446 414
30 318
29 339
267 262
492 480
87 484
364 405
115 441
491 173
397 175
465 313
377 282
384 246
417 77
349 88
2 274
444 147
338 384
146 473
453 458
442 490
396 392
333 307
480 363
38 176
489 229
11 355
101 218
295 395
335 18
144 497
496 190
74 88
61 335
145 73
63 366
259 87
394 311
174 444
121 226
455 212
67 462
181 466
213 169
39 476
325 49
91 36
124 322
9 165
238 38
404 154
93 154
465 15
312 488
214 140
204 433
247 170
488 272
293 428
257 54
103 184
72 434
256 194
211 197
235 117
123 302
456 491
359 217
57 421
413 171
456 271
293 118
242 203
484 134
188 387
423 241
175 143
337 496
45 284
253 400
202 132
123 229
446 10
284 334
5 3
126 197
315 313
17 420
54 409
296 1
94 94
237 72
68 121
257 426
326 113
97 363
92 381
391 72
407 390
393 27
225 264
78 371
291 392
302 447
300 197
291 450
374 246
367 28
454 442
407 477
340 133
366 4
77 432
174 257
137 336
100 67
438 362
106 30
329 82
131 260
211 129
375 275
155 85
380 95
424 462
95 139
496 264
48 461
70 425
261 222
141 207
421 213
96 431
365 28
288 425
407 497
124 351
289 282
229 279
241 21
160 153
269 188
1 156
433 317
391 424
483 46
260 32
316 257
137 356
133 181
178 425
129 40
175 302
434 418
291 404
410 27
68 451
460 179
349 69
345 393
440 240
125 181
438 52
260 441
122 75
352 393
286 153
307 333
103 461
217 241
121 394
346 127
159 189
110 158
403 8
248 456
489 195
247 225
166 279
206 359
105 141
146 58
392 391
204 453
47 347
242 421
401 168
357 440
98 60
68 467
275 353
49 168
394 116
395 148
8 412
405 101
12 113
356 51
5 256
103 60
333 52
72 345
285 234
146 429
248 235
89 214
235 376
344 490
138 129
393 240
193 146
111 299
350 205
461 467
379 355
259 417
262 213
447 183
464 400
487 446
160 213
441 428
418 247
376 285
377 57
55 122
421 71
128 19
486 271
479 90
7 366
79 90
274 121
373 378
176 238
303 361
289 189
436 96
382 208
117 165
287 111
182 24
43 208
331 311
253 30
248 310
253 112
85 179
409 27
265 459
320 86
275 421
17 461
21 211
376 251
363 138
163 15
223 397
60 206
88 55
217 313
277 188
367 470
349 363
174 129
215 467
388 346
307 342
53 257
9 329
319 282
297 224
121 482
41 373
280 34
199 481
170 497
320 477
192 389
18 169
136 218
64 233
427 376
134 223
404 333
115 143
219 224
58 264
489 340
226 99
433 269
119 426
403 103
492 439
460 447
165 11
96 449
325 81
304 24
357 459
454 209
285 324
440 173
366 343
295 430
199 92
18 228
331 170
109 273
220 175
186 422
371 237
318 135
11 196
156 123
184 220
396 462
136 469
164 336
118 2
446 459
187 170
340 465
238 370
46 302
224 311
48 84
71 95
143 219
342 434
154 151
114 378
347 402
91 250
104 363
323 209
231 50
367 362
85 72
226 458
269 131
67 450
397 169
388 491
425 40
44 82
460 432
334 158
260 159
375 425
135 216
266 198
412 366
290 486
444 497
128 16
318 65
86 48
391 215
108 327
409 316
248 4
162 222
233 435
360 422
490 108
158 347
66 256
94 71
68 356
225 390
455 49
97 43
111 394
221 488
156 71
75 130
204 257
192 89
363 438
398 404
252 353
461 57
128 170
378 56
446 196
245 103
499 254
148 194
34 462
385 369
351 191
300 312
253 56
346 344
248 116
469 244
301 352
22 282
190 429
478 401
356 137
243 223
418 207
21 243
112 304
347 406
70 315
371 147
491 323
439 217
462 240
444 260
395 115
45 467
220 85
74 23
98 76
136 317
60 368
173 157
416 24
340 20
168 486
310 63
281 11
103 101
214 95
210 48
367 109
194 107
482 87
15 269
438 81
301 151
161 351
375 474
495 77
63 67
131 15
26 225
179 264
211 130
30 393
2 273
381 397
484 196
317 215
148 351
355 256
107 450
424 16
445 334
402 271
286 360
86 33
149 313
295 265
158 360
133 325
222 12
208 366
82 58
261 378
134 82
32 116
132 93
427 457
80 429
290 329
214 367
32 376
493 215
75 327
152 3
15 61
427 226
136 75
453 361
444 397
14 439
32 476
285 498
428 312
141 366
85 218
446 208
423 117
444 291
294 351
412 448
26 161
88 191
53 162
411 394
333 497
325 277
276 218
382 463
329 56
126 375
83 414
31 72
363 359
210 327
127 9
22 122
313 153
167 110
4 218
215 78
356 190
260 393
356 484
40 142
17 37
451 166
90 453
312 334
13 305
314 374
348 140
293 336
298 13
232 460
390 155
345 299
192 246
82 457
451 400
437 122
140 468
421 240
426 230
35 85
459 439
431 201
389 307
321 224
36 188
343 53
204 279
377 40
349 397
297 460
82 300
268 87
327 75
305 42
127 254
193 193
394 439
246 125
201 136
176 419
324 90
369 19
411 29
278 246
206 260
60 427
14 141
216 180
222 342
448 373
66 202
493 493
470 313
301 91
11 24
114 477
348 187
216 335
433 259
371 346
126 492
133 431
463 140
334 201
426 186
240 134
128 345
10 233
176 98
122 311
288 187
375 88
275 136
247 443
142 209
201 118
401 268
260 186
387 364
402 95
229 165
10 494
79 209
160 20
183 256
295 134
223 323
459 22
318 498
207 58
28 460
228 260
446 429
146 488
435 185
351 400
247 17
226 213
86 326
434 386
21 269
93 230
104 96
446 404
315 422
234 6
266 343
125 314
155 213
250 123
375 90
459 453
167 122
301 38
424 105
226 235
317 297
245 171
76 422
196 192
198 243
86 431
97 464
29 63
186 252
195 280
233 62
36 154
192 252
357 337
73 469
266 84
255 242
16 12
56 183
426 213
496 254
218 365
428 93
346 100
232 467
381 41
47 465
70 269
107 240
209 427
363 32
274 327
191 119
154 143
356 247
1 433
298 204
297 72
24 78
397 495
388 256
221 130
400 436
176 143
71 7
391 237
64 286
257 17
160 256
355 412
345 16
72 357
281 495
73 370
217 305
61 471
453 106
42 134
130 353
360 70
307 201
339 251
269 223
331 97
9 281
298 187
396 206
201 370
92 29
334 274
97 310
416 247
233 51
404 310
380 363
416 117
220 187
410 256
353 341
123 242
281 214
420 273
495 177
206 121
247 88
250 392
491 197
100 18
328 224
440 356
473 208
247 208
464 46
239 9
251 169
235 362
135 384
61 155
128 483
423 119
11 376
425 173
43 354
79 25
381 371
431 371
79 207
105 178
187 396
65 344
207 291
175 301
308 194
29 89
208 437
165 452
477 72
278 90
467 20
391 357
80 200
259 322
352 160
56 364
209 40
183 473
126 268
314 358
299 435
224 344
296 360
284 389
331 274
294 62
272 150
350 38
212 352
12 110
326 65
457 420
394 35
155 140
498 20
307 470
166 150
10 31
420 462
88 294
356 103
253 235
273 128
333 456
418 337
402 345
118 244
280 359
499 12
384 287
257 350
0 192
223 423
238 362
156 496
451 178
413 364
345 57
13 38
376 178
375 431
175 130
342 493
357 307
95 341
43 94
138 204
480 395
257 361
209 218
396 265
130 13
70 162
200 475
5 435
218 428
59 380
226 393
53 401
94 83
29 0
204 490
385 167
381 36
254 143
260 90
455 3
165 390
217 25
460 217
146 222
455 178
424 57
310 181
116 329
329 404
394 146
313 385
274 132
127 46
137 28
383 387
130 92
470 400
118 199
274 282
313 116
25 229
262 89
418 335
91 378
376 99
336 338
470 42
88 110
491 97
336 77
22 226
127 466
166 344
126 97
65 440
21 439
380 90
425 283
13 298
249 368
206 390
284 86
196 176
125 224
302 39
266 462
428 176
20 393
342 446
238 146
438 407
497 259
42 318
469 274
142 408
150 218
304 201
377 434