6800
236 104
474 493
475 382
476 440
118 272
329 434
337 104
353 426
343 392
194 320
158 274
121 42
41 111
331 327
484 294
250 94
87 72
454 224
165 414
186 282
69 135
239 16
294 258
150 444
264 489
263 196
91 274
386 384
211 484
278 69
163 47
471 28
104 102
17 278
60 121
256 55
71 129
387 347
291 218
207 390
86 408
182 323
207 29
13 420
490 271
170 291
171 5
108 142
420 276
249 125
180 332
314 6
353 104
174 53
295 497
405 381
56 234
263 439
360 116
387 277
420 350
207 409
51 444
72 315
440 323
8 321
327 473
429 174
227 33
30 103
336 23
257 435
374 393
9 372
149 86
288 248
157 422
366 496
311 61
236 438
111 104
77 96
270 439
472 358
461 350
225 354
289 297
42 334
206 15
102 51
151 208
130 390
386 161
74 348
138 198
154 162
259 249
40 83
441 381
231 12
366 402
51 456
290 7
375 94
497 349
57 477
219 149
162 39
239 106
156 236
398 377
478 310
245 9
391 19
383 186
440 122
431 250
109 491
85 73
422 484
313 435
84 331
222 33
139 98
334 313
42 147
309 84
94 21
40 54
92 337
311 423
25 32
23 242
316 487
471 461
248 90
274 285
170 332
282 348
162 161
308 116
52 204
77 469
375 498
335 117
393 467
499 147
241 270
257 374
187 409
0 81
218 435
119 126
326 388
49 401
369 488
45 209
178 274
272 122
92 405
372 460
459 337
107 223
449 200
110 217
298 489
276 462
440 16
256 248
1 266
107 305
366 371
497 152
126 396
301 269
81 70
407 173
248 40
93 367
84 49
38 55
17 382
250 315
415 309
75 6
163 416
139 182
186 29
425 136
258 313
235 226
251 339
232 143
10 351
400 325
232 94
328 439
106 101
410 78
436 21
289 337
20 99
480 429
417 58
223 257
335 27
367 459
102 86
289 451
128 464
410 189
128 360
461 238
168 86
459 371
208 104
55 249
30 80
139 387
144 299
327 214
173 479
417 46
497 127
443 206
395 477
337 353
91 376
314 150
373 111
215 274
375 81
14 122
9 257
56 5
219 153
484 383
281 245
224 401
107 130
107 168
21 355
83 444
94 465
428 397
171 467
401 496
118 398
155 267
124 480
133 212
447 343
440 470
371 229
359 165
185 331
38 467
263 206
23 121
18 210
29 452
448 42
440 282
49 418
398 96
308 173
369 384
354 107
336 161
178 225
408 48
367 363
422 446
67 482
192 445
249 86
128 74
356 49
468 68
16 258
283 366
102 324
284 4
18 456
34 472
20 196
60 442
389 239
222 482
427 308
246 266
192 29
78 226
147 49
159 398
265 163
340 294
151 367
176 124
96 169
365 210
152 469
208 425
407 393
202 282
49 187
68 448
175 241
142 146
45 322
485 153
448 162
381 325
301 99
120 57
119 398
367 485
263 272
165 75
358 170
209 219
168 259
0 129
276 195
369 495
148 173
187 354
32 448
399 420
478 333
83 19
357 97
221 450
378 120
142 239
458 88
347 352
481 478
25 199
194 109
134 394
101 195
143 321
242 133
318 43
414 72
21 402
204 271
391 95
334 82
170 34
238 144
475 369
69 219
181 0
247 115
310 315
489 348
333 454
349 83
7 151
405 263
35 28
475 110
44 426
460 309
306 67
436 50
270 133
133 5
473 303
470 380
80 283
89 311
394 413
65 438
202 401
282 322
284 89
367 257
419 329
396 180
230 77
210 332
190 352
155 195
428 163
298 478
289 8
422 388
326 184
437 339
161 380
321 71
181 298
127 189
369 452
29 375
59 99
452 239
286 249
264 107
85 214
223 415
303 227
411 145
336 481
214 200
124 349
147 35
224 305
257 126
1 93
45 138
377 61
162 497
456 163
230 279
194 394
121 453
450 349
182 384
84 138
487 396
432 60
365 487
113 8
454 474
112 115
28 499
496 341
357 42
321 304
198 87
392 367
216 319
203 194
332 399
147 140
200 319
306 79
440 418
392 272
239 394
245 357
198 267
309 93
397 407
346 483
350 96
415 238
432 419
318 471
111 264
436 465
397 311
229 94
366 189
435 474
331 457
76 180
273 381
289 386
221 22
118 135
226 71
490 386
357 158
275 160
478 320
131 211
157 375
416 213
187 24
333 351
31 18
399 410
148 156
178 40
176 369
440 149
387 402
412 283
443 244
416 187
250 421
148 47
260 408
284 64
267 447
317 117
27 150
306 69
109 175
44 337
338 137
391 337
472 225
321 304
491 267
41 237
136 242
150 189
106 397
196 286
403 225
376 366
435 431
458 182
371 396
34 355
192 209
434 425
229 164
283 107
344 73
167 324
14 481
230 169
455 472
197 278
144 358
141 73
108 431
328 100
455 331
41 362
287 499
15 327
287 369
294 298
123 131
464 461
130 489
313 194
473 437
295 10
436 469
401 289
389 396
227 229
91 196
195 120
300 230
451 210
360 87
70 245
206 483
472 35
81 188
125 285
148 406
376 273
62 436
184 277
6 303
499 263
236 449
31 46
256 36
475 483
228 468
452 45
432 287
475 276
414 14
420 453
226 414
350 296
425 288
443 386
149 283
232 442
488 385
273 116
99 96
64 248
146 179
466 368
145 78
92 294
247 411
325 365
13 473
113 175
413 439
222 408
350 62
448 307
423 190
138 73
322 22
201 54
423 320
398 20
314 420
331 343
60 61
386 156
183 73
12 351
259 96
10 235
42 461
151 310
384 317
339 141
195 58
378 392
412 470
242 128
323 78
491 73
81 383
457 377
80 116
212 321
408 339
152 75
385 302
119 303
296 269
179 458
203 344
314 57
38 467
46 57
482 361
245 389
119 416
32 54
375 199
391 245
172 136
438 43
199 57
179 58
368 495
191 358
268 423
391 358
415 306
19 289
178 249
165 116
22 149
349 198
295 250
386 92
135 467
376 324
234 186
34 55
266 103
26 225
83 34
192 269
58 350
100 63
180 89
238 117
167 202
304 439
383 462
281 190
15 19
57 158
65 101
204 91
317 183
69 83
204 400
251 261
177 115
204 203
172 209
263 294
86 340
154 68
258 469
340 436
446 125
227 398
489 363
47 283
366 158
59 116
230 71
38 162
217 259
468 94
388 389
229 231
299 326
148 236
24 410
35 488
238 322
185 114
398 80
238 84
53 116
39 149
163 283
42 77
171 380
122 10
93 412
238 203
439 245
155 238
79 463
285 42
157 317
249 323
407 407
23 340
489 460
95 63
140 153
385 137
499 312
76 7
211 445
190 166
405 150
466 197
91 484
153 251
426 248
155 255
95 334
146 31
94 84
89 242
231 234
398 327
334 83
380 326
493 397
400 70
119 398
234 366
469 210
311 239
494 396
82 318
349 89
26 80
174 295
382 115
442 258
193 132
459 129
26 73
495 452
202 278
144 466
176 436
175 466
214 339
10 22
111 148
80 211
7 137
105 255
365 389
21 399
28 58
483 480
432 407
37 478
444 134
422 182
0 472
164 450
472 66
214 174
385 435
73 146
401 392
133 30
429 118
176 155
487 310
69 11
489 272
258 106
140 285
110 181
131 492
58 274
300 455
390 124
271 185
430 315
197 24
143 415
70 479
141 171
183 410
182 210
168 24
162 440
473 161
153 124
398 456
411 64
40 50
87 154
469 311
188 17
285 167
498 183
354 207
117 139
349 389
266 299
92 369
382 280
404 65
22 388
452 154
204 285
439 492
156 291
161 261
280 196
379 446
153 278
417 233
475 271
422 118
339 241
373 14
432 222
110 277
431 306
443 414
258 135
426 383
496 414
110 87
33 128
258 489
75 39
310 27
497 402
495 232
99 336
58 368
145 31
189 20
434 76
63 132
367 193
459 489
429 215
343 422
263 314
353 453
480 190
92 163
248 477
166 87
455 199
230 224
97 100
28 271
403 31
76 91
433 271
486 36
458 362
176 182
135 221
412 382
45 116
445 356
444 145
344 111
188 399
352 426
197 285
316 380
324 453
76 393
281 257
119 62
96 239
312 147
29 232
200 76
433 427
72 497
109 377
128 269
195 297
434 480
213 245
198 102
347 389
146 274
188 128
219 117
116 285
369 384
312 146
425 421
418 245
474 349
118 27
176 455
287 166
263 110
65 352
241 461
87 412
41 387
356 127
412 112
496 473
471 133
54 309
406 396
245 325
352 381
188 216
234 381
343 475
328 497
310 408
321 69
309 397
24 214
326 165
138 289
274 175
484 109
357 329
154 242
475 455
171 358
239 163
139 257
254 435
343 319
388 64
313 164
378 49
215 337
478 57
232 353
315 253
434 68
310 172
479 88
298 286
449 2
259 390
325 440
259 13
429 168
185 0
49 242
432 415
472 264
470 410
15 56
124 137
161 449
389 435
73 141
143 188
430 374
315 255
120 255
275 426
426 50
144 312
228 476
92 76
339 52
461 414
51 206
156 85
372 65
206 45
85 297
172 201
456 367
122 487
413 77
479 250
414 192
20 475
404 494
47 464
379 243
449 360
445 282
347 457
355 170
319 405
459 292
160 491
330 415
344 134
384 244
288 175
151 151
145 308
272 55
150 44
404 3
138 451
409 202
372 337
243 264
408 191
35 202
469 68
203 365
461 166
341 439
90 249
409 492
399 236
280 182
37 49
1 185
387 175
13 262
378 111
154 108
162 286
355 41
407 131
149 58
497 368
470 491
335 440
176 379
413 87
136 308
345 451
478 489
251 84
47 343
451 481
268 54
95 465
449 123
33 2
223 98
441 382
322 193
72 129
216 350
11 486
289 204
194 356
441 267
111 297
279 488
42 414
380 399
374 490
492 329
279 407
141 215
260 221
350 316
18 333
319 418
122 29
386 108
227 168
318 179
19 338
105 449
348 414
404 337
166 222
481 396
464 297
18 474
290 224
409 220
490 161
190 80
188 113
133 428
459 268
458 451
252 479
393 63
400 100
174 149
397 418
216 155
130 361
438 86
307 272
433 347
428 149
114 476
404 468
236 248
51 216
195 195
110 304
256 440
89 11
281 431
86 486
200 497
84 68
341 138
337 243
392 126
102 117
438 7
107 359
75 26
73 158
314 122
62 184
47 71
354 3
341 328
178 440
361 41
31 262
357 54
180 221
338 101
460 135
494 128
155 67
78 421
395 228
412 244
315 457
312 311
140 169
462 153
47 318
432 175
229 78
151 141
242 409
396 342
470 203
122 242
163 125
206 52
297 58
367 470
282 464
486 31
185 422
92 448
123 84
162 24
17 204
465 166
8 111
314 362
104 478
456 289
341 120
178 162
132 138
103 398
429 414
188 89
389 466
50 280
156 364
68 65
231 25
137 385
247 91
69 303
92 352
472 377
39 286
424 2
400 24
290 379
320 182
148 479
111 61
277 51
468 120
145 345
231 199
290 282
86 330
182 211
441 30
316 6
361 480
356 93
472 113
295 499
330 145
206 296
199 441
413 484
181 167
218 411
45 264
95 360
423 131
14 129
488 364
197 330
275 201
314 53
52 248
245 462
258 234
28 451
287 309
476 441
352 321
437 46
406 398
381 384
14 329
194 247
430 354
55 391
296 205
305 221
183 201
435 50
354 293
102 463
257 493
314 78
476 461
359 252
136 382
212 93
192 2
208 258
1 122
328 115
337 297
350 133
184 20
314 286
101 390
383 416
347 358
320 198
302 323
206 31
476 290
293 270
380 169
291 353
469 381
30 471
457 306
326 233
371 493
383 140
409 472
183 266
316 256
431 355
386 470
261 137
259 215
236 406
259 491
224 379
351 228
386 255
488 308
301 213
205 359
183 36
302 114
222 366
73 471
293 154
143 460
27 54
460 403
246 263
142 72
152 471
226 345
153 39
252 66
277 306
342 309
424 312
31 497
320 146
300 104
64 113
168 296
51 443
206 480
404 297
268 201
46 57
96 346
412 52
358 200
9 41
354 53
402 285
284 385
489 222
335 436
232 406
349 355
188 283
81 408
461 92
149 349
48 7
411 97
297 312
354 122
175 159
296 60
445 429
151 80
17 286
192 338
194 249
385 394
154 382
326 466
167 467
326 476
425 67
380 238
360 223
234 234
294 387
316 30
111 91
377 319
157 480
81 422
168 351
85 466
284 174
141 412
240 304
371 467
205 165
240 251
337 417
156 326
357 483
74 324
143 320
152 304
226 301
4 233
52 246
420 90
354 188
344 61
380 446
463 68
171 438
355 204
382 9
492 364
188 91
263 419
223 332
485 415
1 449
47 489
431 405
445 467
380 137
83 290
210 112
50 47
103 381
390 258
122 337
429 235
154 310
494 192
460 377
178 479
469 313
218 225
44 252
390 15
157 276
388 325
224 367
249 439
49 179
17 491
78 171
333 446
490 232
461 180
159 302
115 139
216 480
85 185
201 112
388 475
300 358
226 277
68 377
56 327
170 117
140 73
371 249
481 473
153 362
164 295
286 165
497 132
317 3
467 82
57 18
229 356
485 210
87 455
134 53
22 143
69 304
53 162
487 440
154 387
182 141
158 319
303 468
323 155
238 120
491 291
147 147
209 220
27 132
37 296
292 161
465 59
73 361
153 371
258 60
53 308
479 292
260 211
367 282
402 436
227 457
456 245
465 226
210 166
462 492
5 99
158 106
319 323
194 83
143 473
133 304
96 197
408 112
394 208
496 127
436 148
394 223
301 393
59 211
204 363
462 373
332 61
384 472
55 151
476 430
234 199
248 461
73 182
243 8
136 319
320 239
315 424
317 214
277 468
332 228
454 333
395 294
119 286
289 279
210 174
225 118
79 296
331 473
482 153
324 74
313 470
246 144
210 480
449 416
144 488
321 281
427 450
236 216
348 398
73 26
496 58
206 150
476 75
80 37
111 310
132 405
49 277
109 378
294 112
100 58
191 291
241 273
490 471
369 330
208 190
100 294
445 204
279 306
196 273
83 360
117 307
436 215
445 18
130 46
456 92
383 230
356 148
119 476
306 198
388 488
283 14
218 488
146 80
353 350
62 342
2 288
355 179
197 438
336 152
244 328
410 293
441 127
456 266
464 412
252 262
129 204
44 35
467 347
197 191
33 172
312 259
290 35
326 167
320 488
168 162
307 64
44 78
197 100
12 0
114 13
218 265
152 243
443 262
305 120
292 492
104 191
226 105
124 394
382 404
419 296
213 402
333 226
327 257
109 30
395 339
456 75
171 465
228 109
81 114
106 385
76 225
182 210
105 155
59 307
103 339
242 330
57 168
425 75
457 236
427 386
314 352
318 384
493 485
99 398
283 426
151 205
268 212
367 334
493 373
64 278
109 448
117 158
233 166
402 42
281 42
395 329
65 95
80 65
463 410
336 31
236 98
310 488
322 356
81 177
308 167
115 146
304 417
435 232
127 390
432 337
18 408
355 327
392 84
494 287
318 207
306 331
171 406
263 468
498 345
12 344
342 306
223 127
360 147
389 158
347 487
247 321
1 365
301 454
241 245
305 148
331 411
317 111
79 2
347 432
129 77
235 211
338 471
470 458
468 50
389 359
181 315
33 488
442 34
131 334
334 35
446 436
47 165
19 116
400 479
408 218
429 29
1 144
454 268
170 471
183 423
238 60
48 216
250 123
458 491
378 381
318 292
310 325
293 217
48 329
48 193
223 309
305 477
97 76
399 259
34 268
180 82
298 125
248 228
71 400
134 58
203 450
127 304
373 13
342 420
465 422
83 242
220 40
116 388
499 169
289 368
450 386
11 469
198 101
353 111
170 121
71 487
291 373
386 50
322 165
439 80
323 288
328 374
114 395
64 297
165 113
351 206
175 467
68 214
326 225
199 422
261 496
221 270
173 53
70 459
39 495
283 361
235 362
109 464
113 349
314 26
232 278
245 18
232 259
337 166
88 58
406 36
306 201
106 127
86 331
327 176
389 126
340 462
426 476
177 302
328 39
169 344
362 412
171 415
433 94
153 8
396 373
74 59
39 55
386 181
209 125
103 213
176 99
427 296
98 454
346 457
301 278
190 15
282 163
109 213
74 215
88 114
174 470
25 15
196 65
190 412
477 405
356 146
442 153
460 136
93 392
22 306
321 394
409 212
277 456
23 370
485 351
174 464
479 11
76 51
463 175
432 266
264 293
446 141
277 206
450 258
64 370
116 472
36 238
194 377
247 166
369 217
181 84
95 43
95 12
187 171
290 410
203 472
113 54
113 2
260 242
464 63
388 177
415 432
161 276
442 109
178 408
493 164
207 212
224 88
112 154
417 264
88 402
456 472
326 201
295 69
485 439
116 111
43 373
149 31
492 204
464 444
108 22
234 309
398 167
174 311
75 362
264 91
415 163
216 220
290 242
33 363
474 275
0 149
32 17
73 1
445 376
398 37
347 405
73 485
296 97
459 247
190 223
238 223
443 457
51 454
169 85
360 84
233 143
12 212
214 265
141 85
122 159
417 392
377 469
66 490
89 25
248 25
100 131
88 486
292 44
481 140
224 461
104 194
406 310
427 468
53 120
132 421
313 175
497 49
391 42
67 63
441 332
463 315
153 393
289 403
395 445
258 271
465 472
282 214
182 371
344 209
482 235
262 476
377 147
189 259
175 120
452 256
423 468
361 267
22 428
225 151
422 418
390 483
197 239
110 24
85 231
466 306
134 68
215 81
340 11
483 257
365 15
335 287
406 289
69 197
200 429
199 295
278 122
361 441
465 328
59 323
482 50
470 378
459 116
480 38
295 151
19 463
103 160
301 354
403 9
438 371
166 103
77 137
78 296
124 290
114 395
446 36
266 448
64 268
306 225
228 396
360 101
114 247
454 315
324 415
286 357
461 263
252 304
101 38
329 183
78 225
113 295
243 376
145 379
456 159
56 451
405 185
432 268
83 19
434 386
96 407
22 73
377 57
447 275
458 478
56 276
423 36
265 169
401 166
326 410
213 357
42 234
2 118
489 327
65 85
344 424
349 161
218 367
494 226
57 166
294 452
340 465
134 218
236 105
367 387
245 414
148 81
51 287
466 2
439 41
317 32
193 284
3 166
244 264
282 497
301 153
118 428
146 141
99 105
492 235
149 318
399 237
377 298
152 451
344 343
375 92
376 161
179 421
185 379
228 423
77 319
247 29
170 47
152 246
481 121
440 145
382 130
280 191
494 259
103 433
25 338
351 330
251 253
484 30
306 436
107 212
241 235
282 355
101 263
237 435
80 82
64 177
368 314
426 345
278 363
53 381
211 155
408 405
435 463
251 244
456 241
476 359
66 49
312 111
46 167
101 49
78 478
292 165
362 299
162 218
99 492
147 67
472 163
126 407
151 408
1 229
440 459
8 330
441 6
173 173
222 339
317 126
292 153
452 109
180 154
147 466
33 131
294 146
406 6
266 272
354 57
369 119
301 294
301 377
50 94
433 326
453 125
130 250
212 97
251 82
48 392
375 250
249 433
291 22
146 155
64 409
29 0
147 433
163 182
277 448
126 213
190 210
461 79
176 320
254 173
417 280
382 154
88 144
166 131
138 231
141 313
165 55
488 170
204 312
112 151
217 481
192 239
170 259
432 5
30 347
479 186
341 299
443 361
345 281
12 110
275 335
390 153
175 292
457 379
382 380
361 421
160 451
211 405
410 183
30 143
329 292
91 9
222 22
303 35
497 419
255 316
321 124
416 145
376 497
229 225
147 259
210 442
348 159
342 273
416 110
403 224
85 98
120 494
381 308
227 424
92 378
2 334
480 265
114 271
496 356
467 343
138 495
155 30
303 486
448 349
74 220
318 351
198 159
319 290
66 79
458 399
233 158
276 312
83 65
274 390
86 432
427 241
123 224
62 434
284 427
147 362
214 210
369 317
107 264
343 41
440 174
184 153
466 25
91 312
55 401
333 365
458 141
217 113
47 82
9 131
493 183
393 8
177 59
323 115
156 136
162 19
24 448
325 347
11 342
244 268
485 66
207 429
394 444
378 276
259 294
477 239
99 253
164 371
338 276
264 488
359 346
294 427
126 383
226 471
240 137
204 322
103 225
21 263
40 498
292 399
138 299
404 121
492 89
365 69
409 182
28 482
409 120
3 174
146 35
24 81
255 386
463 228
344 359
209 485
236 384
35 353
474 227
316 292
213 319
1 34
16 122
242 30
204 425
312 97
31 350
88 188
417 286
497 404
389 261
497 206
59 125
352 384
28 34
205 21
55 241
215 206
88 71
348 309
259 293
495 160
348 290
76 436
340 117
230 74
132 81
58 79
464 192
78 263
284 344
86 135
341 339
410 301
463 282
75 258
270 222
12 422
210 470
440 440
14 402
483 170
102 499
191 42
157 66
410 121
256 441
280 348
2 449
231 42
300 465
39 158
433 422
244 51
343 143
398 184
207 210
209 381
275 309
227 252
225 432
373 489
190 333
282 5
47 192
9 366
376 199
473 48
451 309
305 218
254 294
356 203
436 313
474 65
317 64
496 201
43 42
375 222
79 233
277 10
228 127
178 138
38 104
266 152
222 341
487 71
126 476
290 344
409 414
478 264
318 79
473 475
49 213
298 201
63 128
107 75
65 291
395 138
290 103
444 161
84 12
340 431
127 62
477 482
99 37
468 455
282 269
482 441
494 183
312 280
207 57
348 271
409 272
227 96
109 51
415 23
454 194
108 256
90 82
471 85
393 189
458 439
232 175
359 440
72 227
284 23
146 279
403 485
81 56
107 130
153 190
236 23
131 460
394 345
430 221
263 217
8 175
351 221
14 240
319 62
437 438
70 104
89 83
491 473
456 22
212 451
326 461
273 449
294 457
30 19
236 76
252 145
367 244
337 455
369 233
23 156
112 306
241 93
419 53
75 233
184 227
40 288
237 362
171 314
333 383
459 201
347 422
166 63
18 66
151 355
12 387
193 26
120 124
178 287
20 391
118 105
393 56
418 158
472 482
365 441
142 158
80 177
240 341
259 98
454 259
498 262
289 318
294 44
331 261
152 472
430 203
259 270
280 323
306 29
470 105
263 23
200 464
158 195
145 441
52 269
32 451
269 50
94 173
434 64
388 277
480 86
208 318
494 91
120 488
445 152
175 442
407 60
107 228
169 417
186 253
56 73
475 218
243 326
242 422
199 177
115 130
301 180
271 175
16 295
447 244
186 461
22 474
202 445
214 129
234 223
296 401
471 291
117 124
46 215
244 211
193 245
277 360
387 494
141 401
497 403
365 88
63 35
333 239
220 265
341 47
448 455
246 137
261 420
487 215
426 159
257 231
443 119
466 34
287 331
234 107
196 136
172 451
190 111
228 357
404 263
218 69
59 353
125 316
31 172
332 112
195 309
280 89
475 139
470 246
354 263
251 56
8 402
13 275
132 50
313 93
15 37
242 383
199 74
246 367
331 230
39 78
19 378
17 172
418 495
110 339
396 272
26 361
137 404
306 391
485 269
158 472
355 0
426 400
119 55
137 172
103 302
181 29
201 122
469 198
38 119
244 79
441 286
42 270
162 430
51 348
172 147
499 210
462 28
83 425
449 82
384 220
249 404
379 417
468 450
422 348
428 358
144 166
436 221
3 186
386 450
97 406
116 59
87 448
225 431
13 22
94 175
431 249
19 344
146 310
11 487
345 68
86 291
364 489
27 375
325 367
273 413
324 423
223 242
173 263
285 449
476 38
139 380
76 407
70 158
145 222
143 81
224 490
331 81
456 88
307 358
124 282
57 432
174 448
64 280
81 199
89 349
81 57
317 229
239 157
232 239
172 385
227 227
308 396
336 59
269 265
47 143
75 245
46 104
236 102
153 110
311 318
227 243
324 393
50 44
283 63
300 282
361 455
351 28
439 170
287 187
182 60
306 334
290 110
64 204
314 378
196 217
312 125
18 424
320 488
52 421
55 104
411 204
232 417
439 115
154 23
84 226
60 337
299 242
298 202
80 363
432 112
89 129
405 245
85 460
233 225
181 137
194 288
57 93
60 426
302 496
222 214
403 386
480 134
188 202
417 278
242 269
250 350
447 183
495 155
380 32
22 228
369 62
7 216
142 426
423 67
281 296
34 497
132 37
239 14
144 172
441 157
359 238
422 191
346 306
338 269
498 79
141 360
428 367
145 0
67 423
219 420
418 200
237 254
120 402
74 329
486 117
355 368
411 197
3 129
399 258
189 193
406 249
116 330
330 334
257 113
34 249
449 477
83 304
58 187
16 203
320 132
352 354
51 176
157 264
374 406
99 56
305 63
245 5
340 273
239 427
176 449
426 273
429 125
164 361
65 487
119 180
34 385
413 324
88 437
343 423
479 314
377 443
300 137
262 122
49 492
442 1
126 77
202 220
82 55
42 367
399 147
384 14
338 286
223 150
73 278
92 419
214 404
393 321
443 366
359 156
9 344
273 301
21 136
43 327
46 455
102 86
452 446
84 339
341 142
420 159
78 414
170 364
185 144
11 64
72 480
176 370
23 81
69 449
276 396
352 113
51 323
121 306
145 3
145 205
364 486
252 417
281 295
439 423
339 318
298 450
172 411
492 474
275 195
92 62
27 51
226 444
250 78
433 347
52 248
86 430
347 269
64 339
114 480
298 3
306 453
216 448
274 478
174 208
122 49
452 118
414 1
79 179
26 16
264 364
294 431
200 203
394 141
473 264
119 8
313 123
71 425
404 29
89 197
246 430
48 64
417 199
230 462
330 349
213 108
39 95
150 8
1 91
207 44
404 475
98 327
252 69
450 22
219 156
438 39
455 318
369 338
300 373
222 451
59 483
78 287
295 451
42 80
124 297
124 250
429 28
97 74
96 181
190 47
438 168
338 128
467 246
471 59
10 119
102 45
332 69
372 32
112 128
277 415
17 236
116 401
327 446
479 213
112 424
444 169
298 51
149 134
193 117
236 120
165 55
124 191
223 497
477 349
264 188
276 106
359 133
431 393
458 187
463 410
80 71
474 407
393 230
347 475
95 86
141 435
126 260
109 117
318 202
390 439
45 82
67 166
411 405
92 498
409 370
293 407
166 341
71 119
94 59
497 418
353 189
301 490
459 332
34 262
201 278
212 276
294 247
4 280
130 206
76 448
355 39
380 221
340 21
80 303
221 434
475 77
419 427
111 276
38 378
156 497
273 240
339 369
149 67
273 195
143 131
171 201
422 498
371 403
207 114
48 451
380 280
59 23
151 151
29 22
19 190
282 186
407 144
212 473
168 408
39 337
391 311
161 62
466 165
280 32
335 25
157 180
204 67
218 69
91 207
397 247
285 463
107 31
4 192
452 171
9 24
335 492
54 252
417 496
380 372
249 197
378 215
282 259
328 434
141 0
100 271
234 391
274 237
430 194
365 279
303 234
226 374
126 491
339 133
357 396
445 220
287 459
218 323
109 70
422 46
169 103
494 374
112 404
450 120
251 394
128 315
42 55
398 207
192 20
416 237
309 49
360 362
37 97
19 78
476 147
102 293
168 146
402 448
68 280
174 352
167 320
227 302
9 209
230 125
214 53
455 498
360 376
473 315
394 398
397 344
137 222
368 499
447 305
85 122
326 367
187 111
266 346
407 414
391 127
181 489
488 106
482 136
451 200
450 307
151 197
420 199
50 140
446 140
115 497
217 383
347 441
139 404
319 113
240 47
388 210
168 421
409 228
429 2
161 361
58 231
431 312
305 330
471 481
331 103
486 86
379 48
452 185
298 19
418 123
186 39
312 306
35 354
209 222
435 316
47 370
35 493
324 478
312 340
443 147
233 143
191 281
467 112
483 495
119 265
156 401
60 305
11 321
395 447
115 220
91 330
175 162
493 478
318 351
498 305
448 113
394 83
48 491
486 361
479 31
285 105
262 487
160 345
144 274
346 55
385 259
273 289
267 61
264 266
423 437
50 263
346 223
66 445
158 394
278 53
10 489
329 63
260 273
399 489
45 256
15 97
239 282
195 288
407 6
296 460
223 182
258 346
143 421
168 324
377 154
495 446
361 240
13 324
166 473
229 264
361 211
345 244
384 100
459 41
353 143
178 107
453 428
349 436
260 449
455 369
315 490
230 450
275 28
1 95
359 441
4 230
326 72
25 201
242 211
206 336
443 95
23 384
320 248
197 225
94 433
423 152
455 262
142 153
248 230
23 144
226 459
31 379
80 53
116 408
244 175
270 322
207 187
436 146
223 379
312 485
490 169
431 235
240 445
27 426
70 340
299 402
281 148
201 183
91 213
388 317
140 188
227 11
9 199
78 15
1 232
401 243
478 343
140 185
111 71
411 167
421 33
181 63
246 202
267 383
52 189
229 156
19 44
243 457
472 28
260 174
417 325
168 13
198 247
318 308
327 161
194 82
145 248
302 228
463 243
432 70
226 15
60 162
119 97
125 155
329 443
269 385
250 98
346 437
98 301
462 16
98 425
174 9
237 243
486 476
46 52
67 271
285 124
221 479
135 256
199 346
83 316
267 468
258 334
487 113
481 356
281 449
310 80
175 455
432 47
99 14
285 330
307 19
498 70
326 28
227 485
154 25
346 162
348 421
386 104
460 335
285 219
299 241
49 95
495 327
341 481
163 446
317 126
48 470
351 316
153 226
103 78
240 159
80 449
405 89
276 318
38 365
459 413
9 189
16 8
341 356
154 357
335 4
327 472
140 383
461 178
256 293
453 65
14 348
289 385
56 420
137 66
479 446
135 448
456 340
48 4
361 149
154 203
27 49
432 481
11 167
460 394
311 267
467 265
3 325
97 257
175 59
357 87
35 6
199 492
496 344
493 247
302 210
259 499
332 329
496 43
289 343
462 309
426 100
278 430
39 429
340 227
314 66
72 197
42 202
46 271
371 390
100 39
39 25
207 359
403 371
67 203
364 192
145 29
459 143
424 423
150 350
416 265
314 317
19 489
112 208
99 65
456 335
361 199
411 347
71 68
123 166
358 138
167 340
483 355
278 479
329 407
24 429
246 98
439 191
399 117
34 51
239 350
50 490
338 452
372 313
479 261
399 495
187 337
45 66
397 170
430 323
104 227
325 306
349 202
319 264
167 101
451 353
196 258
210 353
166 386
147 82
430 145
335 46
464 117
140 380
203 362
441 70
228 160
362 118
234 78
179 182
387 253
12 482
336 83
321 222
157 2
148 468
14 87
204 483
215 331
45 344
266 418
78 486
456 495
425 293
327 42
295 104
438 214
150 159
234 274
277 471
440 391
330 277
112 306
489 34
231 327
97 34
372 349
344 28
321 180
222 121
77 148
214 370
29 16
290 216
188 115
358 419
196 480
138 188
223 160
487 480
14 306
155 437
465 239
271 352
473 138
138 494
216 51
67 204
421 97
213 209
129 461
441 71
260 177
338 431
411 335
141 177
114 278
369 148
0 431
69 140
486 474
377 59
264 202
300 296
5 185
146 365
436 486
164 439
222 48
235 2
31 486
116 376
377 146
77 485
477 377
203 147
58 464
18 80
376 322
359 318
35 234
220 357
296 324
372 236
90 371
357 108
336 122
268 473
310 213
91 197
196 287
251 146
227 255
77 122
440 455
189 437
294 328
152 262
350 443
314 24
484 441
415 23
496 321
386 183
232 158
445 329
476 429
184 49
171 203
10 113
50 463
291 52
166 197
492 443
320 16
309 158
181 304
477 224
259 29
187 364
45 492
421 484
385 21
76 105
218 408
372 87
491 121
170 15
311 157
173 14
172 131
287 335
59 205
234 117
333 171
163 273
257 378
400 436
393 495
403 328
267 463
436 127
143 258
415 106
120 306
289 441
276 144
349 76
193 187
358 83
208 378
257 373
309 318
313 9
337 202
166 216
344 105
363 102
61 339
145 131
72 33
178 434
362 200
239 27
463 408
286 98
323 171
341 43
52 133
335 154
371 390
347 353
308 67
406 210
341 369
402 403
337 265
317 432
312 51
459 57
7 275
298 246
141 330
315 140
146 194
436 151
356 369
436 283
493 164
33 194
449 187
304 288
220 138
190 474
31 384
159 149
247 390
72 310
302 389
83 388
39 448
170 19
154 247
412 458
153 147
186 297
85 454
93 343
317 158
42 283
284 348
90 54
216 32
421 162
50 370
170 356
227 441
189 340
299 381
380 453
250 304
258 67
410 188
198 203
486 79
279 92
498 123
155 369
383 66
436 428
284 434
227 459
299 11
392 268
73 450
106 272
191 176
216 365
420 453
32 414
358 407
382 311
32 209
275 37
465 416
202 64
23 249
112 281
402 322
125 4
128 475
151 231
448 172
477 367
133 369
128 10
173 344
53 10
47 58
326 180
244 364
465 28
161 267
442 77
433 63
39 67
298 61
85 190
410 247
468 63
425 395
239 96
106 450
8 292
473 5
369 334
214 69
337 334
411 376
291 131
198 344
257 330
373 348
447 343
258 135
30 415
363 183
133 270
414 469
326 494
180 239
309 195
381 395
123 498
129 144
340 414
97 327
27 450
145 470
457 475
242 403
86 487
109 106
427 71
65 24
263 254
301 98
493 424
422 183
179 468
234 51
230 20
322 331
153 110
85 467
370 110
450 179
285 308
379 59
83 65
319 297
395 199
123 120
155 240
60 398
449 187
207 294
478 32
142 29
348 483
446 79
258 218
26 396
307 396
461 257
406 243
442 132
104 153
393 417
315 112
299 305
452 117
149 358
387 430
265 143
222 235
305 211
459 332
228 183
440 267
10 41
25 199
352 304
221 130
94 98
403 389
6 393
251 207
489 7
150 490
77 255
318 372
204 382
417 278
397 285
178 209
408 259
63 204
186 261
211 136
25 280
25 466
174 383
390 276
118 163
418 392
116 195
429 237
367 321
458 346
55 116
375 136
192 464
77 290
278 230
362 288
106 156
39 387
15 280
444 282
26 133
180 214
303 143
316 109
455 170
138 274
262 363
179 365
155 307
389 256
396 286
442 252
491 2
283 333
467 359
492 79
293 494
137 25
134 97
119 453
227 442
305 110
475 341
148 484
92 483
269 38
142 340
342 211
396 485
344 477
408 364
358 189
214 54
3 495
300 348
290 474
84 27
220 447
283 60
395 369
259 227
67 164
227 253
238 262
91 123
487 83
272 0
54 197
192 486
186 409
383 492
371 329
128 468
380 92
313 412
139 275
291 424
177 59
321 18
493 415
350 412
264 333
30 122
460 170
79 75
419 147
328 463
283 143
87 456
368 163
290 252
176 360
419 81
451 205
120 92
4 444
129 471
445 121
291 160
87 406
405 223
186 6
149 233
189 321
484 236
488 410
270 126
207 16
221 41
133 10
454 194
17 489
110 84
96 462
220 402
125 183
189 477
210 163
484 191
279 252
14 320
446 268
136 136
177 5
15 358
52 310
151 321
257 69
383 262
16 353
388 456
433 493
8 430
121 496
100 344
164 400
20 114
250 462
467 157
367 279
441 334
155 419
340 92
354 413
118 75
31 222
67 7
289 465
313 75
419 262
14 413
379 435
397 35
44 129
408 216
50 411
182 349
293 58
323 374
449 148
222 441
300 481
298 290
217 89
203 111
376 137
424 218
253 255
236 322
390 149
412 144
345 441
351 94
320 138
138 174
115 269
102 213
3 268
209 400
363 72
61 413
131 239
346 486
160 236
237 82
78 50
343 149
95 423
414 194
368 415
36 404
117 336
456 139
39 472
45 165
430 403
494 106
92 413
1 341
423 252
155 238
239 354
277 498
45 334
101 43
448 413
101 138
129 65
38 57
75 168
423 435
41 5
271 270
111 486
90 272
11 386
240 245
96 102
289 370
413 141
406 390
380 213
131 8
417 9
30 169
104 344
350 453
75 497
483 473
245 186
425 426
171 108
211 17
239 119
260 0
242 5
218 19
379 475
484 349
370 296
141 366
172 326
176 343
168 247
286 11
437 413
374 63
80 461
80 85
437 172
177 193
212 179
154 247
449 91
239 491
209 319
498 232
427 381
129 174
185 95
361 267
330 123
436 235
172 262
434 16
61 109
140 463
211 125
68 147
138 160
331 308
392 347
81 329
3 172
119 62
329 41
16 480
67 159
421 452
320 239
200 208
171 382
7 341
488 382
394 76
236 478
177 226
55 480
4 110
172 59
452 124
456 1
12 468
420 24
115 286
494 240
474 168
361 165
400 482
410 349
179 294
372 498
478 208
319 428
339 483
459 491
345 291
259 415
291 357
143 179
271 259
427 137
155 246
80 288
489 407
201 490
340 20
228 74
354 318
153 399
243 193
336 112
380 88
445 95
126 171
430 89
78 397
495 209
349 233
140 75
417 338
210 194
120 257
428 439
190 326
19 81
46 433
21 355
302 426
97 467
408 280
29 380
441 486
72 25
452 291
129 64
258 222
479 192
483 230
56 259
341 173
107 427
134 239
165 480
299 288
68 114
346 207
194 98
475 288
79 118
182 427
149 60
252 441
23 481
240 235
261 432
359 433
172 220
200 494
282 189
304 0
207 203
301 150
290 253
371 276
55 369
282 54
347 57
38 386
122 222
154 130
64 235
455 14
360 88
278 155
155 494
197 82
84 215
320 350
126 227
448 44
450 34
91 230
117 149
371 481
111 91
178 26
392 27
116 133
288 104
450 246
328 296
363 148
498 264
343 183
79 477
11 292
22 29
178 454
435 491
434 402
280 46
426 112
97 24
128 394
140 238
34 78
78 320
84 249
284 429
406 428
72 364
245 269
223 446
438 424
326 158
56 224
189 106
130 482
376 286
24 110
40 16
336 410
11 119
48 273
53 296
12 306
75 477
423 257
181 298
308 213
438 359
317 364
199 479
117 299
261 427
296 494
404 302
273 484
257 268
64 321
479 162
139 76
185 54
204 415
128 219
78 12
376 66
397 248
399 427
355 15
9 161
463 151
135 265
385 236
409 245
259 449
377 388
294 251
166 63
282 498
10 294
213 212
312 238
18 462
477 212
373 373
376 338
456 188
276 363
460 341
143 185
425 72
323 372
435 71
69 341
135 69
134 431
21 200
163 446
158 39
264 492
183 383
71 492
208 491
332 347
384 168
240 327
200 161
232 415
256 487
409 153
84 244
444 43
489 458
349 459
452 148
31 466
458 135
126 455
154 18
187 310
490 391
404 279
47 190
29 137
142 303
47 438
481 227
37 344
303 471
471 386
204 107
94 354
161 15
33 72
235 316
59 72
352 225
267 463
452 399
54 296
235 95
174 454
150 68
391 211
449 305
413 362
69 154
169 359
432 230
46 202
127 167
244 105
421 479
230 11
307 373
468 136
90 394
315 142
205 240
46 206
421 155
161 311
170 490
220 182
236 102
121 119
76 363
194 365
228 497
371 276
413 388
282 191
186 3
96 449
156 391
398 142
305 77
67 411
93 475
430 139
258 330
45 403
269 335
332 240
16 349
237 55
99 429
285 372
321 285
176 233
227 329
406 427
338 32
7 325
317 284
466 289
193 75
262 11
103 314
163 447
2 120
401 401
273 101
386 38
271 94
424 415
194 498
382 182
360 32
316 390
31 177
252 282
146 224
390 367
314 249
221 54
455 316
270 123
13 80
26 8
275 137
135 302
337 469
354 18
260 197
226 22
157 143
368 330
197 303
52 258
164 11
180 274
249 471
51 450
310 114
251 430
232 86
407 239
109 69
118 261
284 221
364 344
175 441
244 84
343 372
384 148
274 359
331 64
366 375
490 234
164 176
114 93
332 397
318 22
283 441
14 437
281 67
8 379
463 456
181 104
105 158
18 417
481 379
107 201
435 199
227 97
190 100
349 342
364 375
168 167
104 499
419 183
62 238
194 279
384 377
36 227
144 489
220 406
107 477
176 327
276 42
494 404
98 319
194 343
11 314
313 214
397 467
205 232
12 311
189 400
479 248
89 225
131 124
101 161
489 90
132 130
386 117
436 127
322 484
150 482
197 333
301 463
48 446
258 6
258 412
160 447
24 238
214 101
262 7
97 167
297 103
221 229
208 35
371 9
344 383
216 21
337 393
339 369
228 385
149 449
396 486
76 309
262 272
279 142
310 24
128 376
458 107
495 201
210 18
401 366
388 54
447 470
339 225
462 139
88 419
258 111
272 337
109 334
477 34
58 241
117 139
246 38
239 75
94 241
460 450
356 347
317 348
425 156
295 9
428 239
350 235
424 186
373 122
8 34
275 350
489 66
457 244
172 87
181 196
498 118
465 141
341 355
363 283
292 118
357 158
245 72
259 207
181 170
56 132
334 41
459 183
427 175
262 416
113 99
217 295
288 111
318 35
318 481
99 181
191 462
386 308
367 437
459 145
277 48
441 15
50 463
138 401
317 477
429 253
48 430
394 498
33 189
170 212
246 203
17 122
430 437
374 404
49 298
198 185
200 179
142 140
393 250
80 133
386 210
493 361
359 286
475 387
451 245
448 498
472 197
135 318
222 254
404 361
47 123
154 103
95 99
202 149
282 488
50 134
495 20
306 43
430 354
99 134
484 234
431 400
218 456
62 418
280 292
267 467
422 179
130 422
423 17
357 332
466 57
77 259
303 461
168 235
369 85
319 119
19 205
13 103
21 89
233 76
43 153
184 1
275 465
334 315
499 198
107 43
302 466
279 184
419 105
43 299
419 141
198 362
465 290
232 212
288 339
492 465
318 183
0 177
492 93
143 186
229 491
309 250
434 383
341 441
240 206
199 384
246 11
154 397
461 64
403 386
203 101
284 395
424 22
467 136
322 268
260 111
361 403
287 421
214 148
206 128
12 455
318 405
154 110
26 472
210 116
217 429
177 266
140 354
342 101
370 107
218 165
68 482
255 432
80 207
187 470
277 286
43 51
162 95
420 197
165 188
470 482
100 235
441 147
100 240
348 283
300 322
156 418
350 221
428 412
382 282
420 116
19 159
106 463
13 181
222 26
361 178
265 44
43 461
202 206
342 495
318 402
320 142
363 474
386 23
305 144
112 120
131 226
41 131
165 238
116 54
85 239
283 477
439 350
57 326
321 493
395 251
393 491
466 67
90 109
105 204
177 248
326 217
200 308
398 367
274 217
456 15
492 359
209 239
417 283
276 118
369 91
82 23
91 115
224 400
457 33
133 329
398 486
294 311
179 450
168 193
60 453
164 124
216 52
188 373
492 485
76 316
340 213
328 11
263 283
168 52
233 72
58 302
113 483
434 205
250 144
449 454
430 310
362 113
339 146
484 402
219 183
396 412
423 59
194 225
129 39
111 362
16 215
198 22
227 482
478 484
438 477
287 428
393 221
367 1
256 232
267 203
116 475
386 164
389 391
430 80
294 370
85 394
416 311
293 284
120 495
324 123
51 411
132 111
464 297
381 351
55 220
47 149
165 171
414 433
13 54
276 197
443 308
471 362
498 211
206 116
239 118
29 30
493 143
292 13
365 309
382 173
174 420
443 429
363 339
245 357
54 228
36 22
236 497
208 359
475 234
204 266
296 67
210 86
99 141
451 2
27 464
384 333
262 202
41 327
37 477
206 139
161 443
293 94
454 397
483 353
120 281
348 187
273 268
410 410
412 373
189 213
46 292
346 74
253 160
138 239
378 142
86 344
290 39
288 379
232 96
378 271
311 204
473 78
489 84
309 235
448 253
45 499
425 494
6 391
131 30
173 144
340 9
401 111
342 483
79 41
313 74
279 457
36 124
60 104
339 25
130 222
221 287
133 176
419 498
380 139
136 50
412 405
16 476
459 165
206 358
285 391
348 19
495 416
20 236
113 56
130 359
498 244
420 351
201 131
122 339
242 81
339 258
87 154
171 355
66 398
289 377
249 351
267 490
226 244
152 139
350 340
84 282
485 348
331 4
195 38
472 453
64 289
295 311
166 151
401 466
344 232
435 191
181 93
337 202
341 407
99 342
124 191
391 183
39 462
0 74
28 235
376 472
283 444
95 172
138 302
386 348
39 482
75 322
376 220
480 265
107 70
113 79
115 83
45 5
79 154
241 398
222 459
255 118
290 6
160 202
51 428
263 46
220 90
163 338
455 97
167 495
426 62
498 280
137 41
196 43
293 69
380 437
407 16
374 136
338 197
478 34
432 389
332 241
431 153
102 495
490 387
301 121
401 268
310 299
195 391
460 6
295 488
356 340
328 203
252 230
264 167
56 82
175 49
54 388
235 459
346 156
277 77
346 499
299 30
421 156
14 494
334 233
426 309
364 191
421 254
421 469
403 38
439 330
70 431
390 493
149 306
235 88
87 278
308 81
89 386
232 82
315 103
265 419
110 241
496 481
302 383
273 269
451 58
489 212
205 22
180 231
319 206
484 267
349 258
145 293
375 290
246 229
148 42
284 363
196 110
346 132
253 499
409 119
184 205
79 250
481 389
448 111
378 300
410 432
225 79
370 407
137 452
495 468
331 137
100 131
263 27
378 446
417 368
73 287
37 101
343 4
115 18
170 291
223 494
73 81
488 301
105 295
263 477
467 100
231 94
122 67
365 346
67 352
492 282
236 140
497 29
400 79
222 112
458 422
355 297
450 32
327 196
25 56
8 91
37 492
411 240
438 11
364 276
411 5
498 356
237 147
78 495
459 489
412 300
449 418
302 119
315 400
456 481
72 193
185 464
56 462
473 97
225 495
352 189
45 136
283 202
49 135
124 213
13 9
279 388
8 463
215 433
414 175
368 171
487 487
301 406
355 44
391 274
316 80
69 95
298 361
348 352
418 347
208 473
213 431
246 339
272 221
249 461
484 187
26 469
375 472
16 327
453 82
163 259
354 269
483 232
436 152
352 331
156 354
138 60
400 370
443 236
50 172
211 192
14 386
358 237
64 389
324 226
485 370
139 487
71 340
344 122
454 359
66 196
257 462
332 56
144 9
33 128
172 194
81 245
482 186
428 291
18 399
269 252
91 3
195 260
383 14
373 40
236 189
151 291
347 345
354 336
316 344
38 240
485 488
175 471
263 319
70 455
207 133
488 339
100 298
164 36
76 335
24 389
181 164
10 27
215 380
224 216
456 31
20 115
438 293
113 47
2 53
186 35
375 209
359 27
63 327
14 375
264 139
155 38
417 445
178 17
86 133
164 402
369 394
188 36
83 308
361 153
188 437
146 48
75 415
94 357
232 490
129 108
498 349
294 136
154 416
401 472
227 240
134 65
454 96
404 174
179 389
327 118
18 220
135 325
183 445
435 230
190 267
116 416
52 189
105 263
87 58
298 6
423 314
263 285
311 229
119 19
137 491
211 446
271 155
100 198
280 306
426 35
451 471
12 394
157 356
414 117
475 97
263 65
202 250
332 26
398 13
356 451
249 35
43 419
118 372
179 495
31 398
221 457
351 334
42 233
202 361
458 457
22 29
132 221
100 224
89 464
267 498
385 446
365 16
388 428
424 335
86 419
228 307
493 307
393 80
293 36
493 447
477 251
324 367
443 109
425 276
126 384
330 192
60 12
292 48
235 300
72 68
227 321
481 300
380 221
109 374
321 25
128 454
321 298
259 453
81 116
0 184
228 208
72 183
231 288
89 216
137 466
140 13
313 364
437 121
495 46
71 46
0 168
319 200
5 173
289 430
467 86
146 142
325 195
336 70
139 408
226 277
290 276
140 366
339 103
149 78
476 186
355 221
273 477
2 174
104 278
216 144
286 423
119 215
285 463
371 307
84 276
52 449
168 374
329 45
123 7
194 479
52 451
428 49
75 177
455 283
427 31
455 23
238 213
176 426
233 376
152 399
348 317
43 57
102 368
376 224
203 77
28 70
471 107
136 309
92 46
429 443
467 19
84 384
162 57
285 112
363 395
64 290
347 63
432 459
184 449
378 308
230 239
199 406
215 201
247 335
279 159
30 28
413 246
155 114
78 75
323 441
83 293
357 387
199 430
231 289
449 383
122 109
15 179
232 321
157 83
242 479
359 288
386 273
239 272
200 41
334 170
463 375
114 417
199 320
461 313
196 430
39 262
441 319
492 407
342 173
4 1
289 84
209 364
488 175
69 449
471 40
415 403
321 434
255 30
195 20
303 68
331 392
63 194
101 124
150 407
409 295
380 154
370 198
226 441
242 211
103 295
198 213
148 19
401 371
244 255
323 96
340 47
241 154
279 255
163 195
490 429
435 72
122 222
16 158
221 348
495 258
472 324
195 194
417 472
227 96
45 161
208 50
57 237
493 302
497 336
117 8
432 339
62 52
210 54
255 430
188 283
108 250
296 12
484 303
252 214
375 211
114 149
386 436
238 171
359 231
239 235
426 476
28 23
430 340
270 91
374 185
287 459
323 334
138 436
150 308
371 390
39 377
313 337
8 277
361 403
138 219
195 452
476 65
405 76
19 406
443 28
487 245
80 230
18 310
470 70
460 168
398 194
31 351
480 63
467 392
111 341
294 457
22 307
235 122
28 280
160 254
499 471
53 147
309 431
1 72
92 132
326 313
16 342
406 357
101 497
190 373
330 213
372 336
310 205
337 107
213 338
161 497
496 64
348 67
491 157
289 349
15 435
278 467
177 31
380 184
409 278
343 423
111 91
296 215
174 422
260 485
482 239
304 274
193 330
488 152
353 184
471 129
97 368
252 249
285 274
52 132
407 46
138 396
463 19
441 286
272 490
229 53
179 106
437 385
389 372
408 277
406 243
463 380
481 355
129 215
200 267
165 34
282 459
478 303
90 245
235 419
325 214
320 317
202 4
229 109
238 92
187 137
369 145
0 150
218 351
470 482
16 270
229 135
291 298
395 208
479 233
447 483
300 304
161 119
81 2
94 390
379 319
464 281
284 249
452 317
299 354
124 422
409 167
317 353
413 200
285 64
47 245
401 232
204 347
202 62
304 285
456 148
282 184
285 273
90 66
420 237
11 241
260 396
101 420
473 77
493 15
112 258
343 41
240 13
428 399
36 442
443 232
268 492
265 225
143 53
142 207
448 415
311 153
426 60
137 412
279 251
9 131
24 243
257 204
455 264
59 185
269 491
484 354
79 38
91 249
457 74
489 86
239 257
318 300
64 165
416 307
290 196
439 278
334 314
431 48
85 290
133 342
196 355
393 117
219 127
201 336
422 28
285 190
342 14
179 455
263 258
454 448
78 53
220 246
146 264
406 3
345 232
87 40
9 393
20 332
168 228
256 73
263 443
457 42
349 457
215 488
288 112
18 22
268 366
483 238
241 266
498 389
281 438
331 437
269 291
19 203
276 290
233 128
22 39
496 42
30 371
484 63
85 319
37 2
92 205
472 20
262 185
123 322
260 43
186 306
9 381
171 206
186 285
176 256
298 208
79 172
235 181
0 63
417 173
378 37
410 361
46 350
173 172
67 21
327 285
166 254
312 336
121 190
298 498
58 297
321 449
130 137
53 409
82 482
19 322
184 312
163 281
305 230
252 188
473 225
331 431
268 491
33 143
493 241
391 332
281 403
40 212
473 263
245 93
268 407
220 116
398 452
34 235
423 55
280 138
70 248
239 111
106 190
431 273
457 451
354 322
387 238
353 247
192 360
268 98
66 460
412 340
75 464
372 299
437 350
98 152
116 359
49 189
314 222
174 481
303 271
361 380
127 190
403 214
164 320
280 23
363 231
47 45
344 290
140 419
424 281
141 90
279 40
262 190
23 446
69 288
169 327
369 431
497 148
468 124
147 14
97 101
146 362
152 144
416 490
123 144
234 340
232 116
159 366
312 494
135 182
361 381
164 156
304 83
207 14
28 125
226 355
217 477
121 224
214 222
366 389
81 189
306 453
319 313
160 317
499 483
216 295
303 213
296 233
247 459
436 355
210 127
104 162
238 280
354 77
467 304
494 220
25 400
214 152
469 344
179 374
21 320
33 248
481 176
135 181
37 80
59 72
86 99
379 15
92 325
481 233
306 411
312 475
479 331
28 378
104 448
269 59
307 125
301 154
336 288
220 288
360 373
324 279
294 299
476 204
289 239
2 457
433 447
279 166
44 412
213 159
218 0
125 334
488 26
166 278
67 176
401 387
166 279
78 226
282 313
404 406
364 71
19 406
425 149
61 150
309 321
322 126
460 379
405 299
78 301
477 72
311 497
276 379
105 329
142 207
113 239
310 398
157 477
126 181
183 82
403 40
18 344
224 77
377 479
280 129
53 455
304 109
340 364
194 80
139 297
36 188
87 105
434 199
380 244
178 61
453 416
260 433
11 471
302 484
114 388
195 434
44 19
384 351
431 236
34 78
118 423
28 70
269 205
301 462
375 2
418 479
413 180
4 178
163 424
164 306
93 129
148 211
62 489
225 384
314 345
120 259
330 433
490 148
463 451
453 292
271 190
371 371
402 36
312 375
33 65
46 476
39 126
115 46
283 101
299 193
452 97
382 419
68 134
86 373
17 383
73 391
263 140
177 296
171 165
82 489
466 57
183 480
378 357
459 151
344 161
259 258
177 148
283 141
366 97
332 221
112 383
24 406
54 227
244 201
42 226
283 178
158 360
218 318
321 37
198 177
287 165
314 309
303 316
266 449
170 169
405 98
356 134
362 429
482 411
489 458
137 376
237 124
442 147
36 455
484 264
281 87
396 123
439 447
396 199
221 205
156 418
53 126
407 12
423 267
77 241
117 412
36 214
214 354
161 331
447 250
337 497
120 228
176 234
285 412
469 424
343 6
484 125
138 248
367 391
484 413
178 444
11 102
308 66
249 225
327 322
319 196
425 165
251 292
204 453
377 388
247 173
151 220
320 231
475 141
406 187
484 459
413 84
3 495
72 74
248 252
449 399
416 67
211 226
179 19
408 415
441 56
129 155
386 92
85 301
489 213
25 491
76 325
172 438
364 431
183 244
495 112
32 484
210 264
283 243
11 389
298 191
346 304
248 279
80 85
298 333
324 421
246 323
114 252
183 270
14 330
443 219
203 362
126 327
422 266
7 261
453 433
89 305
436 151
236 337
170 17
290 387
62 347
99 389
159 176
359 135
354 26
388 302
481 409
175 366
127 403
189 183
340 432
84 278
468 277
146 172
411 138
337 436
325 474
2 289
424 485
11 361
163 130
39 251
469 496
400 67
102 448
381 441
219 442
71 317
489 187
178 217
6 401
375 367
156 183
168 229
91 80
62 31
134 106
103 454
21 103
52 3
444 123
417 433
102 15
55 489
58 91
344 85
452 64
248 71
301 109
41 268
152 392
498 456
410 286
242 453
308 283
258 294
79 252
120 175
16 181
124 27
112 75
491 321
392 416
25 239
360 45
289 419
227 12
150 140
93 137
272 392
38 402
6 30
205 117
150 126
153 222
149 275
96 117
34 140
232 340
238 411
182 92
456 27
167 409
398 458
203 261
163 170
200 241
211 169
148 258
332 361
488 153
271 481
121 436
129 157
420 205
297 367
394 103
364 105
416 62
175 263
285 119
360 338
359 338
96 71
285 7
13 280
261 273
62 136
293 234
440 191
58 65
168 89
47 304
366 385
148 463
82 393
231 285
123 294
218 91
450 71
351 3
128 463
451 464
51 42
233 96
162 343
432 143
448 330
215 331
146 166
60 215
1 228
375 143
86 476
400 93
448 389
204 103
68 428
471 156
252 471
314 204
200 414
97 98
282 0
166 164
380 428
9 78
74 233
61 384
329 160
401 461
65 277
57 106
262 485
456 28
85 366
281 122
72 285
285 230
394 354
283 303
234 126
211 292
28 308
320 125
86 357
486 222
180 3
488 43
72 294
160 296
418 9
294 293
23 491
197 431
86 270
248 480
124 172
332 460
85 152
9 5
79 23
27 495
391 259
53 15
164 315
324 65
359 434
277 470
253 234
4 475
455 191
364 105
65 80
232 48
53 2
25 94
441 132
243 404
272 332
499 296
362 436
370 323
145 73
307 148
475 398
442 164
269 430
362 306
206 186
188 447
393 260
244 65
470 334
19 488
136 94
30 18
194 350
423 252
252 339
90 83
247 227
10 32
190 368
406 224
23 396
156 94
11 416
103 253
241 333
427 474
492 229
80 309
414 38
378 355
438 166
246 320
352 37
405 256
332 394
290 311
257 356
124 299
52 121
306 227
201 145
226 86
395 46
84 306
162 309
328 314
134 100
490 74
182 338
84 247
59 14
222 375
26 168
141 347
74 430
427 448
34 128
174 153
460 281
443 258
425 474
426 271
197 411
102 416
164 231
97 186
413 75
95 320
167 439
369 237
185 93
221 296
450 71
352 395
6 262
88 295
418 283
194 14
431 467
198 296
335 447
22 148
468 248
188 117
354 135
228 409
206 391
462 302
197 8
122 167
314 55
338 210
224 85
52 33
181 7
454 103
251 16
265 328
446 219
206 305
214 152
396 286
88 272
132 358
377 138
193 254
316 192
277 384
417 393
252 181
284 450
319 207
387 387
458 84
241 333
338 16
303 455
80 234
444 243
381 212
319 322
14 427
311 487
380 143
324 80
382 133
192 461
200 201
137 79
265 159
27 378
334 103
189 182
426 266
478 133
307 159
438 149
137 173
316 249
181 369
2 493
306 64
117 46
478 6
17 255
133 243
198 45
79 319
85 387
372 5
17 64
65 180
353 455
57 202
72 22
367 90
6 426
473 173
31 124
379 451
46 49
446 364
184 244
483 25
383 269
185 207
387 252
207 251
305 93
467 116
207 229
156 334
7 65
189 481
432 38
439 420
137 478
74 237
263 321
442 409
116 498
250 480
83 356
301 309
426 388
118 268
454 485
50 126
107 313
203 92
364 391
221 495
232 1
174 295
56 347
345 117
449 172
380 447
257 32
272 181
301 35
372 242
368 255
420 274
366 327
218 124
119 83
84 439
86 351
51 259
228 142
167 248
196 177
61 47
229 305
192 185
428 382
490 64
338 148
328 410
386 57
140 46
338 5
209 224
335 424
67 260
360 415
444 234
281 56
213 5
43 362
97 405
469 471
471 87
497 160
217 151
198 236
241 209
285 36
460 302
414 121
388 379
465 275
183 333
338 99
313 397
302 381
204 410
497 124
136 28
179 347
83 353
62 229
265 176
331 199
320 78
309 97
372 61
394 275
374 408
305 232
466 39
450 459
435 22
402 299
146 71
276 434
163 81
110 190
390 281
211 293
390 62
123 20
147 115
23 17
102 373
413 180
491 420
294 215
14 427
498 197
131 13
446 275
465 146
427 56
349 207
270 138
11 92
207 393
263 10
384 82
262 365
285 149
364 253
32 79
128 378
391 383
158 259
258 338
246 475
183 185
176 448
40 305
198 39
49 99
181 461
178 285
434 295
400 315
395 150
29 433
316 375
487 272
462 326
153 245
282 209
157 336
493 458
349 49
148 192
5 251
36 181
476 184
499 323
473 376
161 246
474 354
127 477
155 461
206 89
150 309
497 488
299 159
208 491
183 148
399 208
389 40
76 288
111 365
94 428
174 436
291 255
85 148
461 418
359 240
49 167
8 10
169 47
38 307
307 230
438 73
113 59
199 180
397 190
118 162
98 491
99 144
145 389
159 184
424 106
126 19
29 326
373 134
293 50
280 411
484 100
11 71
251 449
491 210
372 0
344 109
106 323
212 443
479 251
209 372
391 403
81 335
469 272
322 454
217 262
215 455
26 53
3 78
141 129
129 494
456 365
188 473
268 414
17 401
125 247
3 226
62 368
140 84
39 383
498 314
269 108
162 65
143 147
276 17
363 136
2 406
231 171
85 190
443 0
247 102
181 68
436 102
187 243
478 76
243 78
186 328
393 12
160 200
69 389
25 288
194 433
104 379
70 278
278 42
144 13
82 377
332 325
420 370
299 19
449 251
79 42
406 487
188 473
214 66
355 109
42 91
471 401
31 499
41 41
406 161
391 37
215 340
211 223
94 487
238 10
404 43
30 318
143 310
229 70
180 357
448 436
189 74
73 419
312 221
382 466
356 219
411 125
348 71
58 122
484 442
485 149
467 240
51 368
290 110
319 132
68 322
397 119
391 257
330 322
141 203
274 65
190 497
68 186
160 391
333 478
127 497
237 171
391 446
408 288
420 181
4 227
347 340
450 253
427 238
293 132
197 68
65 420
106 240
131 485
464 118
115 316
487 443
390 353
493 378
412 298
378 266
458 268
21 225
315 408
41 448
17 460
380 90
182 434
420 486
457 313
482 236
179 72
277 469
200 421
72 123
241 464
232 450
27 199
460 105
405 194
154 353
295 274
209 35
373 478
143 481
217 330
255 125
447 248
170 32
7 147
463 94
44 248
300 195
152 71
117 260
465 57
332 271
306 260
238 393
374 180
10 382
7 443
191 265
150 454
453 213
307 157
258 416
463 203
274 58
170 467
25 243
15 135
395 209
102 321
1 134
368 328
271 364
481 375
182 462
28 131
141 135
404 335
39 251
161 219
187 165
409 331
318 64
273 424
97 213
199 227
407 451
315 67
295 178
492 296
280 329
316 20
208 273
24 220
292 247
264 185
368 479
395 173
449 186
251 20
247 47
498 303
370 154
184 165
313 17
346 176
49 93
366 163
235 257
4 242
427 27
358 120
294 147
333 253
125 95
494 437
240 372
378 344
9 462
480 62
91 323
268 178
193 140
397 487
229 429
308 253
373 9
156 19
124 19
115 342
279 250
474 461
306 19
481 353
267 167
342 313
492 358
498 111
98 37
318 247
0 179
188 127
498 374
245 345
187 474
224 360
174 318
337 199
404 480
147 170
484 23
382 342
453 328
365 232
332 403
82 184
163 332
58 271
468 13
487 304
16 7
325 212
263 190