600
303 12
196 461
440 252
149 236
17 343
359 332
163 243
155 414
172 242
70 307
298 307
303 269
388 416
469 470
414 473
337 68
381 217
469 386
122 321
16 470
303 140
235 227
494 466
60 391
198 166
325 482
252 349
117 129
451 140
465 86
6 366
83 155
41 239
61 405
375 163
155 429
157 30
348 391
282 151
169 409
391 332
181 347
328 143
136 299
237 279
497 453
108 244
483 81
338 149
165 396
326 213
96 320
63 335
338 444
353 345
30 359
58 97
92 63
362 386
18 228
34 452
48 15
448 142
144 383
280 286
352 161
481 458
145 300
244 45
242 483
194 450
399 272
188 253
491 491
72 50
354 361
229 106
100 402
286 177
316 96
257 66
376 20
320 239
136 21
356 416
366 230
355 402
155 265
109 43
445 499
360 181
139 300
202 89
119 239
336 488
406 435
307 93
184 134
7 127
395 172
403 215
118 262
379 110
153 273
272 488
21 98
398 485
74 160
400 453
293 193
480 88
181 200
186 287
266 218
390 194
409 162
276 293
255 27
153 7
348 408
359 277
262 369
30 109
62 189
234 282
370 356
408 215
354 51
269 94
140 473
487 12
157 50
429 115
122 413
321 434
64 322
192 180
142 178
367 74
356 204
412 102
169 226
129 172
267 23
496 251
115 259
161 483
98 272
185 91
377 73
395 359
391 441
472 87
13 33
90 339
293 369
447 2
175 462
338 429
32 294
53 334
170 147
419 215
158 120
193 457
316 387
181 89
28 59
93 153
344 394
115 183
185 490
452 63
344 212
6 142
329 376
375 412
479 499
119 294
103 137
376 165
106 271
331 57
62 486
380 424
459 407
397 496
411 144
209 201
344 255
483 215
479 173
24 358
4 458
447 495
160 108
231 324
233 118
105 62
486 296
203 337
333 445
442 452
153 96
203 151
218 349
374 186
396 50
8 398
394 253
213 456
132 406
377 444
7 365
161 482
171 345
291 216
168 357
453 85
88 174
375 157
195 158
208 250
0 92
345 69
377 246
153 58
2 9
374 30
364 9
355 388
104 35
392 498
435 273
299 198
355 23
33 174
424 50
142 94
163 277
23 339
397 40
401 28
58 252
261 127
15 274
162 468
318 120
245 54
252 253
128 44
70 459
10 14
108 347
124 4
344 123
163 147
176 93
345 416
43 86
213 459
427 59
179 375
281 98
203 276
172 386
345 332
198 242
89 207
212 306
429 65
65 408
1 444
360 241
179 347
306 403
462 392
119 85
183 493
269 401
287 387
71 441
36 132
340 269
75 477
43 404
312 356
300 460
53 165
12 160
415 232
477 170
108 378
223 96
349 291
30 345
138 136
121 101
222 174
4 313
69 149
5 399
359 233
398 157
317 412
144 263
285 85
315 473
422 393
37 38
383 271
260 67
21 374
400 381
46 243
393 404
303 115
348 250
408 162
74 98
361 77
162 71
396 147
40 477
368 318
442 77
497 103
477 202
435 18
261 378
282 481
448 6
257 438
100 148
246 165
242 27
98 108
107 405
234 346
165 147
77 102
206 107
309 74
92 183
413 96
77 205
64 196
134 377
25 321
338 86
113 271
379 80
337 63
410 486
486 72
26 427
34 63
489 232
268 195
291 433
490 181
229 220
97 54
227 215
302 122
393 65
146 267
331 125
111 335
259 93
20 449
364 286
370 54
101 353
138 138
172 392
112 129
183 401
117 61
183 263
328 271
38 76
53 326
162 221
314 17
466 273
59 334
240 331
36 430
68 341
85 27
156 92
494 49
110 191
454 463
234 145
74 135
461 124
346 127
144 475
249 12
347 111
294 308
90 439
133 182
209 11
103 218
120 365
409 97
412 230
376 215
350 146
123 450
429 312
287 469
481 74
185 388
197 180
472 331
13 139
150 105
323 223
440 254
203 295
378 201
417 116
114 254
56 267
79 237
58 485
411 219
107 392
424 96
279 156
296 396
1 293
368 446
52 177
472 160
362 256
224 350
456 279
46 338
428 364
202 478
49 486
378 113
62 8
165 303
51 341
486 313
111 53
230 354
15 164
272 54
405 377
8 496
334 213
78 54
32 114
101 280
245 433
442 331
486 307
1 107
272 38
443 487
194 383
399 25
79 61
290 171
167 484
50 298
352 354
468 128
260 237
170 421
105 5
165 112
71 91
481 166
5 343
79 424
449 199
260 478
150 29
365 402
200 169
375 415
395 405
142 196
117 155
13 164
129 222
166 178
344 52
248 147
424 349
401 327
157 225
106 161
64 159
181 324
91 116
21 56
252 487
494 15
180 222
444 7
37 161
213 462
462 381
83 313
140 386
463 484
497 150
309 70
246 413
30 490
399 337
176 51
67 151
373 171
30 99
260 170
132 68
301 325
139 94
332 384
220 131
281 148
218 218
131 443
285 464
153 13
65 184
188 330
353 484
435 413
83 235
303 195
372 68
14 457
341 11
143 199
347 62
132 276
71 417
381 263
129 357
393 386
216 46
30 81
495 421
157 465
12 430
498 312
269 384
396 365
64 463
377 391
19 411
328 9
124 91
448 61
447 253
299 341
275 16
289 181
146 270
52 298
111 10
395 403
268 380
195 143
386 332
95 72
81 405
496 423
336 206
459 296
490 135
3 111
292 265
387 293
91 291
153 439
342 54
287 48
43 462
146 482
55 281
187 241
16 136
194 35
332 204
340 6
117 322
439 195
488 261