6900
22 14
36 19
42 22
364 20
200 276
361 317
72 418
102 193
377 154
277 117
130 288
444 245
104 117
181 460
3 429
295 296
167 25
47 332
204 62
338 411
80 405
323 51
96 152
159 277
394 474
262 436
34 376
345 58
370 138
420 379
27 373
251 215
47 195
257 150
62 252
9 447
499 494
499 332
461 95
421 158
446 355
83 35
93 480
471 428
159 464
337 391
106 187
382 440
91 6
110 491
438 5
499 119
303 437
385 498
8 264
471 306
194 455
287 406
334 287
251 258
149 494
181 441
381 108
466 415
406 324
329 76
47 344
134 329
179 202
318 371
29 40
347 289
47 223
11 134
245 381
227 114
55 246
354 260
175 289
113 320
248 433
130 443
124 295
349 264
487 155
195 167
308 16
240 394
29 355
89 103
217 126
372 316
429 125
266 79
251 456
390 231
26 0
147 20
136 150
158 497
16 123
139 353
100 325
180 231
334 129
107 269
438 404
29 479
58 219
175 295
26 162
162 65
437 53
55 161
158 73
48 213
419 27
352 40
271 19
0 384
6 458
362 107
438 444
15 243
38 349
11 190
256 416
321 173
186 45
119 229
294 197
224 19
59 213
84 76
312 183
141 436
395 318
114 3
246 334
35 129
320 136
404 46
71 428
473 78
307 257
454 444
464 101
167 30
106 375
58 103
40 271
89 199
54 287
473 56
185 152
140 8
406 357
137 45
475 477
87 111
407 282
383 393
424 223
451 402
6 382
153 9
61 398
185 95
151 115
120 11
19 188
398 112
9 426
255 35
498 484
266 194
440 406
481 2
404 364
98 432
294 262
160 104
51 355
322 198
209 54
242 442
407 80
358 140
176 416
401 466
160 26
432 167
169 452
168 266
50 426
188 267
223 344
199 201
399 274
180 22
316 460
40 274
415 223
140 251
217 443
469 41
60 229
182 254
372 82
8 202
469 422
119 196
397 44
170 318
192 148
108 350
125 361
436 1
104 392
187 428
321 173
402 8
114 382
316 436
139 338
261 324
372 460
357 380
50 122
270 27
230 95
456 231
84 207
451 244
173 188
361 490
498 346
80 115
404 465
303 396
220 395
207 416
148 93
67 64
444 51
146 337
420 26
233 454
50 4
44 36
26 75
422 257
225 376
341 2
399 129
376 497
265 471
416 83
0 414
317 483
173 444
470 315
269 93
450 55
91 171
247 494
104 469
345 169
23 329
310 39
36 274
246 186
269 153
67 14
498 269
65 236
51 171
116 387
442 172
344 66
413 385
206 91
112 17
346 52
443 135
410 156
342 479
132 8
22 463
85 52
140 372
395 150
38 192
364 12
78 332
70 208
151 491
360 276
180 263
399 206
214 123
454 161
21 408
372 439
491 395
268 457
459 483
175 163
175 497
182 392
452 106
97 252
28 104
367 458
16 61
184 118
131 83
491 139
78 152
48 363
172 421
404 168
331 132
481 432
324 359
465 163
415 276
232 414
224 296
357 452
70 93
176 41
32 54
206 167
383 110
383 106
274 55
39 288
220 458
317 21
184 396
172 282
48 452
248 405
209 273
366 457
350 131
185 42
61 383
345 244
202 444
352 229
369 477
435 391
264 89
485 104
238 301
253 9
266 286
59 353
162 475
107 277
171 12
247 144
388 233
29 445
174 91
420 381
125 43
484 207
311 389
42 469
330 49
335 295
0 97
72 247
376 162
27 31
176 400
485 126
71 416
7 14
396 97
140 427
134 373
114 476
297 297
198 157
452 128
225 34
133 305
319 149
33 361
261 198
325 209
125 246
113 248
346 485
264 361
234 338
315 251
48 348
5 112
240 247
133 310
115 317
319 118
331 286
485 352
413 93
191 162
410 390
375 304
165 256
447 140
391 251
100 262
226 291
390 457
267 319
488 23
493 234
21 307
11 325
270 358
20 424
315 461
118 430
39 42
34 135
387 486
100 277
69 339
296 178
497 459
335 64
298 486
145 328
153 171
29 157
81 275
237 49
332 248
291 207
342 371
209 177
455 81
420 161
339 24
335 217
281 337
175 170
351 431
455 320
477 356
132 484
386 59
159 221
428 70
293 302
480 122
204 2
163 435
311 124
341 2
191 146
169 474
406 366
187 372
228 361
197 164
75 360
81 435
5 87
389 361
484 298
152 221
156 188
312 167
170 319
318 154
128 213
80 339
211 386
99 267
283 439
152 149
84 211
298 233
447 442
240 187
409 431
119 245
412 417
89 431
437 434
148 407
246 418
156 228
347 457
248 256
405 130
341 400
486 341
283 491
179 433
364 376
121 440
209 335
118 385
320 298
57 408
326 468
48 155
464 482
90 395
377 213
465 495
189 71
62 451
236 472
200 93
385 452
139 321
207 95
245 258
166 379
347 155
310 344
178 395
142 127
340 269
116 19
90 157
461 305
278 153
98 49
2 330
152 484
431 141
251 211
90 28
183 269
465 289
36 346
473 144
413 178
197 165
322 29
335 140
293 135
185 465
295 391
227 187
180 299
362 158
39 284
405 304
93 222
420 371
15 481
159 393
410 280
309 209
349 85
220 496
313 142
385 405
444 461
260 465
475 477
113 475
279 14
237 18
389 225
206 157
403 256
36 218
427 313
250 198
194 276
270 471
228 8
469 155
472 25
2 81
56 448
462 467
485 188
413 199
209 227
483 471
189 464
129 372
70 116
392 380
203 116
124 162
170 431
456 445
379 142
90 310
277 287
475 405
456 115
342 240
212 17
481 177
49 401
370 111
343 471
88 114
277 46
329 64
362 299
441 138
300 241
28 384
141 78
45 356
96 97
115 239
268 308
62 96
59 318
141 432
46 254
152 229
294 175
474 482
472 8
101 268
4 272
202 129
337 145
94 247
338 434
94 209
158 107
277 8
292 217
324 418
148 191
366 476
310 294
154 193
313 282
55 255
236 169
166 257
357 74
360 260
470 195
302 454
315 128
197 79
498 107
298 373
350 498
144 17
62 12
295 298
53 375
396 202
311 289
215 62
174 168
216 75
382 144
124 370
450 197
304 174
399 300
150 455
472 101
114 146
444 34
261 261
463 349
490 157
71 126
295 58
133 245
242 363
233 367
64 366
392 35
335 221
176 292
393 337
483 0
34 359
120 279
480 147
304 435
62 323
381 227
472 209
72 366
234 214
433 305
193 298
371 177
469 28
218 47
399 215
426 201
333 285
432 47
482 313
488 88
315 44
253 369
236 288
2 177
335 470
120 287
465 28
408 492
391 286
353 126
180 143
428 280
327 365
30 361
449 161
58 19
388 265
53 163
341 476
446 407
195 176
56 419
263 12
298 464
443 6
149 152
432 475
340 78
439 111
124 370
389 388
5 182
346 130
106 410
170 39
67 405
176 217
229 123
439 439
445 379
31 382
209 447
25 315
278 49
272 316
56 403
437 13
495 62
324 135
174 102
359 494
211 93
216 35
326 440
320 8
242 123
70 203
371 452
353 447
263 149
404 125
139 320
234 342
477 134
88 58
53 152
245 299
334 116
57 314
322 12
136 229
284 416
368 58
358 155
305 222
347 121
293 209
51 338
325 379
438 381
33 265
65 343
459 130
296 251
264 368
97 470
387 252
162 234
389 255
329 20
494 46
256 29
367 287
167 159
40 44
310 457
300 425
408 227
478 259
480 204
27 94
198 77
311 414
21 361
381 53
99 351
380 375
15 207
367 99
496 34
491 259
37 306
385 291
402 297
1 363
310 382
312 380
294 8
369 475
380 316
19 103
330 480
187 399
350 345
231 406
18 346
4 222
365 55
352 389
105 120
354 205
86 415
423 18
346 232
400 145
100 226
206 419
170 430
128 246
152 373
219 211
434 170
225 224
465 151
271 429
487 70
337 478
496 73
157 113
258 342
69 58
329 210
492 275
21 0
373 472
184 26
196 444
20 118
269 274
55 486
408 393
371 42
467 246
359 367
210 125
183 469
179 131
258 12
364 23
496 132
158 89
386 180
298 206
480 406
244 419
312 388
430 153
251 35
255 398
23 462
431 465
448 58
422 462
485 206
338 287
228 481
161 496
55 114
21 311
83 35
275 117
122 395
283 206
456 373
335 38
355 331
389 118
432 303
361 163
302 418
251 200
48 31
497 265
76 103
491 370
488 159
407 266
324 110
484 42
80 132
463 171
142 435
90 204
368 74
492 451
151 170
53 96
361 52
155 51
273 289
301 498
265 261
224 60
102 441
74 60
231 182
469 37
94 373
448 59
362 462
484 292
388 366
418 390
293 101
391 425
424 66
328 44
104 41
334 52
112 206
240 408
298 195
421 209
120 392
206 369
13 482
200 42
432 254
355 118
396 225
292 98
494 172
213 472
376 98
156 47
308 488
35 396
457 458
202 456
177 77
412 408
450 191
297 112
83 383
460 4
103 331
3 252
224 449
48 216
115 100
440 204
453 275
233 328
284 410
488 435
195 314
5 252
216 146
381 154
158 299
130 193
446 261
63 133
201 22
475 111
167 169
444 267
95 120
31 30
317 232
46 371
123 13
11 403
57 191
343 244
437 215
329 325
311 235
110 392
355 12
33 85
352 374
495 330
212 300
384 378
101 29
394 430
185 76
267 257
353 94
309 110
436 291
378 490
234 247
111 488
425 89
464 145
327 278
430 311
41 39
420 314
96 142
218 315
424 133
227 485
448 278
421 388
379 384
483 299
288 113
55 94
91 213
343 371
34 270
309 125
291 75
217 230
397 239
372 435
272 321
451 99
488 220
456 372
172 219
184 439
386 312
377 91
462 477
248 73
50 348
423 409
491 342
81 492
279 240
414 306
405 52
124 365
238 245
316 81
20 262
74 1
92 406
236 303
228 407
255 336
245 279
473 31
23 89
329 54
212 303
207 243
109 470
215 331
412 199
461 384
385 285
191 387
190 329
88 279
115 271
50 196
227 361
302 23
429 102
405 131
375 494
464 112
296 336
35 179
415 208
345 348
235 152
334 37
316 277
48 422
470 432
145 450
325 197
152 447
430 107
101 57
22 157
493 65
96 318
378 380
80 12
164 224
113 315
93 498
273 281
65 493
444 243
293 62
9 121
228 445
354 292
449 329
394 228
398 295
175 343
355 277
353 256
423 371
370 318
99 368
362 495
238 165
227 158
279 383
328 89
381 360
189 35
263 330
125 436
279 162
291 153
261 486
357 144
462 184
405 79
74 61
78 119
129 313
196 158
247 408
120 377
412 128
310 310
98 27
189 288
441 229
215 480
476 54
90 72
4 438
352 495
114 78
391 282
440 95
4 440
169 187
167 476
138 433
460 478
266 236
465 150
482 59
113 32
457 459
249 55
51 461
39 453
236 17
113 283
75 176
216 469
297 244
177 383
213 436
172 489
139 479
390 490
374 474
285 355
411 331
292 34
488 314
183 184
467 76
252 148
469 42
286 468
204 267
203 315
304 417
249 227
217 296
270 139
347 92
275 407
441 258
424 68
104 281
357 107
256 71
113 462
282 77
344 251
418 486
256 47
127 222
370 5
496 344
288 492
399 343
101 416
336 341
474 377
485 440
11 184
498 93
170 476
79 280
119 367
266 497
71 375
232 393
90 442
434 228
72 230
146 334
27 25
403 482
422 353
37 388
333 433
261 387
168 355
222 340
189 139
14 489
234 261
55 246
326 324
55 341
27 398
424 201
184 54
260 327
67 458
244 149
37 400
107 5
198 57
196 182
23 387
0 62
160 257
82 55
397 486
385 489
42 424
331 309
488 78
37 443
92 55
307 281
286 129
38 266
448 336
224 234
296 471
81 224
132 308
295 15
4 29
305 32
193 46
125 488
431 181
88 14
295 376
357 247
13 433
270 396
130 462
285 346
70 279
87 366
381 202
83 234
266 385
284 241
81 459
140 261
275 365
241 80
327 422
355 450
346 341
155 477
323 329
108 440
307 246
300 47
282 40
278 236
329 400
360 62
175 410
127 352
433 450
224 368
171 260
453 431
409 17
198 108
401 84
330 158
206 208
100 483
219 340
240 378
292 48
310 452
305 467
269 438
158 90
202 493
425 329
199 156
116 334
270 397
56 17
77 101
84 114
454 178
56 155
203 46
351 201
168 13
303 156
98 438
431 462
291 300
308 356
42 490
240 425
294 313
266 296
410 372
50 202
357 216
114 458
159 412
277 465
473 180
118 81
43 71
224 49
258 186
29 32
309 300
465 269
417 104
476 231
433 179
395 378
336 142
406 361
327 348
28 184
117 152
224 498
399 12
198 448
332 157
310 79
348 142
246 275
359 265
444 74
452 144
287 191
53 140
340 193
229 232
384 368
218 346
358 460
260 118
275 409
488 93
87 85
213 189
306 185
259 72
216 251
294 211
203 355
401 199
431 44
264 482
329 168
128 483
101 39
300 241
186 228
166 289
478 273
458 379
303 284
387 217
280 371
79 34
233 483
27 480
462 17
185 292
127 143
35 165
258 228
456 335
124 444
217 122
353 454
91 175
244 156
28 330
364 24
8 459
439 450
467 387
179 253
249 4
169 158
386 284
471 280
224 195
169 448
402 442
469 23
179 345
28 214
238 59
370 392
342 98
486 309
415 161
165 17
176 16
152 187
467 414
109 123
71 191
485 279
302 326
171 455
169 333
245 199
444 259
358 115
277 138
300 196
213 44
60 317
4 241
156 212
187 323
367 265
396 259
85 352
307 50
236 108
160 328
88 481
448 104
94 446
494 77
121 246
64 59
301 33
97 420
96 457
74 285
396 463
315 323
373 481
441 475
303 109
442 101
205 391
189 243
320 152
398 183
243 294
327 462
235 396
205 277
414 331
294 131
454 310
143 461
436 180
289 84
186 240
483 84
327 243
395 25
60 147
441 146
108 155
51 121
250 343
26 256
240 164
326 320
282 194
374 469
405 70
162 16
452 443
187 146
171 279
278 434
80 231
239 72
45 41
236 290
399 295
311 263
435 139
333 489
458 69
140 60
428 215
159 302
300 380
11 198
484 471
55 289
361 417
458 294
436 406
53 46
161 335
326 216
205 449
18 12
72 15
231 158
313 352
84 390
440 113
437 95
236 424
341 344
490 450
356 151
198 426
114 262
478 211
160 440
452 184
199 179
189 376
80 282
172 354
468 164
111 464
389 405
101 348
298 230
382 91
17 6
268 432
143 483
424 99
283 304
335 228
105 334
117 376
231 185
202 141
106 51
308 313
13 495
225 409
0 163
22 459
391 369
353 290
241 387
43 129
357 24
211 230
106 314
352 328
469 189
240 406
71 75
422 48
309 85
100 0
459 309
31 122
265 203
442 236
365 6
383 485
215 74
241 94
422 173
363 445
351 243
171 103
4 422
7 93
93 313
475 460
82 405
460 358
94 347
206 402
387 311
237 89
183 454
127 478
423 457
200 342
298 126
49 223
317 302
467 408
368 262
19 294
4 451
150 331
233 98
261 356
445 472
426 351
329 480
289 406
248 105
83 490
65 46
200 132
41 234
349 20
314 261
212 368
200 319
269 215
71 285
258 383
234 369
201 36
294 415
372 491
333 395
441 456
88 398
133 494
14 481
243 482
202 180
499 307
22 254
40 121
4 446
315 150
38 238
5 16
359 333
80 378
334 192
91 21
15 422
256 76
58 381
62 499
306 112
367 413
34 329
127 407
409 390
480 442
310 447
132 486
364 170
362 212
86 198
472 305
381 453
335 80
79 291
404 249
162 238
419 271
30 49
291 46
340 291
238 272
110 150
172 223
287 474
24 387
192 225
179 348
429 74
365 366
115 360
98 121
392 129
178 17
63 274
65 470
94 255
406 156
379 204
30 430
317 18
244 54
254 10
436 275
141 183
44 153
275 108
89 494
364 167
294 120
442 279
35 359
15 36
92 293
223 246
265 122
176 41
403 361
136 430
466 339
492 129
89 362
208 267
287 178
298 72
352 81
292 240
128 239
32 308
54 220
342 255
296 171
32 370
153 199
390 20
149 471
333 383
2 90
269 393
466 141
74 419
12 170
409 367
27 492
213 441
196 81
253 407
278 345
396 137
158 283
254 287
22 307
398 439
332 376
18 19
290 298
320 444
163 154
147 229
22 190
272 360
267 71
416 377
14 397
180 164
451 172
332 434
225 325
202 82
453 58
208 72
16 243
398 29
110 180
222 397
109 485
56 494
223 228
126 324
488 238
262 158
445 292
469 94
176 170
228 171
243 129
225 289
170 112
144 475
372 280
117 366
213 481
61 173
349 288
26 187
346 190
482 141
235 143
313 451
475 264
245 394
183 70
182 322
297 205
485 178
397 21
354 455
128 110
250 416
455 478
168 277
270 153
296 2
305 5
121 462
356 280
203 219
41 391
96 237
416 191
64 433
388 313
275 419
187 369
199 25
154 142
296 219
221 424
282 444
406 378
11 255
474 262
5 214
451 368
59 101
35 367
32 123
394 275
144 159
37 81
76 343
62 43
468 224
168 135
14 102
209 75
189 377
91 36
404 195
148 42
262 315
438 35
311 146
306 185
118 455
151 195
238 194
418 65
201 58
160 439
366 67
444 222
258 55
102 35
429 162
477 251
286 43
190 267
304 449
257 348
395 423
117 408
473 133
192 388
327 26
93 204
426 45
100 389
424 184
198 55
158 206
249 27
147 296
246 291
491 451
226 3
263 386
372 196
84 88
115 64
120 263
308 208
98 47
83 260
167 374
432 134
161 325
474 34
177 308
112 72
427 169
407 338
34 190
278 131
47 470
85 393
454 168
67 393
6 404
130 150
284 173
351 63
97 298
458 325
249 126
147 70
261 176
366 55
38 147
118 496
242 86
254 203
449 196
452 321
323 455
480 82
497 460
258 183
360 446
73 216
139 109
285 220
127 400
399 3
0 166
252 369
73 242
290 358
179 374
181 94
28 354
314 13
197 26
472 72
141 57
167 397
470 280
32 452
308 97
115 431
301 308
402 219
77 226
452 44
138 108
463 133
146 166
44 129
202 343
253 369
266 343
475 420
224 236
186 7
290 32
192 301
373 91
169 446
342 450
411 121
106 480
499 226
355 105
300 43
412 57
252 53
325 31
267 227
86 50
434 305
459 377
320 479
277 332
282 342
463 120
452 45
271 422
27 451
347 127
184 179
233 259
142 289
368 58
460 410
67 455
332 247
78 26
358 4
346 207
327 493
38 162
84 132
83 310
437 463
142 282
394 473
114 227
138 36
298 483
438 450
49 366
392 122
126 127
335 103
96 473
135 14
146 134
296 71
386 82
364 85
59 380
460 258
147 173
8 98
400 445
311 446
68 450
429 56
159 47
20 116
483 107
93 7
430 129
63 390
475 316
196 280
390 386
412 156
106 37
483 420
367 7
309 146
54 287
186 90
207 213
172 58
65 190
171 266
156 347
163 87
367 483
222 212
220 257
147 134
54 327
186 130
128 273
413 347
437 183
248 99
158 144
186 273
39 75
423 210
297 47
30 438
150 16
273 104
238 371
50 420
402 145
270 88
435 383
418 183
135 372
369 18
291 145
220 407
117 330
377 495
434 266
282 260
364 84
307 56
328 455
100 209
297 83
318 370
406 84
457 236
254 41
186 178
437 46
228 258
254 55
321 106
218 188
272 456
364 434
241 432
141 192
127 193
64 291
375 445
33 322
363 184
362 288
186 401
159 300
207 414
372 413
101 380
336 442
229 226
10 200
245 470
164 151
442 224
170 80
402 170
354 55
343 265
18 69
369 381
296 177
443 428
308 168
111 396
474 497
197 192
162 484
488 294
19 326
406 282
452 189
244 308
425 307
376 440
321 443
473 97
377 469
138 416
312 185
34 101
293 287
271 232
26 307
134 111
394 45
86 392
53 198
5 183
475 478
274 233
182 296
266 247
163 59
97 256
209 475
114 131
215 354
161 238
349 242
139 147
40 95
294 78
113 445
423 151
237 88
236 49
296 419
331 354
462 459
287 428
411 171
377 253
491 127
221 391
38 341
288 360
290 430
375 82
86 403
491 151
200 323
94 228
434 349
308 425
353 397
68 447
201 117
244 298
189 44
385 465
177 79
362 26
108 468
223 89
240 194
369 215
295 293
142 464
389 229
126 302
102 95
212 47
197 155
199 308
273 386
317 437
463 302
270 179
121 423
118 346
413 213
6 339
303 208
289 0
303 193
140 268
167 257
412 204
12 364
102 111
400 285
439 419
451 363
287 210
408 72
285 257
96 321
381 144
144 400
445 170
290 299
56 437
141 457
173 320
432 153
290 275
47 332
48 229
291 350
274 335
444 199
372 411
55 40
292 253
276 52
351 89
26 66
376 260
80 19
24 49
177 364
49 314
396 224
426 97
284 187
239 200
111 228
120 111
217 19
71 265
354 493
59 274
34 233
252 435
337 467
183 277
443 14
90 232
181 339
379 16
68 317
45 470
433 179
198 18
283 150
495 121
396 489
74 55
342 282
101 179
456 179
45 285
369 251
443 135
151 51
368 174
496 219
251 266
136 281
432 301
423 419
260 279
334 319
453 335
14 29
60 55
340 322
425 106
241 61
112 368
394 245
316 333
451 390
172 67
369 87
6 456
235 144
315 118
453 422
451 268
323 319
141 11
469 15
77 419
287 211
456 41
226 34
424 272
192 177
264 448
404 413
57 122
241 492
266 372
140 46
366 217
80 316
183 359
278 402
113 112
6 418
452 421
45 232
410 228
177 237
150 174
297 433
277 207
79 390
436 43
112 72
388 154
366 45
447 423
36 496
266 412
333 42
274 70
299 378
468 36
211 328
113 470
30 360
250 391
286 461
33 38
45 399
296 273
197 263
259 243
155 233
127 378
448 340
70 401
290 247
427 390
361 1
213 41
284 391
352 315
205 422
173 238
11 250
365 469
64 60
145 477
355 219
411 272
26 303
403 482
372 316
169 330
223 85
328 382
197 359
282 181
271 402
5 455
425 134
195 370
347 489
61 340
465 202
358 324
306 491
159 261
443 31
116 328
62 19
230 445
478 259
13 12
320 249
235 370
241 97
438 430
123 440
495 351
176 88
431 353
466 334
365 90
270 261
132 334
279 332
91 363
227 109
210 456
327 47
496 445
228 420
360 435
138 351
291 207
412 314
149 222
164 230
492 366
200 434
266 476
339 331
440 209
17 419
318 2
300 344
116 315
102 28
379 329
36 240
407 22
244 449
31 56
422 260
194 23
352 475
306 312
21 43
462 99
101 390
235 281
448 401
429 351
32 50
142 160
34 69
370 49
457 278
390 401
277 232
207 84
248 129
172 13
464 121
12 487
268 66
319 247
450 68
118 101
261 483
404 112
14 296
426 274
27 471
55 169
253 304
285 114
480 2
123 310
297 444
10 487
234 417
485 330
431 37
372 455
419 44
192 276
402 433
257 471
140 429
86 164
279 245
99 223
385 259
203 75
62 34
451 66
248 149
186 288
95 31
75 410
186 15
300 120
443 440
369 57
74 435
180 307
383 353
112 132
207 268
303 315
233 121
270 106
247 481
12 308
218 342
209 440
60 256
196 10
419 355
290 418
77 493
198 322
454 460
229 310
478 13
487 384
490 211
193 257
418 89
284 57
497 488
245 493
355 409
264 293
211 127
472 54
229 289
101 171
333 35
49 330
66 311
375 388
497 409
498 420
477 415
404 282
128 475
384 1
294 483
462 1
407 6
147 435
458 136
172 248
431 291
455 73
461 497
406 182
102 458
226 257
39 79
406 130
131 167
3 143
144 425
283 465
252 51
188 430
179 210
354 212
285 462
459 309
343 98
56 218
475 445
376 134
264 14
34 135
278 247
173 37
2 422
325 456
239 255
317 365
77 270
232 171
332 214
312 191
409 175
472 221
355 236
103 349
484 472
219 137
174 114
388 244
201 28
135 213
79 292
62 305
476 8
223 294
337 161
188 387
460 247
335 161
10 316
140 438
75 346
460 359
104 101
482 200
413 157
449 469
274 344
353 11
157 103
116 428
315 494
93 304
465 276
444 429
367 327
173 84
295 443
396 485
185 399
56 378
348 451
295 357
220 474
429 0
280 377
224 45
350 96
224 317
246 167
495 20
456 466
409 20
358 251
151 157
36 43
346 59
269 236
62 494
494 489
219 492
389 275
223 443
260 239
407 299
319 359
325 254
274 275
26 86
243 132
28 29
441 131
219 374
220 210
199 282
126 215
342 270
213 15
107 417
68 326
37 14
120 387
14 362
300 394
379 392
274 395
27 407
133 215
277 98
232 354
421 328
99 358
226 115
32 164
490 333
199 100
339 379
93 319
213 205
449 393
141 92
351 223
290 20
118 485
191 67
396 351
61 112
227 495
159 287
120 111
63 2
233 319
138 402
459 327
72 204
148 408
484 213
233 0
337 274
342 352
55 380
492 90
85 116
404 71
34 96
450 376
196 97
351 184
363 186
242 310
70 435
149 243
243 54
181 234
438 432
312 23
113 493
110 156
227 50
498 366
242 113
210 449
485 290
329 413
75 348
135 71
314 145
52 136
371 409
193 233
108 309
303 5
13 73
123 265
131 92
205 121
422 225
16 267
180 259
459 345
268 107
105 95
231 435
344 157
242 102
264 390
395 350
423 67
332 261
353 398
371 315
40 59
326 146
405 408
253 359
466 365
312 374
309 71
80 43
498 5
395 322
24 262
181 143
404 299
197 365
180 257
168 421
67 72
481 347
206 472
189 86
460 24
448 1
397 121
127 380
55 247
361 22
17 79
231 42
407 421
31 428
201 439
11 199
398 268
93 344
431 456
481 282
136 243
365 281
161 385
484 344
366 216
148 345
387 236
157 379
159 294
85 40
92 361
129 96
293 490
447 222
357 224
319 280
413 345
82 36
380 74
143 66
411 99
335 291
22 298
444 344
385 181
42 381
477 477
319 24
98 270
346 266
398 455
152 18
54 311
238 234
300 287
238 381
24 211
361 73
269 46
79 157
38 154
483 122
498 368
490 303
421 96
404 189
207 320
483 56
291 113
252 73
454 443
7 490
63 330
376 368
378 333
339 456
430 416
136 323
478 280
376 127
316 399
71 132
189 375
340 407
480 332
127 93
83 287
117 134
355 499
184 346
154 233
1 375
50 436
216 138
265 28
280 444
77 433
160 203
462 266
450 0
445 443
82 77
64 381
380 51
397 419
152 416
291 403
191 153
143 194
74 407
352 408
193 354
410 429
47 353
206 224
19 349
278 151
32 101
153 342
113 264
32 402
158 265
271 176
370 349
257 414
175 444
151 461
242 220
74 413
137 141
490 132
283 157
110 120
463 168
432 263
18 76
194 465
493 176
25 317
231 363
159 282
95 258
479 310
75 337
478 405
37 213
222 320
441 172
340 332
448 256
332 125
442 466
142 378
195 435
150 167
302 279
389 309
472 249
87 368
125 47
112 417
238 14
187 186
371 31
287 379
4 319
285 471
350 298
233 279
298 45
176 383
45 452
202 66
286 17
416 141
58 412
278 381
67 148
179 317
197 438
109 466
438 53
204 246
25 288
185 289
173 176
128 362
280 70
439 330
471 66
478 355
236 382
30 109
426 156
446 210
28 475
381 56
302 466
106 85
374 180
356 292
6 399
321 336
167 286
352 260
116 490
224 183
144 204
212 107
317 70
398 159
67 197
164 131
216 221
253 122
266 442
194 109
446 272
410 15
276 465
307 115
150 244
300 32
139 294
216 13
24 308
5 114
245 443
164 21
144 313
108 418
379 410
35 302
169 325
142 445
412 297
41 450
334 62
208 342
207 325
485 425
391 231
26 490
364 137
302 190
460 8
270 410
64 340
17 305
103 86
383 12
314 15
430 277
471 148
325 138
63 178
261 310
152 455
444 139
329 16
376 98
9 142
482 499
304 425
11 351
363 259
127 247
376 177
177 57
195 347
377 2
164 111
418 490
129 169
37 362
460 310
452 266
265 321
99 286
138 421
181 462
61 353
31 308
365 437
284 60
415 412
23 13
3 79
100 293
155 484
295 138
404 468
141 247
34 169
90 92
55 172
377 123
431 468
406 408
321 148
413 42
56 236
167 288
82 59
396 268
406 89
57 191
438 310
331 51
495 324
348 273
397 50
371 226
486 180
181 277
319 307
43 94
382 375
287 211
479 464
406 183
374 237
399 315
366 164
489 230
3 362
264 189
415 400
433 135
264 402
209 114
60 84
311 105
316 442
259 98
133 147
236 165
480 359
24 135
365 199
413 365
54 220
473 29
17 322
224 406
372 281
217 285
390 432
226 29
127 58
57 485
2 113
472 293
428 335
386 348
213 145
366 151
180 120
294 339
97 197
331 370
155 469
401 48
77 398
456 127
465 57
170 14
307 319
6 142
343 88
233 392
43 408
380 99
290 76
273 174
44 387
356 456
5 200
450 109
89 434
491 406
420 54
225 161
156 80
168 232
476 351
259 253
353 372
448 140
314 495
383 73
30 211
263 91
53 387
321 213
119 142
48 313
326 392
324 125
357 334
185 344
97 186
58 297
437 450
298 358
431 103
314 181
124 313
200 77
290 29
171 22
187 262
6 71
197 365
200 330
174 406
444 237
386 271
74 2
212 323
279 372
405 144
309 93
23 381
411 10
384 165
427 434
358 423
288 285
115 55
313 340
430 141
413 258
112 316
492 339
63 325
321 271
216 468
201 130
492 239
257 112
399 228
151 36
322 257
164 440
132 289
431 477
87 62
231 196
35 200
377 223
494 98
418 198
180 62
154 119
232 173
401 411
447 483
240 53
345 121
411 404
233 329
244 342
38 321
373 475
198 425
375 250
300 44
106 293
412 480
5 260
23 496
331 407
312 323
444 71
327 9
190 355
49 413
86 434
409 439
364 459
61 459
3 239
384 213
45 462
74 149
497 51
310 98
421 329
400 474
335 365
73 80
493 25
460 122
62 431
242 369
181 278
370 303
368 184
146 254
255 413
316 221
171 253
82 478
452 92
309 334
266 287
165 382
357 259
42 125
346 271
49 284
439 27
64 419
26 307
73 62
283 281
386 241
220 306
250 320
155 24
312 60
294 421
33 329
454 3
274 75
360 152
32 324
95 299
459 96
158 121
255 32
273 294
100 493
314 345
370 351
263 469
242 34
363 409
413 127
55 169
321 187
363 267
418 205
301 459
432 377
261 312
106 39
33 387
232 58
409 347
168 102
136 24
434 262
390 499
20 347
386 445
212 194
399 250
61 482
360 201
13 493
385 121
360 471
29 418
117 93
195 291
315 137
399 184
35 101
300 289
86 56
250 187
289 150
133 1
54 350
195 345
318 419
390 80
350 179
272 420
63 467
104 319
3 378
480 356
145 39
447 280
319 84
86 49
50 108
310 219
416 105
24 358
438 235
414 267
39 141
460 186
5 102
332 417
273 9
400 312
445 270
354 199
248 116
77 293
12 150
107 387
245 429
164 484
251 36
29 78
116 142
244 489
406 121
482 76
241 31
302 234
433 38
154 8
301 33
184 83
471 166
95 143
127 68
456 111
41 230
372 485
327 157
130 116
45 85
117 113
199 286
324 419
427 133
166 330
414 229
395 202
346 237
157 342
305 325
56 466
303 346
355 280
397 130
216 337
450 294
80 333
104 2
135 256
438 31
112 153
208 204
293 359
53 406
231 451
269 358
56 139
420 72
55 263
101 169
463 123
456 403
405 395
3 412
295 40
46 293
498 408
119 254
160 291
94 173
31 243
383 363
288 440
203 155
324 343
466 304
60 139
34 274
186 465
358 389
182 481
241 404
10 32
324 361
34 22
265 270
134 417
357 0
155 274
117 413
217 479
118 435
209 277
95 4
245 247
80 453
209 428
460 322
35 219
93 136
259 421
338 358
359 245
19 48
461 14
346 136
423 30
160 316
321 132
231 255
60 66
346 311
485 121
340 159
147 20
441 433
143 406
151 132
32 354
221 170
158 493
375 67
235 81
65 387
494 408
327 296
460 54
175 173
184 445
318 367
152 332
238 111
243 148
2 242
264 127
472 223
142 423
356 348
235 378
138 274
70 230
136 465
491 382
328 312
31 175
359 146
109 36
184 98
192 353
332 186
262 456
231 305
153 256
486 440
214 240
470 125
442 136
19 459
271 433
109 199
197 154
190 468
418 306
11 374
413 462
419 344
149 27
135 2
442 302
394 122
99 8
145 365
324 41
475 164
215 447
453 436
404 412
218 144
370 175
137 230
426 135
14 408
411 75
229 150
272 205
214 123
340 371
412 359
375 16
463 239
175 442
354 269
265 432
107 424
6 487
123 96
5 432
7 489
139 268
325 88
212 263
134 39
250 52
69 399
490 477
419 384
5 166
98 125
50 270
258 57
153 56
489 233
222 10
130 348
437 214
477 456
495 1
405 464
215 98
75 326
63 205
223 347
472 68
339 321
230 22
79 449
182 236
246 420
268 256
470 229
185 57
58 448
412 32
130 464
290 127
184 58
405 205
274 408
81 229
252 113
414 312
48 183
455 448
204 146
375 75
133 27
327 412
445 43
359 239
218 427
485 2
207 402
162 242
472 481
446 244
56 76
111 360
308 456
454 418
493 365
392 182
94 126
22 71
310 391
319 381
383 380
134 156
399 91
72 297
393 223
151 371
231 301
257 114
32 392
257 63
97 25
4 1
72 44
435 378
259 234
466 106
263 143
86 452
101 14
237 158
29 494
295 240
354 113
5 404
320 238
115 114
467 269
313 471
349 391
477 101
207 109
104 295
99 322
336 190
200 201
47 425
165 82
47 195
451 371
461 404
370 271
41 77
400 189
80 206
307 250
211 409
56 367
189 167
209 155
208 378
303 261
195 256
451 321
44 242
146 402
26 6
435 16
57 419
125 335
437 137
398 285
4 148
167 306
462 193
423 376
138 170
426 227
400 333
428 229
484 444
450 74
443 362
281 237
73 0
490 258
395 10
11 240
47 399
445 178
407 9
31 368
447 397
82 310
391 347
292 10
437 375
89 94
332 380
232 222
481 405
267 74
315 228
128 130
161 362
223 425
293 68
317 106
416 241
440 399
410 308
35 232
327 347
79 125
347 11
416 163
238 180
409 35
166 53
267 389
314 179
99 342
448 459
52 416
315 217
377 493
77 77
276 412
389 256
267 355
19 237
417 35
71 109
162 178
419 89
268 281
475 233
45 219
135 423
492 449
294 302
380 369
134 372
480 156
364 23
260 248
283 235
344 30
60 206
295 358
139 480
65 415
486 114
389 462
412 121
424 234
103 206
430 156
164 237
113 411
11 28
115 225
255 294
1 311
169 168
148 148
416 160
126 213
176 402
376 368
102 440
498 300
308 57
147 281
192 472
353 260
485 203
349 468
132 93
261 350
351 301
314 261
326 119
21 440
160 354
294 397
49 262
320 145
426 357
182 467
79 118
173 35
355 64
9 22
225 487
141 270
383 428
47 455
247 210
64 420
170 260
22 211
356 219
429 194
13 282
252 111
498 92
9 277
151 353
193 18
141 376
156 334
141 24
86 203
124 240
0 151
214 294
365 23
69 70
204 146
109 83
175 456
233 107
461 184
203 384
113 6
340 196
220 269
325 481
73 159
310 449
95 74
449 24
446 312
459 18
101 150
106 68
28 277
313 191
427 489
347 368
64 40
162 187
20 137
296 487
288 93
167 458
334 235
47 468
487 280
282 358
427 88
217 240
431 455
296 383
251 210
251 143
182 168
157 265
252 202
147 305
115 392
127 167
135 449
81 26
385 122
63 363
103 164
119 132
15 386
96 267
262 119
139 199
464 444
498 148
453 68
460 497
16 420
369 439
466 152
126 302
165 203
367 41
26 120
6 338
457 393
12 102
302 219
15 3
3 118
187 365
214 456
228 499
439 231
383 97
399 257
460 361
255 416
36 327
17 281
174 42
497 474
193 39
42 299
417 60
425 46
354 456
456 491
222 83
32 395
4 457
319 284
200 464
143 426
207 89
131 12
486 381
420 128
279 31
91 315
213 49
357 368
359 419
354 313
60 82
391 239
23 64
380 62
488 75
164 375
387 195
429 296
276 373
404 201
16 408
309 347
215 81
353 166
332 427
361 59
298 392
309 252
167 321
397 189
65 155
203 413
209 304
178 132
333 338
98 434
282 202
135 407
425 349
128 488
48 257
150 341
446 198
20 459
0 113
268 269
182 417
222 471
455 244
434 252
186 289
343 32
291 320
22 478
319 216
326 150
492 219
417 476
287 290
403 289
58 139
57 171
495 93
337 131
383 450
91 123
155 69
242 286
265 446
14 264
266 436
155 340
168 110
400 72
362 307
447 303
327 272
365 356
487 174
476 54
177 370
291 68
354 184
482 385
149 471
407 497
189 416
26 62
487 210
17 279
82 201
473 316
24 261
435 191
97 11
233 412
332 275
311 377
262 38
10 294
143 264
180 269
184 332
42 58
189 171
372 412
80 272
33 197
388 105
468 321
233 486
113 202
431 65
103 424
70 45
309 465
235 213
398 341
252 271
442 292
204 441
213 166
215 285
242 99
420 456
294 210
412 153
70 407
183 195
241 25
343 254
319 50
392 430
201 217
10 144
85 143
161 66
203 151
250 376
332 445
156 22
27 478
237 420
116 449
474 421
27 209
259 317
99 346
416 3
499 300
295 426
344 437
88 456
185 48
345 190
64 369
348 1
274 91
40 85
358 242
451 366
36 237
436 62
418 135
436 352
130 417
206 231
40 474
374 294
336 77
446 220
73 400
343 146
84 347
89 383
102 442
32 392
455 138
273 468
320 373
142 61
145 302
276 349
495 185
114 3
223 184
436 412
59 296
144 280
15 495
437 85
478 117
255 321
289 285
158 381
442 461
263 152
353 439
476 392
395 201
385 90
3 470
266 321
453 414
409 262
200 469
86 198
20 178
463 194
75 309
271 473
477 369
309 34
278 331
32 137
228 173
495 269
90 231
145 262
376 44
365 54
252 76
106 451
497 124
434 421
394 424
294 57
443 372
55 455
444 222
247 439
208 172
255 243
357 298
194 252
158 85
14 59
363 263
387 120
42 360
137 321
378 288
12 431
238 322
396 67
6 34
207 143
386 214
365 314
67 95
181 411
323 225
488 195
315 186
398 376
49 209
350 35
318 280
454 362
282 408
443 350
493 140
207 150
464 232
179 424
335 383
109 360
55 158
196 449
177 223
284 95
130 227
359 134
349 301
209 313
163 131
123 152
154 8
92 330
106 471
206 272
484 442
452 315
117 392
467 149
244 294
373 251
238 226
27 84
397 87
70 89
93 412
273 193
376 100
423 217
341 482
276 129
297 326
218 229
378 414
60 185
288 474
52 286
370 26
465 80
21 120
32 35
81 114
214 157
375 309
143 137
267 216
42 420
1 64
330 112
149 379
205 390
28 438
464 257
189 399
19 282
317 210
177 403
61 250
411 391
381 288
356 55
327 0
416 251
363 328
59 246
488 13
303 116
373 17
268 267
49 63
125 139
42 219
321 302
46 455
95 233
140 427
279 452
203 319
147 195
293 66
431 58
174 133
150 234
354 47
462 270
409 255
326 88
242 304
259 148
233 288
67 207
159 225
44 346
41 362
280 43
101 186
320 64
298 275
174 322
93 4
260 489
429 354
158 438
438 171
460 270
477 23
248 379
226 488
350 292
335 119
306 482
398 288
415 478
300 49
53 442
431 245
100 165
104 212
383 258
28 394
418 195
75 357
345 166
311 153
272 47
30 498
139 430
408 280
329 54
496 61
306 235
400 279
491 406
17 356
251 227
274 397
255 169
187 201
354 100
148 350
349 479
409 30
310 488
394 170
83 492
227 243
22 389
148 127
336 366
445 17
414 87
108 219
273 169
122 147
498 127
106 270
152 199
187 368
390 314
306 433
176 473
214 33
13 51
417 214
231 201
140 214
433 146
167 248
247 206
186 289
411 245
444 144
364 63
230 483
269 254
79 36
422 445
496 146
360 287
488 265
479 92
90 128
228 265
323 257
399 475
73 361
6 310
374 369
205 222
329 456
492 474
419 408
406 266
405 268
33 267
211 393
373 365
130 153
410 453
281 305
167 161
472 354
223 25
247 198
154 428
402 76
337 498
265 174
442 243
362 22
268 475
340 425
78 141
447 322
480 341
2 228
82 147
24 474
24 157
438 123
52 178
177 340
14 389
484 294
168 308
284 199
124 436
78 476
151 203
44 377
105 131
130 46
373 187
196 6
129 397
428 134
475 181
422 457
251 341
2 259
458 419
208 286
114 82
285 286
163 117
248 181
80 120
159 230
236 453
202 355
490 218
399 130
87 317
10 174
433 190
462 12
150 391
325 170
308 265
382 463
144 323
443 483
65 224
29 102
457 302
20 232
362 299
116 271
445 302
492 127
491 230
473 454
476 142
259 299
262 284
107 493
328 258
335 402
4 394
48 364
96 314
113 420
191 311
113 230
209 489
71 457
412 52
194 45
344 388
25 305
299 458
216 484
387 479
373 51
268 391
57 421
193 364
27 171
253 385
226 492
450 314
366 297
342 214
102 413
70 38
348 479
464 221
201 65
468 351
94 426
200 236
453 152
175 393
130 480
473 280
94 356
6 275
489 312
77 200
91 443
423 148
369 439
356 387
90 422
349 325
413 184
188 49
442 366
199 363
495 73
281 24
299 89
254 139
192 288
231 331
331 283
74 154
393 53
475 431
108 483
168 324
225 21
388 208
424 168
93 87
111 419
361 226
218 410
50 115
298 410
45 281
436 482
35 119
402 329
165 362
187 10
32 185
393 412
432 420
359 317
89 377
104 470
232 450
417 322
84 282
63 67
401 129
100 351
33 436
299 3
13 198
383 338
102 397
317 128
298 35
264 176
498 387
337 368
42 82
364 106
25 126
255 280
483 427
363 208
211 368
66 14
204 76
474 301
282 159
46 143
172 80
467 310
179 22
105 156
262 221
200 321
453 287
214 307
15 289
157 430
296 78
155 76
377 353
12 481
124 159
239 58
368 148
171 58
214 399
473 128
449 328
468 173
480 403
192 34
464 496
74 201
277 113
466 81
414 155
166 330
388 391
39 258
316 108
8 62
190 383
211 333
6 140
395 179
214 486
334 439
140 30
495 261
194 270
277 313
143 109
0 443
53 383
492 391
454 222
105 352
185 144
136 168
200 191
29 383
174 266
148 216
477 167
437 144
457 23
132 214
9 453
336 484
228 63
137 180
32 182
178 242
262 69
112 167
50 314
80 494
210 77
244 229
225 39
62 181
395 34
487 195
31 404
319 324
4 259
293 456
50 389
458 324
343 313
127 423
417 245
322 60
141 127
166 66
247 366
400 80
127 142
399 240
64 159
270 218
175 420
161 416
240 225
390 120
395 83
328 370
430 312
291 3
69 423
141 309
389 317
311 393
133 17
28 62
281 49
470 298
66 308
33 131
103 158
241 276
146 498
162 422
425 428
351 453
262 346
15 492
385 4
21 179
241 19
420 401
51 374
182 390
374 118
276 68
344 477
328 370
144 490
270 342
296 421
267 121
465 410
414 283
314 202
73 287
188 55
430 494
384 92
210 112
32 258
88 486
208 376
218 268
110 352
273 488
461 258
21 393
28 426
129 287
75 342
249 202
196 115
207 179
144 433
43 269
108 176
405 131
251 316
21 123
464 362
472 146
391 425
204 493
281 419
113 185
387 208
175 363
394 436
369 235
4 38
67 264
248 464
281 472
447 499
213 154
300 263
41 186
179 192
463 245
430 312
20 77
292 169
457 48
283 186
77 178
443 139
104 144
468 191
190 237
391 267
31 404
442 191
383 72
169 473
286 199
276 451
120 158
58 68
254 430
108 341
481 183
327 51
94 437
174 147
415 285
41 65
108 446
370 335
308 492
191 391
342 446
457 319
239 314
244 15
209 493
177 353
256 42
479 356
4 351
488 153
70 271
69 381
68 178
22 291
182 228
175 65
384 24
338 484
351 123
469 83
288 60
102 498
206 44
247 433
438 62
333 87
320 8
187 254
45 388
117 209
127 227
251 144
128 11
487 90
25 479
392 308
158 313
209 346
280 364
427 309
396 218
227 112
367 217
105 266
327 412
140 74
218 454
318 391
333 198
178 157
465 358
23 422
268 123
487 85
394 400
119 266
379 290
359 198
316 246
10 317
391 143
98 150
394 110
308 268
425 227
438 338
260 242
365 313
398 381
281 204
323 292
435 252
302 54
152 294
111 118
262 162
313 3
465 212
480 59
286 273
464 257
499 76
390 76
457 216
272 288
433 91
195 447
1 368
162 498
116 153
316 126
481 378
442 481
40 446
71 422
31 178
107 35
112 382
450 497
137 421
364 223
22 70
290 60
58 24
177 305
431 174
53 345
178 264
62 347
270 70
249 133
21 153
36 208
57 485
258 338
413 194
117 123
183 436
460 407
212 93
267 489
187 495
259 172
20 365
288 321
307 142
295 389
97 180
165 183
374 154
348 275
398 287
223 317
225 433
26 35
25 437
433 146
318 64
281 192
366 190
332 69
458 173
353 480
15 55
209 370
497 389
177 410
227 396
181 400
288 452
242 60
206 313
229 27
71 376
67 10
80 437
462 251
231 38
94 167
389 99
488 155
417 387
135 17
270 145
449 316
228 58
371 43
70 286
163 452
462 142
431 82
333 42
433 394
61 417
16 27
34 451
338 356
374 452
449 473
141 144
202 250
146 370
8 425
377 216
210 171
105 191
234 142
388 291
208 167
46 301
252 76
284 432
236 442
267 10
154 185
288 261
483 208
485 434
2 491
15 214
406 213
355 120
411 492
11 95
396 471
399 409
341 1
295 36
46 430
115 415
176 53
261 255
189 11
2 99
313 44
257 369
490 71
415 464
59 253
77 426
335 455
308 476
12 29
459 104
19 59
464 426
34 47
58 225
176 75
119 412
134 342
413 376
192 124
229 329
107 251
59 306
135 295
324 219
323 499
410 135
61 194
241 374
452 447
23 151
416 128
470 142
19 50
26 236
65 63
167 255
414 24
319 78
297 49
48 143
130 121
315 311
185 44
491 409
60 137
266 14
157 476
26 88
324 28
91 52
160 241
266 258
336 74
475 85
81 134
107 23
186 211
255 422
331 372
9 247
261 244
220 127
216 270
298 247
151 392
486 242
0 311
385 252
189 189
175 360
236 270
334 282
56 422
146 89
188 240
484 156
135 302
72 56
155 203
96 371
465 307
118 434
186 465
6 356
68 375
498 181
315 156
79 332
273 372
464 77
233 462
264 448
356 221
424 336
59 12
319 372
306 24
342 289
145 344
72 200
382 66
222 70
254 197
421 153
231 27
489 385
185 316
37 105
294 42
406 314
186 353
230 225
14 345
189 424
124 12
78 261
331 358
408 152
306 85
465 329
67 37
353 454
412 104
498 243
57 206
411 404
129 95
440 493
417 496
360 482
243 394
252 290
442 427
364 160
490 248
285 329
136 409
13 491
86 48
106 364
268 143
90 17
363 250
246 31
365 280
174 458
248 108
387 279
439 190
439 104
285 281
190 76
419 421
321 56
420 5
0 279
149 40
290 443
474 12
292 388
346 191
299 319
98 94
137 39
143 389
171 428
356 428
202 213
269 276
133 375
155 41
82 486
429 304
316 372
113 255
446 460
131 459
406 97
488 81
471 43
323 131
412 142
207 179
455 466
341 477
370 441
279 496
152 452
177 208
315 320
281 290
101 261
210 264
346 7
402 199
182 169
163 225
405 94
412 370
199 212
5 254
102 70
374 284
492 255
427 51
193 307
420 60
325 295
154 483
182 23
192 57
134 364
311 207
77 39
104 223
329 277
199 109
394 432
39 73
125 238
398 466
27 170
465 170
153 204
227 120
29 335
52 271
478 163
55 215
290 407
184 159
268 120
404 235
309 14
253 443
261 286
456 3
173 140
344 422
394 327
14 71
194 423
438 66
133 172
80 493
152 424
396 116
352 421
287 300
95 13
299 40
43 356
497 255
29 217
396 341
265 423
198 410
329 459
484 137
130 462
386 416
32 283
56 282
434 236
249 343
236 29
386 48
156 279
348 235
428 185
109 96
7 45
357 307
444 336
298 341
257 427
210 37
171 141
378 118
461 106
135 479
380 49
181 373
460 36
221 381
478 389
286 330
490 485
321 143
484 286
213 471
360 93
235 423
393 32
138 465
444 207
256 125
499 324
360 437
319 459
200 82
264 297
134 487
482 106
393 307
278 467
60 106
382 139
23 147
112 275
482 161
286 409
233 91
380 137
97 446
380 199
348 149
488 144
251 482
141 471
290 496
102 420
411 350
350 484
112 286
447 462
223 446
37 85
223 457
255 418
469 172
321 135
131 170
4 162
133 234
230 146
418 423
125 333
169 329
467 327
142 133
80 414
499 365
174 469
387 74
246 429
64 209
379 420
82 196
430 383
29 67
342 13
346 447
128 319
147 367
1 95
361 289
154 81
50 213
287 329
258 290
351 386
306 175
223 230
465 240
159 5
18 347
146 353
172 364
84 127
74 319
108 85
166 436
1 115
296 68
210 288
26 54
81 61
143 184
424 304
310 461
308 435
288 180
397 306
433 313
132 481
66 8
296 93
60 84
152 297
437 356
262 215
276 464
148 344
0 272
233 425
212 162
343 393
199 1
314 240
73 485
345 298
243 139
75 141
290 303
159 79
294 79
43 422
118 423
195 44
469 118
281 280
25 33
386 476
216 76
61 52
351 141
280 406
399 94
250 355
434 41
121 409
183 81
4 164
60 301
272 51
331 29
415 53
381 356
432 301
354 449
90 346
104 57
151 370
77 4
45 253
163 363
444 166
183 198
352 448
499 243
125 124
29 182
390 40
193 410
359 175
21 47
104 449
171 125
481 108
361 100
463 27
45 376
75 260
60 80
324 279
403 412
94 301
193 432
194 337
12 386
434 405
206 33
10 390
498 377
329 492
371 212
88 144
404 268
349 15
294 465
229 25
326 49
333 323
12 371
257 27
432 24
409 191
434 138
367 420
264 432
144 196
341 487
255 85
452 97
62 456
481 99
148 143
467 159
30 482
9 479
356 288
331 294
284 265
37 265
50 152
200 153
140 46
483 393
491 248
204 436
35 405
49 38
197 183
17 368
199 80
368 379
173 55
173 51
169 457
109 62
216 71
117 162
55 208
456 101
37 46
452 161
51 424
459 1
369 248
328 477
356 420
476 48
452 381
338 1
63 473
44 300
462 131
340 161
262 17
416 148
161 151
427 368
221 212
461 239
216 442
362 141
42 424
305 190
191 494
467 495
147 107
90 11
24 109
479 430
431 139
142 247
115 92
157 70
309 188
482 470
111 377
153 196
387 5
351 310
305 430
389 318
181 453
414 480
262 58
197 245
492 193
138 339
409 459
499 295
265 70
447 481
178 228
234 452
262 417
199 85
256 420
225 89
421 289
347 139
237 183
229 44
236 229
41 367
14 145
68 40
374 279
359 367
320 52
321 445
383 82
2 20
461 491
280 227
219 234
418 480
24 308
389 147
366 260
258 430
323 380
11 178
45 197
101 370
168 217
300 422
294 51
42 154
234 108
342 174
154 305
113 112
111 31
291 354
285 477
209 401
79 460
157 220
443 477
194 258
32 463
14 346
353 178
286 408
82 87
244 481
445 237
268 209
63 57
386 411
165 200
160 96
168 96
73 317
427 463
426 120
466 459
490 292
200 319
258 128
109 283
372 2
63 55
464 140
403 127
327 350
298 68
165 340
157 319
282 238
358 437
248 61
205 177
496 238
367 406
41 107
461 328
235 413
405 25
4 51
402 308
377 183
23 52
371 394
132 33
470 6
419 343
20 218
309 124
382 368
475 28
356 423
188 437
462 444
495 445
106 466
149 249
154 335
229 25
58 25
383 361
56 28
98 302
427 76
445 259
287 309
85 420
209 496
292 125
71 171
489 287
389 177
12 491
16 43
420 241
454 426
454 304
106 11
439 404
164 385
47 236
157 303
299 132
257 218
390 91
231 180
357 231
222 472
15 221
314 90
16 287
91 269
132 322
79 50
435 423
160 243
398 334
466 169
387 198
141 76
256 129
361 224
196 466
187 435
378 63
351 2
123 246
69 294
344 107
30 148
243 132
466 190
211 141
191 285
361 99
228 185
409 117
83 441
377 458
21 123
477 107
353 224
19 452
411 422
422 215
199 441
484 165
159 166
303 195
146 202
387 164
133 375
168 149
459 69
192 45
152 332
57 21
325 6
280 428
143 236
29 203
220 343
361 365
413 231
434 164
180 59
286 173
174 313
382 455
352 133
466 426
299 5
363 23
303 124
360 495
198 446
141 242
107 271
354 2
18 20
80 140
314 198
12 366
173 488
474 246
25 26
31 440
315 176
301 246
241 118
416 13
255 292
415 410
264 363
383 269
410 283
333 315
34 224
64 197
444 207
233 390
182 321
497 116
214 497
467 150
164 456
100 236
146 419
134 15
284 262
45 370
185 194
270 379
76 219
279 187
77 372
45 12
129 260
109 43
193 343
151 429
165 357
129 251
118 163
425 115
485 403
449 323
54 23
94 72
111 130
355 373
238 40
152 400
295 219
414 262
43 489
198 66
169 60
223 179
295 140
395 0
323 132
7 344
268 377
360 102
327 379
420 67
467 417
136 424
38 263
104 51
469 81
141 302
482 490
130 364
217 129
261 25
222 40
270 121
75 490
222 130
197 402
320 494
418 16
131 308
359 457
38 235
390 328
319 32
248 372
353 301
327 465
358 114
87 49
39 128
110 162
417 261
255 307
175 89
397 26
483 159
394 257
437 373
257 284
8 108
410 6
471 361
328 237
138 181
309 415
430 177
291 419
78 347
436 398
424 254
413 333
442 259
485 159
296 380
340 242
248 156
18 250
339 72
253 198
465 477
7 415
334 395
242 298
48 413
19 30
364 325
84 284
295 306
38 421
164 91
248 379
481 264
188 118
316 321
298 294
209 133
29 305
455 43
308 123
154 4
329 179
463 370
28 265
187 111
202 67
298 203
319 302
420 279
100 8
302 88
222 251
408 363
406 103
226 364
220 67
246 380
102 401
166 62
173 131
198 205
260 227
382 348
127 80
88 154
243 80
331 242
105 317
420 91
455 363
430 498
231 175
76 29
443 333
464 95
152 116
195 14
362 413
493 77
232 342
422 433
27 327
144 105
196 484
347 416
414 4
31 130
11 145
479 108
55 454
422 295
310 207
120 117
47 24
366 465
250 279
458 140
97 277
261 454
370 146
150 109
91 136
134 181
141 102
408 465
260 196
404 330
299 422
447 376
342 346
477 165
306 92
222 287
241 403
49 483
444 463
100 51
233 387
489 234
51 226
275 397
79 311
86 179
407 379
77 33
198 101
46 407
194 356
260 268
103 288
251 161
65 400
287 351
437 150
376 277
26 488
152 151
182 106
337 238
123 442
43 266
173 321
30 441
209 220
360 142
303 165
65 111
315 220
370 352
481 104
445 247
250 8
466 97
187 433
227 155
421 310
483 270
212 447
19 13
7 273
438 379
342 163
383 355
208 157
262 254
353 41
401 59
156 103
388 367
374 195
357 115
238 296
243 192
58 302
75 114
493 65
228 366
221 335
345 112
366 281
323 459
18 71
174 76
444 26
221 415
382 318
466 430
122 120
422 61
175 180
246 350
216 20
208 326
438 289
423 53
364 156
227 98
174 382
408 254
169 470
141 481
411 403
24 107
169 33
66 298
148 196
217 164
490 216
358 277
182 429
437 281
231 46
428 17
271 405
376 188
169 292
195 17
476 80
465 71
370 497
194 31
195 370
87 263
40 38
467 445
78 222
268 256
273 309
66 48
236 44
188 294
163 405
337 384
455 140
137 302
186 325
196 331
446 233
271 135
432 486
60 90
347 362
171 328
228 120
17 89
384 464
221 205
441 47
187 58
213 249
426 177
8 251
484 474
109 455
293 256
346 393
255 354
34 193
166 278
368 263
79 183
240 252
151 153
211 34
283 339
16 276
27 209
184 376
183 12
268 145
39 329
35 466
160 294
73 69
184 326
361 441
45 264
417 453
487 196
387 480
109 122
332 255
484 488
0 368
13 19
348 120
87 52
199 383
305 99
277 272
65 489
105 490
443 110
158 374
207 283
405 46
153 316
304 89
457 137
157 157
129 471
375 5
241 68
167 74
346 46
387 444
434 263
225 493
367 230
13 384
282 426
242 270
360 435
73 399
408 317
288 230
87 389
458 164
90 180
226 477
274 437
52 114
459 60
290 278
162 178
105 155
278 444
231 347
98 138
455 304
386 358
248 96
112 326
6 58
35 202
491 85
51 309
222 44
322 10
188 12
20 336
132 293
493 298
288 363
20 443
302 95
191 258
436 50
460 155
210 443
380 495
157 53
449 431
293 379
243 123
459 333
127 263
413 443
159 472
415 201
297 31
289 69
471 340
348 226
21 431
427 58
463 401
184 436
315 413
36 329
162 58
174 348
143 141
113 87
289 302
333 381
450 438
278 475
53 274
205 126
36 74
327 484
420 352
265 363
192 235
146 153
353 206
348 320
407 497
151 313
194 48
338 337
312 497
123 117
95 365
291 328
165 484
336 118
333 85
173 453
458 25
231 171
491 164
161 431
245 250
151 164
1 291
288 489
458 165
30 411
92 406
390 321
291 109
46 78
383 476
353 219
390 341
5 437
368 233
484 18
35 113
257 487
476 36
202 45
309 435
341 84
258 253
362 83
161 401
378 408
480 396
89 231
168 222
308 447
465 389
354 292
131 352
389 111
157 107
394 443
27 318
423 235
170 285
187 137
397 183
79 417
148 377
452 169
116 169
58 260
404 433
286 412
24 35
142 27
470 33
203 37
124 497
135 478
115 295
478 174
91 12
242 410
79 91
260 194
454 47
480 170
435 358
245 118
145 311
344 239
276 467
317 399
377 253
400 452
478 344
356 230
140 69
12 450
144 219
118 125
295 450
160 99
69 82
393 405
145 215
182 89
488 273
378 499
303 217
61 278
9 281
202 270
220 1
73 215
192 217
167 191
142 487
422 328
85 212
279 315
405 230
4 461
313 245
315 382
13 468
250 228
498 22
23 304
371 71
140 96
140 63
403 307
487 282
494 325
492 73
303 273
87 397
495 159
394 400
220 310
38 407
281 322
127 389
312 156
105 498
414 452
111 245
27 317
494 451
24 374
147 486
384 179
191 234
486 231
41 85
344 59
381 431
172 477
133 8
359 336
288 90
187 273
442 252
203 67
441 436
422 79
258 440
27 158
389 449
386 13
72 282
66 82
59 306
314 238
75 45
135 25
298 215
467 175
242 92
28 22
101 183
475 303
461 212
13 2
368 351
485 400
482 292
98 51
142 394
439 413
438 217
284 426
101 89
33 104
126 343
378 62
365 80
292 354
208 178
381 157
57 76
369 367
270 392
286 467
380 412
481 225
3 171
112 266
370 105
300 145
59 348
280 31
237 276
455 72
82 445
22 336
203 139
383 391
210 326
238 169
246 443
466 220
486 250
207 78
75 208
56 359
390 487
263 337
261 479
277 70
407 343
335 299
42 462
288 218
388 104
47 27
99 486
236 13
443 85
293 295
155 19
358 201
38 397
377 121
192 152
495 154
305 451
265 182
401 199
303 54
433 141
127 351
364 32
469 216
363 308
179 114
315 18
416 37
10 206
358 145
299 54
357 205
388 104
155 123
29 289
282 458
309 462
346 261
329 26
186 167
281 193
211 217
106 96
302 479
124 116
23 12
218 275
231 380
3 106
247 386
345 32
346 381
142 6
384 44
211 472
165 70
287 492
441 228
208 393
362 243
108 184
460 385
265 326
284 191
78 121
5 383
264 275
281 352
396 406
230 18
88 108
452 247
476 228
473 393
489 36
220 187
424 97
275 32
224 42
163 59
442 154
429 168
372 58
316 62
80 121
81 47
294 21
101 33
279 122
10 74
114 268
217 83
115 38
80 492
51 339
345 95
116 345
255 274
189 488
461 71
470 269
290 42
428 117
91 391
318 207
475 102
185 432
322 192
184 300
492 403
498 87
284 189
464 114
455 391
462 153
274 416
311 285
402 65
308 239
446 493
447 478
410 273
317 132
285 233
488 353
292 129
170 338
305 76
319 134
139 260
28 133
418 414
331 339
78 172
18 491
470 376
149 465
450 232
465 466
319 87
68 305
144 111
39 238
225 449
61 358
492 364
130 89
429 262
435 313
305 359
236 453
270 127
359 237
56 220
307 177
482 375
339 227
466 478
427 230
89 191
407 488
78 433
47 38
203 359
70 482
287 360
487 158
396 58
278 199
376 452
179 438
165 210
189 18
101 131
174 468
457 190
475 82
472 387
98 22
357 175
388 168
179 144
202 227
426 75
379 333
123 154
365 410
281 288
272 54
22 382
424 446
380 331
70 399
273 352
380 168
189 130
127 268
347 368
295 181
14 274
428 174
84 137
278 145
51 365
247 50
348 426
257 171
422 229
81 328
348 48
178 313
433 37
257 157
339 281
55 52
78 205
343 335
481 15
232 473
23 32
458 332
355 223
452 68
248 278
326 386
199 96
486 356
366 133
414 95
0 205
410 321
8 78
445 105
78 489
374 178
362 453
177 184
104 217
347 129
15 352
301 25
234 215
200 287
234 100
305 114
287 234
165 215
173 295
137 110
140 251
57 11
47 2
220 234
215 152
4 67
93 231
298 305
444 327
279 498
464 31
265 84
151 103
398 430
41 324
428 35
398 33
36 485
71 446
98 256
175 286
369 454
112 120
299 167
17 408
439 78
14 333
436 205
487 166
342 335
222 380
414 122
459 121
419 450
58 30
317 17
323 85
58 186
206 287
196 357
288 223
409 487
44 302
320 345
32 32
264 15
137 107
228 178
480 97
479 147
16 38
476 296
335 191
479 34
243 41
116 27
366 383
186 377
75 411
295 358
225 107
66 59
238 363
312 294
293 70
461 143
292 309
353 437
323 127
20 332
211 66
450 488
366 429
340 488
198 293
252 487
399 424
139 319
113 489
59 451
446 407
68 20
457 238
365 421
105 280
199 237
226 168
98 149
489 444
237 290
278 187
111 489
308 29
18 250
53 274
181 77
98 0
238 101
375 407
40 456