6200
93 440
52 470
339 52
137 282
450 44
208 120
45 184
217 370
70 162
28 12
310 134
357 378
447 22
18 295
373 150
442 216
186 318
370 495
277 377
421 359
479 79
116 481
351 376
39 333
345 273
260 419
298 156
30 117
265 97
248 48
264 490
309 190
37 302
180 179
39 166
246 453
287 370
247 362
195 138
264 138
57 40
48 376
345 207
305 79
479 110
453 405
447 96
398 262
293 337
3 430
236 184
55 249
463 23
161 154
292 158
51 277
153 201
409 99
30 499
461 66
323 10
458 414
28 122
459 208
139 322
6 463
64 375
398 61
215 28
38 411
41 359
413 89
41 46
45 174
240 423
285 359
125 415
37 243
452 154
476 497
312 443
318 482
396 228
256 68
331 463
175 295
236 224
271 88
262 129
53 168
27 354
269 338
434 153
307 158
7 386
329 135
469 171
400 499
419 365
181 156
303 102
327 356
296 392
21 450
118 58
264 426
117 146
151 385
43 51
437 310
445 403
74 118
469 414
132 326
483 388
490 313
169 138
382 169
119 317
375 404
182 238
236 491
376 299
202 387
49 271
26 491
109 494
408 453
279 78
318 40
205 114
253 161
330 374
43 135
391 302
40 418
261 426
225 128
367 137
261 428
271 416
410 287
240 381
311 170
63 20
134 482
143 268
495 239
227 325
127 38
309 470
396 19
147 70
60 474
254 366
282 321
460 25
406 44
67 201
73 70
52 130
398 59
151 47
372 245
284 378
348 352
371 93
163 97
71 371
237 223
396 325
350 372
268 357
410 109
31 335
317 483
394 435
482 68
313 45
423 206
58 97
190 124
221 430
301 206
281 144
469 390
114 178
35 171
132 383
70 445
280 163
450 388
456 174
220 432
139 121
219 495
471 197
479 261
467 44
188 132
23 249
279 9
33 137
372 314
111 165
181 295
183 391
65 131
64 491
112 137
485 55
104 183
297 308
353 84
216 264
365 393
403 239
229 144
310 436
453 453
248 421
312 134
118 283
126 230
219 34
89 239
274 204
365 193
277 71
188 218
111 346
437 405
402 366
154 18
472 212
134 108
94 72
356 298
380 212
246 482
73 100
304 187
381 200
271 169
239 10
356 459
217 203
421 294
312 119
331 76
36 136
209 317
468 482
195 417
399 348
448 293
481 325
25 105
126 214
76 296
108 218
421 285
431 325
296 194
270 243
232 127
297 158
141 293
210 265
465 336
481 461
286 414
19 314
380 311
460 497
215 457
242 420
97 488
183 173
268 393
372 453
464 352
145 169
286 105
293 355
317 252
18 274
441 103
267 37
386 321
278 79
499 102
90 372
397 96
489 273
79 166
18 361
383 43
0 16
371 21
273 293
419 40
496 291
180 360
34 263
342 67
21 312
37 341
289 111
237 434
452 130
491 168
211 323
339 226
248 63
356 62
103 373
165 127
340 99
214 197
116 374
38 56
249 137
101 427
362 390
20 190
358 314
137 363
90 421
484 328
391 338
211 192
171 494
445 228
426 11
237 159
67 42
32 128
55 168
58 133
175 269
84 78
441 33
454 73
254 31
221 438
482 145
491 285
13 153
165 436
95 291
186 254
382 162
330 70
55 290
59 240
318 230
263 495
421 259
143 217
7 175
172 216
1 489
142 163
99 367
10 159
414 46
60 48
118 148
290 242
482 173
403 350
197 152
263 18
235 118
145 406
475 94
83 317
332 328
195 78
237 283
329 58
106 3
4 241
483 225
398 294
144 317
469 154
172 194
312 233
491 260
354 310
479 318
147 290
368 312
447 194
252 457
461 277
370 359
84 465
259 354
23 334
340 256
450 493
78 13
273 114
276 421
240 479
269 256
420 387
81 137
447 367
496 334
45 408
225 367
73 481
315 336
444 96
441 156
21 246
213 19
441 146
125 341
449 33
420 395
384 369
89 353
39 331
91 437
304 84
65 168
357 229
178 233
241 153
400 119
491 262
408 465
306 432
317 385
280 256
477 237
442 17
200 66
4 482
418 144
312 160
242 484
69 21
175 420
39 310
72 427
392 30
314 332
217 198
454 131
220 350
367 432
350 163
497 419
63 206
219 415
399 228
249 461
233 468
278 276
203 272
155 202
386 95
294 321
453 104
454 100
32 25
188 173
92 235
441 185
101 8
236 160
473 352
173 337
114 206
331 303
6 317
413 486
307 244
348 59
159 112
138 154
179 44
279 178
364 272
132 72
85 317
21 368
205 58
265 194
498 319
137 96
434 356
100 402
461 93
206 301
455 472
16 344
22 135
259 147
220 238
407 391
111 305
215 429
475 316
488 332
280 325
181 477
231 214
308 134
287 192
16 366
210 94
81 33
32 84
175 192
435 104
261 82
363 46
215 477
309 339
164 55
32 442
156 198
184 263
307 316
182 471
417 323
208 244
181 499
191 93
197 356
290 127
25 459
288 154
493 240
295 449
391 157
207 179
442 400
216 391
362 101
425 251
495 280
131 485
78 28
384 322
301 128
439 27
181 327
419 227
28 26
35 67
246 272
172 243
134 41
142 388
491 349
481 419
405 339
367 112
286 335
463 104
131 88
267 402
481 312
190 186
253 362
134 225
468 352
393 306
46 103
452 35
307 38
377 433
397 64
399 244
348 183
271 215
469 331
143 390
77 303
165 333
59 182
34 299
105 379
482 279
315 3
393 286
71 474
38 270
367 468
152 289
356 67
399 275
166 326
129 394
80 95
129 146
445 491
370 16
295 402
405 205
491 462
436 299
421 63
31 326
116 140
208 35
311 324
150 459
353 477
424 131
277 285
276 53
69 74
476 147
204 365
327 234
385 195
110 116
442 158
299 494
29 410
235 7
466 192
169 237
221 171
457 445
499 350
425 85
84 420
137 253
487 288
336 465
433 224
383 446
440 227
138 182
41 322
14 225
462 359
30 36
481 35
386 339
425 332
253 311
416 9
298 242
207 404
480 134
432 492
220 363
45 225
399 358
435 438
297 413
301 249
285 180
19 135
467 23
186 296
158 72
315 102
358 308
294 374
219 339
202 226
303 439
149 100
38 202
468 84
185 336
368 269
404 470
493 239
36 224
148 179
282 194
2 315
42 492
331 296
374 261
52 34
134 178
380 201
137 24
212 348
470 322
145 80
320 374
450 138
170 208
254 451
266 304
296 108
256 308
421 128
14 130
160 473
174 0
24 41
241 163
486 237
169 63
438 131
121 341
49 240
191 143
447 155
263 458
118 96
76 19
2 40
365 90
442 162
55 392
55 466
55 149
212 393
376 225
418 2
243 350
493 468
123 286
96 293
241 239
258 215
107 317
259 112
275 472
364 201
19 182
331 272
165 75
152 44
46 394
244 70
390 141
428 237
382 366
105 376
91 123
440 215
328 50
23 199
252 455
137 239
363 272
347 469
365 29
423 351
273 263
405 19
256 164
382 185
61 139
262 339
406 5
55 55
106 234
41 430
22 359
483 31
352 385
266 182
33 217
480 41
60 306
322 237
274 169
160 56
395 188
45 422
329 302
388 100
383 288
147 282
313 257
494 482
164 165
382 261
154 197
355 214
304 215
384 30
86 430
470 44
318 334
136 15
468 0
288 376
158 203
460 287
269 471
488 454
67 433
482 222
437 222
437 189
219 93
375 173
69 158
492 346
361 239
239 480
356 181
384 379
166 367
190 344
151 435
220 179
401 218
440 202
244 190
135 377
402 463
473 11
209 471
211 465
297 422
104 302
182 6
373 488
185 348
136 63
242 336
54 208
263 496
186 495
224 7
470 322
333 127
98 296
261 42
316 161
464 411
417 420
409 146
346 290
205 446
282 482
43 300
296 336
331 306
313 482
304 408
35 135
431 489
383 485
147 45
456 200
120 463
461 373
15 381
327 307
142 220
20 109
298 185
491 316
299 481
389 304
291 455
445 424
262 223
120 180
380 409
224 76
301 353
86 185
492 316
36 414
375 134
171 409
225 25
7 162
318 376
184 396
173 462
185 129
161 435
196 157
233 42
247 272
457 34
350 333
99 301
436 238
147 475
352 459
122 225
453 359
108 292
254 137
118 281
68 291
448 280
174 116
388 33
67 421
106 197
498 269
360 206
33 286
246 359
436 385
97 220
12 390
379 205
338 119
262 498
278 258
226 63
96 304
225 114
163 16
137 183
389 161
300 497
209 274
12 46
266 145
387 109
314 130
101 267
265 152
262 364
427 395
199 488
454 23
391 276
459 117
130 29
378 201
327 430
476 87
85 339
448 94
77 324
91 114
118 178
42 208
103 380
220 321
345 302
430 174
291 88
469 390
443 274
204 348
287 270
462 33
127 224
49 262
377 204
235 140
349 347
80 277
99 304
459 300
475 296
384 389
131 118
392 354
54 426
197 449
482 193
418 11
273 461
18 467
107 2
350 253
382 308
113 282
82 481
129 424
313 409
28 366
72 297
223 272
221 126
319 272
283 55
17 237
56 57
59 387
140 16
324 261
43 22
356 289
213 478
239 485
203 379
176 119
392 275
253 251
24 465
21 425
14 307
364 390
277 71
87 276
389 269
143 263
53 285
263 499
337 118
349 354
474 392
168 377
129 218
183 421
198 153
312 56
298 213
284 29
305 427
196 223
486 194
479 192
43 391
362 94
449 380
273 211
89 275
493 293
66 70
75 176
85 265
478 387
416 383
311 262
485 73
268 359
51 323
215 99
46 95
327 77
140 347
122 452
245 81
151 115
143 312
429 226
466 228
464 407
21 382
456 275
134 358
181 76
27 186
133 248
325 425
272 460
413 318
399 246
213 158
322 51
129 357
437 251
10 447
182 401
28 31
389 138
66 163
201 423
171 445
371 334
146 349
167 143
242 59
70 66
469 455
312 244
496 451
398 102
3 358
390 80
70 32
47 131
406 488
434 248
434 78
279 305
300 80
492 446
364 42
498 62
306 334
137 162
264 154
365 387
320 120
152 255
238 390
231 199
299 497
75 17
322 85
165 206
152 474
369 9
71 16
202 219
381 230
236 339
227 498
118 101
208 47
289 122
173 299
296 372
389 324
409 223
429 211
38 426
436 81
449 407
126 359
441 152
343 359
209 178
279 70
469 179
153 340
139 259
131 326
2 435
10 21
84 411
190 439
372 122
381 478
189 321
325 359
219 131
309 169
91 280
460 440
132 61
172 113
292 271
58 155
176 294
58 68
7 113
87 100
430 231
53 469
328 119
250 230
399 399
32 411
204 343
404 492
457 336
108 76
231 101
248 18
87 260
225 158
258 446
178 312
133 188
159 83
313 314
65 410
173 65
408 97
89 377
214 164
92 399
0 174
192 323
435 100
258 131
78 160
325 368
56 108
191 458
124 216
478 356
273 190
287 151
29 181
197 229
128 95
121 289
465 480
81 313
297 400
413 191
60 227
335 238
48 116
184 378
86 173
363 14
18 360
393 150
379 399
494 91
232 359
192 115
280 197
98 125
316 77
156 363
101 376
345 343
221 1
174 381
396 160
372 37
40 414
313 117
60 271
483 159
126 293
490 175
300 258
336 440
303 468
345 344
188 256
258 190
71 261
421 432
322 319
85 145
263 214
485 250
409 323
116 320
495 387
146 459
399 147
116 334
178 55
311 461
3 366
128 421
354 426
246 401
47 28
242 331
434 310
485 79
400 343
83 102
61 247
395 229
63 312
219 363
324 241
460 31
452 179
105 440
341 158
38 203
387 240
402 280
212 321
16 388
342 112
359 99
328 255
67 106
469 243
337 287
170 145
324 297
89 474
485 282
337 282
23 23
304 224
397 277
165 368
480 266
365 7
262 191
298 46
141 182
321 119
265 478
127 491
465 441
223 216
499 450
326 413
489 374
151 482
350 387
153 317
176 330
373 370
268 291
473 171
291 410
240 294
137 408
349 368
84 102
405 425
338 435
309 231
213 327
66 461
130 415
245 71
294 158
449 470
494 414
324 274
68 285
45 65
433 205
160 394
171 369
305 417
0 9
189 466
427 65
480 107
31 409
68 77
47 325
239 369
144 41
178 416
333 64
122 223
470 118
487 282
51 141
3 144
111 51
116 44
151 390
152 96
25 34
211 220
441 72
466 303
71 85
150 144
220 404
22 124
406 190
331 361
358 457
360 186
230 321
211 476
424 234
268 363
435 449
373 332
135 377
314 339
336 206
462 316
440 56
246 484
197 198
7 429
116 407
228 367
195 198
432 440
155 471
272 53
385 443
172 146
337 372
78 338
155 173
81 40
376 447
498 179
461 425
333 5
225 77
127 61
353 272
96 60
465 361
304 368
366 350
222 328
166 56
81 152
44 173
473 163
342 272
197 471
328 155
232 30
444 405
178 212
272 297
10 274
494 89
439 314
494 361
417 13
17 161
186 350
13 413
185 159
482 208
363 234
117 311
68 448
160 61
210 246
372 284
373 221
387 219
432 164
29 382
395 201
51 398
311 81
241 65
125 348
82 75
238 340
288 199
260 307
405 300
436 471
44 130
349 309
325 431
313 281
482 354
104 208
290 33
450 415
263 383
310 427
268 198
397 49
356 408
209 10
333 261
243 145
307 377
308 92
373 132
339 474
34 207
93 443
211 176
411 43
471 326
24 222
271 91
499 274
284 479
240 208
206 117
346 484
428 13
497 6
480 154
361 336
132 15
43 454
350 195
21 455
177 173
264 398
172 300
279 263
324 456
425 371
207 30
395 123
129 136
290 392
81 462
329 3
310 65
260 372
327 160
333 133
31 356
156 97
212 203
11 435
307 36
418 288
263 14
150 313
58 393
355 292
296 491
56 184
408 458
118 168
301 88
444 303
400 333
388 101
36 464
1 252
392 343
210 271
85 156
401 212
5 495
486 256
292 153
111 42
210 52
140 81
384 363
48 85
186 136
100 437
41 74
270 453
225 285
293 480
192 162
157 194
302 49
54 495
389 94
499 17
98 99
314 139
224 334
470 363
152 262
337 423
376 193
330 107
439 453
467 124
318 483
385 476
471 121
67 439
309 360
311 418
58 259
94 126
489 134
249 416
339 141
186 86
45 68
373 368
492 336
319 341
169 163
136 204
496 493
353 55
474 157
416 17
495 384
18 362
131 484
477 267
205 470
390 15
383 102
438 116
309 228
243 110
166 478
471 231
286 14
171 177
46 112
496 440
302 41
377 367
486 433
256 354
221 44
146 498
114 456
36 437
399 423
402 279
362 417
432 225
254 149
113 455
395 300
341 110
329 50
335 218
424 167
211 443
442 145
454 210
147 408
332 490
122 398
315 86
311 484
485 247
55 66
366 99
61 450
352 60
278 390
409 40
483 55
200 121
331 277
186 6
349 330
228 18
456 471
307 395
495 119
185 293
244 50
352 404
316 305
47 205
245 94
149 456
429 80
358 202
60 260
442 44
414 409
232 170
418 370
489 40
185 413
463 27
283 429
86 167
224 99
45 485
441 469
402 47
249 223
483 260
156 309
71 426
448 422
292 303
343 366
131 133
12 380
309 94
114 295
246 247
232 338
308 292
339 26
249 62
174 440
101 232
10 330
252 172
476 311
177 396
381 171
52 309
255 394
41 213
461 369
208 140
432 193
71 368
282 123
415 320
405 456
286 16
41 267
78 390
138 369
392 108
269 371
117 444
10 24
246 11
151 471
16 306
26 435
410 88
260 308
264 325
193 165
433 402
144 86
455 11
119 134
5 200
144 388
265 475
486 6
329 363
169 137
424 346
286 195
355 334
11 46
64 119
373 56
143 497
360 17
3 450
150 332
72 8
335 147
153 189
52 321
310 483
181 73
268 234
420 467
365 475
94 431
340 429
278 319
188 483
433 139
323 191
52 436
83 395
85 387
209 236
71 137
211 371
458 252
71 331
307 378
162 437
218 253
425 2
337 497
488 113
305 122
58 163
58 357
244 141
230 495
133 305
177 301
406 196
379 135
365 477
266 38
144 27
381 337
186 69
182 218
341 26
189 487
344 399
393 247
243 441
246 123
276 228
276 423
410 34
12 155
46 276
155 130
319 190
259 37
107 5
31 293
281 448
200 220
320 477
270 445
420 63
143 17
292 196
83 419
426 203
331 447
77 324
14 486
23 397
254 125
271 131
431 286
6 52
381 483
428 326
241 152
21 348
397 236
7 313
368 480
427 286
110 199
186 356
105 477
454 209
192 360
146 225
129 476
459 4
183 11
15 240
88 276
13 36
201 337
169 20
306 70
269 448
305 269
246 307
369 410
122 200
278 61
37 268
125 407
270 349
89 308
84 285
173 29
219 449
470 375
445 388
337 128
397 66
374 494
256 495
48 243
156 379
499 326
85 194
395 476
136 356
493 336
365 221
22 167
42 436
325 344
473 487
405 14
360 222
218 279
22 116
347 266
444 179
225 199
175 29
385 472
308 312
385 379
398 173
110 407
252 440
279 287
153 77
299 184
316 13
481 369
487 338
369 181
380 431
313 446
418 407
71 50
281 226
252 456
216 179
471 214
1 320
249 250
287 6
371 48
270 103
293 352
33 257
41 163
109 265
25 354
404 380
106 96
405 38
217 210
424 473
145 189
291 277
283 394
294 78
33 154
359 64
322 327
342 244
362 363
69 303
183 387
335 325
363 142
352 240
65 433
474 277
54 210
104 265
196 190
196 399
463 229
408 55
300 137
352 102
406 14
401 421
99 441
83 236
329 314
247 436
65 394
105 221
339 471
13 209
460 35
116 210
265 276
413 377
479 417
431 266
39 237
179 184
273 490
305 262
50 102
496 52
126 467
439 453
15 465
352 452
14 475
251 320
197 132
401 17
135 29
266 185
369 26
17 445
60 142
96 322
226 462
430 445
398 352
169 221
25 265
93 373
194 40
172 196
213 243
124 73
258 200
227 391
188 480
474 244
418 100
63 71
16 496
201 345
66 266
384 370
96 91
131 477
173 290
385 155
229 239
439 10
253 339
319 166
262 293
394 294
217 32
29 309
154 233
351 230
452 220
163 235
212 48
190 295
450 238
477 76
438 31
371 416
83 191
336 42
336 197
230 230
39 53
138 111
193 45
265 342
429 497
398 429
76 494
232 88
16 378
410 209
477 306
349 133
27 412
110 186
268 364
269 192
303 160
205 260
454 348
345 323
104 383
377 243
184 180
410 461
22 52
359 172
157 0
264 208
246 185
401 374
418 15
175 170
282 221
69 232
55 236
472 267
10 11
43 201
163 46
99 454
126 37
37 310
370 284
321 302
28 117
484 222
244 447
20 11
243 27
115 442
209 151
162 439
141 71
118 206
12 156
193 69
379 490
126 83
385 249
366 447
169 265
64 202
213 414
293 85
27 457
460 260
200 88
11 122
180 193
349 481
50 192
183 42
477 429
31 309
109 214
480 249
452 278
192 44
129 165
474 337
98 8
448 286
261 298
343 460
441 441
486 192
86 344
125 21
182 64
278 156
258 291
70 110
155 210
227 114
452 136
497 54
340 402
200 445
257 101
395 43
87 51
395 381
402 173
89 372
381 84
228 220
330 139
201 298
412 485
474 428
334 216
118 471
268 175
128 170
65 378
429 23
256 4
30 176
48 10
447 119
339 429
68 175
473 170
7 121
50 237
306 333
156 236
411 276
447 277
155 392
267 364
369 84
112 24
34 399
18 160
442 481
156 210
232 362
484 481
71 91
425 386
122 377
153 81
358 386
130 452
317 365
301 397
421 186
437 413
426 456
289 307
17 368
82 298
279 101
193 418
304 350
227 470
403 279
165 233
185 114
479 295
44 2
40 281
46 466
274 477
137 472
192 415
213 6
108 127
45 493
195 153
123 350
481 275
8 378
492 146
293 193
48 324
457 337
155 88
418 3
328 429
345 55
61 20
499 410
403 21
174 45
247 99
374 149
28 228
226 234
427 20
196 371
208 475
416 153
9 216
497 186
241 337
209 194
105 154
176 209
254 360
311 202
352 353
81 185
271 380
252 307
178 199
26 449
454 238
306 294
480 463
152 304
498 73
80 362
71 455
316 256
458 177
30 127
165 162
42 463
122 436
487 147
448 152
242 14
160 402
218 49
353 141
214 370
232 203
159 294
402 155
184 475
454 213
375 66
381 119
56 270
417 3
155 43
409 365
119 250
299 70
211 337
60 4
59 277
424 144
152 218
45 178
243 336
255 0
119 471
241 136
492 27
71 10
227 499
249 480
50 346
36 48
52 113
243 96
92 112
182 19
197 244
433 80
80 293
264 188
176 51
79 5
15 168
168 150
482 242
440 417
318 385
350 476
424 222
186 93
464 17
113 221
301 162
307 46
86 233
284 71
428 263
283 215
217 443
37 303
73 200
437 329
158 391
465 287
381 82
451 152
373 345
359 65
463 26
259 18
89 50
165 43
259 17
312 300
104 476
28 201
31 29
272 465
253 189
123 237
241 486
183 427
344 114
492 395
413 307
209 251
295 355
372 374
175 406
382 37
238 131
160 263
228 269
310 432
21 333
319 434
213 263
229 355
250 57
364 222
473 15
370 74
300 120
26 243
132 327
458 261
24 370
492 470
254 104
438 302
88 276
39 257
112 301
210 268
490 214
230 75
1 464
84 100
195 301
129 463
224 327
50 439
262 100
204 42
196 16
292 142
252 137
290 331
100 216
431 1
76 442
258 13
465 77
230 195
158 161
340 211
151 234
334 390
284 413
429 38
33 481
118 74
405 285
1 260
261 357
300 284
149 189
118 410
105 115
128 349
60 115
201 468
211 63
328 35
426 495
476 110
184 459
96 446
207 441
299 449
234 320
10 451
361 383
350 128
329 319
286 478
447 242
305 488
375 158
5 486
96 301
112 482
280 280
221 60
10 339
160 372
323 96
331 22
2 37
208 182
160 332
74 346
334 459
117 231
217 62
215 475
309 313
445 328
388 89
281 19
243 398
346 441
315 67
456 178
360 317
149 16
362 20
480 75
307 49
111 449
424 24
190 326
6 233
175 487
6 395
145 456
249 250
169 492
170 64
233 477
493 382
402 235
310 207
256 234
184 469
346 219
46 460
46 36
23 52
299 221
177 382
484 297
141 278
342 153
482 163
45 75
310 475
34 299
34 473
442 291
10 70
30 288
176 408
313 76
149 52
434 464
113 178
456 418
423 254
269 298
226 405
232 166
466 388
361 266
409 352
422 156
296 272
180 304
233 325
377 345
310 382
61 163
433 423
30 17
168 356
113 151
318 246
134 345
463 136
488 348
356 373
145 262
418 152
477 177
23 151
386 206
369 185
460 299
168 302
10 342
494 188
434 123
320 164
152 421
269 284
157 492
254 125
129 302
331 172
176 459
17 206
391 414
213 387
41 352
194 381
70 404
27 40
204 356
277 348
132 356
348 398
23 141
295 454
479 5
316 126
333 7
421 333
72 224
428 134
367 466
370 475
15 289
146 249
97 72
280 423
322 81
74 481
287 197
54 369
496 266
273 370
56 181
257 46
180 128
94 186
13 48
337 316
66 28
452 335
111 15
449 85
66 433
482 23
393 205
324 389
259 241
422 449
496 167
296 179
217 176
76 242
59 230
111 266
101 477
492 63
0 212
497 441
317 418
124 332
221 210
451 448
397 332
0 225
256 245
422 296
390 474
204 350
116 301
278 167
83 70
134 123
416 83
2 132
316 233
443 478
426 37
369 246
323 175
421 369
17 80
54 195
45 260
61 110
278 14
436 340
315 361
296 70
54 231
465 298
276 222
259 260
359 54
82 129
350 182
262 3
50 368
128 168
279 447
313 41
233 409
270 249
172 48
280 66
217 78
301 97
209 345
400 60
41 68
251 482
337 392
112 365
34 387
334 92
133 165
74 0
249 219
267 344
262 273
352 399
496 331
177 153
65 206
126 429
411 459
203 229
95 100
487 315
259 481
146 173
173 244
463 220
416 275
48 231
482 30
362 252
257 331
389 391
320 323
134 15
245 231
183 337
4 192
173 170
195 263
359 319
391 221
348 323
406 307
189 396
149 388
219 51
442 406
81 108
124 262
345 67
404 221
413 28
50 408
23 438
109 98
171 235
58 0
159 19
415 464
204 200
252 416
175 424
384 46
161 108
176 360
81 358
239 80
341 346
136 289
239 216
451 245
97 410
429 361
325 108
309 197
465 382
306 413
311 140
101 42
403 472
183 277
209 484
183 422
63 402
119 319
417 303
65 422
284 14
123 347
44 461
343 284
197 361
2 1
44 8
333 103
232 447
283 368
290 441
344 318
138 205
360 315
89 407
421 426
273 373
187 396
180 169
30 382
384 229
90 384
339 280
79 423
143 423
365 214
33 433
138 61
228 23
430 351
277 317
191 203
452 402
423 230
112 132
214 305
190 348
480 304
79 381
305 59
274 222
7 22
83 159
182 497
348 311
128 464
167 477
379 171
253 119
104 154
460 366
66 318
474 2
383 47
106 405
479 40
62 232
391 338
335 497
160 425
389 36
13 141
312 57
28 245
399 418
136 132
302 359
361 202
249 128
385 97
137 208
292 364
54 200
49 184
109 390
426 210
351 351
408 291
36 15
433 288
421 436
295 69
124 75
204 9
106 373
433 89
306 243
295 226
262 360
102 197
407 223
74 380
172 110
125 334
123 208
144 411
332 396
471 292
301 456
182 175
117 259
354 115
193 275
135 2
199 455
179 238
118 106
216 105
292 142
351 193
104 415
311 347
491 289
245 134
162 292
403 427
395 279
54 258
260 88
396 41
131 459
417 427
32 102
244 485
178 324
91 447
295 135
424 254
389 286
431 21
301 51
182 334
444 196
136 88
481 204
163 384
311 113
67 432
417 196
20 311
111 448
83 464
218 406
44 359
232 459
362 327
14 33
81 44
484 458
163 70
454 466
79 178
111 266
462 146
309 28
476 334
298 420
178 411
122 369
180 75
402 355
240 43
87 416
227 322
244 72
390 390
68 198
464 469
467 31
412 278
113 128
49 388
152 263
484 79
154 126
333 165
208 409
177 74
248 147
71 404
146 492
190 461
282 215
98 7
285 101
230 10
251 250
366 131
62 403
381 350
367 217
478 215
289 75
75 155
412 389
233 146
460 58
125 275
282 242
344 224
234 420
170 426
57 485
240 388
239 119
188 122
337 458
386 18
174 478
219 461
459 438
496 452
227 419
162 474
198 362
282 358
284 284
270 304
193 193
312 362
484 432
242 353
371 173
3 128
89 397
335 222
174 49
468 184
158 254
116 482
192 208
492 398
202 476
21 114
477 395
179 186
39 313
487 422
50 410
160 342
65 492
393 347
31 91
345 213
196 41
249 461
211 240
217 242
356 266
13 90
276 185
499 193
467 315
78 338
180 369
213 238
437 245
337 106
320 469
10 34
348 368
108 112
354 59
325 177
268 62
248 339
384 44
212 247
437 351
72 290
380 117
363 286
392 317
138 52
86 64
432 1
113 434
494 393
70 319
233 171
362 190
235 481
80 246
449 299
441 17
135 374
160 173
342 350
402 404
469 481
334 488
275 401
146 447
118 121
292 217
407 351
185 155
253 494
145 265
135 55
429 86
259 122
472 89
493 102
435 226
66 314
68 269
68 341
462 214
283 186
389 107
114 191
37 74
192 219
274 35
121 327
301 203
292 233
187 273
499 138
304 122
243 417
259 372
87 163
349 73
180 370
413 90
165 146
366 303
338 357
36 140
344 311
44 337
462 488
478 83
57 313
230 283
7 300
463 489
415 94
317 164
255 447
94 82
385 272
481 312
452 75
239 17
354 148
489 135
219 316
481 319
102 276
429 211
53 110
56 392
409 468
415 225
308 16
140 361
173 45
121 121
138 478
478 360
495 344
12 467
287 66
343 493
204 241
203 272
16 257
77 112
337 277
145 493
206 497
43 285
406 380
210 16
228 44
240 188
156 75
142 252
245 295
388 485
109 302
411 444
56 477
255 489
334 245
243 400
186 40
272 138
154 444
341 482
171 382
457 81
186 179
326 451
288 431
85 214
10 397
375 497
486 418
164 482
382 320
212 259
397 420
365 485
467 51
285 58
139 138
169 94
46 325
109 495
62 334
84 46
43 72
491 459
441 381
53 155
266 175
448 266
103 163
66 165
223 70
61 203
149 214
392 230
78 195
382 353
399 140
212 466
277 295
28 203
210 218
245 82
200 328
343 193
210 303
373 261
464 433
148 286
369 114
161 392
245 447
87 43
9 496
291 299
355 286
356 320
254 417
246 454
147 454
109 89
351 358
143 334
121 167
133 143
35 490
437 295
338 132
129 376
175 200
338 272
444 382
300 195
1 198
4 398
339 148
358 113
300 42
210 354
497 421
263 343
490 385
369 52
428 181
381 498
123 455
338 71
118 419
118 490
240 119
120 474
440 79
122 330
184 240
13 184
379 34
419 276
328 370
51 288
139 108
63 284
207 114
33 253
95 326
445 3
330 335
267 417
248 270
10 389
425 432
466 23
151 304
174 237
378 331
439 77
213 369
483 354
108 421
99 368
372 203
391 44
462 202
324 158
399 210
494 334
209 324
128 313
50 212
43 155
84 428
297 334
188 298
71 132
1 148
352 170
66 225
427 95
253 28
90 251
437 152
476 437
250 498
62 456
111 300
81 457
291 196
346 230
363 331
480 417
439 216
441 184
279 5
386 220
323 32
36 328
265 112
110 12
468 15
168 24
481 432
480 101
331 272
103 326
95 46
262 83
119 386
391 203
423 398
282 129
458 246
358 318
330 75
91 320
344 151
435 111
212 325
449 415
93 395
442 405
340 40
426 204
260 460
358 169
299 183
282 141
459 109
184 492
313 142
145 127
238 9
187 80
347 302
198 136
393 440
480 492
196 234
194 258
279 456
492 52
45 78
187 274
118 5
499 372
351 283
293 144
224 90
244 332
320 71
363 294
286 214
448 195
453 483
291 142
46 232
163 283
409 92
449 202
426 28
311 448
444 278
220 456
140 168
91 464
111 461
175 306
1 397
232 475
469 306
390 376
159 15
459 405
108 421
301 408
208 386
16 464
421 152
172 236
53 413
374 115
421 164
413 401
228 274
432 146
22 197
65 175
80 33
454 24
433 40
279 107
72 141
146 295
32 345
258 318
434 437
101 133
386 355
482 14
12 115
312 414
89 386
420 377
254 22
414 226
334 39
180 193
489 258
103 178
497 21
458 361
346 431
138 411
277 233
348 120
35 290
28 12
242 476
498 448
27 496
35 265
458 213
471 67
246 447
320 426
287 243
174 130
41 134
219 164
285 171
313 419
431 172
148 341
142 173
21 499
264 21
234 56
476 222
22 57
483 222
317 342
325 122
108 343
7 218
389 327
98 292
316 202
44 30
55 465
316 38
59 429
337 80
154 145
202 313
387 176
371 37
11 56
399 196
414 120
299 259
403 304
358 398
280 220
37 254
292 187
116 353
433 203
348 454
119 439
116 402
291 7
63 339
35 303
275 315
74 449
105 426
176 329
49 316
70 308
496 86
439 215
418 464
418 224
164 267
21 38
397 132
471 313
116 312
127 358
307 243
169 53
383 265
81 198
6 432
371 3
218 2
319 310
387 137
256 237
127 403
35 277
90 376
189 6
364 58
301 168
222 23
140 323
21 457
241 73
77 27
382 112
275 295
432 201
290 14
417 40
318 418
146 452
310 260
319 187
356 26
401 120
443 430
387 42
467 464
344 480
445 44
340 226
427 220
234 124
165 217
487 3
455 335
95 134
321 117
495 414
387 29
459 396
290 182
499 198
179 258
302 343
69 476
196 494
119 348
65 282
285 136
323 405
39 92
61 270
37 212
242 56
452 424
458 53
104 95
353 457
300 135
111 7
2 221
69 159
293 473
461 487
392 430
22 284
54 283
495 435
491 91
367 89
495 295
390 326
135 99
86 95
103 436
9 197
356 457
430 431
418 149
79 243
27 162
445 453
240 433
377 292
234 231
26 244
422 229
180 269
364 58
494 266
315 319
128 355
286 23
24 410
153 56
218 455
260 32
466 15
308 0
231 343
439 42
123 109
230 362
420 303
421 447
118 266
473 88
463 247
157 112
168 487
294 311
343 239
254 54
54 161
356 414
308 137
98 148
10 431
86 181
128 282
48 359
447 246
493 373
485 410
249 3
314 154
245 43
449 9
23 499
266 3
492 379
27 74
358 443
124 389
171 296
156 104
350 71
445 455
218 196
199 430
436 319
363 365
226 181
33 312
168 249
481 151
225 12
455 360
250 435
232 431
35 273
197 240
195 238
286 142
424 265
85 485
202 213
394 300
464 428
30 279
430 132
497 11
371 8
295 304
236 473
247 27
119 123
213 444
438 167
432 499
336 214
427 369
21 38
319 174
305 486
470 349
360 236
96 467
124 231
57 391
271 212
335 304
100 390
409 49
400 38
104 342
63 237
275 32
206 85
423 446
295 11
99 393
213 155
239 47
291 337
49 296
452 62
304 236
137 52
442 214
408 38
275 46
78 323
260 402
349 136
0 183
429 144
152 451
351 142
331 243
391 142
56 232
320 343
247 360
426 458
496 189
235 186
362 123
25 166
154 122
158 226
371 6
310 87
81 375
118 161
303 264
348 361
204 359
71 168
126 451
492 350
388 474
449 79
97 250
225 475
53 252
110 383
322 276
151 272
433 403
19 121
482 88
299 367
35 38
341 223
73 14
340 333
265 313
416 290
117 362
466 141
376 170
447 77
349 198
453 450
72 135
223 472
339 406
445 375
98 226
240 138
324 171
336 433
223 89
451 252
393 192
214 418
347 121
319 13
464 48
35 272
96 388
294 111
486 435
162 91
230 84
107 254
187 406
495 443
48 262
454 298
68 441
415 169
182 267
316 234
359 498
386 203
314 455
243 33
124 152
236 257
11 206
112 343
139 51
313 459
258 187
480 120
141 326
94 395
482 175
174 262
317 193
148 60
93 132
284 243
0 70
128 373
68 364
415 93
52 207
246 80
200 162
341 227
474 341
17 287
401 456
1 43
103 218
202 150
245 49
471 339
212 246
462 451
44 132
340 229
309 449
463 438
17 10
203 304
91 492
300 72
115 344
63 302
304 71
472 265
456 49
147 443
246 20
153 461
190 291
92 345
283 0
362 55
360 301
293 417
490 303
148 445
247 457
28 63
328 51
453 352
147 137
157 452
414 394
185 310
155 104
456 129
184 439
92 318
236 44
200 237
182 78
35 348
411 430
333 416
120 91
80 138
91 268
162 238
400 357
461 199
328 56
347 418
88 364
409 291
28 176
254 461
309 210
492 142
410 72
15 178
316 30
150 96
334 259
116 164
215 234
142 430
348 43
260 341
132 436
113 21
482 160
223 219
213 143
67 215
245 123
6 82
178 414
173 156
321 364
451 142
72 36
432 445
139 272
60 44
65 271
284 25
245 47
190 7
74 310
434 257
191 320
234 292
300 222
86 259
253 121
10 389
187 325
449 294
338 326
97 10
35 403
302 233
92 132
443 344
453 167
339 229
21 144
366 425
36 321
295 305
194 290
467 157
303 233
59 417
427 141
396 9
242 314
447 50
394 335
354 242
471 347
491 193
470 344
17 210
15 6
148 312
321 61
295 116
33 124
117 354
363 312
126 13
415 458
293 425
167 309
156 499
44 490
334 0
210 14
372 352
16 225
286 21
137 338
314 433
140 22
334 432
297 3
313 460
238 213
22 458
457 405
248 31
31 1
367 434
286 241
318 240
261 155
345 456
390 250
272 159
91 30
385 106
418 389
454 199
157 156
414 476
359 467
468 162
96 390
483 336
76 235
242 301
110 189
439 87
246 0
382 63
169 190
431 267
318 87
96 385
213 328
295 10
24 73
315 115
451 472
207 151
452 379
420 301
388 62
414 211
274 487
177 296
416 443
383 460
345 234
414 479
341 410
335 209
325 365
337 151
302 128
8 397
198 106
21 280
492 439
278 287
84 266
62 307
267 352
86 445
276 464
374 353
414 469
334 210
213 239
220 23
272 367
473 80
360 323
262 346
134 352
119 392
199 70
422 181
478 466
430 360
213 106
75 156
218 128
219 261
136 283
150 439
371 409
232 476
322 232
84 346
238 308
378 55
88 437
255 300
161 418
24 37
45 374
354 99
212 264
47 74
365 349
110 50
26 237
469 342
40 200
9 405
313 130
419 387
188 401
320 26
63 201
75 196
148 108
224 282
356 360
209 272
322 221
458 319
13 200
400 279
37 405
35 409
297 350
103 306
332 337
38 275
472 395
356 465
247 120
480 80
204 455
29 42
361 378
78 339
119 227
132 331
240 156
358 20
178 389
226 461
237 11
258 116
82 209
181 114
47 181
137 161
203 251
130 166
5 417
144 60
391 476
132 128
0 484
373 342
304 179
190 100
216 393
454 300
415 150
332 135
148 462
65 321
487 352
121 47
460 344
321 117
97 351
187 305
148 98
277 61
13 304
197 319
119 81
232 151
138 34
348 416
237 286
490 266
313 224
68 111
228 125
477 389
47 326
276 164
77 195
499 53
372 90
172 48
199 491
378 256
172 189
475 78
344 409
485 466
77 10
135 405
147 158
336 464
481 194
389 112
165 410
1 240
288 389
232 25
281 339
28 462
41 453
214 3
469 237
99 199
104 399
57 87
403 251
445 245
357 236
147 186
426 374
263 148
173 66
405 347
310 306
259 285
289 203
440 473
172 110
361 392
479 128
380 270
15 382
471 177
216 372
98 118
118 142
61 213
61 291
97 466
104 371
74 208
33 245
207 366
110 205
185 69
339 441
176 417
95 207
431 147
265 311
305 30
243 383
26 366
185 304
27 475
183 289
386 453
172 216
273 93
162 282
224 310
228 354
61 400
47 175
486 492
22 312
47 143
362 118
422 73
48 47
188 450
255 83
299 74
19 427
210 424
234 34
388 434
186 314
489 301
145 233
397 475
471 20
138 444
17 333
232 412
214 417
0 420
346 470
397 151
75 217
251 107
393 161
476 491
292 79
164 465
293 438
458 61
5 116
449 448
360 374
291 181
453 75
45 291
442 151
368 442
402 369
383 120
111 147
79 211
28 256
46 243
157 173
289 4
452 14
241 238
419 164
239 32
176 224
375 284
79 470
340 96
68 333
480 75
286 31
287 411
7 166
340 333
189 164
30 129
368 493
158 271
156 139
364 397
34 332
302 91
187 465
298 494
421 255
287 130
394 59
226 426
112 401
417 66
195 301
147 447
71 415
55 305
54 227
59 271
214 440
405 213
208 254
9 55
38 129
189 148
427 432
333 267
333 39
192 102
401 380
296 339
496 472
51 203
474 403
343 462
176 40
294 101
8 236
217 156
156 46
478 406
25 83
122 163
265 358
239 315
6 167
491 387
90 3
406 43
5 416
456 101
54 181
269 103
259 63
109 487
245 415
499 88
251 271
129 473
140 369
36 220
107 147
2 27
70 49
465 260
361 428
461 274
377 268
331 231
218 136
51 440
380 315
86 402
228 484
353 68
140 368
367 389
268 248
297 369
481 191
119 115
389 195
463 80
163 266
254 294
86 233
49 305
60 319
303 487
55 288
8 8
249 196
296 376
97 17
208 445
60 431
126 179
112 301
419 89
235 275
361 173
331 321
492 410
397 391
31 295
303 305
353 39
267 52
422 149
446 217
148 482
162 359
160 274
215 274
401 432
105 450
123 262
24 436
179 116
263 274
79 62
102 419
323 432
433 221
290 245
228 379
238 438
64 242
368 251
183 279
81 121
384 140
429 57
173 260
34 108
171 288
207 113
397 125
198 31
128 330
62 489
279 208
302 152
255 196
475 170
292 290
431 409
466 28
140 360
320 491
279 175
140 343
320 339
222 38
220 19
360 202
411 134
139 491
187 65
236 394
37 15
424 380
260 468
180 242
233 400
75 352
196 364
55 68
458 368
239 129
332 30
165 99
91 95
160 156
50 278
293 248
128 87
407 69
311 240
141 439
292 396
113 68
136 340
208 20
150 94
477 300
251 482
77 142
150 342
473 89
338 200
140 118
40 318
59 399
339 203
452 52
120 483
323 417
437 109
55 383
183 439
421 32
26 435
129 350
440 176
229 454
425 130
448 221
120 465
20 359
411 459
442 472
241 384
345 117
353 179
118 400
285 36
323 392
94 311
340 305
259 34
16 69
290 184
1 317
176 410
222 374
346 440
176 16
486 440
119 21
273 339
227 89
481 58
222 51
356 76
462 62
483 467
152 331
148 125
387 5
231 176
468 109
478 430
370 144
17 464
155 489
430 291
201 382
433 412
340 275
337 141
109 154
485 172
297 113
470 133
162 185
146 202
132 130
127 476
440 2
343 496
139 447
330 273
37 341
468 115
257 377
32 158
330 218
331 369
355 128
165 153
355 17
499 311
288 487
341 478
475 80
380 184
310 114
307 210
177 347
77 276
434 434
4 109
330 116
244 335
341 185
202 261
425 196
36 202
32 65
497 377
414 7
474 377
87 224
423 281
409 265
51 0
461 195
312 56
243 292
477 408
170 84
133 32
86 447
12 169
398 118
126 9
387 164
240 100
233 326
91 164
16 495
190 495
51 478
122 2
263 146
83 451
483 285
232 216
237 421
40 244
253 135
300 18
470 492
319 40
56 55
50 410
257 73
403 241
95 160
307 377
328 210
495 242
458 164
85 227
323 195
330 125
495 429
421 482
375 465
21 92
355 283
356 423
164 112
273 111
488 112
174 432
174 317
333 170
249 132
179 418
44 425
354 9
344 391
357 127
220 71
354 230
153 75
187 211
174 170
282 460
244 163
332 308
478 418
50 165
435 80
5 229
91 479
223 359
338 287
358 80
310 58
485 212
275 315
485 173
485 450
465 119
428 230
148 149
166 258
338 51
132 101
433 343
54 75
362 156
236 245
303 220
285 398
65 289
314 412
362 51
170 299
381 179
180 450
209 382
433 346
448 47
243 417
493 381
389 149
394 207
428 125
375 198
339 65
477 440
343 153
304 192
371 14
464 38
420 52
250 25
73 205
122 198
431 168
317 467
175 320
297 212
262 455
20 24
317 453
106 349
41 160
26 262
300 265
169 343
368 72
277 419
470 293
461 252
219 253
74 279
343 394
349 223
248 105
58 221
71 65
77 16
130 464
81 104
299 431
355 250
22 167
461 133
385 492
97 274
405 456
351 171
247 248
205 52
126 495
412 263
131 197
13 489
445 262
45 95
345 244
264 400
385 219
63 77
351 270
79 161
184 257
357 430
334 431
278 63
178 460
9 190
32 310
424 23
470 477
74 321
221 167
387 338
415 459
81 450
463 118
375 160
442 148
79 85
148 277
89 210
400 326
488 451
326 284
114 264
85 296
463 188
378 159
118 202
153 145
263 199
212 468
116 491
76 154
431 48
258 76
402 373
324 10
295 243
359 150
446 409
449 445
456 261
464 179
324 426
477 469
437 439
430 189
344 406
306 358
434 127
352 416
426 189
284 176
326 73
334 143
440 124
386 135
314 396
174 202
171 138
430 4
193 108
366 360
71 389
369 172
88 5
46 221
398 367
292 330
326 76
201 479
114 266
15 439
141 429
419 41
45 312
272 349
62 239
480 491
163 485
342 349
423 104
323 389
71 321
249 115
446 397
16 450
241 61
342 383
424 382
46 113
315 470
61 171
162 229
214 41
243 325
281 56
297 166
339 456
72 369
118 88
391 370
431 486
369 132
367 125
239 294
264 413
84 54
135 325
218 246
424 349
405 461
479 57
14 55
424 318
259 438
308 394
381 150
134 240
365 250
44 1
267 456
362 160
485 351
450 497
198 56
17 374
283 104
11 349
167 297
235 435
181 426
428 396
488 62
165 415
416 353
162 61
222 183
387 24
374 59
115 337
211 72
28 485
334 346
144 39
326 353
132 231
127 8
422 412
327 115
321 87
1 244
279 483
359 75
134 166
3 233
158 102
439 66
413 186
226 125
478 57
140 52
412 110
375 268
383 335
274 202
446 204
39 275
350 78
244 251
484 337
291 248
166 494
181 82
207 431
488 259
163 185
148 481
249 76
263 23
77 484
41 389
165 24
454 80
183 367
56 198
298 20
14 199
281 465
396 195
306 488
26 237
70 470
398 26
401 319
303 13
402 478
354 196
129 419
139 308
7 312
332 47
247 157
474 347
394 28
369 223
312 201
23 247
273 382
201 421
434 26
4 356
53 188
108 359
167 34
346 99
146 26
184 179
26 393
274 10
233 420
473 495
242 45
427 496
269 367
393 480
189 55
244 397
108 94
128 204
303 128
154 474
153 449
343 190
53 31
304 469
464 286
332 277
274 58
425 111
92 395
451 318
67 281
375 195
399 176
304 355
329 202
3 310
353 335
366 198
167 406
192 22
300 131
41 376
488 426
321 466
136 432
65 272
319 204
232 292
147 70
124 388
50 476
311 128
326 403
161 30
52 494
477 206
82 204
130 19
337 422
206 304
428 474
30 271
415 248
318 262
2 62
391 443
71 52
456 54
84 249
243 469
175 489
193 73
444 258
32 176
332 281
107 91
214 260
8 137
251 130
44 179
122 253
158 435
342 45
294 466
435 278
267 390
463 111
221 313
341 259
40 105
196 173
433 148
285 411
41 294
473 389
494 437
225 447
344 152
118 67
345 490
380 54
17 465
130 195
454 238
343 471
496 495
495 392
303 429
223 132
21 196
133 48
347 368
20 358
277 191
182 491
45 475
440 414
462 62
152 422
393 416
263 347
239 389
170 110
243 42
90 246
146 116
484 224
434 494
37 5
496 212
187 71
486 393
307 479
401 448
216 311
158 146
387 332
442 398
292 409
155 185
302 383
459 302
148 286
143 393
457 185
257 491
384 144
475 95
43 43
354 376
374 111
443 13
263 113
23 386
71 55
438 30
184 225
364 249
143 332
370 7
351 100
97 479
74 235
279 72
301 469
80 133
498 175
141 376
262 261
317 164
194 185
411 107
357 379
63 127
486 352
452 433
412 337
73 401
474 338
307 204
189 127
154 240
116 188
301 295
459 230
415 470
78 6
385 178
305 287
139 300
234 292
129 443
197 498
337 54
110 23
150 496
88 300
340 156
452 204
286 141
112 263
121 202
380 42
181 358
159 186
330 172
467 393
391 459
366 164
39 80
429 476
128 189
198 17
74 468
462 150
265 360
62 426
320 387
97 295
333 1
25 256
149 163
474 492
9 393
325 340
169 48
90 254
272 297
266 288
290 346
58 80
358 407
146 121
416 178
31 244
0 249
264 56
400 2
247 238
431 409
310 72
179 100
397 252
392 451
149 15
447 34
441 207
180 305
483 440
184 448
49 14
422 36
390 313
404 323
84 137
62 335
435 246
498 241
44 184
52 242
276 45
252 499
305 70
10 285
233 140
155 46
82 283
448 429
104 473
462 352
187 189
287 24
265 474
11 286
380 309
206 63
414 157
227 459
96 219
360 237
283 181
464 367
148 217
190 265
117 253
294 153
177 157
483 81
219 295
456 494
409 100
257 163
474 324
395 484
73 422
103 255
474 356
73 420
185 123
376 116
121 154
311 170
103 150
445 147
493 323
423 254
269 403
79 180
16 243
17 474
82 89
297 120
40 56
31 370
338 225
380 259
281 459
110 43
190 385
208 407
13 184
439 483
163 282
377 18
344 31
120 394
15 426
335 417
139 55
281 218
478 330
289 13
56 111
496 251
11 99
135 56
39 24
307 74
444 54
85 184
431 140
67 57
326 446
1 254
472 318
148 134
499 302
414 289
393 56
7 410
319 404
280 142
68 358
413 87
124 12
152 350
260 55
353 71
325 86
404 354
341 150
452 404
46 340
248 366
129 439
195 255
249 448
158 475
415 317
181 423
274 391
298 186
109 34
472 151
357 287
437 229
133 198
391 241
108 31
322 491
99 89
37 17
345 348
18 195
119 112
355 51
237 245
279 153
304 199
486 103
332 13
64 275
16 466
497 455
446 124
213 320
189 397
246 102
150 386
350 116
167 269
14 205
358 257
456 145
248 14
28 294
69 81
399 92
399 85
62 248
420 197
95 127
82 462
348 193
309 232
1 199
404 476
233 367
364 115
481 41
335 464
397 9
453 404
342 296
397 352
50 256
383 169
131 497
190 465
197 332
31 499
327 50
417 287
254 61
454 133
98 236
245 290
46 495
144 51
255 240
496 41
210 305
154 380
197 194
26 344
343 247
297 409
196 171
84 67
200 451
39 38
180 298
146 284
187 227
467 290
331 443
100 316
196 393
87 255
451 245
344 113
22 147
170 142
61 71
374 254
144 113
412 413
49 177
256 58
200 237
180 75
391 31
276 132
387 439
185 364
329 339
486 29
23 352
275 156
262 84
50 149
62 258
435 462
372 111
200 191
267 72
455 232
365 158
98 231
447 104
443 135
16 277
481 281
289 392
328 256
257 403
162 378
340 319
282 449
493 64
488 335
67 260
270 295
27 432
389 220
207 474
103 332
466 224
116 84
192 107
11 444
175 449
120 25
326 15
432 255
90 319
431 272
68 9
294 54
274 447
273 183
367 334
410 377
313 185
293 378
174 6
307 156
181 349
217 428
183 359
179 149
273 125
134 110
164 341
140 280
463 291
125 414
143 331
16 35
413 456
314 161
317 87
437 122
50 350
210 154
155 85
62 389
351 428
122 48
329 16
159 114
28 292
475 284
171 171
480 344
5 436
23 294
416 323
25 312
318 318
255 235
124 325
254 169
218 328
344 228
342 399
43 3
139 223
246 19
215 310
246 78
373 220
395 121
286 141
312 421
8 104
430 419
89 485
313 36
116 159
58 157
12 310
33 101
472 3
165 132
210 187
260 263
384 435
77 155
428 22
127 241
160 437
422 409
445 249
408 235
244 413
223 318
420 108
111 109
93 392
80 276
391 303
239 340
347 275
150 168
409 276
65 277
186 421
23 339
74 483
248 283
102 170
278 323
432 22
266 241
369 377
181 346
38 260
387 272
440 386
14 37
166 201
122 431
270 204
39 145
281 196
366 287
111 383
257 496
89 395
273 23
370 458
70 306
78 260
498 457
347 370
71 364
295 13
70 45
43 417
113 109
249 324
207 331
179 212
107 464
339 268
78 232
390 209
322 148
458 320
190 320
185 157
22 113
11 332
250 92
202 54
230 215
47 451
163 289
105 78
347 122
207 444
6 277
426 449
270 328
0 236
393 312
278 185
370 415
360 289
195 120
335 62
365 277
66 234
313 380
354 171
115 12
289 413
363 473
301 67
303 133
297 302
339 196
464 75
216 209
329 324
238 263
40 17
251 455
335 458
481 416
428 41
455 449
422 218
285 318
303 224
378 89
137 100
28 217
427 453
129 244
360 108
477 367
322 252
211 81
497 9
51 44
493 426
144 6
176 416
140 281
222 479
431 370
87 212
165 459
56 366
327 295
14 416
20 304
385 337
198 231
276 383
161 249
107 121
37 157
438 283
262 29
399 161
373 46
5 339
205 390
185 413
329 32
189 52
389 202
433 426
161 87
189 61
183 322
479 296
80 72
102 418
431 194
240 353
192 156
46 98
11 398
282 84
136 193
395 323
102 377
316 180
242 263
86 5
302 277
201 65
335 234
280 155
9 118
274 21
119 201
451 173
109 482
175 86
261 245
474 70
251 363
127 290
148 345
474 65
482 302
388 27
183 170
288 168
41 192
245 415
88 160
495 49
487 197
294 170
93 100
464 120
262 196
41 443
8 410
64 367
394 490
160 452
121 77
121 301
216 162
175 219
120 156
205 170
192 459
59 499
471 285
481 23
466 233
144 374
93 326
169 60
13 488
417 329
482 486
148 391
462 198
354 175
197 82
393 59
410 242
27 452
476 381
115 361
87 294
473 111
171 181
169 142
323 36
22 438
181 306
356 23
50 143
77 63
122 248
490 470
423 385
118 369
82 251
397 233
196 170
203 222
364 220
256 224
162 40
198 131
6 344
339 54
117 56
156 269
239 92
329 498
220 14
265 447
33 302
324 15
237 229
301 27
251 454
494 410
41 266
462 192
98 399
307 301
70 216
160 464
314 162
176 489
436 386
189 294
161 321
51 365
245 398
204 204
114 348
114 198
242 7
406 76
230 341
409 66
30 152
314 69
410 196
83 343
137 198
20 124
341 150
48 423
127 86
435 253
303 242
101 401
330 46
239 360
426 60
64 148
69 456
4 231
74 479
177 87
63 63
213 197
120 405
343 113
218 100
342 278
180 22
420 295
155 10
422 159
159 81
389 338
69 80
59 394
333 143
58 88
138 397
154 123
237 110
210 497
128 455
329 404
200 160
22 101
112 355
437 444
282 271
203 326
220 204
199 262
203 54
303 258
233 341
451 309
306 470
278 162
66 434
94 459
61 266
122 116
412 173
297 411
237 47
251 0
115 458
364 302
412 318
11 19
328 146
468 462
476 486
273 246
58 395
13 367
336 471
496 487
398 100
499 145
146 136
446 102
405 113
283 310
181 317
463 294
108 361
347 432
30 437
332 120
340 440
411 345
333 28
128 408
53 231
219 480
82 51
164 165
327 487
157 299
445 8
369 472
404 54
491 217
189 287
227 175
372 29
57 139
399 205
289 38
18 452
4 360
26 100
440 20
320 353
362 449
421 117
171 83
152 178
465 14
41 342
371 44
35 414
471 429
319 434
387 112
473 337
289 243
263 499
204 229
30 435
53 418
2 452
130 76
443 154
496 447
343 484
250 220
1 379
313 222
334 320
157 52
295 159
10 446
28 411
198 215
133 58
362 103
180 487
494 344
143 475
311 342
62 487
366 62
136 415
235 31
84 470
482 244
43 379
290 492
207 71
481 341
444 193
32 196
40 124
451 26
221 184
171 263
177 283
51 389
420 313
135 286
383 4
236 117
110 426
349 378
219 169
214 182
378 164
140 247
125 419
103 92
207 346
130 126
15 384
197 181
319 287
292 332
302 202
128 380
258 412
433 329
12 330
494 148
395 390
161 486
78 20
367 116
242 137
21 349
382 109
397 70
255 53
256 41
421 57
321 236
66 31
361 254
402 430
320 207
194 149
170 334
450 124
262 389
90 45
154 135
206 324
377 403
444 313
370 485
74 217
249 191
297 140
422 462
170 200
201 94
428 216
340 223
112 379
424 454
90 54
378 430
334 148
461 108
93 130
348 183
226 167
159 449
263 23
75 81
28 433
1 277
0 456
187 342
296 465
19 463
394 386
386 250
358 80
210 347
30 451
471 410
211 256
132 130
64 475
260 207
484 92
400 262
456 337
302 88
51 104
343 321
423 297
229 229
77 281
85 292
54 459
68 408
390 266
93 200
259 454
398 205
467 244
81 299
239 275
380 235
408 142
440 223
304 332
465 169
313 233
45 402
310 368
134 113
165 201
7 79
284 424
20 258
57 104
379 453
188 148
290 111
186 97
429 230
252 491
224 246
149 417
285 121
234 311
364 271
350 251
176 224
482 135
239 48
2 391
39 118
82 190
139 329
412 268
111 420
167 164
433 188
309 168
479 219
490 44
295 196
420 341
476 323
372 402
293 67
37 226
416 332
13 119
388 408
328 425
441 351
39 347
15 375
94 349
393 347
43 84
277 40
216 315
217 105
172 88
166 362
46 210
329 434
342 59
485 69
421 171
370 278
153 460
309 386
85 247
184 54
447 128
443 313
419 163
103 12
226 91
301 269
203 272
183 483
52 398
69 168
447 325
286 439
177 452
52 447
354 262
242 88
401 301
316 37
401 320
412 419
40 127
399 65
48 95
493 83
103 453
278 414
206 402
207 416
364 383
498 259
347 218
371 92
130 248
421 187
458 31
159 185
250 498
445 410
345 151
104 439
353 301
55 234
151 59
295 262
373 367
85 145
237 220
321 308
495 219
251 94
279 453
303 262
24 381
32 248
187 370
23 488
223 393
304 430
193 226
93 451
96 418
491 30
338 186
405 312
258 333
138 8
270 37
418 441
41 295
17 451
291 81
474 392
322 366