6700
158 353
392 355
317 312
488 10
403 97
44 8
155 97
4 282
394 445
263 353
479 436
196 232
303 122
175 346
280 107
312 52
407 291
103 57
67 76
174 92
452 323
420 70
204 459
404 425
278 98
387 20
104 258
232 83
430 407
367 407
311 62
353 179
236 71
499 309
253 156
479 173
95 205
165 399
324 300
250 421
293 455
65 489
73 398
157 149
408 355
417 24
56 71
494 123
432 144
300 494
167 185
242 279
179 115
267 259
181 355
162 17
7 326
224 79
228 432
287 234
258 488
60 56
179 166
311 406
400 463
0 111
391 420
35 243
2 422
129 302
171 35
362 292
371 30
462 438
172 452
292 101
10 283
449 204
111 41
5 260
372 11
283 5
100 115
389 318
472 103
138 18
310 144
26 0
439 34
338 489
442 463
246 130
335 452
494 196
456 298
309 351
208 180
147 445
263 309
412 36
407 88
84 402
403 217
103 110
451 194
157 441
72 394
198 404
452 259
57 44
395 260
441 218
163 456
265 440
329 279
219 177
79 236
305 303
265 334
380 409
350 217
463 390
294 274
385 13
58 98
358 294
365 305
261 151
92 380
159 26
55 273
9 230
33 487
173 166
75 151
368 406
296 278
52 183
196 442
40 290
84 106
412 398
50 449
330 25
404 494
267 341
72 459
298 128
294 457
108 324
230 222
0 328
11 26
468 52
194 60
166 360
258 279
228 430
456 160
154 410
252 360
171 273
253 324
281 322
146 400
122 242
70 228
254 122
26 82
494 74
434 221
0 160
443 44
205 80
491 399
111 211
337 243
419 134
308 90
342 52
294 454
34 464
86 365
299 288
214 465
186 293
305 0
45 38
118 248
499 102
165 461
56 462
97 2
445 475
28 405
212 287
104 174
391 246
387 190
155 190
335 453
454 193
231 493
93 351
453 202
163 93
55 470
473 220
195 4
410 270
409 75
250 474
72 13
56 141
184 459
265 211
405 371
364 219
70 488
190 310
403 375
345 354
426 310
315 170
292 473
49 77
51 202
67 151
144 123
435 123
187 180
52 200
271 444
432 268
78 193
420 123
329 333
144 265
288 255
80 459
36 80
134 129
132 439
62 202
177 129
309 349
401 364
308 213
334 172
217 93
68 264
98 137
255 397
4 94
405 43
475 436
66 293
232 462
16 50
179 146
496 193
410 341
54 249
422 70
163 240
5 491
129 231
480 455
401 384
279 336
273 306
99 106
420 191
241 183
329 436
482 273
114 325
427 392
462 20
261 201
192 126
209 118
425 321
57 42
378 178
336 188
295 151
194 435
118 215
4 436
61 299
477 486
230 175
47 404
105 192
170 160
278 297
471 232
274 55
85 380
69 152
156 421
208 216
283 202
490 326
478 287
125 51
78 455
359 355
400 126
286 464
113 422
154 417
324 84
317 280
285 410
331 238
454 293
495 40
218 89
229 486
37 196
151 354
62 116
242 10
326 314
236 380
297 292
228 243
23 122
384 45
283 160
453 215
255 237
179 449
435 326
22 408
262 324
440 26
388 176
490 34
267 215
359 227
322 64
38 87
133 197
358 422
490 416
6 311
260 97
423 185
445 47
372 298
324 207
236 164
51 64
131 226
305 318
234 490
78 127
177 273
47 211
479 35
346 389
487 337
374 459
6 262
60 319
379 230
395 236
301 115
341 446
116 432
423 499
126 350
475 353
64 303
190 375
264 43
233 389
348 103
366 107
427 206
437 278
367 306
421 184
130 168
452 114
113 246
448 227
80 92
247 424
299 496
392 438
327 63
19 125
232 175
233 385
163 11
317 170
354 382
402 90
205 336
434 355
434 170
262 383
307 367
363 10
448 458
373 255
232 127
154 392
277 465
476 387
410 293
175 146
236 264
453 78
285 293
464 387
270 71
438 226
236 429
387 154
261 36
163 261
153 494
311 169
57 283
76 139
285 467
83 103
33 374
167 388
276 170
242 131
358 398
180 32
186 446
335 67
180 448
294 350
20 186
469 105
244 429
248 397
352 382
256 183
72 386
408 423
407 200
98 150
35 117
415 130
50 73
373 250
453 230
268 167
124 325
254 89
486 221
103 2
185 191
429 211
134 109
309 337
488 393
10 408
390 375
448 426
28 440
23 322
341 481
306 291
381 466
187 412
266 219
410 142
353 452
413 339
177 339
233 223
483 17
392 243
21 373
314 192
366 50
31 337
480 208
174 190
102 361
81 213
355 369
173 343
35 208
47 86
161 212
81 132
376 144
18 325
17 397
299 184
21 236
444 331
373 1
215 470
183 475
196 148
491 38
98 221
160 26
90 497
130 321
466 23
348 358
107 484
20 218
454 407
238 41
394 250
220 463
290 109
109 403
293 487
60 453
331 243
240 220
42 422
297 222
80 8
344 146
216 188
95 364
257 22
272 185
148 3
465 492
395 438
277 74
27 40
283 338
410 359
133 23
246 452
312 430
76 326
366 8
224 144
166 461
146 481
337 438
430 146
437 302
376 177
217 214
404 404
263 0
376 315
119 396
178 122
300 284
292 255
399 167
480 369
202 418
356 479
125 39
341 287
464 62
129 218
474 34
34 33
200 89
337 410
384 172
456 15
122 37
56 100
469 22
440 36
367 172
211 148
435 493
407 405
475 252
286 36
422 449
38 172
435 474
146 227
242 171
208 102
203 365
239 116
5 24
196 31
179 372
217 260
17 467
71 125
13 492
441 209
233 435
410 331
58 168
340 408
11 152
17 400
17 66
442 108
139 374
246 139
251 171
490 316
441 120
112 61
122 306
242 405
88 355
376 4
412 146
150 216
468 275
193 20
128 337
211 136
127 120
143 310
126 378
350 133
46 419
225 462
367 168
375 319
175 455
453 251
319 88
215 455
475 288
477 409
45 456
76 41
203 172
402 219
204 329
100 252
66 250
270 177
497 433
240 145
397 172
112 45
0 216
356 328
89 476
284 186
227 134
158 360
431 430
111 412
16 487
237 211
388 82
367 7
4 237
262 459
4 401
470 374
54 4
332 178
364 143
129 116
328 91
373 139
51 111
98 484
47 419
353 335
194 288
25 220
179 51
304 287
14 183
40 274
305 68
64 224
341 169
113 193
185 21
133 486
323 88
8 231
67 370
158 361
434 113
164 36
175 113
149 469
95 189
258 41
265 400
422 174
367 458
480 35
373 52
141 113
344 48
419 1
362 263
229 429
317 296
262 245
66 493
34 263
304 162
414 144
318 69
380 336
223 38
90 360
325 449
497 83
84 21
285 268
50 299
447 366
111 219
212 209
472 178
192 247
243 128
50 106
295 62
100 430
142 370
319 42
126 467
488 169
289 62
213 125
491 339
59 161
222 455
485 123
222 47
175 177
283 466
28 225
155 430
301 480
22 297
116 120
141 148
63 457
82 431
270 276
289 426
381 181
157 12
59 366
395 379
197 86
312 30
461 225
205 319
469 262
234 228
228 85
42 376
159 143
272 477
403 281
463 61
425 136
354 120
351 336
423 249
279 49
126 87
406 240
354 184
412 375
313 89
317 492
488 207
184 476
257 260
321 439
75 72
44 99
435 281
382 248
297 358
445 162
254 275
459 204
79 461
402 223
68 244
452 71
47 56
316 136
76 156
81 489
88 3
137 477
225 24
234 19
33 374
150 32
236 140
101 461
185 167
412 3
74 253
309 364
352 473
481 125
114 280
284 414
392 203
79 421
292 469
196 313
345 326
466 346
307 433
101 419
274 344
97 365
229 348
173 258
235 81
362 6
421 350
405 498
271 165
134 336
1 415
241 330
28 199
132 59
478 188
384 85
450 252
452 334
92 179
113 477
484 328
30 327
177 257
274 287
123 300
215 260
443 124
323 309
368 323
11 456
393 199
303 248
82 344
375 256
85 174
354 340
167 421
30 384
171 196
496 304
65 294
271 64
373 360
183 94
402 93
292 47
295 296
140 96
204 377
403 367
208 141
63 258
142 227
424 93
250 166
312 272
336 167
27 83
30 61
155 210
109 432
80 299
395 404
133 72
440 451
93 37
147 148
375 8
101 141
307 151
276 203
370 120
55 464
26 249
460 85
370 33
332 421
326 450
375 228
31 311
348 315
315 124
132 347
489 42
194 86
141 296
268 470
434 12
261 324
261 312
345 73
495 131
434 178
258 173
484 309
476 289
414 185
32 291
333 398
336 21
170 379
201 478
342 438
114 136
300 103
29 228
359 146
324 376
49 145
306 82
223 385
70 282
425 489
388 455
328 111
490 76
54 498
289 192
180 396
352 255
483 332
478 233
109 195
340 154
88 10
247 499
133 312
301 170
125 59
22 41
118 453
304 364
408 172
421 93
200 88
273 273
6 184
379 251
258 467
477 71
422 346
10 224
394 56
467 312
205 371
177 489
353 323
348 481
426 262
202 121
246 126
162 475
79 252
71 41
465 337
35 400
476 387
295 46
210 223
94 262
251 267
91 271
104 457
71 291
412 30
9 273
101 10
262 171
65 32
369 185
85 382
269 256
154 61
284 65
179 364
132 231
354 431
240 75
218 459
341 311
436 482
492 350
22 37
69 106
291 439
321 290
399 228
289 90
7 53
418 426
9 39
322 402
329 363
174 62
373 399
381 16
366 161
199 225
331 240
179 120
263 474
202 0
443 162
215 343
121 302
341 485
239 130
494 163
77 68
319 20
36 302
464 200
425 255
347 15
487 108
82 27
379 250
412 284
480 174
329 480
465 101
232 170
186 57
477 78
98 115
418 297
497 487
242 234
249 275
383 441
468 236
339 466
102 200
226 103
83 82
184 55
78 401
458 268
198 116
231 435
232 296
135 1
235 82
357 229
171 336
425 92
58 491
191 264
367 13
447 270
325 303
204 131
251 403
19 14
301 449
98 103
104 386
468 233
315 192
380 177
269 486
477 305
69 180
45 21
291 289
92 492
476 468
372 148
14 227
177 243
198 315
201 127
212 155
199 21
198 27
13 79
385 320
352 343
216 306
95 397
389 7
327 39
39 365
93 51
295 53
369 122
101 345
0 422
444 313
341 199
279 494
166 206
49 16
322 18
415 265
124 270
309 305
22 452
355 201
254 467
89 150
348 475
398 190
4 348
400 194
40 197
403 31
399 207
225 305
70 221
343 493
298 47
351 5
206 172
140 206
209 460
288 229
272 57
257 186
232 128
177 9
392 272
479 80
385 291
365 57
50 308
355 208
213 200
372 58
264 271
232 12
94 325
382 372
58 366
346 492
1 142
414 23
455 394
37 246
303 341
149 402
111 353
53 356
266 176
448 277
290 30
356 32
404 384
102 90
434 462
456 300
323 436
182 370
116 278
471 219
122 271
476 472
180 85
261 381
159 446
329 209
241 449
185 37
127 145
459 139
439 62
350 415
138 114
244 384
103 106
378 216
40 77
162 354
236 221
167 424
485 247
48 348
385 227
224 233
224 13
427 36
451 163
129 129
13 441
48 373
441 468
46 426
132 482
203 60
484 220
467 222
71 322
49 367
452 456
321 125
161 176
191 100
81 465
406 320
194 94
63 306
84 135
117 461
21 217
289 172
247 358
180 109
476 318
126 81
58 429
457 300
252 220
37 149
469 334
428 443
102 163
151 343
156 186
255 120
293 178
388 45
6 40
210 420
353 482
263 188
488 411
131 221
370 93
427 168
464 191
207 207
403 66
104 358
478 59
89 360
405 123
163 477
249 411
245 225
414 102
14 361
82 254
347 497
18 304
347 126
334 334
252 54
412 237
296 356
216 243
366 386
215 473
236 382
459 317
419 482
195 373
480 285
283 129
285 179
306 301
487 132
187 140
229 239
95 451
194 25
263 312
137 413
147 331
148 374
208 106
332 419
205 403
32 312
491 340
493 317
449 149
289 480
219 488
440 370
248 314
478 486
251 363
194 116
490 398
5 194
466 198
453 337
1 171
363 337
154 344
494 356
336 455
296 283
6 55
221 88
74 254
117 52
168 178
76 164
358 10
60 433
122 176
347 13
350 123
468 210
418 356
163 462
97 254
161 459
47 103
209 235
287 474
152 327
491 455
317 228
14 201
378 377
242 136
112 77
140 92
300 80
394 58
313 463
423 343
299 326
61 470
296 8
187 348
155 448
29 178
232 472
349 43
31 462
39 91
35 143
75 179
90 335
151 321
165 403
81 74
396 464
324 143
343 193
493 12
42 499
471 22
65 274
88 173
116 97
92 128
159 152
339 168
489 249
4 490
416 6
322 438
81 165
210 147
11 424
275 203
226 53
180 247
272 143
92 268
396 388
40 37
205 408
9 232
74 46
405 366
304 343
8 227
226 237
161 70
273 237
291 437
36 351
347 323
91 308
196 291
328 340
248 89
173 385
432 109
475 247
90 337
416 131
368 450
372 143
380 30
319 498
349 23
346 207
15 48
340 290
130 63
4 168
54 230
191 177
277 338
27 167
298 219
22 443
438 19
401 394
392 171
46 220
427 94
142 393
35 294
209 334
355 165
247 214
243 261
99 438
457 20
92 478
421 108
127 114
8 212
383 28
100 253
347 429
174 379
173 341
176 209
226 234
448 31
292 473
412 192
64 243
221 369
477 8
122 494
206 104
484 483
236 89
371 84
463 83
276 45
255 488
223 452
335 481
307 171
215 479
74 219
440 132
140 147
142 270
226 115
98 348
290 211
295 186
121 161
206 111
99 397
202 313
147 322
346 389
221 454
25 413
397 295
443 465
87 390
5 85
285 314
25 455
141 75
88 172
283 262
159 147
460 235
409 213
103 107
413 255
21 324
119 438
256 270
160 414
351 343
157 17
472 137
64 34
59 113
375 153
152 194
429 387
100 112
72 339
446 203
379 485
424 319
90 499
265 32
375 102
120 117
254 33
419 92
206 170
175 478
173 433
172 327
440 454
293 125
180 364
349 92
411 60
411 125
157 353
456 176
293 385
270 76
168 399
70 189
20 226
12 245
73 193
147 36
161 365
229 293
385 342
402 430
408 148
354 313
341 417
302 310
386 135
386 72
114 406
485 456
54 134
179 349
385 479
344 326
471 47
389 425
355 208
357 291
456 115
33 211
373 297
284 335
260 111
17 171
479 374
8 354
203 33
12 187
365 89
136 208
485 337
397 377
168 193
308 106
169 476
273 341
29 42
153 410
81 289
163 23
229 412
446 23
210 433
374 310
371 427
116 10
239 356
49 14
120 407
235 358
51 290
184 360
270 80
369 338
213 203
116 384
407 442
227 414
224 469
397 101
463 447
304 13
27 202
461 353
63 0
290 196
57 467
47 474
164 179
383 269
153 229
172 351
265 61
30 399
353 341
289 279
293 316
19 93
298 172
172 332
29 214
181 314
289 438
117 228
349 305
35 352
203 3
416 59
310 468
310 298
78 163
332 451
44 371
395 351
183 194
408 68
382 64
2 89
170 23
329 472
324 19
374 216
275 28
348 142
441 85
101 10
461 19
242 433
136 357
52 137
57 171
236 460
402 440
463 90
62 424
443 144
360 387
267 170
312 487
425 467
478 105
476 26
459 291
149 218
208 447
118 53
13 265
57 206
297 267
191 373
17 211
450 487
157 230
217 217
37 321
427 142
20 15
158 403
474 331
278 307
212 34
151 397
455 78
345 209
82 252
464 389
376 451
181 414
484 385
206 251
245 21
388 485
389 266
449 46
206 215
249 228
477 418
348 400
461 432
37 194
83 395
347 1
267 459
196 380
483 103
476 402
240 81
199 364
263 129
344 148
376 321
91 445
197 205
138 440
134 159
54 175
28 69
380 253
486 147
251 76
330 321
402 79
444 70
51 101
250 59
380 247
192 478
36 323
263 390
401 174
201 249
170 307
413 81
228 50
478 399
72 331
263 161
231 327
428 207
118 135
382 30
361 350
173 427
317 397
423 289
390 70
377 476
57 61
463 290
41 137
321 294
455 114
441 84
143 38
173 221
104 261
463 56
483 465
214 488
277 152
222 137
113 20
433 99
242 22
159 248
42 283
397 332
416 349
388 190
412 411
172 413
321 368
333 487
476 156
160 399
36 253
125 382
334 1
23 58
307 76
359 34
367 201
51 109
151 283
47 291
56 63
431 219
207 378
386 116
15 35
140 47
429 403
404 266
176 115
43 279
314 483
37 255
364 33
168 440
83 15
431 215
287 139
369 214
331 346
381 256
303 198
454 21
139 84
52 210
490 316
151 95
350 156
189 188
128 214
82 209
425 63
203 13
79 212
58 72
180 262
461 291
312 483
420 415
125 452
268 472
67 467
475 419
460 418
484 164
226 440
4 418
283 151
215 207
131 363
125 273
416 312
147 438
205 228
32 419
391 183
150 152
424 311
81 126
142 384
324 417
336 368
371 328
387 119
334 86
211 19
183 312
250 127
208 182
102 308
491 240
393 345
156 493
471 317
53 89
7 466
186 377
58 343
314 58
496 445
316 1
313 208
187 351
34 415
223 395
488 488
333 66
60 381
50 342
431 383
349 103
332 290
485 36
446 390
188 300
153 442
150 356
208 466
381 190
85 94
82 457
23 73
306 267
461 435
319 208
163 245
35 168
56 496
238 21
173 2
445 278
135 326
292 447
137 343
289 25
334 223
148 371
490 358
293 307
15 304
49 464
133 179
27 84
105 189
44 117
396 130
456 489
288 383
226 100
126 426
1 15
238 460
170 149
456 80
384 316
280 324
355 433
370 265
307 234
351 327
458 351
192 99
482 414
367 480
406 60
427 345
157 407
409 165
98 328
496 217
41 482
268 276
394 396
482 490
317 201
404 334
433 127
394 96
76 268
328 261
106 335
94 256
273 263
443 3
221 371
206 439
68 114
363 326
316 462
15 345
31 485
113 419
15 317
85 7
120 443
278 413
21 226
489 373
228 295
18 433
224 301
416 76
402 292
254 131
476 70
56 269
188 360
177 21
380 55
499 262
27 0
226 129
2 401
48 67
352 83
384 66
143 77
221 300
283 397
320 476
97 112
472 376
249 138
193 149
263 129
129 44
174 142
43 207
126 28
111 91
10 331
260 496
148 5
254 481
309 432
396 74
302 407
45 368
17 51
180 90
135 132
274 161
220 161
189 170
113 199
382 153
1 475
480 142
475 1
285 87
161 285
44 181
49 464
15 89
179 418
402 48
61 166
327 177
199 134
185 369
22 164
140 67
61 375
376 472
59 36
173 14
195 221
37 217
158 97
15 404
452 190
356 418
447 366
0 184
405 498
162 185
104 279
154 302
275 165
201 382
396 334
407 375
92 444
41 444
349 103
293 408
326 153
371 149
185 125
123 223
260 90
221 138
440 364
29 375
110 67
402 83
310 358
154 161
106 254
357 195
104 307
460 150
300 282
260 184
407 485
428 383
373 168
32 149
377 314
381 414
497 339
197 135
149 307
61 352
399 255
414 419
69 355
490 226
410 221
59 250
485 318
486 339
488 359
25 370
136 217
56 406
394 133
292 106
310 43
150 206
477 61
417 64
142 398
120 407
9 53
223 179
18 494
353 209
431 358
428 378
137 68
53 336
294 383
278 346
404 456
18 280
344 381
279 287
46 338
391 251
430 55
401 114
175 300
11 107
485 459
27 291
127 474
209 432
278 274
230 487
267 34
415 248
387 463
302 195
298 433
340 45
160 229
381 242
201 187
146 244
387 186
13 25
458 15
289 222
62 88
123 19
120 181
145 38
85 359
145 299
344 384
465 337
79 356
44 198
295 280
319 42
68 182
49 184
258 26
114 338
210 320
2 89
128 182
41 499
298 65
301 38
376 494
351 118
317 307
440 247
289 464
146 111
295 357
235 196
386 405
78 202
291 448
482 80
431 419
337 24
414 81
75 138
257 290
98 278
25 426
242 38
149 315
24 388
436 296
201 260
462 175
123 279
211 253
25 106
482 494
75 214
204 396
39 3
281 313
91 137
27 307
474 333
222 28
176 498
110 10
185 229
9 72
178 161
119 72
67 55
121 101
349 494
497 325
139 388
377 131
438 230
64 256
136 412
262 138
0 312
42 373
297 38
199 403
475 327
234 318
271 394
241 355
181 472
213 90
221 172
254 90
199 159
423 170
308 335
148 38
263 161
199 190
93 60
240 398
68 420
167 474
182 191
163 408
498 363
387 376
319 220
231 141
312 18
353 7
397 472
133 353
395 160
72 332
82 488
261 164
139 2
193 428
188 321
36 209
437 38
258 423
416 256
126 342
201 228
201 480
185 450
110 186
371 81
421 34
199 305
160 182
462 190
11 205
414 2
41 399
174 352
460 151
493 90
171 87
419 46
496 224
410 104
185 458
493 133
439 107
141 192
382 99
304 104
106 245
496 71
275 147
151 170
112 235
322 144
43 283
7 93
198 391
350 270
403 383
342 343
387 194
293 484
440 121
218 450
373 398
398 214
236 148
383 49
45 348
132 58
151 88
332 491
261 201
437 182
377 17
211 279
115 116
237 357
159 55
454 307
21 32
180 204
253 257
457 415
325 298
239 441
433 329
30 71
105 46
63 467
99 482
450 127
336 214
122 39
346 495
27 428
132 219
476 59
326 385
35 285
227 4
333 274
197 12
58 215
35 302
136 474
453 486
200 438
477 289
284 174
102 175
394 163
74 234
471 222
8 252
256 7
133 235
99 441
9 183
337 9
335 396
382 326
264 288
429 434
109 94
269 213
228 211
298 164
386 154
407 269
276 394
481 15
457 262
445 432
442 318
214 282
108 277
66 96
382 373
467 347
61 491
55 236
252 141
296 353
122 139
385 55
70 251
13 219
151 379
197 310
92 445
223 263
359 201
426 141
488 94
437 245
333 401
395 492
197 86
77 43
98 172
423 314
33 20
400 288
450 37
482 449
213 42
95 57
50 424
18 373
118 391
144 456
300 304
390 39
82 498
170 319
133 32
405 445
85 19
56 305
106 35
429 390
300 319
244 25
250 350
93 114
422 369
25 238
277 223
221 415
86 212
96 243
188 219
238 1
158 125
160 146
389 265
84 89
466 189
391 180
147 217
438 485
223 69
292 463
230 0
64 365
460 316
35 161
162 148
125 126
272 173
438 285
227 161
202 374
55 193
410 94
79 54
123 200
163 154
6 268
485 393
209 71
84 446
446 97
223 98
271 72
357 347
361 209
84 84
130 63
9 491
45 392
93 440
94 168
288 256
2 101
172 274
220 63
160 108
206 166
238 235
83 478
187 448
384 296
359 271
114 366
259 221
161 159
180 204
312 256
357 468
242 314
378 381
489 314
481 38
126 195
173 71
371 61
357 213
336 256
474 68
289 451
462 233
437 451
207 142
463 250
416 416
149 205
372 294
185 490
37 205
276 311
372 63
276 0
108 81
149 112
415 82
316 439
390 378
20 105
207 449
217 483
41 124
418 218
208 413
118 455
118 97
160 246
246 342
423 436
401 354
437 73
364 316
194 105
62 106
407 215
198 270
394 124
194 91
4 164
472 254
351 474
221 90
285 12
448 319
174 208
133 349
166 463
420 349
455 360
427 482
252 362
338 478
69 146
163 32
286 426
400 135
225 490
2 473
293 10
71 302
152 467
282 56
406 170
382 202
184 361
76 310
140 289
287 414
299 61
487 450
85 437
427 240
213 163
25 429
232 6
325 96
5 236
258 459
13 263
476 492
154 50
339 52
319 294
356 126
77 118
55 195
435 162
177 335
264 149
7 203
151 348
436 185
144 156
419 194
187 158
208 396
300 341
488 47
25 119
237 344
39 102
117 145
480 327
328 146
349 96
297 335
20 1
9 233
280 17
175 281
29 319
12 235
134 329
449 0
196 159
114 38
35 88
415 83
229 15
464 243
430 431
432 261
346 451
320 293
74 126
445 347
82 103
285 310
310 216
227 86
124 359
447 193
276 12
27 362
457 358
289 491
104 387
190 73
366 451
77 10
357 441
396 375
185 291
359 33
119 347
206 87
280 96
108 5
219 409
119 487
331 176
416 260
333 435
386 458
321 51
344 316
43 178
322 93
126 80
279 181
120 246
342 338
343 253
14 302
289 63
91 133
245 120
56 7
466 430
481 294
462 287
317 326
419 5
437 491
173 397
143 217
55 293
46 337
491 398
313 412
45 281
401 405
264 142
72 309
456 82
369 54
232 418
276 39
30 3
400 65
282 55
201 396
85 189
440 99
12 77
358 253
158 57
200 111
273 275
357 124
178 229
499 227
118 262
265 127
193 0
56 18
266 327
17 257
356 351
428 457
210 368
278 138
102 221
496 330
454 375
456 353
432 485
247 307
435 402
403 365
235 128
455 311
420 1
204 324
281 128
349 133
123 344
65 479
161 225
452 413
118 115
452 408
216 403
305 200
417 3
131 60
223 152
5 438
263 495
124 209
194 396
240 325
304 318
395 157
422 465
432 348
108 41
296 385
437 176
179 453
366 354
358 162
101 89
85 363
72 216
464 61
386 267
85 205
214 190
7 332
180 137
30 439
324 141
317 178
131 113
467 497
11 497
439 325
40 464
180 24
85 113
380 497
202 323
365 317
1 268
405 372
311 34
175 287
465 488
101 344
193 449
446 421
98 205
169 385
261 139
252 202
199 198
21 484
153 401
21 386
110 6
40 279
66 274
114 215
412 384
333 215
488 105
310 131
369 87
226 480
182 130
181 330
166 381
134 54
293 171
177 155
434 403
177 218
285 353
89 291
359 197
303 274
405 199
286 465
445 126
109 364
194 479
212 290
344 212
383 198
206 137
393 61
131 492
345 422
66 416
466 286
60 277
476 269
234 466
92 263
127 32
363 53
343 174
386 76
126 40
29 122
35 332
325 422
345 166
82 22
309 263
40 48
169 369
187 16
131 256
140 132
185 111
285 3
431 29
69 23
497 58
390 98
373 32
198 215
238 70
333 133
33 47
268 225
93 203
459 456
88 225
336 451
454 273
154 473
348 386
444 223
174 346
378 334
402 399
321 77
62 140
39 154
231 95
298 307
263 324
401 109
60 351
477 237
62 367
253 131
207 411
109 49
383 233
132 487
416 285
277 453
459 478
74 168
476 42
366 224
186 91
295 268
357 246
113 272
255 272
183 218
267 462
195 144
131 3
140 179
484 400
230 418
438 295
337 156
381 414
6 56
176 419
165 153
425 33
305 131
201 180
495 340
484 469
472 42
222 468
220 464
234 58
354 450
107 173
87 43
99 340
259 445
450 127
161 276
259 375
408 318
159 461
282 403
445 495
463 106
70 19
78 183
486 305
478 284
179 445
285 417
215 131
258 396
172 165
393 271
90 284
245 153
56 101
96 379
485 353
373 412
447 407
212 303
439 433
230 42
312 470
453 15
263 379
396 212
483 288
72 289
442 425
26 169
48 350
204 123
387 33
440 429
84 334
120 5
399 375
345 350
218 211
90 299
363 481
269 487
128 198
124 193
362 423
273 150
125 410
295 329
258 364
199 88
93 194
69 171
21 492
56 267
66 91
73 146
485 429
127 194
388 466
389 103
106 102
13 162
344 83
448 160
248 454
149 499
170 193
186 218
485 43
135 94
240 403
184 60
106 78
44 164
267 346
449 433
447 373
457 462
474 143
98 257
256 223
416 247
317 426
469 454
48 155
58 456
16 141
219 95
259 123
469 115
400 378
104 270
84 199
343 61
318 59
282 441
40 426
352 50
5 209
364 173
130 405
46 275
370 498
473 117
84 481
359 295
65 484
36 463
376 150
61 379
172 46
472 343
245 64
273 176
350 102
8 138
265 332
330 406
376 135
468 156
451 312
297 327
143 368
370 185
416 19
66 431
126 88
152 390
67 372
474 277
415 269
101 334
93 32
167 283
439 469
281 487
315 242
111 430
467 458
329 481
265 383
471 247
138 391
263 475
105 57
326 90
424 372
405 279
414 369
338 424
412 206
448 472
254 227
37 411
245 222
105 218
466 10
401 429
256 456
365 17
107 361
234 191
322 383
253 491
415 236
442 443
267 327
406 243
6 22
96 295
14 251
113 53
482 332
288 367
236 91
304 153
196 343
226 390
381 370
106 331
275 297
476 401
496 42
416 383
178 2
106 12
66 192
376 71
438 400
343 164
169 26
369 148
390 217
87 448
279 272
421 46
299 406
449 397
132 295
149 217
230 311
355 255
327 148
48 232
248 117
144 244
392 418
487 365
165 134
258 427
325 445
203 179
429 124
419 4
222 61
224 68
176 452
100 80
164 355
472 0
244 412
182 468
186 488
475 170
449 351
148 233
265 274
398 352
356 194
107 169
89 78
382 184
264 265
472 334
187 428
192 445
265 283
124 375
397 451
303 99
332 346
120 451
303 449
143 370
39 12
442 103
287 480
246 325
11 403
183 218
15 198
482 375
102 133
84 106
57 499
197 239
43 389
339 317
39 198
210 334
289 78
59 5
330 428
331 157
227 193
392 14
242 95
228 226
184 344
196 164
256 241
482 393
63 299
497 173
360 102
33 60
65 149
78 92
101 247
440 261
128 328
275 184
262 370
66 3
20 298
39 262
8 276
427 374
47 71
25 276
336 407
409 58
150 253
0 339
100 251
432 293
329 228
450 207
63 444
242 17
131 435
63 134
8 139
210 490
118 407
167 88
146 455
208 428
267 297
400 61
206 219
448 184
244 35
479 250
267 159
94 74
208 399
390 9
499 68
327 101
41 117
424 494
274 187
336 485
46 41
261 237
273 104
491 61
311 369
28 323
397 431
330 122
131 457
25 220
173 482
452 204
51 214
402 228
213 325
367 90
327 111
215 480
393 453
322 207
30 204
135 351
325 279
236 317
390 309
143 113
317 415
482 95
324 368
194 236
326 389
353 413
245 6
459 68
127 138
194 133
484 9
288 182
499 162
471 376
489 241
157 466
62 159
27 139
227 238
479 73
338 53
59 332
253 83
221 18
4 232
242 416
98 340
2 382
259 449
43 325
292 100
259 200
191 206
296 139
64 418
471 275
108 403
338 383
253 213
445 60
328 257
98 187
422 278
79 452
278 181
133 122
174 422
128 245
236 365
135 424
199 300
55 459
342 159
372 394
306 447
205 318
357 486
116 155
107 279
312 195
318 385
307 446
191 344
62 287
211 427
79 197
8 263
274 487
233 202
150 147
317 39
377 207
362 174
306 493
188 469
207 118
64 358
203 366
154 107
386 265
314 217
332 318
305 323
25 107
106 38
429 27
234 275
301 306
299 96
418 107
226 487
198 477
343 290
250 253
18 349
419 136
454 332
7 103
210 111
149 385
264 168
295 78
384 499
447 97
204 35
375 217
194 430
73 73
326 390
239 323
311 196
380 10
114 266
229 388
125 176
197 379
309 389
240 492
89 194
81 188
405 294
224 456
29 452
342 149
472 207
403 433
444 284
402 284
24 58
86 131
362 1
390 283
276 172
218 131
171 365
11 299
256 76
380 236
237 137
345 222
156 210
346 100
236 452
10 100
83 260
261 448
232 446
118 4
135 8
225 188
487 306
234 237
325 95
233 115
189 62
272 430
30 345
297 470
70 267
379 159
108 154
100 493
349 192
200 70
258 484
142 277
14 97
193 228
195 339
402 278
208 385
82 26
497 90
209 232
243 419
73 441
434 203
395 25
447 135
119 447
225 57
7 113
193 239
79 200
330 389
126 333
359 38
480 208
440 208
128 190
483 184
387 53
431 269
404 135
82 230
140 375
488 307
47 147
347 33
422 478
311 177
67 48
257 22
83 399
89 49
85 63
468 72
193 325
460 399
482 97
472 42
350 122
269 460
346 397
227 468
497 268
169 38
412 416
315 278
327 495
58 257
181 413
238 27
278 375
472 50
92 112
234 445
257 442
191 355
323 103
372 418
308 320
236 393
171 73
420 52
161 498
263 479
358 342
217 353
403 488
101 190
135 496
290 187
43 392
348 334
104 366
39 72
465 265
338 127
31 136
134 258
89 192
35 250
455 299
140 252
442 359
207 93
280 429
174 349
183 323
42 22
94 288
53 433
60 59
195 243
353 92
284 181
283 443
94 171
424 239
450 234
327 218
148 157
6 460
283 322
344 190
330 177
110 290
201 235
478 23
115 396
429 331
126 251
423 65
304 73
307 199
417 254
411 487
447 417
239 269
311 82
112 435
225 141
376 74
97 426
174 206
38 64
168 456
21 16
441 443
142 177
431 101
88 411
329 194
315 387
321 420
356 127
268 433
360 433
212 497
203 457
374 238
46 93
462 42
485 419
96 403
4 479
390 27
73 444
331 71
492 389
368 5
438 200
133 136
485 298
108 197
288 189
134 482
24 334
254 96
0 361
340 350
230 356
301 230
302 155
396 484
489 146
346 264
253 280
430 479
29 238
279 38
372 317
3 414
362 396
257 109
312 214
71 449
180 42
49 224
208 334
480 446
62 50
330 178
9 315
54 260
151 38
207 185
99 23
272 63
172 462
176 381
331 484
378 99
323 363
49 428
226 384
434 381
59 288
104 116
228 68
107 10
195 379
255 166
229 147
461 27
408 402
386 489
89 239
454 265
45 264
148 3
384 271
59 434
50 443
12 15
25 279
10 471
137 73
72 265
292 367
121 33
22 53
144 7
124 111
228 99
102 169
440 376
311 487
282 0
367 213
492 294
265 393
318 3
120 255
122 390
423 265
318 243
102 297
261 462
413 227
396 489
365 368
355 189
189 28
242 489
284 408
153 234
89 401
156 471
213 62
327 130
373 488
286 497
311 328
55 47
388 225
93 303
492 253
134 300
289 33
442 376
462 425
327 95
67 404
466 483
114 132
121 293
290 339
167 259
306 101
178 74
378 46
299 271
423 370
404 433
161 213
138 346
441 124
28 465
301 360
493 494
139 267
458 466
225 281
234 126
200 383
429 413
36 430
301 80
366 460
173 205
403 27
151 163
481 196
409 31
377 282
401 254
220 16
149 359
337 297
180 384
149 390
320 461
41 37
497 121
178 407
435 22
186 433
130 438
322 19
153 39
293 199
68 54
265 365
162 217
453 103
493 342
303 454
492 313
287 196
104 489
364 317
251 391
181 402
421 381
272 3
55 74
128 417
282 123
192 245
348 444
138 498
452 193
359 293
489 296
138 146
463 445
188 2
404 66
447 222
225 325
251 71
340 132
255 231
476 122
418 300
298 177
370 408
201 102
399 229
227 43
340 389
391 43
109 381
103 147
324 409
480 180
313 75
306 321
295 420
220 134
311 66
474 370
325 34
263 28
423 224
113 343
386 263
496 356
3 495
404 99
132 179
254 237
410 297
217 412
398 57
123 290
12 210
96 98
126 337
413 359
202 401
16 378
234 440
436 13
464 89
268 192
281 96
245 374
138 43
101 463
105 37
99 224
174 117
455 195
406 152
53 368
247 461
401 70
83 333
423 189
234 399
348 43
270 367
411 93
56 408
297 12
88 13
131 248
295 263
415 438
306 54
15 469
39 405
239 268
310 474
373 14
57 396
263 221
315 327
88 174
186 223
89 237
338 275
390 220
158 133
39 305
126 316
74 406
27 17
491 313
179 337
233 217
290 236
416 348
23 457
33 356
445 61
188 122
194 283
269 78
384 352
20 308
67 10
380 94
259 94
283 371
440 438
175 16
364 231
188 443
151 239
301 221
195 96
232 489
420 389
93 1
161 156
18 114
60 228
322 398
270 320
258 105
473 62
293 285
80 190
281 334
407 231
180 82
424 103
492 412
413 196
352 86
52 426
7 370
269 112
432 181
139 391
453 43
328 464
154 99
433 409
492 288
222 192
295 172
84 498
194 140
78 349
128 46
269 130
94 135
316 390
281 379
422 455
420 86
185 250
11 426
214 470
163 4
28 437
435 310
302 113
314 482
28 380
362 442
77 297
39 457
188 394
201 320
259 110
212 121
48 296
267 224
80 114
403 282
444 108
73 191
173 247
127 388
182 201
351 342
299 260
6 390
63 487
449 207
181 322
118 161
237 81
195 237
371 169
130 99
290 168
415 203
443 463
16 394
236 126
238 219
462 387
374 244
451 25
199 175
337 132
213 169
259 426
448 261
212 482
150 78
133 354
169 65
460 77
55 185
257 48
436 293
37 219
244 162
338 340
325 295
464 27
453 38
151 75
58 401
479 363
217 208
274 465
42 238
424 86
134 449
242 181
252 70
233 279
471 348
143 71
450 296
187 459
35 403
157 338
54 93
301 488
453 123
362 427
365 347
296 286
319 0
422 38
169 71
271 7
430 141
437 414
373 380
284 124
315 408
1 293
281 369
492 155
82 87
434 354
492 448
300 231
121 163
234 74
82 291
284 5
271 12
393 73
50 145
405 29
174 365
234 259
414 455
394 78
433 348
148 329
412 277
441 448
23 33
176 27
385 457
469 312
386 156
153 214
243 288
153 59
170 269
225 239
169 84
284 471
300 454
232 433
233 64
450 173
52 256
213 126
291 437
446 35
249 29
317 99
10 345
114 322
413 180
116 191
163 82
389 401
186 315
380 121
146 419
176 330
308 198
488 241
276 99
480 434
385 378
223 297
471 248
428 189
381 384
319 397
150 396
211 208
181 336
255 91
421 327
377 283
25 82
181 365
151 153
31 162
311 37
137 106
296 135
371 417
314 29
425 190
250 316
152 136
80 431
110 408
191 353
435 340
57 68
74 469
483 209
98 457
416 294
281 235
152 212
93 153
195 319
135 370
358 446
229 288
48 438
292 192
32 91
12 79
48 441
150 86
43 31
178 100
187 459
23 459
112 192
11 468
338 160
458 146
286 197
135 187
231 186
278 279
359 115
57 142
228 407
291 59
160 123
435 469
280 199
391 458
279 245
405 402
401 117
314 363
402 39
226 302
433 134
249 356
498 292
52 158
218 78
201 343
312 230
429 136
447 92
337 321
75 226
343 94
457 476
368 10
164 360
346 94
302 97
390 447
106 152
230 294
137 176
406 431
420 449
393 187
8 367
93 83
177 436
264 288
150 487
347 132
78 314
412 45
344 232
384 154
448 450
478 114
398 437
386 236
424 318
185 131
66 284
220 130
270 244
231 485
469 421
87 430
327 48
280 351
5 171
474 165
131 305
242 452
189 29
347 480
464 113
397 384
366 30
126 470
455 137
410 357
139 424
324 497
349 466
138 457
474 206
12 112
416 105
135 254
87 105
70 334
71 51
433 468
290 437
74 60
269 245
21 484
334 409
227 198
155 183
389 217
181 129
234 401
8 98
203 221
56 447
350 274
94 127
416 283
343 384
481 343
327 113
22 354
52 13
196 101
319 207
336 438
191 0
98 423
144 51
498 154
280 52
31 348
132 226
462 448
291 475
440 443
149 470
484 314
416 202
409 32
470 87
87 98
21 162
213 38
192 17
422 212
412 472
50 453
253 396
224 12
307 396
367 164
479 456
158 203
235 395
482 68
18 58
220 421
459 391
408 285
349 3
327 330
136 262
158 377
389 389
286 382
399 196
153 5
208 378
125 163
83 295
205 459
380 101
492 277
63 192
195 253
83 412
26 375
252 219
109 37
271 494
42 247
252 170
48 47
211 312
459 25
484 294
396 165
442 217
261 240
493 5
270 308
183 429
148 296
185 288
282 109
356 457
127 176
224 460
272 28
53 435
229 232
249 390
459 477
70 191
49 220
380 63
344 319
467 64
352 493
454 153
110 486
162 311
123 89
117 386
173 396
480 23
265 255
84 81
272 224
296 154
70 173
492 176
92 414
259 312
465 444
282 214
377 427
16 297
183 0
248 486
361 209
464 80
161 126
202 48
55 434
107 350
26 477
391 452
264 471
267 3
217 81
8 50
347 94
94 376
214 382
91 195
275 75
53 407
308 437
371 107
457 215
192 330
134 336
307 435
438 398
331 74
476 155
101 339
68 323
58 48
243 282
210 1
261 370
307 263
371 69
284 30
213 180
16 328
263 347
246 175
250 202
209 77
269 226
402 163
211 189
323 312
313 306
176 33
149 74
495 484
366 20
200 131
459 79
427 69
244 75
277 25
454 494
73 338
353 75
264 327
491 416
222 88
121 304
231 251
87 270
142 78
210 453
385 195
264 21
96 312
337 360
207 225
416 143
219 132
459 269
186 483
423 450
106 260
11 45
167 189
268 98
404 162
209 330
351 289
453 325
185 300
25 142
285 392
376 441
211 4
488 335
137 249
9 411
308 96
285 21
471 328
342 405
87 227
368 51
228 291
91 321
463 413
158 116
410 249
253 34
222 473
222 93
5 211
307 231
104 165
345 445
202 428
155 187
90 290
81 24
345 318
84 24
140 161
410 242
128 402
375 163
109 202
414 97
181 466
131 73
18 285
213 329
16 73
363 221
97 459
277 296
320 442
455 361
455 312
215 365
381 84
286 90
40 490
456 52
126 221
358 439
268 496
69 424
145 137
96 284
80 242
36 373
87 252
417 492
209 42
478 132
74 90
432 117
169 114
187 240
180 147
144 46
470 300
437 213
350 467
61 385
111 282
35 449
293 198
92 452
436 3
445 423
392 10
477 230
470 61
61 164
62 2
303 205
270 32
351 92
478 120
403 412
362 89
139 290
94 155
10 83
6 30
392 456
186 398
312 221
386 8
11 373
430 448
333 314
258 200
173 184
449 236
177 428
218 311
318 316
400 164
46 329
137 258
157 290
12 175
183 321
46 250
50 194
360 476
176 383
420 119
207 201
129 369
32 385
53 199
215 350
31 453
64 261
52 168
343 73
394 64
314 27
73 440
416 364
100 286
405 444
146 372
241 464
349 127
179 125
475 255
208 394
156 7
175 124
197 60
124 371
250 91
383 290
6 323
461 299
96 458
330 366
183 94
73 423
48 384
139 252
147 376
235 200
324 155
215 262
133 22
113 191
333 383
59 497
148 191
150 20
239 96
190 332
108 422
158 264
16 8
384 298
498 15
170 119
382 322
344 237
280 367
103 310
307 113
305 162
34 307
404 307
491 125
399 446
210 99
108 58
356 79
446 344
316 354
176 469
58 198
65 373
183 339
452 20
182 342
1 109
416 69
194 405
352 260
359 94
4 414
345 319
16 360
66 144
113 332
30 94
467 171
10 447
468 2
344 315
424 2
423 346
103 193
453 118
64 307
222 164
484 420
280 419
63 0
332 346
440 28
200 214
13 260
262 62
377 333
336 107
305 154
347 259
229 408
216 152
316 145
65 290
209 152
4 197
395 125
153 188
254 336
448 205
268 268
101 210
169 145
151 289
401 326
87 498
2 482
480 303
445 319
323 45
95 6
131 328
368 490
178 137
342 123
243 126
189 110
108 196
338 210
37 259
110 239
73 124
279 112
283 53
451 224
82 459
139 46
36 214
203 7
482 215
193 45
8 225
422 382
93 116
227 260
351 482
458 337
302 424
330 237
313 437
248 133
179 395
461 387
247 67
134 164
62 229
307 328
210 70
186 229
341 155
489 265
455 192
468 447
36 109
46 150
283 201
449 147
34 314
382 410
427 133
215 16
196 489
411 22
251 407
414 449
214 444
136 404
203 169
278 456
107 92
293 177
324 242
57 242
5 210
344 291
159 284
125 59
81 208
467 36
485 184
128 381
137 199
221 116
424 341
433 499
176 31
126 78
173 352
63 35
178 178
314 259
170 189
397 439
475 103
287 364
246 312
11 267
235 235
428 232
84 159
43 213
292 260
465 169
204 465
495 28
139 234
423 309
248 309
412 321
185 75
387 51
318 283
19 398
483 53
212 447
161 67
179 107
276 453
270 144
24 332
66 265
74 163
472 490
311 174
249 236
287 348
132 488
238 105
10 151
98 221
140 75
182 111
64 172
168 311
143 186
451 193
208 62
52 377
403 33
269 215
415 4
492 57
14 47
50 231
304 377
452 1
112 445
117 486
297 29
215 137
182 293
355 19
248 391
276 259
326 4
8 45
454 241
141 353
84 321
198 191
192 388
185 2
340 157
38 154
292 138
283 105
476 474
217 138
249 77
81 493
391 75
316 441
294 197
18 457
1 378
119 68
422 45
202 304
459 263
253 92
198 103
77 36
174 174
251 295
288 423
350 184
126 179
377 18
476 420
151 247
168 329
374 270
426 90
353 429
21 385
488 106
494 71
98 418
213 168
443 349
386 353
385 293
312 12
284 262
361 140
321 435
57 29
120 195
476 484
221 325
284 350
273 62
332 278
447 371
221 45
250 242
388 107
471 135
397 52
44 255
43 111
140 365
412 452
288 112
438 241
91 362
276 222
0 364
236 108
153 299
42 309
268 255
391 282
334 91
198 140
251 378
95 241
46 392
4 7
248 334
48 294
16 191
56 324
432 17
316 144
305 437
193 210
492 425
16 84
224 178
408 214
308 476
220 3
11 354
40 76
371 111
303 89
413 239
256 211
207 346
283 425
487 364
289 328
412 480
10 305
371 489
465 419
422 179
385 37
465 285
397 426
367 188
428 52
115 280
478 36
313 322
38 114
442 301
133 327
132 207
196 143
62 3
35 13
402 485
270 420
198 367
408 19
71 65
198 336
224 38
212 28
142 38
191 250
77 437
144 324
467 61
65 192
205 382
367 452
372 107
326 489
9 71
136 234
422 432
323 186
215 147
37 35
286 357
146 228
404 215
277 142
334 223
105 194
146 39
498 324
314 18
441 325
59 175
459 78
264 482
481 282
318 331
189 370
98 456
171 187
330 354
77 300
494 164
56 183
7 492
363 54
231 173
348 304
234 291
125 160
442 351
182 458
328 112
420 223
411 278
132 444
244 93
257 61
244 91
435 165
72 104
129 298
103 303
94 478
490 189
40 71
29 432
397 75
298 357
487 317
113 209
302 471
33 210
153 412
429 129
233 88
387 1
305 363
193 342
31 251
323 35
467 424
499 204
414 216
386 297
359 401
373 499
61 13
277 406
35 214
303 207
60 121
336 190
384 365
469 381
416 415
339 292
348 235
304 190
488 262
16 190
41 199
212 389
147 103
317 490
49 34
7 472
14 109
327 343
76 398
166 296
440 344
80 357
48 288
51 384
426 388
87 419
308 467
422 299
141 307
341 92
64 42
152 349
44 79
329 331
127 473
317 495
205 67
207 397
133 253
141 110
29 59
379 80
231 189
496 301
245 373
415 190
39 310
241 419
250 435
408 70
66 229
148 226
475 271
376 356
318 461
372 369
449 348
37 251
405 180
405 386
76 150
312 173
92 467
402 53
124 195
276 163
389 42
165 425
133 216
177 41
262 451
299 50
153 211
243 189
75 410
413 149
322 3
470 225
279 266
313 372
387 255
149 90
367 276
345 314
207 0
303 22
424 469
32 455
144 430
340 275
276 71
426 105
331 450
217 396
120 462
69 382
324 8
136 218
384 191
43 481
356 91
412 347
302 132
62 296
423 298
221 255
360 200
150 147
395 43
357 219
102 15
375 278
496 426
118 12
345 232
175 13
360 201
186 87
235 14
164 248
355 159
359 385
384 68
463 361
81 279
147 173
451 35
461 22
34 300
32 431
445 380
433 208
147 157
172 119
220 235
394 336
74 75
495 105
318 458
90 459
132 399
434 237
259 435
235 248
179 294
26 120
180 476
134 459
431 179
414 158
346 151
78 160
265 420
231 426
385 436
335 321
58 369
156 122
222 317
463 392
364 401
230 489
301 44
223 216
374 84
235 490
150 220
141 165
91 268
204 372
45 328
49 391
365 103
272 206
450 87
341 236
77 314
210 71
287 378
462 433
275 13
233 49
67 426
46 226
450 10
191 102
493 495
450 240
298 359
298 223
459 248
414 139
62 388
119 124
410 201
214 433
483 185
463 300
26 402
412 361
463 329
176 455
196 457
168 127
202 346
447 466
458 161
401 361
338 20
222 20
454 248
285 436
88 289
191 249
110 467
296 455
411 426
235 324
451 459
157 403
221 153
166 104
466 31
52 420
440 304
404 126
414 394
183 189
290 3
470 226
182 253
179 118
442 445
256 414
169 246
251 413
370 390
274 270
190 188
344 178
304 130
377 248
289 70
73 60
287 80
333 395
365 321
118 364
278 160
406 226
491 447
189 9
279 361
49 463
141 469
452 393
493 297
368 329
241 283
215 293
41 380
201 400
264 406
66 171
397 42
341 324
334 241
102 382
346 113
435 4
397 339
489 239
68 243
26 209
2 161
42 241
493 395
302 243
267 257
151 220
397 16
257 492
374 231
196 360
364 72
264 483
222 113
208 253
462 142
304 234
327 316
212 346
441 320
429 366
438 208
77 80
72 335
66 334
46 299
371 115
450 262
228 487
240 173
167 436
23 54
223 323
21 350
23 435
153 463
23 452
385 91
279 100
287 457
256 345
312 333
96 480
467 263
288 324
260 60
466 307
131 283
486 189
476 152
467 361
165 129
73 343
295 50
360 352
49 82
268 468
300 214
477 216
40 268
180 117
276 152
288 146
188 407
412 126
487 164
146 231
74 4
55 219
423 222
304 267
235 324
38 424
140 36
156 367
484 32
185 336
334 261
20 325
451 22
187 284
16 290
294 185
404 442
164 201
468 179
3 321
245 204
92 42
261 386
418 248
436 98
211 455
280 270
293 231
368 83
373 332
17 384
178 20
221 273
452 343
164 190
246 307
201 261
147 190
290 463
61 418
225 226
496 272
355 6
441 141
473 223
459 315
335 490
263 138
481 56
98 67
375 497
258 196
238 428
391 258
28 28
254 304
76 253
111 103
244 284
7 53
220 70
60 467
105 55
463 176
95 438
435 414
462 470
251 45
303 201
229 142
447 183
437 336
439 375
159 400
305 35
105 19
338 25
432 18
194 443
233 396
162 289
112 168
65 476
177 363
357 369
404 259
447 156
32 193
94 238
273 43
414 399
425 231
249 252
47 209
457 443
84 280
300 119
448 48
411 366
87 477
88 121
277 491
185 35
273 161
205 131
30 399
130 119
224 307
17 379
174 271
52 474
446 258
159 352
70 394
371 422
43 157
149 460
347 321
482 186
317 473
372 39
11 347
7 2
233 235
358 376
202 407
17 410
115 0
246 176
451 185
343 118
430 494
167 344
30 129
102 2
393 347
46 326
180 404
491 405
281 413
172 350
112 484
336 42
70 227
265 83
53 21
16 460
304 483
464 35
389 334
33 67
245 283
39 79
485 426
339 31
233 118
454 364
406 345
425 291
374 476
498 190
150 427
262 366
253 454
140 226
145 143
426 25
456 391
169 465
348 441
412 8
224 81
427 366
157 130
459 352
394 383
310 457
175 44
350 424
3 280
423 342
367 148
391 201
19 323
117 60
421 367
301 381
247 145
276 80
284 257
492 235
44 178
74 155
79 71
351 276
118 82
83 127
328 337
12 474
387 199
419 481
362 308
305 220
300 462
71 81
168 436
114 63
218 64
487 40
316 298
232 339
318 286
475 315
142 498
198 487
469 29
189 117
337 183
145 494
428 489
425 68
132 448
13 391
431 350
0 0
191 99
385 233
400 9
8 360
347 42
71 58
175 168
204 260
255 12
353 201
270 35
483 130
21 402
104 496
349 304
403 457
42 392
254 288
0 442
337 114
172 199
220 408
21 347
211 424
125 128
163 416
46 247
1 146
495 419
223 458
415 344
88 126
266 309
103 342
456 266
465 440
201 128
327 37
461 222
202 38
306 439
38 217
363 352
271 40
498 210
406 494
472 265
74 495
337 90
356 177
118 146
126 174
211 171
245 454
344 25
316 447
16 151
355 354
394 379
442 127
473 244
9 348
343 446
388 83
113 33
179 245
271 83
254 157
111 334
211 499
298 308
459 27
382 314
45 166
293 128
373 487
188 119
65 382
318 31
416 453
50 431
14 447
105 173
360 120
471 68
376 71
99 269
435 187
354 333
461 332
320 499
118 334
69 8
391 35
341 387
318 160
459 243
417 184
156 64
485 277
200 127
248 213
401 299
132 35
367 107
458 446
132 39
47 77
112 201
88 291
303 305
49 258
294 262
179 318
447 450
429 164
377 147
447 29
64 130
89 431
229 284
323 48
125 362
63 371
14 89
247 152
262 169
431 296
114 57
359 110
126 413
60 141
170 356
486 7
291 87
371 76
476 20
234 194
417 101
42 298
302 283
452 289
437 64
473 236
346 403
316 333
326 325
181 377
236 348
435 167
95 379
252 158
353 71
24 486
136 122
258 419
60 438
355 210
446 498
253 328
13 145
470 70
299 191
40 3
170 35
267 475
486 118
41 19
357 191
313 66
337 494
284 71
134 397
247 139
320 80
77 1
423 185
377 399
402 222
109 417
392 425
43 376
247 378
421 436
2 105
451 235
158 339
89 235
375 292
225 336
337 47
232 154
54 260
334 109
26 308
233 444
172 271
1 128
65 420
377 423
158 419
111 328
63 168
461 200
388 290
337 38
44 226
338 70
179 98
407 25
469 206
477 492
121 141
413 478
401 38
457 290
118 411
80 420
120 34
324 393
283 361
439 162
232 327
278 277
302 263
321 37
29 123
117 150
129 2
392 30
321 382
146 202
122 291
325 78
323 95
456 150
164 458
137 395
24 248
11 415
304 179
302 333
483 186
188 419
302 464
199 433
135 123
414 197
127 257
352 92
242 450
260 308
55 406
154 397
165 80
259 17
202 469
155 413
185 38
2 196
129 487
462 53
102 264
373 228
320 229
31 78
238 414
172 291
189 294
374 326
196 354
175 485
250 398
436 331
27 435
274 291
196 8
124 88
317 299
380 349
427 489
256 412
203 166
460 428
107 244
450 186
23 303
53 126
457 273
61 490
133 336
344 335
276 329
480 320
169 445
434 361
125 97
115 42
471 328
425 75
113 78
233 375
1 136
409 286
128 458
146 322
158 113
295 342
162 286
231 127
488 184
133 17
60 465
294 248
323 31
461 219
94 288
424 46
184 448
406 185
8 165
278 405
247 18
304 425
53 410
446 35
52 393
359 79
327 464
495 5
224 2
290 308
354 170
118 66
251 39
204 377
282 111
129 334
260 381
143 285
172 313
58 89
168 77
41 417
422 347
349 37
197 498
21 491
57 52
443 491
220 161
272 147
333 2
236 254
391 93
258 379
469 64
141 317
86 489
337 34
423 9
359 186
178 121
173 380
372 87
248 468
467 92
447 21
127 300
394 183
414 18
82 4
173 383
373 75
462 260
121 210
248 385
6 480
213 278
366 31
499 85
29 114
487 466
119 328
363 114
485 13
369 278
13 419
495 43
303 386
448 457
194 424
256 49
327 201
84 469
54 45
160 436
254 436
264 499
114 373
238 128
258 99
18 108
151 271
10 365
174 454
230 458
359 369
422 486
456 187
84 358
294 362
298 244
244 401
274 415
395 210
161 13
121 153
276 179
397 124
430 286
97 71
292 160
498 456
495 66
425 454
169 80
176 71
472 319
234 272
482 99
112 481
134 143
175 85
61 411
49 72
495 491
3 146
103 140
206 1
308 450
382 483
407 477
296 59
331 231
330 383
364 314
309 294
231 351
262 484
56 292
283 163
310 52
192 286
288 265
67 250
86 96
425 450
9 493
224 221
104 192
6 407
201 321
172 316
152 433
225 286
449 209
113 361
147 259
376 157
407 287
235 444
246 493
338 160
234 255
447 63
322 190
11 306
474 23
308 183
469 126
187 386
247 419
30 152
309 246
34 259
203 69
414 269
282 301
56 253
168 16
206 355
13 490
365 218
253 487
466 26
412 223
142 153
158 159
257 24
283 467
388 291
413 338
139 303
408 195
211 47
403 76
418 269
339 416
256 135
161 93
168 74
79 73
84 162
186 237
205 342
133 470
160 445
248 398
93 300
347 156
84 156
426 102
371 354
490 117
210 127
53 151
77 230
392 132
370 161
3 79
401 427
372 489
387 61
361 473
129 333
489 61
163 66
420 267
385 34
13 410
414 447
178 66
199 491
4 70
1 421
348 360
201 402
464 72
45 440
273 177
238 27
93 263
30 402
288 365
128 267
215 302
220 42
385 245
315 271
192 389
249 169
71 392
465 302
243 387
65 10
389 16
131 303
57 482
348 14
281 198
352 476
370 348
93 72
344 255
496 261
430 36
281 98
400 353
241 246
108 143
160 306
461 498
332 143
157 371
69 180
8 439
287 421
345 230
337 233
494 189
78 334
284 276
129 359
457 184
180 370
28 65
415 192
335 490
361 248
280 493
432 282
55 141
371 71
304 252
442 209
395 150
426 372
83 179
363 408
278 40
457 395
87 307
149 373
473 423
416 362
144 105
246 200
271 51
303 470
179 428
78 97
469 426
105 357
265 404
444 320
216 395
54 402
127 303
78 203
65 100
205 494
46 61
464 304
274 170
98 268
217 305
231 28
237 39
443 336
156 354
250 388
142 224
380 304
360 269
221 458
305 425
339 278
82 351
373 303
423 356
161 471
352 141
180 392
80 89
444 123
363 89
313 46
202 5
274 45
4 62
340 347
126 161
364 179
334 60
417 238
61 258
399 430
175 413
3 79
54 255
196 299
345 418
423 362
407 399
462 50
397 263
276 154
185 375
436 141
231 19
277 205
135 292
206 28
459 162
270 61
212 14
432 466
328 409
308 207
109 88
351 122
276 7
234 128
121 461
333 170
227 352
144 110
491 215
377 202
115 450
316 499
466 327
236 100
308 146
234 397
19 417
276 86
66 296
109 363
385 187
39 442
405 113
328 183
238 396
198 57
57 353
181 15
115 23
21 269
166 275
45 256
194 186
334 321
36 260
447 295
90 422
35 338
21 495
243 215
272 259
465 293
160 329
204 146
415 276
403 226
334 434
472 448
122 28
288 158
453 158
80 87
425 43
390 467
182 298
410 485
279 307
136 375
373 439
67 193
271 288
74 323
271 105
133 46
204 245
404 273
360 10
405 336
156 137
435 296
133 338
145 345
72 264
204 134
179 445
86 123
446 450
55 160
59 70
315 188
461 263
125 71
408 173
310 31
179 64
254 245
443 312
77 252
238 15
461 133
256 417
367 399
59 55
125 274
462 118
234 292
364 275
300 359
390 272
188 110
207 69
234 294
398 2
18 311
296 136
405 331
230 404
459 272
46 141
260 436
229 360
487 494
205 93
217 287
249 96
17 257
403 309
311 103
414 302
290 181
12 62
467 196
468 94
236 426
363 367
79 348
194 444
37 67
206 399
347 254
363 456
265 217
320 266
68 76
258 87
149 359
55 122
69 116
395 375
242 305
5 110
54 174
241 199
98 91
197 447
255 298
15 60
178 20
449 187
274 247
458 59
181 276
392 13
240 250
407 287
397 335
9 412
463 303
246 250
49 414
212 443
355 305
177 79
266 34
133 126
185 393
169 91
456 219
321 413
201 196
31 81
345 450
106 392
494 309
223 352
296 44
349 287
366 3
37 378
5 484
229 170
113 42
113 398
312 69
118 287
368 365
167 149
394 65
374 273
126 388
432 449
236 274
277 133
12 454
439 167
189 369
263 168
419 303
224 377
16 231
448 342
344 384
301 115
241 238
126 28
477 219
493 411
44 214
168 122
141 408
277 459
480 331
486 41
270 399
482 62
405 286
22 430
397 249
339 323
351 490
209 317
228 329
395 54
177 125
33 415
227 170
1 163
56 207
458 339
402 326
112 440
222 159
260 486
309 471
462 99
416 13
194 23
78 497
122 441
356 107
277 155
170 435
142 131
322 226
52 100
392 76
235 16
2 466
438 495
446 164
29 400
275 363
212 223
16 353
312 334
341 224
160 442
425 12
238 154
255 247
324 291
159 499
466 59
407 14
178 404
156 353
68 207
282 283
137 280
466 298
22 301
243 308
320 34
189 20
268 58
201 296
295 444
3 361
375 113
17 262
116 405
464 25
309 36
169 98
248 298
451 135
443 122
157 47
67 115
174 346
142 335
279 227
440 437
403 135
249 315
72 420
298 365
254 388
486 459
109 423
410 234
357 60
459 354
469 14
360 27
214 495
223 354
143 494
481 163
331 46
467 230
448 255
144 117
428 54
477 130
365 37
449 387
93 74
440 409
436 415
410 300
6 150
496 485
1 149
196 329
60 332
87 15
132 360
414 231
214 60
449 243
482 431
5 398
159 76
343 445
97 447
98 253
91 103
252 446
276 92
276 448
463 188
400 215
299 447
359 314
57 13
444 308
59 391
467 301
246 70
18 310
416 195
150 116
414 359
451 402
203 42
230 79
294 18
466 130
296 93
106 325
486 205
97 402
203 397
467 416
79 301
496 485
453 495
206 146
401 368
410 157