6100
332 95
174 74
403 287
269 444
388 202
375 490
489 138
149 254
449 390
425 252
138 143
118 32
431 5
484 499
277 349
296 222
296 109
248 323
267 51
105 17
7 7
497 480
235 349
91 147
399 36
179 16
48 389
394 150
149 331
180 231
305 278
239 476
151 101
5 488
357 270
277 110
91 217
66 275
274 178
214 157
173 25
415 393
395 73
404 161
244 396
174 84
412 49
3 266
106 416
186 8
118 463
180 464
91 61
239 98
255 365
242 305
51 280
353 157
171 446
343 257
193 415
465 369
135 458
374 320
328 241
57 60
376 298
360 237
336 467
184 99
405 443
76 427
436 308
254 429
39 107
23 449
319 232
42 340
160 306
400 268
181 340
138 457
46 57
25 498
450 234
178 61
488 207
15 254
35 277
384 269
71 74
159 259
451 390
48 53
322 463
303 448
257 3
60 442
292 304
38 437
351 242
301 68
174 191
468 316
438 210
136 205
316 9
251 295
349 268
231 299
100 23
26 387
181 357
161 438
228 473
68 200
120 79
270 369
38 295
5 91
296 476
337 493
289 112
380 88
387 490
13 464
203 487
345 391
181 384
209 358
410 409
340 129
351 31
178 111
54 389
217 35
28 350
462 54
494 317
159 195
11 233
73 24
415 66
302 270
128 449
358 11
493 39
422 199
162 344
85 100
135 216
418 302
208 163
333 232
279 202
287 492
369 290
208 360
130 136
85 10
22 259
150 296
495 15
211 72
24 9
77 296
450 159
322 495
227 158
212 7
0 7
149 351
212 221
357 358
368 342
453 443
239 242
109 103
27 86
95 320
468 51
62 172
19 418
428 385
392 246
253 492
344 244
465 255
113 408
250 323
118 333
76 56
11 357
295 37
210 39
442 242
414 178
449 5
242 433
31 377
222 486
231 285
392 66
326 48
223 5
338 76
484 193
50 266
156 496
387 197
439 366
44 329
186 205
138 493
223 280
267 170
307 297
215 350
398 199
56 41
469 474
167 246
365 454
450 70
267 21
387 337
18 207
412 283
129 57
337 403
425 204
1 104
454 84
135 216
257 205
31 43
289 226
180 198
268 6
27 482
171 388
447 266
50 42
99 211
466 179
383 288
245 391
327 236
452 51
256 314
357 61
287 287
338 499
5 320
154 458
346 33
299 326
368 293
357 201
232 319
107 323
67 115
351 352
404 394
61 155
216 12
152 418
269 356
28 342
300 275
160 182
8 499
292 311
13 228
47 1
325 245
213 7
211 392
138 416
424 467
480 199
470 492
348 484
326 239
366 376
59 478
477 26
190 419
148 122
123 55
152 195
202 448
192 217
134 414
381 331
382 410
402 213
49 352
444 251
479 227
206 310
189 38
458 183
305 379
286 458
153 429
229 438
156 208
122 422
105 142
52 355
421 487
192 454
57 470
198 136
298 37
427 404
439 487
218 237
195 97
378 4
443 201
409 107
381 451
93 383
90 338
178 497
303 11
334 370
358 361
250 32
288 156
496 29
119 227
324 214
71 166
367 202
162 14
317 128
11 395
234 262
259 454
465 412
134 62
275 299
183 492
0 377
259 471
51 348
415 378
396 227
430 486
352 264
392 444
339 169
431 256
62 73
485 42
456 27
179 119
463 84
313 362
186 316
16 72
302 237
464 431
417 199
315 246
190 269
290 59
167 382
455 73
115 229
257 293
264 424
8 288
2 80
396 321
246 188
277 412
196 48
99 94
192 113
235 414
474 235
117 377
451 141
223 424
217 418
342 332
120 482
414 202
24 474
163 310
74 270
170 292
238 122
236 270
184 431
18 323
200 10
4 135
59 3
274 227
59 129
111 116
171 31
5 25
187 195
317 20
313 113
236 339
109 403
186 324
499 146
156 204
191 199
55 12
239 103
232 329
297 150
181 195
220 468
15 187
207 259
224 184
24 372
128 312
136 133
131 314
371 487
187 140
152 62
165 94
423 244
394 249
444 220
41 76
115 16
275 56
241 174
47 352
164 265
250 175
341 153
140 234
374 212
127 179
273 26
270 144
394 48
269 17
445 338
355 162
218 60
86 482
334 311
428 133
160 351
356 31
265 354
66 348
28 139
17 45
190 153
202 140
157 84
422 323
485 454
366 129
112 55
367 452
438 298
1 295
178 98
304 357
206 443
82 371
416 86
239 100
92 458
42 293
468 249
55 317
446 453
361 421
373 410
209 228
375 311
262 210
420 54
349 66
289 478
64 432
384 58
16 155
301 328
77 411
228 269
75 484
405 26
437 436
16 130
442 498
60 391
297 56
474 480
458 147
431 116
26 374
382 167
495 394
305 183
452 424
408 385
412 379
315 313
443 201
199 331
75 237
145 259
92 372
371 472
88 50
277 302
321 466
360 159
342 316
92 166
403 146
26 0
165 167
368 193
25 461
50 67
179 100
324 196
168 271
173 196
350 108
426 450
109 172
340 286
304 303
302 433
285 208
375 180
373 451
264 96
163 250
350 314
10 194
465 175
223 30
490 139
89 73
97 416
55 51
206 438
223 359
419 360
40 360
311 147
243 266
16 75
242 258
453 219
246 252
135 270
409 469
394 477
394 351
254 492
282 301
12 460
321 357
217 432
431 213
479 381
308 174
284 496
67 50
155 237
8 313
282 290
267 269
472 176
20 13
166 226
187 302
11 179
111 360
73 229
110 42
68 405
253 418
469 352
442 320
133 476
266 302
423 415
443 385
251 396
122 464
118 417
448 161
373 130
211 59
453 299
204 321
91 373
78 457
277 412
388 20
174 262
177 6
392 97
493 472
436 495
264 468
481 407
37 213
124 355
6 248
421 430
303 210
19 12
277 233
253 148
410 165
172 279
377 439
411 416
263 222
42 200
107 27
240 24
231 496
96 217
147 237
299 17
381 302
36 318
318 158
176 141
421 228
167 200
116 150
224 430
130 379
258 267
143 237
233 351
68 374
463 181
198 215
369 114
432 432
442 405
399 102
330 118
318 320
322 349
279 286
17 46
313 410
499 276
127 308
34 85
266 195
262 349
463 317
249 483
241 247
349 191
162 140
312 179
380 332
119 134
180 160
422 136
264 346
6 421
6 391
438 41
390 273
90 52
36 354
101 191
234 277
269 303
334 396
229 81
215 215
227 200
336 247
445 149
70 101
344 452
345 429
54 135
187 235
441 496
187 75
352 395
198 273
170 121
54 384
99 251
303 269
369 326
327 139
92 166
470 398
179 289
424 315
403 233
81 111
187 196
443 120
393 391
365 493
378 415
18 419
41 477
156 321
313 262
428 483
233 405
46 251
418 412
497 470
434 321
370 78
50 473
364 313
307 444
359 81
353 185
14 230
51 246
8 170
6 364
122 288
391 239
4 168
139 310
131 1
432 73
46 353
167 482
278 262
344 326
11 490
220 49
295 377
48 123
488 155
443 54
145 110
130 335
497 149
3 269
194 480
334 435
269 92
355 1
327 400
390 51
452 190
67 462
85 247
402 467
373 73
35 197
384 19
168 166
287 381
362 171
458 482
74 196
49 80
480 281
184 228
270 370
184 136
235 189
157 269
195 137
187 382
401 230
248 423
305 422
93 36
370 19
67 404
484 296
78 468
196 464
186 114
251 318
7 222
491 486
476 16
399 186
269 15
438 300
74 369
405 95
114 168
424 275
72 33
1 408
224 2
116 49
367 262
484 219
206 227
243 475
14 34
49 142
295 135
4 487
83 369
389 262
389 49
83 313
73 313
315 84
134 297
411 284
3 353
80 395
223 61
95 176
318 89
224 496
336 465
187 80
194 271
320 428
242 84
397 403
340 167
317 65
349 326
179 228
124 204
266 260
436 347
436 213
62 106
424 12
444 398
169 463
391 139
223 341
97 485
153 472
37 437
263 470
198 238
443 294
406 174
21 61
126 194
301 309
173 188
438 77
40 118
257 459
301 431
269 332
304 398
187 422
392 194
432 450
244 442
117 227
140 3
197 490
152 267
307 350
427 325
295 98
57 319
103 404
236 210
460 372
294 393
87 147
449 38
332 371
99 46
49 449
292 239
358 246
97 444
121 18
116 24
196 417
173 173
236 299
23 410
303 196
344 317
207 242
113 145
191 39
341 64
156 240
487 485
281 366
384 436
312 254
171 0
26 8
159 197
107 262
310 182
351 262
4 154
152 58
450 469
34 343
84 143
128 42
408 423
211 409
163 293
293 23
32 187
384 171
433 191
226 343
105 96
102 77
136 461
430 254
98 438
81 316
210 34
309 61
470 119
264 20
43 485
24 57
81 427
471 260
455 366
462 197
274 60
373 65
319 262
200 304
472 269
303 133
194 183
154 112
484 16
2 418
327 28
455 378
491 408
275 426
123 446
359 237
154 250
12 232
388 474
243 65
198 361
396 399
363 393
409 50
320 348
376 263
494 147
56 183
110 485
431 183
272 85
187 290
23 427
253 200
265 263
124 348
247 315
208 372
422 111
459 470
233 242
242 187
370 227
64 298
333 332
270 348
490 105
384 457
9 13
129 137
486 126
442 253
126 85
196 2
472 400
495 7
194 206
285 89
239 417
249 202
50 72
177 371
329 40
406 62
51 338
465 35
140 37
475 407
409 118
371 171
31 234
292 218
307 77
494 429
131 46
118 96
467 33
426 147
61 296
487 332
219 465
2 452
211 211
330 477
1 472
206 201
271 384
461 350
280 78
476 456
404 411
297 446
93 371
20 223
55 7
472 7
311 126
337 326
156 22
346 19
220 9
393 405
255 343
421 354
162 35
299 397
343 66
438 96
171 289
148 458
465 78
204 120
298 276
150 393
413 454
463 348
253 485
329 208
63 361
248 102
352 225
144 399
347 195
336 82
392 18
96 484
456 209
337 152
46 255
61 339
187 459
296 377
85 293
154 125
228 148
226 254
154 80
127 370
304 353
372 316
152 196
257 320
325 109
216 94
433 371
182 277
154 472
265 478
456 240
240 271
26 36
116 466
188 32
385 95
411 344
392 109
282 416
25 149
243 107
330 93
222 28
1 12
342 377
469 266
390 150
186 61
380 268
300 154
250 68
265 37
499 13
429 157
307 281
240 306
251 402
283 70
434 474
203 284
402 276
427 24
85 144
412 113
120 465
386 212
102 370
235 151
160 453
234 17
175 467
222 326
396 427
253 5
141 330
458 456
332 395
40 237
203 417
235 452
17 323
45 121
124 119
72 280
149 284
104 158
336 325
104 178
183 232
414 357
165 176
423 224
462 497
414 463
268 17
340 1
474 285
256 385
17 98
235 180
190 19
344 191
369 26
110 300
9 404
432 376
100 174
23 355
319 414
431 289
291 439
224 123
360 265
216 332
12 378
249 303
494 54
432 445
245 215
119 42
418 254
280 51
406 370
285 303
92 77
16 68
192 383
1 92
424 52
282 217
20 288
194 31
476 366
81 126
20 73
327 52
103 290
161 107
262 361
291 298
366 355
90 307
252 58
463 91
308 28
317 245
277 180
46 11
490 253
327 479
31 10
301 6
466 134
348 314
112 228
435 139
298 330
389 26
117 402
431 352
449 278
458 100
463 226
332 357
336 453
464 11
369 368
354 117
431 335
416 54
193 43
373 351
229 344
246 114
318 347
477 177
129 268
494 435
144 93
46 178
189 481
201 362
479 411
246 407
462 410
305 14
218 7
351 179
145 447
146 450
479 464
84 123
411 109
202 78
109 55
36 248
111 150
61 89
497 442
353 160
26 459
466 158
189 244
44 170
120 335
151 42
166 451
60 235
165 77
484 114
363 274
277 373
462 326
268 338
350 459
418 473
484 377
473 237
407 173
360 17
60 379
330 363
98 78
7 243
357 116
242 491
364 72
398 19
210 179
138 19
344 412
289 409
498 328
354 115
132 405
136 66
430 44
474 466
61 380
496 481
325 419
491 239
110 41
220 242
113 172
85 211
120 457
138 374
489 470
375 492
410 474
370 363
329 340
73 197
30 243
162 421
12 355
249 153
395 123
295 321
32 8
318 380
107 4
474 456
300 448
274 201
64 62
403 497
194 246
489 328
249 224
432 151
156 262
237 181
2 404
412 384
117 387
391 82
390 76
24 218
419 190
253 151
148 484
82 8
188 342
418 71
222 437
51 350
383 230
134 140
25 386
125 399
481 142
218 16
234 372
414 94
245 6
490 19
379 245
439 72
495 67
357 358
60 69
299 260
401 444
182 434
333 426
420 307
175 166
390 490
84 410
416 157
176 182
279 258
182 408
327 219
77 177
98 184
297 489
433 397
183 198
476 115
274 368
35 248
238 450
360 277
434 174
208 128
238 463
371 488
207 272
301 50
235 136
125 399
148 32
82 411
26 332
200 58
306 153
103 87
217 396
422 315
295 151
466 131
119 33
305 189
240 178
314 458
357 327
211 291
202 5
189 293
203 81
234 242
329 361
109 189
4 46
50 31
162 299
332 368
58 133
311 489
299 150
477 477
269 156
13 40
333 323
256 203
445 388
101 490
179 126
25 210
241 183
334 427
295 404
389 18
359 205
207 201
178 158
166 36
76 299
475 180
235 261
1 231
222 32
10 102
312 253
289 35
314 54
310 123
142 110
167 199
252 1
12 227
263 283
82 178
358 340
453 57
289 445
477 455
57 363
468 488
375 370
276 257
233 190
152 86
137 227
80 171
398 390
173 92
123 162
354 107
17 481
279 307
114 158
21 256
96 24
394 341
451 324
14 22
460 184
263 166
337 97
487 195
140 236
250 12
472 263
244 104
263 489
147 375
484 230
254 20
361 80
404 0
22 312
348 270
288 482
79 463
159 478
66 419
283 299
414 316
272 255
244 10
386 35
117 243
263 370
302 371
371 477
141 207
329 393
375 490
305 118
448 307
78 316
467 14
330 213
469 381
392 454
341 65
309 278
148 459
330 424
401 450
9 202
447 43
385 191
309 175
334 190
359 257
123 412
125 326
208 453
259 446
12 100
378 100
59 173
449 378
180 390
444 351
246 190
233 391
66 131
173 394
3 400
164 32
359 126
431 142
88 67
19 190
290 452
477 249
127 350
240 427
130 307
349 36
427 376
359 82
476 346
98 384
417 479
105 263
257 128
47 388
78 345
150 418
167 369
219 479
406 294
453 311
199 388
264 155
237 126
324 475
360 66
397 423
38 129
109 355
243 295
492 156
426 322
43 142
474 93
387 114
277 380
121 192
347 476
102 385
361 437
3 279
202 73
202 252
107 240
387 311
319 351
25 379
22 245
338 68
182 496
228 77
121 459
435 349
87 469
406 389
20 300
373 261
13 222
314 427
90 473
176 201
81 409
6 201
121 455
303 196
273 303
114 383
85 394
215 401
142 24
324 473
86 163
237 49
476 100
73 404
105 66
327 249
302 38
345 333
381 423
78 0
384 154
400 44
297 321
345 468
441 439
454 21
70 28
480 192
448 398
316 405
6 53
444 495
180 160
83 289
290 61
67 13
57 26
347 467
287 206
145 44
65 81
461 452
496 487
385 441
198 444
349 53
48 204
364 293
435 228
289 299
164 77
455 356
175 73
279 154
198 463
396 424
228 263
250 357
298 224
168 487
40 496
52 18
163 440
168 268
419 98
27 309
165 83
156 482
136 192
7 435
211 334
449 403
260 440
164 51
390 58
406 185
203 282
222 310
430 218
317 390
51 349
284 344
327 216
261 440
227 315
150 268
172 291
83 451
3 432
343 99
284 393
176 249
412 339
58 398
141 342
44 227
71 192
261 328
121 250
66 22
290 200
491 68
19 314
247 74
174 22
268 90
191 310
150 444
194 455
298 208
435 187
232 194
374 358
461 493
367 347
48 379
447 9
324 391
466 318
341 423
13 492
302 461
405 56
12 304
12 451
139 162
356 299
10 371
216 82
430 471
202 435
296 478
369 149
467 472
395 187
179 160
121 260
317 334
138 378
330 329
491 3
154 469
192 199
281 164
487 408
343 211
41 189
190 491
464 263
302 10
170 359
120 482
168 144
22 437
266 306
161 204
25 109
308 316
332 217
125 441
5 172
361 320
312 398
161 404
414 276
487 464
298 436
432 107
44 318
124 307
11 162
123 138
454 37
254 283
225 138
310 232
404 230
128 24
428 68
344 142
458 194
482 184
291 256
74 415
222 188
202 50
188 233
122 326
109 494
133 377
461 186
268 443
467 365
434 249
391 247
441 130
314 349
457 424
191 458
498 31
433 413
498 200
378 474
468 121
350 340
26 453
397 311
28 295
44 216
464 314
445 287
136 257
181 111
421 445
476 224
137 419
120 261
235 488
109 350
190 204
157 311
122 217
364 406
123 2
317 260
47 439
196 114
77 35
480 230
454 499
270 308
69 444
432 242
93 157
213 41
352 283
352 370
129 326
180 216
328 104
43 497
463 375
262 91
321 41
392 94
402 128
72 162
405 324
481 4
397 350
133 194
416 101
427 338
406 397
1 459
457 235
110 396
488 420
313 225
319 309
437 205
220 74
398 9
365 477
327 231
277 262
363 312
150 45
443 142
102 57
292 296
193 59
331 254
331 181
342 497
202 151
225 280
141 274
251 475
206 7
121 78
391 335
380 485
127 393
450 175
472 229
140 94
201 165
346 324
173 32
35 188
320 227
2 260
87 314
173 253
184 293
480 294
279 427
320 361
388 259
340 123
69 360
377 333
157 122
7 223
264 330
57 42
155 436
250 411
17 242
388 423
218 201
128 368
81 349
108 300
423 470
182 449
282 345
467 60
135 291
473 474
17 251
188 382
294 24
266 290
66 311
364 154
375 136
485 344
144 456
278 446
247 420
265 461
373 29
172 84
59 8
112 497
379 428
452 300
442 25
188 70
77 8
144 404
248 452
408 482
428 393
165 187
0 175
56 430
366 373
233 80
77 277
205 345
497 308
186 9
432 292
300 226
131 9
461 297
131 231
476 221
408 59
86 141
423 260
485 494
74 290
67 71
268 3
163 125
486 118
410 201
280 418
279 62
211 411
494 240
462 342
253 471
112 222
335 339
185 36
178 320
391 111
466 97
222 160
278 130
183 61
331 40
102 463
226 111
203 314
8 221
192 165
240 262
453 156
44 427
99 139
250 74
172 491
3 217
199 246
307 133
25 234
198 139
250 127
293 424
497 453
471 302
416 41
198 63
490 369
8 94
169 89
432 111
180 341
87 287
420 231
465 395
386 297
425 15
440 136
441 70
224 289
331 264
327 140
10 381
475 169
111 370
481 496
337 43
183 13
244 277
172 455
253 210
225 58
46 178
100 17
159 339
104 325
317 342
223 431
453 327
50 50
47 64
459 31
397 236
13 142
98 141
203 37
447 351
381 429
298 493
333 481
158 457
299 437
220 476
155 374
277 173
89 205
89 324
60 49
191 486
127 426
463 141
492 331
112 411
256 225
59 262
72 89
378 217
45 223
450 451
476 53
258 227
51 66
115 199
185 463
241 158
300 165
348 205
116 144
370 312
74 372
314 429
498 498
222 44
347 396
449 172
399 324
390 207
259 302
117 357
367 296
461 359
416 167
312 161
473 384
256 34
463 400
398 422
319 313
209 472
496 166
490 158
218 247
401 232
441 477
273 19
230 309
328 87
248 146
382 492
26 222
474 490
413 341
155 224
197 84
250 364
23 45
293 93
325 93
70 194
65 119
280 195
282 147
145 108
101 31
105 27
18 479
321 431
155 283
367 328
44 204
250 117
210 67
12 395
89 388
359 434
130 7
154 139
247 264
147 300
327 200
32 252
35 345
128 205
33 191
247 495
465 77
497 497
392 27
267 9
444 334
341 126
265 426
190 495
295 365
417 338
442 475
320 449
154 478
21 301
148 39
469 268
118 465
493 466
327 10
196 260
239 123
49 37
33 4
221 240
430 180
155 139
440 372
202 328
129 447
486 223
492 129
95 455
273 110
472 88
200 453
76 169
58 439
296 478
70 91
124 17
8 0
224 131
459 449
396 427
150 440
70 234
42 494
456 17
105 167
120 281
450 157
449 49
27 8
452 245
114 97
449 428
59 475
424 173
100 371
311 172
258 103
449 233
250 300
468 406
187 207
365 440
489 489
349 166
411 16
465 153
433 377
352 414
440 493
364 128
300 392
495 27
261 411
211 297
55 11
71 31
324 242
83 436
102 313
182 284
438 365
242 147
414 371
216 447
75 354
246 80
460 228
139 94
391 221
84 202
86 298
40 155
443 410
75 475
259 397
262 257
257 197
421 357
156 171
25 137
70 231
459 123
69 30
251 450
153 312
110 187
343 239
1 150
477 138
36 76
334 237
286 150
359 91
114 207
197 15
99 139
114 267
149 58
9 184
496 252
439 14
253 107
109 134
273 106
182 87
176 309
311 368
459 462
22 171
38 73
64 219
338 137
196 179
215 487
239 57
423 211
170 30
165 28
134 132
219 438
99 316
185 247
61 410
433 496
422 83
154 472
109 486
17 492
331 157
66 232
296 422
453 489
369 466
98 470
260 3
320 169
268 359
121 357
353 330
413 407
379 275
114 420
264 340
350 131
216 448
370 416
258 12
330 175
145 127
483 281
302 405
116 155
12 71
401 90
497 217
345 166
86 228
420 459
442 203
151 270
39 10
22 21
49 149
128 205
486 194
452 111
266 288
359 68
10 278
348 112
279 359
439 193
4 217
272 212
482 298
309 423
297 373
374 331
36 346
392 3
466 374
15 344
265 233
363 374
339 275
487 211
256 118
187 426
138 260
59 460
235 473
198 368
51 32
230 73
428 440
166 123
467 394
127 181
56 84
212 343
406 395
365 199
477 163
275 404
216 468
293 186
406 452
336 491
416 458
250 67
190 344
91 416
98 9
446 70
413 6
253 158
357 320
335 470
226 186
154 110
149 443
395 447
291 55
365 83
150 59
256 115
384 192
54 347
417 334
192 0
158 183
355 297
267 367
405 190
152 493
288 60
359 301
357 183
119 2
62 222
190 269
314 318
17 426
260 368
220 434
469 452
249 230
97 324
14 368
213 2
414 167
320 2
37 126
480 29
104 156
278 394
212 294
220 92
460 81
16 332
136 180
262 485
162 237
105 359
213 176
195 170
172 480
458 368
397 62
70 438
333 1
147 348
440 397
479 367
51 252
284 347
184 187
276 46
257 346
375 381
404 471
303 422
290 428
490 113
51 188
41 61
409 236
486 189
408 202
454 317
16 460
499 91
137 200
399 276
9 395
218 126
48 413
342 373
486 191
231 184
97 389
126 272
461 359
61 464
281 370
330 367
458 149
201 329
457 448
195 100
78 467
232 413
286 127
170 426
111 124
13 401
173 60
419 139
455 135
5 332
52 88
237 187
368 362
310 439
391 326
145 5
270 322
301 377
304 408
32 471
372 267
327 46
37 45
32 99
283 345
433 37
76 335
198 23
314 445
271 360
218 57
379 416
145 488
249 180
151 449
68 281
179 23
421 248
347 69
414 453
343 130
318 199
222 271
216 16
228 388
446 339
107 446
287 325
6 253
54 36
169 9
385 123
223 201
270 306
111 70
52 36
87 306
78 370
238 310
50 146
486 467
413 496
322 93
198 52
88 180
189 253
228 110
311 74
232 451
373 433
469 196
354 425
148 56
218 284
431 386
205 269
265 269
362 471
23 439
119 61
166 112
222 161
87 246
197 33
466 320
368 422
347 287
195 222
359 347
86 414
35 290
411 291
262 300
92 273
186 286
250 211
224 204
450 472
357 312
484 499
421 175
314 352
426 121
468 9
423 137
427 54
198 458
111 338
464 460
98 203
266 2
207 348
172 491
155 9
9 29
56 139
343 430
403 370
380 121
259 372
278 155
466 38
229 476
289 429
132 45
47 387
236 250
93 106
468 260
290 248
239 477
259 198
421 434
56 163
387 153
308 315
205 165
494 126
55 434
479 283
170 187
290 379
337 258
19 383
484 305
134 161
211 223
158 394
57 132
285 66
233 296
461 446
72 438
225 455
90 128
167 56
435 113
223 309
193 125
430 94
255 177
252 65
311 467
451 262
328 220
16 237
183 61
352 477
285 107
87 77
133 227
340 255
416 421
46 416
10 109
138 328
393 266
85 243
5 204
424 36
125 186
99 292
270 160
268 451
380 407
486 207
314 14
287 327
243 231
340 333
161 253
371 331
74 407
463 308
197 79
117 240
32 322
335 217
168 154
413 455
162 49
415 400
79 477
208 202
387 174
279 400
83 400
159 151
311 157
89 123
215 8
183 206
275 99
106 18
473 444
345 19
419 487
316 112
166 350
24 376
277 53
305 304
455 360
370 465
440 266
127 459
17 155
106 310
180 293
89 212
232 5
492 286
398 3
354 309
185 416
469 378
34 314
27 274
91 341
460 249
208 31
38 87
397 77
370 145
357 77
434 459
97 441
445 426
87 495
411 151
29 125
291 232
359 64
257 170
419 450
334 217
304 127
57 372
369 53
482 427
239 227
168 416
343 336
184 465
116 282
407 447
32 498
414 199
221 243
45 171
389 141
120 379
104 193
247 177
457 473
52 81
498 196
384 73
38 193
475 420
220 155
153 235
286 104
347 67
238 7
148 392
124 479
173 269
446 80
53 272
353 403
451 458
31 351
44 188
460 69
76 372
107 32
136 229
148 393
400 335
80 239
218 49
170 56
136 243
15 116
372 41
499 221
72 175
215 30
100 469
193 28
60 176
258 300
193 49
236 258
497 445
346 316
372 68
311 16
485 8
50 179
400 357
384 401
432 472
293 452
480 384
412 486
138 392
293 22
281 331
129 30
198 130
198 475
492 71
431 362
41 477
186 333
235 441
265 422
374 19
403 411
249 206
451 167
190 388
71 244
126 471
453 200
176 325
396 4
366 168
497 179
13 259
200 183
105 100
119 317
228 332
38 374
41 478
218 489
86 231
54 289
490 212
37 8
364 18
38 285
465 230
341 35
70 330
430 393
210 27
359 401
275 291
121 398
239 316
48 339
128 325
38 454
462 470
488 427
213 178
408 26
413 30
360 101
494 483
11 142
43 205
496 222
472 318
134 117
308 212
389 34
489 436
407 279
207 303
482 395
274 272
302 242
344 187
171 14
156 338
395 34
256 51
369 243
212 229
293 355
242 20
457 182
462 231
386 216
463 21
145 368
463 237
425 447
313 159
349 448
482 469
20 245
488 90
319 241
96 53
73 112
147 338
421 382
98 461
334 160
28 414
151 479
278 343
2 428
376 91
60 352
449 210
153 432
173 289
342 324
289 121
312 268
150 436
249 85
245 101
15 83
62 126
469 166
447 340
431 324
28 175
386 343
275 477
118 391
215 300
273 461
229 4
292 85
171 379
332 41
124 268
394 347
366 38
378 216
392 313
488 161
4 420
249 226
117 131
431 367
328 333
189 205
142 409
141 482
23 165
434 473
173 0
38 180
248 39
352 417
78 492
412 340
419 435
66 13
381 36
221 350
407 61
323 263
245 401
67 464
289 120
120 353
385 462
1 159
428 486
478 205
46 358
293 243
256 317
353 212
414 489
403 427
190 173
74 226
190 287
407 141
346 331
294 28
39 84
70 147
353 467
325 400
143 251
68 471
35 252
241 273
200 449
122 144
370 242
29 196
190 412
96 437
317 388
472 390
389 356
323 394
295 242
493 0
471 290
42 413
187 6
307 284
280 239
482 429
478 3
267 363
300 20
260 363
105 117
473 233
479 495
89 148
149 126
417 435
348 472
479 459
95 387
127 138
420 376
231 461
324 250
270 498
362 125
94 30
115 319
314 420
68 447
73 404
339 69
42 490
450 39
427 373
11 397
125 54
367 431
181 356
355 191
168 303
186 69
388 263
35 301
100 55
311 455
25 174
164 150
189 67
440 466
364 116
22 303
235 489
346 389
433 268
72 53
474 101
216 258
411 214
269 251
59 12
38 80
82 84
3 202
21 124
92 295
98 385
226 467
356 185
454 424
329 289
243 378
488 303
370 311
63 251
115 491
72 474
58 153
208 6
130 61
208 229
466 75
42 306
492 192
469 398
40 298
28 298
102 135
446 368
471 324
315 361
335 87
92 239
246 245
158 300
381 228
303 366
173 347
392 345
96 17
167 361
159 488
475 47
415 113
437 421
135 386
325 253
492 322
68 418
218 90
171 226
93 452
299 474
172 118
135 191
404 120
460 154
201 64
177 435
208 468
354 467
220 195
18 180
98 64
7 86
312 168
120 178
4 257
375 272
315 28
148 362
16 220
284 460
395 69
37 313
280 456
151 392
424 352
269 169
107 374
394 276
306 420
29 367
139 310
339 405
119 454
26 339
300 488
57 310
476 47
3 95
339 108
461 155
176 263
489 82
358 284
56 383
250 16
326 85
342 389
196 17
357 314
302 222
385 157
204 359
306 361
321 60
67 145
408 134
216 243
379 397
133 426
442 287
373 383
125 121
138 67
233 321
395 347
356 35
247 132
345 61
473 53
199 167
301 40
135 459
357 18
444 367
154 342
225 239
360 379
299 350
23 350
198 32
68 271
403 54
467 315
220 101
268 440
332 419
379 69
439 320
187 88
430 236
475 341
221 7
358 187
37 20
404 233
356 87
142 472
139 112
213 461
254 360
131 481
402 86
406 10
450 342
430 445
287 232
240 257
444 360
232 450
35 333
421 136
461 392
4 415
228 100
312 217
50 482
421 444
306 452
146 179
125 257
489 428
185 264
124 81
31 481
315 208
344 67
311 88
355 157
258 315
384 83
418 422
218 434
238 191
370 25
134 237
165 347
111 475
57 351
184 87
147 440
7 499
439 344
1 318
485 294
230 111
34 369
155 148
191 252
129 394
483 61
261 263
239 148
351 224
312 296
236 36
387 311
155 96
266 327
473 157
268 252
121 203
203 154
407 129
23 394
308 36
300 6
6 69
293 391
39 210
246 457
269 127
223 485
312 424
81 342
94 286
341 202
356 67
196 397
291 115
152 71
429 451
20 304
47 288
498 166
475 86
65 96
81 244
21 141
483 394
32 454
156 77
496 225
122 365
480 45
116 414
217 484
140 398
186 90
256 187
125 36
132 83
328 191
332 213
459 201
7 167
96 343
69 16
381 92
137 191
457 213
198 106
4 175
265 190
230 42
78 373
456 355
398 62
275 136
189 82
249 87
430 197
213 345
290 499
43 94
159 427
385 352
27 209
400 241
283 144
369 130
337 213
275 178
166 88
170 403
490 356
53 272
117 272
272 118
64 407
187 167
19 223
433 72
314 399
395 333
315 449
15 265
295 4
92 142
45 461
317 115
387 387
160 222
340 4
264 284
303 404
480 303
375 322
73 413
98 41
343 469
86 265
269 358
352 381
342 362
477 250
137 160
234 216
220 149
285 427
183 336
139 88
263 163
428 367
260 336
305 378
143 103
313 391
124 413
127 18
268 467
479 456
172 405
407 213
492 244
433 192
281 176
339 424
291 44
380 120
498 404
7 38
281 142
407 173
191 406
373 386
342 459
216 204
269 366
110 123
168 262
438 43
320 449
345 129
249 111
15 225
115 248
242 375
400 397
303 149
35 443
254 28
84 229
95 322
298 353
115 57
453 466
415 405
35 273
384 260
337 136
236 252
479 453
202 478
479 231
174 5
385 366
95 280
102 469
322 190
248 400
218 290
47 53
326 133
245 82
71 62
314 435
388 307
138 145
376 90
447 117
484 402
34 184
153 79
122 137
389 327
469 222
275 108
93 17
451 101
163 339
126 22
182 330
327 366
456 320
437 56
310 255
291 273
205 345
334 296
475 327
401 223
183 445
314 176
129 277
468 265
140 144
326 94
460 322
142 6
62 268
375 431
205 372
69 166
462 410
89 403
127 437
234 490
18 310
439 48
314 147
143 407
353 454
128 470
476 313
81 270
201 390
262 308
474 258
168 184
87 288
226 109
99 214
377 312
361 117
116 316
76 27
481 260
82 429
243 109
231 410
300 176
337 284
43 414
98 311
452 63
173 186
252 30
342 124
242 481
150 203
230 210
470 226
7 63
24 404
314 102
131 255
392 466
381 468
131 435
350 331
369 83
465 375
0 122
455 308
363 94
156 105
183 446
9 127
383 191
293 386
141 198
16 424
244 33
320 397
81 376
311 23
250 450
424 277
85 250
196 380
485 448
246 205
332 21
212 256
142 67
117 357
134 135
21 134
383 378
254 193
216 464
415 418
195 467
69 191
71 132
432 118
323 409
430 179
435 7
74 494
351 429
416 192
326 485
216 437
131 61
26 322
240 347
166 293
484 435
67 236
206 408
317 0
179 29
36 99
93 466
247 462
154 296
134 163
101 332
246 350
172 84
283 272
65 413
200 450
186 401
309 120
120 392
273 478
77 151
469 161
123 170
319 216
379 130
314 453
155 332
416 60
332 327
92 200
2 249
3 145
265 40
284 312
291 237
240 57
218 368
391 209
425 341
323 210
15 156
341 138
198 170
349 109
161 383
132 294
439 163
203 487
300 56
293 487
396 443
163 33
94 114
308 406
116 19
27 131
121 483
153 220
330 320
203 355
149 491
155 187
27 440
348 210
50 327
122 493
378 446
413 285
192 472
343 73
204 160
144 222
443 178
498 149
356 273
264 53
92 357
149 271
334 119
298 497
490 384
330 272
58 220
192 95
168 102
114 35
110 225
403 110
112 53
326 253
158 468
326 442
214 102
74 327
325 48
284 372
145 167
388 114
62 55
9 432
320 230
307 123
234 430
483 210
315 346
166 309
103 473
76 492
320 317
217 150
374 497
16 1
468 371
278 256
189 30
112 287
411 361
291 420
482 497
343 126
287 298
271 9
354 390
60 199
201 26
375 277
131 76
447 391
0 451
333 226
365 189
402 445
217 128
125 193
171 200
350 320
330 458
348 473
173 36
414 260
38 374
302 289
32 21
472 102
180 32
73 157
454 45
174 475
20 172
224 299
120 191
149 74
399 302
190 350
110 424
151 104
245 0
21 453
55 277
162 345
354 235
133 235
211 309
333 307
458 231
275 57
483 430
84 424
274 382
159 274
378 237
237 310
263 123
253 111
308 171
258 415
150 163
324 391
50 213
297 157
214 361
291 72
496 49
283 376
150 123
360 442
252 381
356 449
60 16
39 109
376 221
384 297
189 27
92 208
217 91
452 389
461 431
332 96
324 310
285 115
410 474
207 497
446 162
30 416
25 359
80 69
219 254
281 316
376 260
351 225
115 93
376 156
252 428
238 208
175 76
402 375
372 85
100 462
378 319
30 482
52 255
9 110
278 123
383 142
368 6
99 234
242 483
263 327
387 346
422 2
229 62
0 177
139 102
273 452
434 369
124 303
265 338
461 486
128 43
49 344
431 496
331 0
179 173
20 95
449 66
480 294
323 178
280 480
432 314
183 53
208 219
57 160
146 473
368 19
215 126
475 269
269 146
172 306
253 448
366 44
190 54
233 347
179 14
180 365
271 112
183 364
376 479
305 240
111 374
352 173
443 327
473 327
486 64
365 497
41 239
146 231
78 232
98 379
96 258
222 278
494 219
51 405
497 222
96 356
381 109
436 449
128 324
389 409
259 114
206 106
337 300
384 352
83 416
26 334
113 31
251 100
5 459
182 154
362 2
111 130
79 243
420 399
161 208
174 161
267 420
72 380
232 104
372 309
143 315
347 398
350 108
68 450
104 355
210 250
380 466
61 173
73 312
372 481
142 234
6 46
427 409
14 78
387 11
179 238
489 31
139 378
328 339
47 59
161 284
102 257
282 394
206 163
497 207
441 430
476 139
401 299
378 255
119 267
5 265
148 298
176 494
186 140
199 356
492 233
342 361
107 446
461 124
332 165
95 458
450 125
425 423
31 351
470 303
420 150
300 327
174 421
61 328
36 360
93 260
473 28
474 435
59 432
97 435
246 243
369 192
468 196
399 146
301 499
1 221
48 73
494 153
481 222
82 55
168 369
249 175
462 493
426 223
10 22
117 23
68 108
156 338
484 36
387 55
276 137
211 240
393 177
399 205
261 226
95 482
9 429
274 344
419 472
494 200
76 281
390 463
302 144
32 46
454 138
276 271
11 82
259 487
192 404
482 159
493 305
86 77
421 2
474 361
61 192
473 320
284 489
133 215
114 438
76 17
288 420
2 352
191 299
55 114
273 384
41 37
466 118
120 128
489 239
431 95
267 402
244 257
324 51
489 377
247 438
358 66
270 35
187 213
327 462
198 242
132 452
70 239
367 98
190 190
137 208
463 121
230 405
456 207
436 55
345 298
216 183
71 56
269 486
300 258
352 448
400 498
238 336
287 470
12 457
18 477
450 150
407 333
392 181
88 215
13 180
216 285
341 81
420 287
397 110
58 220
71 249
438 310
132 309
118 225
54 145
147 488
173 4
37 54
121 65
246 477
263 487
68 314
101 104
215 488
61 350
451 125
436 132
293 389
114 68
65 263
252 168
25 64
118 425
343 62
40 240
227 441
255 303
407 147
488 208
58 474
452 49
181 9
251 240
160 326
89 365
386 226
290 193
471 263
177 261
353 314
107 217
372 432
79 214
422 132
458 67
468 332
193 262
2 1
327 444
162 163
241 269
462 400
163 383
496 433
99 340
410 349
133 58
272 134
266 65
132 46
378 77
339 453
454 72
16 342
357 134
403 30
430 450
333 217
3 93
286 330
31 102
13 196
182 165
230 285
332 449
378 214
19 62
134 217
411 474
460 3
33 120
70 363
432 464
409 256
438 435
390 195
243 469
486 403
188 426
227 68
135 372
435 105
174 154
480 69
424 86
206 292
7 458
274 129
385 440
375 183
231 323
144 265
168 474
252 483
403 209
81 479
436 38
45 16
438 111
49 377
170 362
172 107
236 177
469 446
482 473
296 345
462 213
39 293
276 131
192 144
123 31
70 273
290 412
23 467
196 80
442 424
31 366
396 115
413 120
93 217
62 395
460 242
35 25
8 0
496 163
194 200
325 119
383 116
435 467
47 406
182 132
350 490
457 214
186 98
316 370
266 279
373 378
255 78
430 408
423 115
167 426
398 470
86 493
460 281
40 22
6 8
498 222
288 356
455 307
177 474
106 271
1 295
374 479
240 109
76 304
83 163
485 244
237 481
262 424
298 197
205 302
377 304
160 55
362 165
492 467
90 392
187 98
77 444
53 413
70 317
333 129
225 153
486 170
94 462
160 248
403 392
48 217
125 280
297 61
28 487
231 289
387 471
415 271
184 465
134 320
301 106
111 319
342 27
489 97
346 436
181 1
219 101
233 229
290 344
183 30
320 171
142 267
38 207
24 409
229 74
181 11
182 30
57 292
242 24
313 399
400 440
41 494
75 471
315 274
304 218
241 351
118 124
184 383
144 8
82 60
71 373
255 115
260 106
130 313
64 2
442 443
289 464
436 335
109 365
435 103
306 265
242 176
59 276
284 426
338 55
428 219
334 410
16 183
348 94
96 498
294 412
377 390
225 83
300 165
268 186
452 235
411 427
203 46
324 322
377 340
59 162
424 305
341 393
340 292
291 189
454 288
179 85
20 331
348 256
443 321
56 468
395 247
293 320
142 451
291 117
279 372
29 350
95 204
496 370
412 287
76 139
224 366
197 107
363 97
418 397
365 158
405 326
146 261
212 198
315 141
13 355
57 447
151 42
413 4
292 499
139 325
191 368
327 363
460 240
489 190
349 230
57 354
115 106
305 55
196 179
386 472
419 209
104 443
448 70
70 17
194 92
312 209
424 237
329 139
181 237
319 318
24 30
489 228
284 140
171 294
266 332
394 58
353 186
108 498
367 153
245 30
239 61
150 57
196 16
105 331
1 378
260 424
153 25
17 249
395 289
121 41
99 162
200 15
13 304
458 160
191 380
293 203
113 282
298 295
126 309
39 255
180 127
5 152
253 185
474 22
63 149
163 95
111 14
319 215
375 124
357 129
184 66
349 150
298 297
107 499
255 424
404 498
150 287
472 261
283 404
405 446
41 347
213 68
283 4
481 32
13 10
77 338
340 198
495 278
129 138
415 454
453 236
23 171
432 455
211 347
293 67
266 116
36 187
191 480
364 171
182 172
362 378
428 111
241 203
193 423
230 222
311 108
131 35
490 334
182 415
483 54
22 327
14 249
229 59
82 58
230 446
324 116
79 93
148 104
27 172
395 341
302 109
144 206
392 433
201 487
41 426
254 184
285 415
326 120
30 367
313 409
377 261
206 489
93 457
129 206
47 472
82 376
434 349
135 78
65 327
105 188
224 458
374 359
332 9
228 200
109 362
475 41
382 487
296 33
239 327
300 277
154 139
340 234
312 88
415 327
15 230
188 21
232 239
249 62
263 416
131 477
371 224
63 458
492 105
433 359
137 83
222 85
171 143
231 63
390 483
65 499
372 258
497 254
316 456
225 98
76 431
8 356
166 299
404 71
283 158
94 189
274 420
63 168
231 445
281 146
145 474
232 346
452 369
326 81
180 121
52 51
259 108
407 60
484 425
436 163
353 267
39 30
50 127
425 454
100 282
108 206
404 98
467 192
273 357
478 145
48 453
61 382
443 307
85 320
484 427
46 21
403 189
168 85
39 453
87 93
151 139
237 47
239 408
117 57
202 13
318 95
329 251
410 232
404 124
51 495
368 240
429 449
34 123
77 98
43 73
213 16
64 47
307 302
211 155
20 424
371 414
17 339
423 200
325 427
275 327
68 228
178 143
267 497
447 212
138 196
64 343
242 351
5 480
136 49
473 217
483 156
347 196
396 0
279 270
98 73
154 54
50 166
15 184
396 169
217 463
158 386
237 281
262 400
301 95
164 250
406 126
322 147
499 254
24 70
496 278
185 474
140 150
334 87
256 156
471 82
469 325
106 481
381 58
153 220
470 34
160 317
316 229
483 482
404 315
446 359
334 400
50 131
70 326
334 384
319 326
151 157
138 288
346 109
182 371
405 352
21 152
381 65
399 190
5 216
428 304
204 451
434 262
88 255
491 4
182 423
80 162
450 185
147 71
442 149
353 329
333 348
265 374
64 67
283 165
321 422
225 211
325 25
132 12
368 266
41 476
138 403
88 121
44 441
90 87
416 487
187 295
169 250
317 304
321 86
360 452
16 142
168 437
449 193
459 152
128 318
73 0
474 119
60 161
101 18
357 2
297 17
119 396
201 318
256 436
241 22
165 116
54 109
302 185
337 355
25 262
114 318
437 98
112 88
459 349
351 213
82 168
65 0
318 202
138 118
140 427
43 231
340 157
342 449
157 143
257 32
350 182
133 371
312 139
488 97
310 123
291 191
191 392
94 208
326 361
288 85
168 467
476 184
485 9
4 319
203 142
177 261
132 405
44 162
259 296
419 384
427 69
313 63
271 470
331 260
197 98
417 472
156 365
226 393
64 141
136 230
491 267
172 165
327 476
272 68
304 86
7 44
107 231
201 172
432 230
328 385
357 129
347 245
491 13
6 73
304 55
175 494
159 147
123 347
268 486
424 248
144 424
156 431
104 251
333 209
94 388
370 162
259 303
316 217
142 250
158 175
169 446
446 333
32 181
19 69
169 300
77 444
227 313
416 233
294 183
424 250
264 389
44 294
363 23
126 361
388 5
304 136
469 57
90 250
171 1
154 110
406 341
6 231
316 485
169 423
25 110
351 445
239 289
164 396
109 454
459 142
278 349
258 263
365 247
101 349
459 37
230 107
190 217
202 236
11 358
468 223
168 36
177 172
420 259
213 194
336 381
230 173
288 115
214 488
337 154
43 167
274 148
365 273
361 316
174 68
143 225
113 495
19 312
71 291
337 291
172 285
310 173
140 402
242 98
104 207
374 80
80 499
124 1
317 298
218 486
211 344
191 361
173 324
467 210
1 97
234 304
330 25
279 44
494 470
177 21
453 451
450 52
405 34
332 75
413 74
418 50
263 476
152 109
171 289
386 472
276 24
49 120
16 106
429 328
202 10
313 106
10 155
41 264
191 267
342 225
275 456
284 260
222 391
180 436
408 245
270 66
38 37
495 171
0 406
416 424
383 202
209 82
198 245
13 251
476 241
197 355
467 104
495 481
269 189
287 27
93 30
67 57
80 483
389 62
339 80
134 157
239 222
319 196
447 437
178 332
187 275
379 227
60 7
48 226
253 330
212 335
244 198
181 279
193 325
257 422
80 32
106 392
440 171
461 426
110 387
162 491
71 298
305 394
120 131
313 205
41 226
424 25
156 285
110 458
380 350
234 368
112 312
336 193
471 52
291 297
140 81
379 305
199 211
195 36
242 172
250 8
386 135
420 174
484 42
244 383
103 365
29 331
24 215
119 217
14 495
76 410
67 7
218 308
196 119
291 413
274 290
425 41
67 12
54 198
81 52
269 151
334 184
251 150
368 210
205 222
484 234
241 133
293 51
170 312
77 342
132 313
206 203
215 410
108 126
178 122
273 41
77 299
449 107
317 180
402 169
404 374
359 386
289 145
309 5
347 312
477 387
90 479
389 184
310 306
280 349
390 340
491 53
12 467
147 292
462 181
407 49
287 366
363 118
123 429
241 25
412 470
450 218
254 354
12 191
41 416
108 292
197 431
251 99
244 61
242 398
300 206
424 1
120 439
368 287
312 243
214 461
32 76
283 16
207 138
55 147
440 248
32 15
115 489
51 283
33 359
417 145
147 333
125 341
480 119
362 345
307 145
73 428
444 191
329 356
4 4
104 236
252 296
285 136
271 219
430 188
334 305
490 199
40 333
452 115
461 372
17 166
95 120
163 443
299 391
395 344
81 155
303 0
488 185
256 89
129 260
417 186
385 463
296 407
375 277
149 100
267 188
160 19
462 214
105 323
19 113
121 1
1 100
137 424
365 489
101 393
431 495
310 18
278 168
445 459
59 5
193 447
318 178
392 205
28 132
245 350
351 47
0 218
495 204
45 489
235 360
207 147
17 166
187 370
329 147
152 132
431 240
271 197
254 249
381 15
365 282
182 479
197 68
272 34
375 44
257 318
317 110
129 316
186 334
334 316
300 367
460 338
36 232
333 231
246 290
425 215
46 464
32 459
345 95
140 305
475 72
183 397
213 292
478 164
332 252
119 164
3 132
216 79
310 391
33 50
265 409
225 310
121 311
258 257
414 466
391 398
295 241
385 426
90 361
113 216
380 422
406 232
164 383
274 123
173 326
235 308
118 290
453 312
422 240
58 211
110 188
430 449
227 257
470 167
383 317
91 83
168 264
147 498
473 332
158 422
82 146
436 246
410 52
292 241
452 332
21 203
4 414
172 303
470 232
401 494
78 354
118 345
195 98
282 117
391 168
314 440
38 473
26 102
343 449
133 170
225 147
62 154
309 82
314 234
228 132
486 67
412 158
108 456
73 107
127 390
183 465
290 441
395 73
22 168
191 90
238 8
14 416
498 300
386 324
456 164
84 466
477 294
250 348
308 85
476 175
492 435
377 11
84 135
303 124
215 459
467 494
263 305
105 481
157 113
278 343
309 465
259 214
62 286
224 361
389 370
306 52
63 381
16 35
11 499
458 172
166 226
31 277
111 281
395 488
331 268
86 25
239 493
131 345
59 301
24 355
407 448
181 330
217 322
174 50
222 228
455 484
262 240
22 338
179 225
493 417
442 10
3 79
277 33
334 135
342 336
136 358
40 102
276 317
367 257
486 450
435 441
182 293
483 49
274 204
473 162
25 267
199 267
300 28
15 328
16 486
197 358
460 152
321 237
347 88
39 41
482 333
478 474
23 164
220 313
476 297
416 193
312 1
381 467
147 112
451 249
459 163
167 148
385 271
359 341
382 232
417 398
224 364
381 247
61 247
396 101
147 389
242 165
132 459
424 475
224 132
295 375
23 183
454 315
156 260
345 166
64 38
254 262
362 289
388 135
237 423
164 137
302 236
47 406
233 286
418 471
198 458
493 66
381 73
334 300
466 389
427 179
293 382
23 181
169 155
430 264
401 406
494 446
352 55
341 41
365 438
248 112
178 63
489 241
393 59
300 323
354 211
446 227
260 499
155 469
233 429
187 437
384 486
41 181
75 88
26 383
495 440
355 274
368 25
436 344
167 113
325 236
463 373
373 271
92 75
357 380
317 326
312 396
78 53
494 354
89 5
445 20
147 436
461 300
497 367
480 397
133 16
390 157
428 448
23 115
495 373
199 232
129 164
70 363
69 59
64 64
436 158
446 361
13 83
302 407
304 10
27 283
292 289
237 269
384 73
446 113
345 379
395 497
360 474
33 465
29 282
292 449
310 318
401 239
146 324
334 56
191 303
444 213
482 483
56 182
147 366
97 2
499 344
319 345
310 212
494 204
154 192
10 286
377 316
140 263
171 376
31 327
40 362
346 475
9 375
93 402
257 156
1 43
388 256
320 172
228 50
94 166
305 234
51 456
72 182
58 43
370 243
106 89
417 263
490 452
206 426
435 83
126 463
72 288
460 366
417 244
411 40
275 11
320 216
398 326
369 392
135 309
250 92
207 241
45 167
446 49
132 104
419 381
21 111
329 491
88 333
373 246
110 499
215 148
326 430
174 465
126 48
492 309
403 229
248 199
100 300
404 194
427 84
195 324
167 448
133 377
123 255
254 7
155 85
367 321
139 334
382 41
351 117
346 374
425 106
406 95
141 25
109 311
487 69
369 157
34 154
410 355
362 9
95 16
190 369
203 314
356 181
298 85
459 59
165 145
92 236
261 423
86 233
154 371
380 73
228 376
231 414
275 490
358 445
314 370
37 48
229 18
455 393
304 380
377 267
3 321
244 469
54 265
488 331
404 209
437 368
134 484
474 20
465 409
132 185
233 279
149 169
414 315
195 457
224 218
391 424
393 79
196 135
318 447
8 184
404 75
59 297
317 390
152 386
71 282
414 284
305 156
323 415
372 219
289 370
294 448
28 180
167 39
487 224
261 486
61 347
145 17
408 472
210 314
449 60
344 281
290 215
130 1
220 113
336 3
303 9
41 130
170 331
408 208
194 9
208 169
186 107
80 205
20 446
6 290
424 321
36 202
203 66
31 166
21 275
136 367
350 325
8 177
386 372
233 416
85 432
40 441
147 124
70 472
114 19
340 429
483 38
104 376
394 187
314 488
355 416
93 451
128 57
429 101
18 14
447 162
104 455
431 339
311 103
474 2
283 425
316 314
42 266
453 272
260 436
204 120
71 116
173 149
251 199
66 455
117 121
76 365
56 73
28 8
362 367
144 2
316 145
411 460
233 210
499 217
337 345
461 55
205 408
459 487
442 308
429 377
242 411
337 357
217 150
17 365
368 79
76 162
474 36
99 340
57 59
405 98
153 246
6 218
205 210
18 317
195 499
263 299
157 289
440 100
317 226
158 309
471 37
74 234
74 298
357 173
123 483
81 114
333 128
191 87
405 390
242 209
361 100
241 5
457 370
96 181
491 126
164 254
489 314
112 90
115 415
251 322
436 238
218 332
420 121
12 409
471 325
277 254
111 332
202 18
200 420
46 298
405 43
357 210
300 394
161 322
496 415
5 412
245 284
406 224
485 165
342 418
24 308
140 471
489 135
55 194
345 41
84 453
164 250
496 294
468 316
84 9
422 464
248 89
165 167
184 154
424 3
311 378
349 448
435 304
498 190
232 490
296 195
297 168
314 460
128 145
155 282
246 212
154 77
96 347
353 171
174 132
10 278
226 338
142 211
401 14
356 492
40 133
154 152
112 337
483 468
251 241
305 138
67 349
196 459
131 163
147 50
180 157
495 157
368 258
272 489
482 269
255 129
281 22
211 261
229 246
339 194
184 332
182 144
456 251
266 230
132 439
448 413
422 164
423 444
285 290
412 195
324 267
141 19
280 458
204 353
399 361
194 43
39 84
187 228
310 347
286 454
219 295
459 235
31 142
284 382
78 316
436 48
67 254
64 429
282 199
61 120
163 182
118 107
335 55
402 305
111 497
292 41
128 331
325 252
134 159
327 109
158 64
171 263
45 77
129 235
356 327
361 42
149 371
278 479
137 336
333 33
74 100
431 126
230 202
213 256
218 364
281 40
156 228
305 452
39 201
380 434
328 247
471 242
73 477
165 249
282 62
163 499
477 208
410 446
55 207
423 123
16 273
1 204
8 24
225 158
445 400
147 457
51 273
103 470
220 125
39 268
119 354
63 202
1 96
155 325
301 56
181 79
135 317
193 34
44 496
396 270
227 489
115 395
366 279
256 218
338 438
292 295
350 458
54 207
33 351
259 210
141 186
355 440
326 128
124 48
318 370
360 20
268 45
176 327
45 486
424 432
80 235
193 68
128 430
133 248
310 13
199 392
184 303
431 54
454 10
380 56
428 124
21 92
271 48
34 198
482 168
404 310
231 62
492 97
197 359
372 125
17 359
162 423
329 53
63 94
2 283
407 296
240 430
479 428
478 12
180 365
176 461
23 84
182 407
118 16
493 379
239 490
265 363
416 253
347 94
377 332
480 201
132 136
416 220
232 463
180 395
208 265
349 356
115 231
99 383
115 233
75 93
308 206
459 340
286 76
408 159
360 163
151 388
461 492
307 68
315 45
310 488
196 23
106 160
43 164
249 206
151 10
216 177
17 459
35 176
335 156
171 296
36 195
40 323
243 497
395 199
187 410
433 205
365 236
400 39
97 261
271 1
178 248
59 488
16 48
204 447
243 351
398 375
198 131
481 438
138 293
203 376
81 177
413 488
380 299
412 165
167 477
226 35
375 345
393 137
84 391
94 449
325 179
163 493
283 375
169 144
372 273
451 224
213 453
104 216
234 93
70 368
404 401
98 148
286 131
23 344
293 222
254 469
314 470
346 417
61 98
223 367
91 433
238 174
243 304
249 195
63 477
230 172
320 467
99 328
24 458
33 474
295 318
288 287
204 110
60 486
353 265
50 283
310 297
453 140
335 53
382 203
375 399
366 112
292 47
6 317
143 317
487 39
326 439
49 127
114 382
147 461
244 319
116 49
189 406
459 70
273 25
276 193
305 0
47 494
312 450
267 405
296 307
246 106
233 122
4 147
108 199
19 3
404 205
111 135
57 446
323 423
116 330
182 99
93 274
224 230
135 257
65 343
301 284
406 311
311 34
234 263
118 271
476 105
92 375
321 440
363 150
332 144
243 331
457 15
97 188
446 33
376 84
368 363
174 177
64 275
390 337
109 150
255 360
235 437
377 199
349 56
52 92
276 182
197 147
336 233
267 294
378 134
497 495
25 99
374 171
361 89
91 116
328 470
407 198
397 64
472 137
229 247
281 377
24 357
91 478
124 360
494 358
205 354
453 491
15 230
171 179
147 228
198 262
460 476
392 457
446 210
457 216
93 28
385 238
68 118
330 476
186 44
250 325
168 392
122 204
235 35
263 294
408 235
211 313
271 369
79 455
23 69
97 388
478 117
87 483
459 46
90 417
94 146
38 340
396 115
150 12
306 484
219 266
79 215
436 282
237 202
272 367
107 260
229 369
352 85
483 316
234 164
310 73
265 180
295 200
212 14
350 446
212 371
438 69
351 143
346 226