6400
327 393
345 164
343 59
115 358
189 483
189 223
143 273
53 233
221 85
204 437
484 188
16 7
135 331
177 27
246 375
268 484
148 425
485 466
324 491
326 452
175 365
138 368
101 170
255 191
129 322
10 459
467 465
148 27
406 454
329 325
161 152
78 450
268 309
152 415
367 92
458 331
199 42
212 448
492 300
474 468
279 473
290 484
363 98
404 438
115 269
422 234
36 276
437 352
119 156
248 89
272 486
380 58
359 471
123 444
264 351
176 97
434 396
494 466
404 297
67 399
485 371
147 341
45 373
29 84
25 164
2 129
40 298
121 234
178 399
102 97
46 295
191 278
96 332
130 37
436 352
223 49
390 273
146 370
306 435
451 27
157 183
333 453
187 197
448 307
404 217
12 50
328 302
135 55
93 276
128 117
166 29
155 351
73 408
343 301
181 231
414 146
99 338
387 100
407 138
355 335
385 163
465 220
275 65
341 452
69 368
250 469
172 235
143 405
58 245
328 338
484 239
77 242
342 435
73 464
151 101
264 281
1 36
453 82
34 276
497 294
115 104
339 247
4 287
384 335
173 62
302 212
307 10
297 231
48 1
103 371
4 199
88 219
301 5
133 41
336 336
440 130
229 303
91 131
466 233
296 327
40 492
354 450
181 347
200 151
22 229
281 303
375 26
383 369
410 176
12 17
499 98
402 304
436 81
166 493
172 402
246 314
264 212
411 100
252 298
379 112
267 126
5 160
381 142
171 388
257 292
390 183
488 109
190 144
489 276
30 356
23 162
374 277
377 287
85 138
102 481
108 317
477 369
364 113
353 359
3 35
70 111
72 245
242 410
186 114
470 231
393 217
346 493
133 120
110 223
205 70
387 212
433 165
278 217
428 297
184 131
94 283
28 107
17 18
132 270
354 56
273 455
448 247
219 119
194 433
4 329
41 251
416 243
312 475
124 194
178 240
23 161
268 124
143 404
26 137
193 275
230 380
480 466
437 31
316 199
381 132
235 172
416 422
249 152
198 228
321 226
387 228
353 344
100 7
144 348
475 127
359 338
156 58
89 191
391 446
78 405
430 272
46 165
317 346
426 148
226 16
96 247
444 113
472 301
149 396
375 468
306 125
35 235
426 315
261 124
381 169
293 191
356 311
9 192
340 174
42 288
387 66
31 138
440 331
80 355
323 441
418 455
190 482
297 453
429 469
490 58
249 163
474 284
328 105
131 336
124 168
86 25
16 11
195 469
324 308
101 275
230 499
481 20
325 273
94 278
188 255
418 84
220 437
395 244
432 48
68 378
256 56
420 6
327 272
80 467
242 3
3 33
53 324
97 484
115 231
486 43
480 303
241 256
352 200
101 488
218 285
193 21
28 474
246 113
80 355
359 178
212 174
499 362
198 117
348 448
344 313
117 186
294 324
24 210
50 147
432 477
499 268
95 125
91 27
234 341
372 23
198 445
159 436
53 197
497 358
23 254
292 341
165 492
54 87
234 42
19 456
225 18
143 370
397 320
13 86
110 484
281 237
173 308
357 441
151 79
185 354
48 174
19 477
64 65
107 425
382 150
168 479
349 107
279 164
250 99
435 144
382 360
168 216
157 407
486 377
84 308
335 171
1 132
197 206
131 417
68 157
136 13
472 88
252 485
436 103
100 355
215 371
88 482
389 236
113 245
406 228
251 197
181 93
151 104
22 379
36 282
148 442
30 24
361 472
76 135
490 298
169 176
10 205
293 109
207 251
479 407
456 465
58 83
187 138
369 209
343 61
3 257
281 491
464 386
21 494
292 392
420 11
68 314
423 430
181 362
269 482
447 13
448 77
215 5
66 487
49 436
193 262
105 404
290 326
321 421
313 311
322 113
279 233
15 391
253 55
37 197
62 374
451 485
342 10
349 19
455 409
23 398
303 149
475 128
50 93
257 296
262 215
301 79
322 41
448 316
365 427
301 486
471 279
141 105
124 313
74 491
389 431
432 97
78 44
490 408
56 480
195 247
178 170
64 348
17 1
280 12
498 234
14 82
39 321
487 7
498 163
446 61
11 240
136 379
139 89
421 126
225 195
218 116
317 404
257 282
146 334
68 37
119 145
318 434
442 10
173 305
219 292
32 472
351 230
171 169
147 490
37 92
60 373
277 255
389 377
63 34
71 36
33 484
418 43
53 351
9 212
5 79
403 228
310 37
58 254
244 333
277 206
79 281
389 337
67 208
242 278
314 482
466 165
60 347
199 237
449 466
397 208
288 454
344 300
54 98
283 402
460 150
283 60
249 39
247 172
451 168
151 341
359 117
465 469
206 419
237 16
76 156
462 134
434 364
314 158
413 340
490 97
157 373
265 274
298 258
427 12
206 249
367 78
47 417
188 184
200 254
262 426
412 128
344 76
87 199
39 158
107 0
373 382
8 116
374 138
3 306
408 301
231 61
478 127
163 279
385 166
444 215
343 499
427 357
56 187
197 14
14 95
329 304
272 240
230 337
496 146
300 233
146 404
383 31
162 124
143 46
261 399
250 87
444 456
143 178
44 352
448 192
496 411
151 129
467 120
118 381
467 315
71 418
302 465
90 454
352 316
216 85
172 465
421 466
496 469
321 416
108 41
452 121
251 456
76 455
188 70
385 194
465 155
473 456
262 119
435 415
0 466
431 3
470 24
345 352
120 466
359 167
140 228
184 311
266 243
165 112
158 455
462 50
358 123
94 435
202 472
438 30
385 202
227 221
425 355
174 424
91 45
273 33
197 84
327 309
421 315
122 345
247 80
55 85
372 106
430 150
32 75
129 221
442 269
125 208
133 220
265 151
36 76
12 391
200 233
49 192
37 474
406 171
108 284
242 313
315 333
260 173
246 199
469 241
450 188
408 94
97 435
11 26
417 133
367 24
216 469
295 268
291 253
37 201
15 252
437 280
305 330
30 197
438 51
91 499
445 240
175 352
378 394
27 39
415 147
468 246
366 483
236 264
317 158
262 125
257 184
367 199
396 414
317 249
100 186
427 409
113 397
291 454
493 491
490 318
65 260
243 310
426 431
441 331
309 244
428 203
402 66
333 147
396 150
337 150
411 496
393 116
422 24
367 184
355 268
28 357
20 272
55 272
103 446
190 497
52 412
331 471
118 455
457 164
166 367
215 146
114 78
102 461
145 37
305 470
179 352
124 185
457 199
146 180
177 61
325 188
159 81
36 156
172 130
497 346
492 339
417 64
25 107
144 371
341 23
375 301
486 373
72 0
32 444
357 70
259 61
142 34
191 270
252 179
25 215
54 101
166 369
476 323
47 191
214 472
125 240
113 90
442 112
408 38
108 474
35 117
151 219
490 177
208 194
410 94
196 85
455 316
140 362
53 283
256 39
279 120
62 381
345 393
431 4
330 105
222 391
463 365
394 226
420 305
399 455
40 182
499 95
457 347
131 491
30 363
483 239
472 309
54 45
401 318
275 337
81 231
448 498
76 44
349 342
149 496
31 248
196 190
389 30
21 153
368 20
111 403
64 203
248 84
254 119
456 1
84 29
379 389
433 32
227 455
304 134
383 376
418 335
217 79
84 308
180 90
493 305
8 292
228 409
28 109
110 334
363 337
226 195
79 95
402 12
146 306
183 58
245 381
312 101
261 462
404 397
54 442
234 397
159 62
171 462
148 187
376 134
329 363
458 455
467 408
67 213
123 465
347 250
203 369
183 159
408 465
407 88
337 462
25 493
307 496
184 48
182 455
318 412
367 363
272 129
194 186
152 339
441 317
186 499
10 496
313 370
458 419
233 72
417 147
144 258
159 224
31 180
92 341
205 350
331 312
350 329
20 25
342 2
353 313
309 381
251 364
135 475
399 61
208 368
479 317
41 204
384 138
331 73
275 329
141 36
217 458
483 491
346 237
50 177
58 51
267 212
39 161
74 402
123 438
255 135
339 102
92 297
222 76
405 423
312 349
307 398
241 29
119 142
171 87
139 21
233 82
95 258
161 272
63 170
157 136
90 318
467 348
424 182
457 41
390 329
227 121
3 49
43 469
408 122
143 215
149 399
158 229
353 244
414 171
307 416
235 423
272 397
79 202
244 196
378 388
362 486
388 457
426 365
339 431
498 187
86 334
63 147
392 96
267 269
185 158
82 74
471 272
475 354
402 402
143 71
409 280
238 5
370 297
81 16
203 61
395 79
227 142
238 459
228 119
129 6
432 265
38 211
417 404
306 365
288 320
452 301
306 197
347 42
59 176
237 428
7 114
256 485
296 234
205 347
205 376
141 335
398 137
41 179
396 316
488 200
1 184
382 440
483 160
188 229
157 394
8 278
263 16
103 117
316 59
435 308
495 21
10 76
108 246
62 404
456 4
189 402
194 309
469 423
4 177
423 158
436 13
29 284
401 199
110 132
293 69
442 45
473 140
386 452
356 433
290 300
202 312
122 479
254 397
426 91
101 258
123 350
486 37
88 4
489 387
308 198
95 134
274 250
202 421
354 161
313 59
223 144
475 16
265 345
289 81
191 43
245 242
280 314
319 231
470 220
271 308
442 278
28 366
139 68
81 231
142 494
490 395
263 217
415 318
399 380
423 56
298 91
405 169
252 430
151 76
236 223
1 422
140 30
99 30
113 280
126 32
427 107
176 116
434 42
422 91
147 334
277 198
219 446
376 182
111 471
194 27
301 347
378 196
78 294
74 329
361 43
2 200
168 141
35 178
270 455
141 458
8 417
215 418
452 227
198 92
471 63
263 245
441 125
419 493
322 371
266 345
397 35
28 268
298 65
372 64
374 68
338 13
283 382
461 405
349 236
299 11
256 173
298 414
407 49
420 69
414 81
117 38
158 311
228 497
61 457
377 101
466 287
21 67
473 250
486 482
346 174
347 137
52 102
4 497
66 311
393 424
315 332
495 362
359 473
430 76
29 273
60 160
227 495
245 434
416 52
227 83
73 114
217 74
72 477
288 221
497 490
323 181
43 164
138 170
246 403
28 420
80 275
123 88
22 308
212 220
304 291
405 439
14 229
206 474
47 438
428 494
176 397
61 103
126 219
474 51
472 372
0 2
443 404
64 123
343 465
108 277
216 499
228 366
192 230
20 434
429 240
489 449
404 457
176 402
454 30
255 3
5 278
182 255
378 448
266 247
376 73
73 226
92 92
175 153
440 137
229 195
496 369
178 218
120 253
283 354
209 426
204 38
145 67
367 239
338 23
449 133
212 214
158 374
27 156
293 333
381 467
188 22
92 229
482 366
73 213
491 266
156 134
201 48
287 302
177 69
54 125
191 126
352 266
423 349
35 380
199 216
91 416
145 240
458 183
248 128
246 383
18 240
288 254
56 219
288 427
52 234
212 343
109 95
444 65
297 384
453 479
247 348
440 44
227 245
225 399
282 476
68 471
77 300
372 356
135 134
220 12
355 187
134 284
201 317
53 78
410 498
199 6
50 157
254 139
38 278
106 479
302 173
325 174
382 380
14 197
210 17
56 86
370 417
86 190
120 72
422 140
146 382
392 473
113 197
327 146
126 3
28 433
459 428
160 354
51 341
210 26
112 113
31 266
308 335
259 117
257 280
163 33
7 404
453 55
201 472
475 280
65 179
460 356
210 24
217 120
147 113
227 427
45 111
446 110
79 205
485 205
239 189
445 148
55 98
70 398
30 257
288 397
253 95
119 248
221 463
429 336
115 368
331 156
118 160
365 278
335 49
238 350
351 426
24 35
433 406
15 446
344 315
410 156
404 97
413 381
69 477
345 342
350 36
196 29
307 320
369 413
116 494
421 460
495 319
77 297
244 281
96 93
101 88
37 359
240 5
483 450
144 162
198 180
209 494
166 247
160 368
215 36
496 128
447 488
285 491
272 25
470 381
321 221
80 71
428 359
161 172
186 263
296 306
152 385
132 357
226 319
207 144
273 293
281 203
46 72
97 418
300 171
392 67
138 121
332 324
348 67
182 494
152 35
420 478
336 156
327 404
400 414
207 386
441 173
246 488
258 488
11 195
263 58
32 255
79 253
172 364
210 427
462 355
333 362
371 234
490 169
83 50
437 391
416 142
482 378
218 162
210 241
299 229
484 473
78 183
48 415
195 251
106 258
473 9
96 291
313 196
246 86
477 248
391 183
414 394
408 373
114 132
362 118
443 266
449 198
466 22
273 349
108 161
22 231
374 433
129 118
205 187
436 375
411 182
428 327
52 177
309 337
455 167
285 23
222 399
273 86
436 40
53 398
129 396
329 75
194 355
43 458
185 251
285 479
158 448
125 214
51 210
229 287
310 358
109 366
453 384
424 382
132 241
137 477
405 261
469 466
276 451
202 12
343 313
114 487
201 353
63 91
378 104
315 145
11 41
425 424
159 316
57 202
31 291
405 46
364 436
387 374
238 492
306 89
429 81
434 272
363 482
87 349
494 94
135 402
178 358
26 60
114 337
481 436
482 146
82 386
112 199
191 470
411 350
283 349
121 192
175 217
66 337
431 114
368 413
123 66
478 398
88 1
437 93
239 69
307 272
323 321
143 419
121 14
364 407
99 404
121 337
174 126
240 39
304 105
171 460
359 279
281 2
95 447
16 70
194 334
7 175
94 369
384 3
410 67
471 100
437 361
340 444
335 112
217 80
393 492
271 241
243 252
51 404
327 190
376 419
94 373
243 383
238 40
107 127
79 0
362 430
374 16
128 202
134 209
201 198
439 379
483 325
81 34
224 34
305 408
134 100
483 399
291 377
356 74
74 250
180 435
451 288
342 54
116 432
130 477
208 169
346 421
455 192
78 428
336 179
279 384
283 470
199 114
188 427
177 55
342 263
51 358
264 146
78 394
223 232
402 60
481 431
475 248
28 436
115 54
438 365
187 394
8 73
0 387
294 49
312 30
240 489
135 215
461 4
89 65
125 184
468 343
443 106
394 295
349 472
189 361
255 139
213 376
115 115
16 65
447 262
251 180
396 187
44 386
451 357
394 133
328 428
386 214
9 271
243 280
141 359
350 432
161 248
215 63
481 128
390 232
412 280
468 141
379 160
18 12
497 330
110 264
330 325
448 496
276 339
50 192
476 269
17 401
316 489
118 233
317 149
430 8
2 229
390 398
262 381
64 260
376 111
288 174
23 206
397 236
280 299
69 448
201 257
246 438
23 17
19 364
225 340
422 449
199 79
460 164
424 313
424 376
403 152
358 64
300 426
77 255
55 81
190 498
437 256
126 436
153 460
153 145
446 230
309 75
239 145
310 121
498 15
167 234
298 401
179 377
484 450
31 256
255 40
296 221
10 44
356 274
419 15
245 9
436 217
214 54
175 27
42 24
110 25
278 61
438 260
211 457
66 423
315 94
168 173
217 463
238 178
45 73
435 9
227 290
196 371
399 441
466 223
249 293
355 428
189 379
189 145
420 400
494 255
280 235
199 162
192 349
274 437
298 237
379 209
433 25
319 75
151 184
477 137
65 252
131 184
330 254
154 172
279 102
338 1
15 59
408 389
326 60
297 183
244 124
2 29
456 29
213 321
458 107
359 43
79 375
130 343
15 261
364 136
137 295
206 54
443 5
65 115
150 269
245 214
243 246
276 99
272 200
159 341
236 82
458 371
214 316
77 88
224 81
376 293
347 214
219 435
402 290
411 284
498 52
150 157
108 94
294 278
120 381
463 305
176 208
24 421
361 390
324 454
247 86
152 200
487 95
385 371
7 389
293 297
306 357
451 444
222 414
295 97
403 194
403 111
32 79
322 279
233 394
332 146
198 333
428 484
207 186
75 165
314 214
71 369
165 472
239 375
472 239
434 386
497 227
159 189
468 382
128 481
479 54
387 460
296 177
215 167
184 3
69 291
12 351
323 492
367 29
268 414
301 192
419 202
243 150
32 430
411 212
118 160
472 390
420 5
24 268
123 135
278 208
411 192
37 142
171 87
1 404
448 292
494 154
305 220
150 90
154 337
350 414
156 272
129 322
443 428
64 153
213 66
111 194
189 125
212 148
404 212
4 65
220 205
277 351
441 25
214 427
193 95
219 64
239 350
278 348
353 34
452 194
241 66
43 63
63 282
494 107
173 320
377 499
202 393
418 154
433 495
90 484
401 127
477 161
9 140
174 107
154 362
280 478
42 247
29 324
431 457
129 23
374 456
349 6
160 428
423 119
104 94
73 365
26 5
497 402
9 35
249 23
1 15
262 382
58 395
205 291
167 341
298 334
193 393
174 147
119 205
151 97
463 223
80 224
126 341
229 77
100 488
3 478
212 453
349 118
261 270
464 54
240 280
26 262
261 433
139 200
297 380
103 290
367 112
454 183
112 493
333 183
13 212
18 189
307 78
348 367
273 420
201 312
426 13
447 227
279 188
68 438
228 76
41 24
59 447
441 347
382 172
236 126
315 395
325 254
121 122
43 174
338 246
260 96
175 117
305 59
497 454
382 225
101 77
25 423
122 161
185 318
444 4
252 421
28 260
234 77
103 1
248 129
225 442
411 8
67 400
206 68
145 416
493 89
364 247
260 18
336 487
491 445
218 281
41 243
321 246
248 127
257 424
218 496
356 482
235 129
197 275
191 441
382 343
442 184
203 247
234 202
499 391
172 225
469 217
316 65
193 290
66 64
412 302
136 285
266 120
395 371
165 316
11 86
122 47
294 453
7 177
69 380
106 6
75 93
11 427
69 391
307 56
358 135
272 71
191 494
218 39
355 86
24 235
134 218
171 499
176 281
161 178
36 245
191 267
46 111
355 202
258 115
251 162
234 468
314 375
414 277
364 32
119 121
339 240
239 254
35 362
392 268
13 196
316 428
392 56
258 362
330 247
261 368
188 433
308 347
125 3
387 75
196 341
81 7
261 388
250 173
441 148
196 143
423 306
363 364
79 315
414 473
194 409
342 176
23 234
237 150
77 148
341 125
484 274
14 423
448 97
245 264
259 241
47 441
306 183
350 262
88 237
146 265
293 282
16 340
342 316
317 106
83 420
46 158
433 67
164 60
324 233
474 261
202 436
119 22
136 360
97 321
86 224
6 95
435 379
48 375
481 130
50 217
227 64
483 96
156 161
246 147
408 332
120 221
95 462
175 239
413 231
456 124
220 499
379 462
189 7
137 279
496 170
86 39
135 223
236 69
68 143
328 483
204 476
291 448
40 299
30 466
90 453
452 486
301 162
22 183
462 490
13 11
51 310
34 99
21 186
182 122
105 89
66 10
458 161
460 209
175 498
451 343
181 117
132 256
439 482
325 6
17 254
416 338
289 68
107 450
425 310
400 141
151 30
192 318
27 109
460 4
199 54
171 411
19 381
215 155
161 311
417 40
230 179
99 333
136 372
182 58
199 61
91 82
252 350
312 135
140 279
333 124
387 339
72 357
12 407
218 288
180 26
57 135
468 263
135 8
67 456
17 317
252 118
321 109
244 356
136 485
109 236
428 321
178 496
403 0
140 43
421 473
108 321
84 478
486 429
385 219
388 405
24 255
364 492
349 197
182 460
49 485
158 291
287 477
329 189
232 43
16 470
291 5
483 477
258 227
298 321
227 495
250 186
179 103
300 114
427 380
217 482
125 476
305 375
64 264
307 486
456 148
153 324
153 99
326 136
310 411
406 124
163 37
492 157
123 194
74 292
126 402
230 291
166 103
367 387
374 231
231 175
351 330
282 385
373 4
267 108
85 183
72 25
34 248
442 64
208 158
412 368
159 186
289 143
30 177
260 157
184 256
87 492
377 387
243 221
329 250
286 10
35 266
366 358
423 422
432 160
28 131
318 344
339 187
365 459
116 222
478 125
469 152
39 417
138 346
449 282
144 320
86 87
445 180
102 453
113 220
204 34
230 494
181 22
333 70
292 398
376 450
454 270
188 197
396 494
128 178
498 197
284 273
453 85
390 81
302 407
293 355
349 6
380 375
445 383
133 213
15 89
360 9
207 470
316 400
78 455
152 444
217 429
366 436
17 22
281 256
463 319
177 426
302 313
196 57
271 247
337 329
191 138
108 49
301 250
205 424
221 231
160 357
145 438
461 26
134 162
334 94
21 98
411 11
69 323
422 459
288 192
330 111
160 331
81 291
67 313
45 138
495 288
79 205
232 492
155 392
486 218
316 489
352 7
182 79
38 273
465 457
68 179
10 148
291 81
394 444
434 358
147 439
145 282
274 78
470 229
299 429
270 456
316 116
47 123
248 350
307 438
117 214
214 376
457 479
275 5
215 203
143 210
492 362
292 140
221 266
48 262
219 372
488 318
293 387
237 388
326 42
108 45
273 295
274 174
179 230
285 402
112 394
109 280
272 456
222 401
16 493
366 270
441 235
474 206
446 86
128 211
256 272
67 88
262 29
111 194
96 293
40 249
29 60
16 1
402 302
147 238
361 418
5 365
424 154
240 331
43 222
495 221
161 151
33 414
460 424
69 496
245 56
116 109
110 127
281 484
75 365
135 280
146 436
442 493
324 422
144 34
255 219
371 491
258 269
45 256
104 218
275 114
76 202
329 243
228 38
403 110
242 303
91 391
384 388
162 33
419 60
280 159
150 27
296 3
111 408
127 341
307 215
417 254
349 383
422 98
60 77
232 177
420 303
43 175
60 156
217 206
217 480
7 349
204 367
128 155
496 167
382 107
361 155
391 152
250 210
140 165
342 311
466 224
400 115
271 9
67 460
292 488
189 284
4 299
454 393
60 132
239 302
458 295
447 452
14 349
14 49
212 6
231 208
323 178
40 483
295 95
435 107
392 88
387 125
370 248
380 194
348 283
78 471
423 306
7 377
278 289
296 373
434 491
21 379
214 109
204 61
21 9
97 492
469 265
13 337
383 339
474 245
216 231
390 404
133 491
280 397
123 412
255 428
159 57
166 128
42 373
235 223
67 63
180 184
21 36
227 193
438 404
488 54
458 6
497 378
127 92
356 129
410 250
159 111
239 421
147 178
253 281
196 382
66 172
208 376
69 440
196 287
341 359
365 184
414 152
244 214
196 42
144 100
63 106
379 156
186 302
436 26
260 439
463 132
9 327
119 171
310 430
290 315
352 4
156 7
74 266
160 400
352 270
228 305
313 415
69 107
134 499
290 5
490 394
73 253
276 499
281 192
360 438
442 423
431 212
478 98
350 5
127 139
296 54
469 355
462 109
460 391
248 448
195 102
207 238
89 120
313 483
421 371
294 173
237 216
314 77
434 215
354 17
71 61
416 2
463 393
284 231
31 423
377 32
271 226
347 84
419 360
83 12
37 341
57 378
455 274
341 223
240 390
303 48
50 312
205 72
303 14
289 341
373 186
413 167
251 496
209 112
476 23
364 292
170 365
491 273
348 478
220 332
380 89
253 23
95 283
297 310
151 250
437 86
105 376
373 202
166 209
232 82
226 494
359 448
73 249
227 202
386 421
362 447
322 119
402 115
277 270
372 199
137 428
305 161
363 95
304 30
464 381
375 388
336 190
439 86
140 409
182 18
317 27
146 45
12 492
262 48
99 290
70 134
148 88
35 227
109 363
245 191
79 73
116 472
411 267
28 407
278 51
430 211
108 95
87 428
328 120
262 201
188 427
368 185
412 336
199 403
95 22
447 296
269 26
294 415
175 32
435 322
385 453
400 366
294 493
466 340
41 123
402 228
413 229
417 122
26 178
52 117
265 473
499 351
267 34
418 145
468 294
99 354
72 353
199 499
339 218
193 165
245 233
314 96
218 159
189 232
201 96
421 93
444 466
353 273
418 63
357 271
477 238
92 456
456 49
268 291
308 147
232 461
409 53
64 47
279 480
428 253
346 332
298 350
123 291
206 151
275 393
132 64
20 252
154 76
219 328
328 274
87 27
80 60
459 497
329 497
250 90
422 257
459 449
92 221
224 82
328 298
362 351
104 460
388 235
415 110
384 459
486 243
156 471
468 418
415 467
58 297
407 18
319 480
53 366
301 411
61 130
481 129
441 276
363 437
47 181
140 278
374 431
255 478
248 382
349 75
225 164
34 259
92 132
498 205
468 497
127 151
280 29
157 461
250 73
254 20
151 298
81 394
372 25
407 188
264 121
137 108
368 489
121 23
80 460
457 471
123 48
429 437
398 255
329 87
107 148
298 435
182 258
135 232
420 406
379 394
3 184
173 368
391 223
35 146
470 471
371 344
281 93
200 301
388 31
32 381
317 347
106 182
414 499
405 93
488 187
371 137
5 343
418 397
395 249
72 453
297 365
310 444
245 431
462 363
244 485
332 494
29 413
264 290
384 443
482 22
159 224
67 354
103 164
413 485
290 350
68 486
282 439
370 230
93 27
12 333
179 190
103 196
487 208
4 368
390 371
95 486
192 401
65 14
351 147
350 331
169 141
80 418
0 451
330 303
488 446
488 194
390 167
228 91
311 377
100 84
70 53
454 195
61 115
262 372
203 412
405 112
382 224
175 338
141 235
181 357
51 129
148 169
112 441
171 228
312 276
329 271
319 383
350 136
360 380
145 112
77 415
139 50
240 311
46 166
23 233
362 79
248 74
367 363
91 213
489 38
162 404
139 170
158 481
361 489
453 18
433 6
409 382
194 424
90 149
383 92
172 465
391 97
460 272
485 259
149 404
160 474
497 311
292 151
140 155
26 6
364 445
328 459
236 273
423 374
466 178
144 158
255 490
263 35
146 68
324 248
75 148
311 484
135 72
79 104
462 127
424 105
417 326
100 104
478 153
331 375
33 297
139 327
363 140
60 402
3 361
9 384
368 430
354 321
277 355
334 433
391 91
417 259
363 308
313 369
96 194
343 496
324 481
122 482
237 39
252 34
419 92
374 114
435 139
347 80
365 64
7 181
440 256
416 424
146 156
202 229
78 242
224 397
231 254
293 198
232 468
412 397
11 3
143 138
218 298
214 490
23 436
192 221
146 464
472 109
190 144
238 26
423 120
374 462
12 154
475 19
417 97
100 239
378 428
79 95
85 448
384 293
15 109
425 429
390 13
157 249
275 80
53 395
210 198
204 427
447 74
171 179
419 216
496 124
219 149
97 75
369 157
118 334
263 236
101 395
144 153
85 258
5 271
469 138
66 67
142 25
205 365
81 165
289 124
125 77
5 9
166 222
56 226
314 284
179 171
324 415
173 175
446 410
48 30
450 267
292 466
331 92
257 497
473 264
194 47
408 98
173 51
277 74
210 81
253 91
6 241
416 429
339 31
413 362
481 240
206 363
307 273
123 390
6 417
464 448
399 200
251 224
150 72
5 380
471 360
101 110
40 329
212 369
231 379
471 126
489 64
337 30
420 149
66 312
261 278
479 382
106 160
84 82
463 256
468 89
52 286
116 69
290 92
323 328
306 21
437 295
177 148
297 274
87 97
375 363
245 200
360 206
289 203
459 444
385 104
390 427
348 437
29 6
187 138
11 205
352 493
141 448
74 29
126 438
153 13
213 353
412 398
101 73
369 53
157 412
191 255
44 47
406 39
177 426
131 445
290 40
488 483
12 432
222 415
428 490
195 376
126 142
215 459
12 80
344 85
192 169
69 36
75 88
14 327
272 105
145 497
480 62
346 486
401 344
186 421
149 181
323 382
193 275
207 391
328 206
227 52
88 20
108 148
327 163
120 475
472 99
14 118
456 305
149 212
133 209
390 336
70 282
410 214
105 115
321 117
169 433
305 401
49 109
125 265
240 229
180 245
215 65
370 194
259 171
380 19
207 244
27 271
337 129
245 289
406 294
79 418
319 428
389 384
1 221
450 14
112 94
159 130
177 327
351 29
48 288
32 231
354 108
237 411
200 43
337 482
401 459
239 268
152 72
293 128
495 6
100 95
226 107
286 259
288 255
43 137
221 188
296 75
487 427
323 34
368 39
498 12
281 121
194 89
70 285
291 487
83 65
24 391
150 161
416 310
300 290
479 311
386 373
300 275
161 225
265 475
488 382
3 115
205 269
54 197
185 275
192 346
89 120
133 216
378 92
382 401
212 178
51 213
341 98
176 204
179 354
236 293
408 167
288 240
437 465
92 343
41 474
446 284
0 130
74 79
480 379
409 457
22 192
143 313
17 363
218 171
464 48
68 454
194 224
190 356
51 484
458 282
419 92
75 405
336 271
2 149
458 169
213 412
225 481
344 356
379 94
494 414
369 343
68 62
271 415
399 110
392 174
267 210
467 163
435 194
195 155
324 437
349 154
487 38
246 426
372 183
98 126
321 367
281 319
86 389
499 52
227 338
48 244
407 346
392 367
22 194
132 87
93 347
237 333
260 80
264 483
109 484
351 214
33 431
172 133
37 119
309 24
268 116
314 357
76 27
222 58
146 99
298 354
187 239
172 35
18 299
284 436
2 480
263 487
472 35
6 435
459 362
330 316
25 79
107 497
55 454
53 329
35 53
145 203
238 74
374 317
105 256
88 10
349 107
494 351
139 322
36 352
20 450
382 366
363 398
352 489
170 271
324 257
460 205
279 469
138 198
306 5
367 243
202 247
450 217
391 48
401 441
392 427
145 273
171 274
115 361
132 375
132 285
490 308
130 444
494 121
479 268
364 301
400 346
63 66
467 350
292 306
85 368
493 36
162 231
444 165
40 277
414 76
236 25
469 256
377 366
135 464
117 356
55 499
417 17
219 470
277 236
104 363
399 362
445 450
115 413
190 389
317 7
32 104
212 54
272 354
318 90
298 407
258 287
304 205
176 28
264 375
239 453
167 221
171 490
404 465
354 138
145 446
403 24
430 30
384 115
57 202
110 54
341 208
413 220
100 497
224 89
394 365
438 463
454 62
27 461
99 210
156 233
257 96
126 59
175 187
390 362
268 84
292 352
424 461
458 206
295 25
242 183
498 190
104 180
141 304
14 131
216 92
188 23
82 474
13 167
381 109
194 255
459 150
111 486
44 384
409 422
457 340
382 3
183 455
112 486
469 176
120 126
149 37
11 308
327 84
193 377
484 61
211 239
78 444
328 174
448 122
314 89
92 405
213 48
386 127
155 325
303 355
245 275
435 305
389 108
485 115
176 434
174 470
414 239
265 104
226 94
35 214
471 393
441 127
106 184
361 328
35 113
240 165
470 280
389 27
142 359
145 226
48 170
409 319
423 462
408 27
241 2
395 443
422 212
249 188
368 380
493 110
275 404
36 233
261 97
308 277
4 255
426 454
125 52
367 187
214 401
403 275
71 455
20 150
190 493
374 269
231 59
315 219
453 359
456 351
481 66
321 265
219 337
389 99
287 196
97 108
236 353
309 0
2 307
152 181
302 193
252 378
98 33
392 67
270 51
469 201
318 251
88 142
242 389
85 330
290 381
234 183
35 26
185 395
76 38
231 190
68 230
116 335
254 166
69 360
61 24
128 38
33 379
268 216
398 275
156 206
389 189
67 242
138 424
314 253
443 66
297 397
232 363
30 265
125 486
363 451
342 39
418 491
59 375
2 39
97 310
499 158
252 486
262 66
171 390
309 77
474 466
330 458
223 207
45 212
163 348
239 260
103 5
380 10
49 163
473 382
392 146
484 324
390 145
387 246
323 414
380 196
6 150
357 62
274 229
430 254
367 438
443 169
179 470
133 176
410 80
78 458
282 303
300 62
161 25
291 39
236 336
486 171
86 94
324 195
450 360
298 106
127 317
287 94
270 307
239 273
231 180
335 318
232 366
391 487
27 393
230 34
205 115
209 216
264 291
4 385
491 214
383 302
248 119
278 22
147 370
403 17
187 379
97 238
226 420
165 340
374 253
220 247
316 431
75 429
315 80
146 79
233 158
277 29
403 482
352 407
425 51
282 107
346 112
384 379
71 424
29 402
149 445
376 249
30 465
397 451
382 345
4 43
424 116
450 133
41 328
231 154
262 318
282 13
244 460
236 19
421 167
112 265
366 70
388 340
144 396
94 137
181 26
494 450
435 105
285 444
99 476
146 16
381 361
321 281
300 477
144 57
174 221
143 108
449 392
140 383
21 445
323 234
36 54
159 318
114 472
300 297
165 213
426 447
228 47
376 247
156 380
101 21
481 182
74 96
332 282
227 215
301 205
259 403
221 338
310 418
67 335
401 110
409 233
280 327
75 489
369 8
381 83
266 322
271 363
145 340
407 103
308 225
128 209
399 67
337 201
36 209
171 405
138 437
265 433
422 270
278 192
275 292
466 160
375 393
234 237
340 372
97 493
202 0
67 77
278 101
162 257
162 167
104 186
119 152
274 221
265 393
37 52
64 393
286 4
241 291
164 372
366 434
434 113
191 420
374 354
463 321
488 36
222 477
481 445
18 193
87 255
159 284
177 124
480 76
367 315
40 74
8 383
497 258
178 294
0 40
361 52
441 315
292 350
147 15
209 273
28 165
449 148
124 188
264 478
146 105
179 483
367 186
444 39
185 364
256 474
379 186
1 117
319 320
335 146
419 466
132 396
44 300
340 433
264 169
126 456
439 410
96 305
196 306
22 392
366 381
419 130
248 97
417 421
67 419
238 105
1 338
490 222
155 398
419 330
286 419
181 45
202 78
236 277
21 398
131 259
389 240
337 51
472 489
261 107
212 391
81 499
221 213
463 72
402 228
148 382
427 41
119 329
459 481
379 355
466 332
72 11
62 208
197 262
369 386
129 458
309 81
146 210
282 30
259 110
344 37
78 259
440 272
253 197
52 251
84 485
348 19
227 8
270 262
148 276
87 139
72 129
339 396
279 219
181 474
11 390
149 25
149 89
286 441
193 255
92 190
61 277
137 440
54 140
269 408
47 202
183 356
104 120
191 22
496 235
125 224
249 359
448 126
68 251
6 86
129 113
242 98
390 190
183 379
287 444
498 452
308 187
159 181
55 264
352 350
426 404
263 477
456 175
278 212
150 376
489 284
234 279
322 231
462 124
420 5
457 250
437 418
451 117
233 448
298 7
411 85
415 76
103 174
238 223
99 382
166 389
20 440
23 253
377 194
51 485
87 298
68 8
477 24
472 20
27 63
0 122
50 438
464 267
342 154
36 203
444 293
233 202
307 464
11 108
446 185
335 62
423 33
410 255
275 252
315 234
209 154
444 168
287 259
413 409
464 130
423 449
4 408
224 9
117 311
348 235
298 63
449 35
291 73
325 359
93 418
73 493
161 302
62 369
130 448
430 327
277 94
354 354
363 133
444 79
166 332
248 145
180 316
389 197
56 323
242 67
60 1
304 167
36 221
21 218
45 167
261 452
158 174
307 116
47 373
205 104
249 65
382 305
2 429
105 123
190 410
412 347
14 250
323 68
286 50
69 197
149 183
358 183
151 159
32 165
121 198
115 237
395 370
152 497
121 397
160 257
104 163
414 72
140 470
372 237
434 278
461 442
477 435
94 319
337 128
178 478
68 458
181 293
143 463
360 333
442 116
279 20
444 398
368 193
283 84
362 92
386 69
357 176
495 363
343 303
282 332
143 21
167 350
313 324
9 162
278 25
398 451
349 57
103 342
279 69
161 238
307 493
169 400
263 164
468 165
349 107
480 250
452 344
168 499
161 265
142 177
480 291
349 40
383 181
250 304
42 162
155 264
164 349
366 325
342 279
238 186
288 43
388 71
70 240
357 56
86 84
375 499
40 418
100 76
380 423
437 202
318 422
124 92
269 482
114 342
28 111
7 352
423 316
408 395
303 346
282 265
264 241
160 157
234 304
79 112
314 466
241 16
461 485
319 217
59 82
46 433
138 87
255 53
448 413
259 163
428 103
345 393
51 44
201 5
469 137
455 132
1 135
120 196
413 462
396 440
225 472
411 442
347 363
277 166
329 295
399 388
282 109
154 96
453 185
322 207
339 422
57 277
326 340
154 30
470 239
64 51
345 195
411 475
494 193
340 188
428 175
285 91
187 210
395 291
498 140
414 69
199 189
30 324
354 25
116 184
87 324
371 32
360 433
126 282
322 354
381 318
410 251
313 166
309 449
442 209
130 159
349 356
180 329
206 231
415 34
210 175
207 355
288 434
216 419
125 266
436 39
142 7
173 346
148 455
16 335
346 90
298 147
328 195
426 479
365 387
414 194
49 428
362 473
393 189
307 78
469 18
25 243
442 463
419 51
386 90
32 287
286 84
280 330
161 467
354 58
104 379
307 268
93 5
46 169
99 486
5 353
97 421
384 382
433 391
481 155
443 171
256 365
195 229
196 388
446 209
88 402
22 403
408 395
416 116
102 455
160 15
436 459
342 109
0 173
328 275
299 333
198 123
353 55
295 394
103 401
304 241
496 43
438 326
442 257
64 354
221 397
356 224
334 10
183 50
326 186
20 363
487 477
384 218
464 192
93 179
420 419
462 249
76 269
26 400
106 370
119 90
166 328
338 476
26 352
39 21
236 204
181 59
277 223
267 65
96 94
13 361
110 17
138 476
376 38
261 164
106 335
163 380
208 124
477 1
374 235
291 16
75 462
38 325
242 204
298 305
18 339
208 164
140 481
19 346
362 368
203 132
13 320
444 366
219 221
308 421
437 445
408 100
277 364
421 446
103 19
210 71
235 122
103 418
116 375
244 474
459 330
150 299
18 472
45 447
368 89
35 354
306 158
374 295
93 83
454 295
367 196
170 165
435 102
330 125
452 404
234 74
225 411
383 237
184 243
185 428
134 404
414 220
367 440
23 289
84 460
156 330
347 303
406 179
304 282
38 236
162 256
167 273
362 387
483 402
183 398
302 168
240 317
258 217
358 107
419 133
463 442
98 427
106 310
445 4
92 411
167 483
108 106
345 187
89 470
368 328
348 272
90 23
92 440
47 200
333 450
244 318
246 297
459 342
198 352
263 256
240 290
396 283
470 348
171 242
422 411
184 391
414 123
63 126
326 6
308 463
281 159
308 53
247 27
380 120
376 446
88 495
130 116
317 485
79 452
364 340
231 353
476 400
378 146
4 40
355 204
215 165
70 136
16 376
496 317
263 248
95 224
193 352
189 226
178 10
350 120
473 394
294 81
79 450
342 24
228 436
101 197
185 296
172 171
488 201
449 20
244 104
308 45
123 437
299 497
469 301
48 149
83 442
392 194
219 14
302 86
283 447
243 403
426 321
22 267
287 267
371 472
369 32
321 31
380 492
145 121
122 349
291 193
240 57
72 36
122 459
258 374
130 258
79 354
121 56
323 101
425 261
293 46
77 146
138 466
87 457
158 136
181 210
119 450
486 421
380 43
418 108
218 139
345 400
308 297
251 466
227 484
30 28
175 372
339 460
269 165
301 278
340 428
378 483
404 460
3 216
176 137
128 273
173 395
44 473
291 482
318 147
176 19
243 348
160 203
220 434
213 282
210 22
357 53
365 440
8 113
102 369
142 184
431 230
203 168
2 328
475 495
366 320
20 3
58 461
396 181
315 279
153 109
14 377
169 10
475 380
101 177
213 78
160 95
263 497
325 216
63 117
437 152
8 281
242 310
343 66
345 138
99 158
35 498
360 466
346 204
233 188
266 299
394 298
295 278
494 10
127 472
477 409
190 417
227 485
403 433
423 70
228 249
99 23
341 115
319 460
148 39
338 404
202 266
396 232
94 350
322 243
152 222
139 151
488 343
128 218
288 392
493 51
426 368
483 92
52 267
306 154
58 52
170 144
229 112
462 67
310 175
397 137
288 462
157 388
106 129
21 285
337 246
114 14
106 263
383 97
251 11
415 189
186 161
274 86
5 267
442 236
225 315
129 192
80 14
143 287
424 39
285 16
30 261
377 400
497 488
351 260
301 101
262 119
57 487
106 36
125 62
229 49
93 350
216 210
349 173
64 211
227 274
35 350
250 109
450 264
24 99
200 301
420 178
165 315
351 329
391 124
25 476
179 472
183 118
143 395
107 32
158 208
58 334
444 194
310 160
111 394
47 335
13 164
479 320
149 30
6 182
159 393
365 31
1 190
85 400
285 145
353 192
379 443
489 411
423 175
421 300
487 34
198 320
140 0
382 29
212 142
387 241
272 223
413 252
5 274
419 498
43 290
233 124
387 274
301 75
375 310
196 222
394 362
214 247
276 387
29 448
189 488
211 416
20 462
88 124
475 25
167 359
483 370
144 253
328 222
32 297
19 203
417 80
327 413
300 131
79 104
92 181
449 269
83 156
132 470
347 23
234 107
329 367
472 69
291 325
122 300
355 175
255 493
259 124
255 83
39 411
93 334
455 483
139 394
216 390
413 124
83 416
283 499
68 413
238 255
407 359
386 213
206 114
238 142
77 465
377 345
31 468
451 322
216 487
229 443
67 433
349 495
494 150
415 484
91 63
274 154
367 350
464 161
155 425
391 54
399 84
52 120
294 430
269 355
150 10
295 499
346 69
220 496
332 340
255 487
493 423
273 382
43 212
138 89
495 50
486 381
1 394
177 38
245 295
157 446
297 396
465 305
153 143
336 37
25 486
261 91
473 18
231 387
328 368
270 221
102 324
70 256
146 455
102 247
46 392
140 111
416 343
339 105
495 422
260 175
118 372
390 21
260 92
312 473
194 89
413 83
191 148
103 335
83 338
230 205
169 481
176 370
327 85
359 15
42 174
46 119
493 161
105 289
262 253
342 269
352 309
309 107
443 396
234 413
470 378
359 316
38 139
77 35
403 365
40 288
408 297
458 86
375 401
154 415
185 490
151 349
456 389
285 460
225 251
481 371
187 196
187 192
80 225
443 116
405 483
280 335
421 165
66 91
6 149
491 72
421 43
285 494
454 230
333 70
442 180
228 315
7 481
207 267
384 439
422 150
485 141
306 55
498 258
259 224
296 356
400 102
96 70
300 37
107 403
435 485
300 401
383 163
282 160
451 442
444 18
159 226
281 281
391 465
41 131
487 3
105 338
408 239
276 54
457 60
45 236
489 392
407 198
210 224
18 189
208 161
387 462
243 219
37 20
3 487
490 78
268 491
82 95
1 176
88 211
299 458
202 134
184 288
13 109
151 394
407 31
346 211
430 147
167 441
428 319
398 171
14 418
366 166
195 448
159 367
178 283
269 458
99 380
342 453
199 464
347 345
56 107
106 193
135 338
158 125
148 415
334 408
426 14
463 52
271 121
257 122
433 449
182 26
332 32
496 24
369 31
490 343
389 277
467 96
74 376
291 477
237 222
237 477
381 164
137 200
174 153
102 246
273 459
343 284
160 457
488 191
387 381
158 331
279 276
4 478
455 353
428 295
125 193
209 165
217 6
159 198
445 243
203 114
398 70
27 398
90 411
292 367
198 477
105 303
281 330
183 109
256 88
133 111
128 381
240 342
393 197
441 399
365 338
408 496
394 264
27 435
302 484
313 319
122 353
183 418
379 255
196 218
182 136
17 329
24 310
8 257
9 417
255 301
297 374
490 15
302 43
28 17
189 456
309 193
464 163
419 344
63 343
479 115
296 245
407 349
458 320
237 267
68 319
46 344
359 217
261 36
406 161
118 141
334 95
110 279
124 298
494 381
348 39
284 325
26 145
465 43
311 485
156 55
399 231
301 202
91 111
124 62
55 497
444 242
374 389
40 406
288 498
37 34
211 136
281 173
216 238
75 99
6 379
463 231
286 257
368 264
178 377
226 345
87 233
474 22
428 313
311 14
400 216
205 200
373 464
202 338
289 442
173 129
212 295
405 488
252 498
227 273
470 282
367 305
327 58
223 342
208 108
176 35
87 461
425 381
72 461
255 127
108 361
157 280
269 320
319 62
187 373
156 46
204 158
68 23
217 31
139 291
178 426
387 168
49 266
79 312
291 121
335 186
466 399
219 492
406 235
109 390
289 445
455 117
492 493
376 375
19 210
136 368
36 197
315 375
39 437
59 246
432 182
433 246
238 251
338 152
395 496
293 299
416 184
29 101
476 261
471 405
273 347
397 459
186 309
247 212
311 225
407 158
404 243
346 340
344 494
342 185
484 91
127 487
88 253
14 156
62 417
264 337
296 335
145 161
374 482
59 244
402 185
280 318
10 158
152 479
164 354
298 346
333 0
253 425
82 422
339 119
456 144
331 103
117 104
438 328
72 343
28 497
315 326
336 160
139 325
32 488
186 155
156 330
255 20
294 261
381 189
333 133
88 189
294 165
493 205
400 232
230 418
96 280
441 397
223 433
273 432
440 255
437 460
480 96
357 44
234 274
259 90
280 419
436 199
257 426
158 282
200 157
438 240
138 296
81 231
15 361
468 355
315 455
51 257
301 147
273 261
203 387
307 384
83 483
261 243
25 192
350 420
160 77
374 140
371 150
363 455
162 386
342 331
440 477
476 245
358 242
129 249
133 62
397 288
32 69
261 159
79 409
487 463
103 91
94 213
168 326
65 457
141 183
160 259
4 81
175 137
238 363
277 157
445 224
293 174
333 477
387 406
370 264
208 374
87 325
152 302
259 107
142 69
328 400
334 303
292 184
47 9
166 382
106 176
351 464
441 399
306 184
301 180
406 28
353 9
311 345
305 357
426 422
323 447
102 106
291 9
18 246
129 190
367 37
1 87
339 218
254 294
327 497
25 55
64 85
431 230
440 227
150 88
387 218
325 325
334 342
88 116
158 204
93 69
157 25
95 94
241 496
493 350
257 68
5 370
100 174
401 288
376 40
259 403
228 116
458 436
52 414
119 46
468 210
88 64
11 125
473 183
33 252
172 466
188 291
465 177
466 288
181 218
122 194
310 292
228 202
117 268
167 132
194 88
4 135
112 282
466 15
267 85
403 351
494 291
469 91
379 311
30 287
333 412
204 4
206 144
264 284
416 175
115 283
270 111
393 120
135 382
319 211
63 255
46 222
313 57
369 367
154 45
309 251
255 488
484 14
298 313
341 100
236 67
178 456
428 6
389 71
135 416
171 208
283 198
107 217
85 96
493 328
431 91
431 303
317 186
352 267
220 467
34 193
1 456
462 212
136 282
198 203
412 123
321 369
438 47
143 280
461 375
319 137
440 392
431 250
370 109
428 283
328 90
46 315
379 181
463 360
64 367
490 13
234 328
375 163
444 173
48 18
7 405
297 367
470 299
260 228
363 340
282 41
356 43
225 180
40 235
103 40
54 104
432 93
109 140
313 159
30 53
310 214
433 389
189 107
188 255
447 301
342 403
447 229
409 198
286 172
64 302
406 241
334 470
111 191
350 443
348 276
342 232
122 158
118 276
31 311
464 158
61 331
60 307
357 8
32 322
124 495
236 449
419 382
73 423
366 382
159 276
8 67
77 1
129 130
293 195
205 13
344 258
417 267
127 256
430 126
122 12
461 406
289 210
133 232
115 214
490 352
419 126
479 351
481 496
44 461
326 127
385 101
220 170
278 154
132 348
212 61
467 106
317 25
257 256
471 450
302 224
202 313
164 73
422 34
495 498
125 318
419 173
195 362
368 140
340 473
34 0
107 52
429 354
110 424
226 38
115 433
247 381
454 317
203 263
261 376
46 50
223 238
100 466
106 418
244 468
469 298
350 130
484 428
204 131
169 95
380 430
311 284
454 479
95 118
346 157
208 356
95 393
359 283
202 47
16 317
115 446
76 337
265 317
448 413
360 321
251 117
254 240
72 415
33 208
217 167
23 231
124 425
61 470
370 335
152 115
61 238
75 267
436 489
402 192
13 384
354 114
355 116
383 108
168 427
446 416
0 385
163 469
292 124
460 224
339 162
252 464
232 252
93 327
371 168
405 348
462 236
352 259
219 317
96 236
4 387
124 42
364 4
481 287
363 8
22 441
257 202
306 274
453 489
10 400
100 324
60 415
26 62
232 264
0 97
484 180
223 357
213 460
248 439
299 194
487 463
166 321
447 245
86 324
76 400
224 96
363 176
239 136
400 241
338 471
3 253
110 174
135 226
17 323
18 235
198 316
489 357
102 216
41 436
336 189
137 117
146 412
48 353
94 237
60 301
54 433
459 63
290 16
339 94
329 159
476 209
419 380
96 465
402 21
62 489
459 90
3 52
405 105
342 403
204 499
284 402
465 110
126 244
190 107
267 318
379 20
252 95
60 298
320 348
338 314
405 234
286 297
254 260
163 191
43 96
498 220
330 327
423 315
423 457
275 114
486 42
137 154
305 238
86 197
364 125
211 276
73 269
381 498
41 179
275 44
264 84
264 125
441 447
256 187
301 216
258 31
37 287
25 395
444 342
319 464
240 308
429 31
381 166
345 310
207 422
359 121
98 323
270 123
310 39
107 26
409 464
251 365
112 299
493 129
93 57
217 165
48 333
499 147
309 429
203 197
170 16
192 62
37 268
160 462
341 200
164 267
133 102
401 267
396 245
154 247
412 489
175 372
371 460
389 26
223 180
49 444
359 393
162 241
203 248
448 174
441 396
499 464
232 426
24 252
499 480
322 178
402 411
223 497
23 273
454 464
409 99
492 3
244 120
368 6
180 299
196 317
133 122
400 47
299 217
198 424
103 151
62 20
17 5
279 286
102 392
491 85
88 11
131 336
342 184
483 0
169 375
349 31
78 154
372 249
174 230
381 70
442 129
134 295
433 459
203 265
350 36
47 195
383 290
474 31
383 225
452 310
193 404
58 153
403 272
2 430
352 429
58 383
178 294
105 44
162 112
0 161
356 12
155 47
430 239
316 481
143 165
69 121
274 337
109 480
262 29
458 463
198 115
261 368
265 228
192 219
380 427
291 192
92 88
179 446
280 22
40 495
468 423
260 109
441 243
124 221
36 204
319 83
303 234
315 432
151 68
495 7
52 383
471 139
437 144
18 150
498 217
141 58
20 466
61 253
327 461
165 186
121 363
450 336
121 424
345 265
272 124
8 192
331 324
320 479
482 269
338 339
249 332
298 331
85 269
83 212
250 264
127 248
437 371
147 77
194 58
182 344
37 467
143 190
22 220
489 316
155 356
188 328
159 256
26 486
50 96
360 109
209 300
23 340
417 146
56 23
367 464
283 239
281 404
477 426
94 155
11 466
146 101
358 199
38 158
106 236
345 88
241 467
159 406
53 264
139 428
392 461
200 7
263 175
454 334
489 240
59 48
150 1
200 57
67 8
244 238
179 174
493 441
347 420
36 152
80 252
214 176
35 473
148 266
100 150
391 454
3 442
443 302
211 153
13 143
234 279
453 109
50 413
185 446
98 249
354 221
249 178
3 420
186 136
287 4
458 139
81 30
332 461
466 24
19 43
322 331
440 105
370 275
73 342
444 55
129 171
202 298
218 378
367 205
209 404
395 154
184 20
481 476
352 368
411 300
131 224
181 86
213 72
414 52
107 287
310 210
8 236
467 12
70 226
483 334
340 131
151 230
207 24
392 485
285 411
487 155
241 416
488 169
221 307
94 255
465 328
417 256
269 326
52 236
422 191
174 387
118 262
138 326
163 177
440 30
185 448
364 428
97 279
86 205
312 318
498 32
288 129
455 267
355 409
452 360
99 277
391 127
305 69
246 29
411 468
268 39
467 449
228 132
189 416
86 166
50 353
483 84
204 338
100 290
150 59
189 52
31 102
171 432
462 336
156 270
309 225
174 424
409 276
192 254
420 98
452 278
214 322
13 287
77 270
182 113
17 80
182 223
155 49
237 205
475 469
195 394
318 284
412 369
476 79
30 104
234 396
71 334
121 301
71 84
197 50
482 253
328 214
115 164
222 484
453 353
99 197
334 0
222 269
349 246
203 198
446 379
213 289
90 17
101 186
88 14
119 150
217 71
87 448
432 332
37 309
7 237
90 488
258 193
439 312
10 459
190 142
432 308
326 255
441 374
388 279
430 29
452 8
308 147
331 40
349 240
329 221
209 208
401 419
83 319
278 341
335 445
254 320
75 119
346 432
211 368
250 234
94 493
492 202
242 402
494 176
397 444
152 176
447 458
278 54
247 31
476 408
229 434
54 230
14 156
25 252
486 78
71 127
329 433
187 416
92 424
368 34
210 489
447 372
426 157
188 77
486 25
460 17
99 67
223 366
118 114
192 100
79 456
389 115
31 261
185 77
463 123
464 405
277 173
330 412
489 56
81 371
388 327
246 41
259 487
453 470
422 377
334 145
113 354
115 75
4 144
120 152
409 467
140 84
496 186
94 323
194 338
17 176
69 434
421 264
86 329
206 227
224 360
214 392
468 337
482 329
333 472
440 102
186 242
281 432
255 35
225 375
51 301
235 242
358 473
302 9
236 444
157 360
253 460
298 371
53 73
397 132
86 386
481 337
122 124
11 262
137 377
179 236
331 41
14 414
423 189
486 168
380 11
472 143
366 485
58 122
254 271
158 456
145 340
316 491
253 267
497 328
64 242
283 176
442 247
289 149
169 218
229 275
270 50
387 201
175 488
260 446
254 429
121 270
261 251
371 438
118 366
108 368
396 34
282 392
393 338
56 71
198 63
465 138
191 468
456 352
150 367
296 216
338 404
8 270
60 99
465 379
247 178
212 74
318 495
333 346
417 63
126 242
232 115
435 91
296 423
290 392
460 446
203 439
61 299
250 211
442 121
151 216
142 41
36 215
62 460
23 221
315 479
447 2
445 47
471 382
126 241
40 113
404 87
238 243
306 465
438 488
204 248
289 89
157 198
158 177
398 219
50 34
388 214
113 497
232 333
427 84
50 358
445 319
62 454
272 183
24 368
468 210
152 80
279 109
286 309
28 289
323 36
102 430
428 63
249 216
152 160
370 28
347 202
9 316
351 409
129 133
343 375
456 449
58 347
156 87
376 196
84 36
467 52
115 187
255 247
259 364
244 407
462 129
297 91
0 323
456 1
228 481
282 151
499 36
123 340
388 7
44 0
404 325
364 363
462 19
236 119
378 73
54 480
72 192
15 204
205 424
258 323
475 285
322 40
233 326
333 297
149 473
298 229
444 53
73 162
133 258
331 161
493 364
56 238
294 417
194 424
99 351
136 452
344 74
400 310
108 77
403 86
315 257
311 201
216 112
370 236
249 201
65 54
292 242
160 474
250 86
437 354
158 349
276 425
236 354
432 28
114 196
453 187
240 282
394 116
204 308
10 116
170 453
48 427
253 314
252 208
414 355
205 41
467 424
278 333
361 203
251 62
249 328
462 56
173 490
150 208
324 229
35 160
440 347
161 83
143 193
401 266
307 57
333 106
291 274
329 111
26 4
184 80
137 275
117 146
206 162
243 268
280 383
230 278
361 220
266 243
9 4
413 167
125 169
443 246
210 268
272 125
57 236
363 457
455 46
60 481
101 162
45 304
82 381
454 127
222 296
300 72
91 232
401 66
164 68
336 196
173 374
110 108
417 231
129 474
307 373
387 190
346 260
141 284
411 280
76 447
371 485
217 229
295 462
382 470
19 459
186 218
179 44
275 296
122 96
321 257
299 281
41 208
492 145
425 35
334 255
241 354
83 206
20 310
133 230
41 403
121 4
48 227
376 300
249 176
433 498
132 70
131 232
229 173
60 123
231 154
360 395
101 324
134 443
25 121
24 119
123 67
294 498
150 172
348 170
21 399
322 281
365 153
178 453
428 94
100 239
134 159
335 461
256 235
208 322
441 282
349 85
83 417
89 143
166 233
485 289
422 187
192 307
260 287
233 222
461 188
200 185
498 447
34 35
209 255
37 243
328 151
420 238
233 411
496 361
150 399
438 481
288 72
211 482
205 400
89 296
481 18
466 141
28 480
87 352
95 238
241 476
214 275
38 161
22 447
199 35
368 24
96 489
472 157
57 159
455 29
399 498
139 288
268 217
70 168
258 207
183 165
293 499
12 397
197 331
218 34
58 248
237 87
96 6
17 61
90 5
4 324
112 490
207 495
15 233
440 129
295 273
124 124
373 440
271 136
22 70
318 490
429 432
438 56
469 25
30 307
131 60
402 386
382 244
329 461
91 249
23 269
245 238
178 499
136 119
189 301
143 158
91 360
268 72
97 381
189 237
149 480
366 172
416 51
365 100
350 245
367 308
46 225
224 112
231 76
377 212
223 273
133 373
445 166
47 253
490 395
375 88
261 140
43 93
194 29
127 408
216 396
473 494
106 114
190 49
262 190
463 420
293 337
3 448
201 90
485 402
343 43
183 360
306 456
485 227
135 352
248 112
458 204
318 73
122 417
107 361
133 236
73 422
222 426
368 76
331 423
318 354
66 174
130 2
229 372
224 115
80 216
272 324
249 390
307 91
304 372
460 414
188 437
215 34
462 410
185 83
437 293
319 4
6 356
80 449
417 87
155 305
481 349
239 428
371 83
455 47
313 175
464 267
153 2
412 179
114 468
113 450
454 404
260 433
234 312
399 340
497 151
352 406
334 331
414 92
491 57
84 221
488 304
158 48
79 494
462 71
373 46
450 75
360 327
139 62
402 95
98 390
296 252
83 451
395 483
392 349
70 238
42 477
377 410
256 201
124 457
3 218
146 497
176 305
367 6
101 167
57 121
373 52
3 205
40 308
157 250
488 433
410 79
342 382
435 287
96 98
169 59
408 451
108 315
321 436
103 475
97 275
327 12
70 322
131 182
432 110
395 140
72 420
302 157
445 266
216 238
149 393
197 385
200 410
198 305
281 374
1 302
166 230
52 328
10 236
199 35
28 294
214 94
252 452
70 368
458 49
294 286
24 460
370 491
149 76
450 68
222 430
12 451
131 389
477 416
304 493
287 28
123 184
136 353
222 227
128 58
344 32
492 274
118 368
445 362
283 267
49 247
51 5
246 61
477 34
28 76
104 133
317 315
169 79
306 305
363 243
275 286
413 60
280 268
482 31
298 77
325 117
475 347
260 228
262 73
149 89
223 290
458 254
333 40
198 479
74 492
130 61
121 201
321 43
74 402
479 304
273 372
71 156
384 248
322 331
421 499
141 471
77 496
388 451
430 411
255 86
148 356
58 385
429 121
23 379
35 3
228 355
11 309
409 151
335 248
99 83
407 108
104 240
192 484
247 492
79 474
331 2