7600
416 87
256 10
386 140
291 389
10 346
133 156
380 493
120 43
74 449
467 270
406 481
449 296
185 56
274 463
387 366
305 259
269 303
444 61
450 8
354 235
243 461
454 488
383 124
425 426
197 457
438 392
41 455
363 239
54 78
297 138
249 442
245 102
164 19
27 41
128 466
427 381
221 372
348 233
12 104
61 125
369 209
16 351
90 410
341 380
370 145
439 138
240 119
490 36
78 256
223 17
251 58
282 2
88 472
429 130
107 100
161 342
194 477
387 177
409 284
281 80
218 279
399 220
257 311
419 389
259 187
245 494
497 10
334 28
10 437
37 115
458 118
95 50
227 152
288 334
415 137
416 70
142 485
148 167
57 251
290 68
414 316
178 388
416 411
348 364
480 278
396 237
287 290
442 343
30 367
4 230
152 297
134 272
292 147
250 283
203 349
17 393
281 117
381 47
411 49
327 81
319 243
33 76
271 106
325 327
410 301
98 329
454 414
413 85
368 246
447 164
57 423
392 316
363 190
239 273
355 126
222 418
494 26
484 107
435 266
419 310
491 197
111 370
455 445
43 25
41 175
98 490
306 450
140 490
116 21
148 379
297 323
349 222
329 144
262 333
143 264
461 181
403 135
432 425
450 358
385 328
318 491
293 483
326 477
350 433
164 294
117 498
220 313
457 466
299 402
166 71
105 295
282 480
405 8
219 66
394 207
50 104
440 213
42 343
276 266
60 392
243 292
105 177
495 315
217 415
486 146
441 236
68 91
100 75
142 473
32 171
275 36
101 82
277 215
333 143
388 53
197 245
274 483
298 302
217 269
416 368
456 204
147 209
285 24
497 99
270 427
463 381
463 398
113 65
60 240
145 299
44 300
283 342
496 319
440 434
154 66
122 356
66 110
134 269
369 203
130 483
364 491
389 445
362 179
271 3
154 423
75 268
462 50
369 211
497 458
376 162
18 151
113 498
268 436
139 247
82 489
480 121
67 298
477 222
225 429
204 100
368 231
281 280
343 330
140 3
165 340
491 17
367 183
472 104
203 487
476 463
85 285
83 309
31 152
433 412
12 108
191 138
270 232
414 472
475 113
305 54
423 140
176 296
252 291
130 0
463 455
92 107
268 48
52 27
439 151
111 338
476 303
35 302
274 98
63 301
355 102
94 368
16 131
274 270
122 268
75 404
363 86
486 19
46 483
134 391
229 337
140 245
399 205
155 27
328 174
128 70
438 35
18 222
345 306
74 292
49 467
405 1
20 412
396 392
283 418
255 382
128 12
69 247
126 379
53 76
146 306
193 33
256 84
390 212
356 453
420 316
169 405
170 326
70 41
459 66
448 353
217 66
313 428
308 138
214 291
97 213
99 360
296 290
354 355
308 38
206 63
320 80
406 375
268 490
408 328
181 227
145 209
489 250
388 310
101 149
363 102
314 198
340 314
169 110
148 47
110 329
261 206
81 430
273 168
496 201
428 181
390 30
280 425
235 232
381 21
123 336
386 244
410 438
400 79
126 79
260 401
107 88
370 22
42 41
242 143
177 390
272 23
448 419
151 405
426 184
20 33
129 401
191 407
338 40
471 92
493 464
404 84
106 100
141 274
270 0
242 384
407 299
70 15
420 355
391 222
107 198
99 412
171 236
128 291
383 9
325 452
36 228
328 81
355 494
494 470
206 477
128 236
103 465
172 199
421 375
73 64
328 380
468 25
168 351
212 97
49 403
131 37
118 437
431 459
281 325
155 425
13 339
304 283
482 117
492 477
393 255
487 418
443 221
72 456
405 463
366 136
173 306
243 497
308 143
320 174
451 442
281 475
111 464
433 438
415 445
53 278
196 160
233 40
348 491
454 305
293 253
411 320
169 466
461 154
180 477
419 281
109 131
448 53
491 220
17 233
11 258
418 70
463 59
402 151
308 311
417 208
380 101
419 328
335 49
379 232
13 15
499 150
203 474
46 299
32 46
304 64
486 396
307 74
225 449
113 210
270 385
338 382
210 151
52 109
341 45
413 431
434 207
181 412
211 137
36 80
496 95
491 340
415 482
284 151
361 492
230 249
131 131
134 68
178 341
239 187
470 371
78 152
416 404
394 112
192 479
74 430
122 188
170 418
69 389
382 306
55 282
265 464
384 186
28 400
439 414
286 119
271 409
166 364
476 39
18 60
342 168
356 444
214 464
354 379
37 283
417 88
52 93
279 35
435 288
203 159
278 226
135 489
353 401
440 301
213 182
350 310
255 55
20 59
290 469
105 226
166 327
420 374
409 70
358 52
211 196
422 61
50 342
95 410
63 256
438 388
198 277
184 140
51 305
127 56
282 193
21 84
458 300
370 293
197 220
416 229
142 409
103 191
101 45
301 198
438 16
293 91
83 489
294 330
386 135
180 273
209 21
321 201
347 168
240 192
421 44
305 8
199 415
460 260
311 152
169 261
204 249
238 314
144 288
275 385
158 31
52 455
9 368
388 373
417 208
252 128
488 190
106 410
170 188
192 66
180 481
231 361
28 384
24 321
206 172
55 151
107 365
85 459
185 468
176 325
453 102
293 280
190 441
481 399
317 213
194 174
387 497
382 277
99 415
440 258
410 157
374 347
307 369
337 459
284 492
446 365
145 89
383 91
342 336
49 216
242 160
157 95
225 130
397 391
2 324
333 337
37 412
281 208
167 344
188 118
483 304
245 486
78 480
168 480
197 420
432 69
165 439
421 442
185 390
66 319
8 187
99 399
459 45
241 232
202 479
283 429
416 37
18 380
361 346
118 186
256 58
349 403
345 273
15 271
442 382
70 81
332 302
348 21
254 292
271 441
371 456
346 406
286 139
337 364
402 499
409 455
210 158
283 259
382 55
438 298
231 176
478 360
233 416
60 178
120 487
296 183
89 343
482 142
358 227
227 171
478 260
271 136
247 189
96 54
205 129
157 386
246 436
352 136
314 480
319 412
95 434
277 467
461 36
116 111
282 319
432 343
331 113
302 203
257 79
60 398
285 314
251 218
206 383
215 455
220 20
307 387
354 167
56 84
48 316
487 172
15 182
295 419
122 198
129 449
200 232
46 42
112 485
220 149
457 318
338 288
175 177
196 145
82 29
197 252
424 130
164 185
456 291
342 460
261 431
163 471
13 461
298 61
63 125
443 19
307 20
49 134
131 334
363 245
350 213
195 413
450 274
418 212
24 406
337 260
231 285
247 352
266 97
74 45
416 329
201 370
4 223
409 250
347 487
201 273
38 197
324 248
312 488
246 242
354 336
122 436
288 437
34 369
266 54
235 109
331 183
258 288
390 335
322 168
293 238
287 375
476 331
171 111
205 288
125 417
353 59
497 99
320 494
400 383
344 86
269 488
276 175
362 380
48 167
257 37
264 193
376 44
8 240
381 47
316 65
125 358
457 22
16 474
209 277
215 268
256 54
81 337
217 385
52 296
333 117
310 161
57 97
190 186
85 65
131 71
429 401
275 108
434 238
367 291
412 143
49 82
419 168
405 483
279 488
105 457
470 464
61 267
453 28
445 103
174 38
292 428
36 455
45 67
211 322
318 412
347 123
143 367
202 118
107 49
358 481
445 64
332 181
209 359
462 285
176 154
83 489
296 320
387 471
294 342
106 450
425 112
331 453
424 69
470 34
367 31
447 180
361 313
24 279
417 70
77 338
327 445
265 12
483 124
318 152
455 129
93 424
230 380
301 277
311 6
37 271
304 178
343 336
116 165
88 219
58 385
330 17
29 385
361 95
99 364
494 31
308 54
435 439
216 390
396 88
360 379
410 285
121 16
181 105
325 237
474 121
138 383
120 304
251 167
384 334
365 351
257 230
169 173
63 44
133 238
117 459
244 345
361 379
485 218
307 394
368 162
397 282
86 6
26 17
203 190
41 410
492 69
94 150
195 161
251 10
321 180
25 221
100 418
136 238
484 437
99 443
77 352
359 496
366 16
206 237
499 69
490 99
249 491
4 437
447 296
476 256
329 120
38 353
443 429
367 26
322 428
132 318
315 399
267 491
80 181
102 473
424 79
422 93
30 174
322 427
35 329
449 151
356 364
145 340
218 300
80 364
183 40
292 212
56 498
31 59
385 136
68 133
226 309
335 490
269 108
437 10
161 304
20 239
431 369
21 166
30 149
42 101
166 213
63 334
245 74
62 94
228 482
292 130
473 306
267 479
489 94
399 56
295 150
20 271
437 78
228 41
495 320
33 270
456 13
87 449
43 53
36 149
132 123
282 180
159 457
51 49
457 149
151 302
74 253
183 23
417 363
183 411
33 412
277 69
18 341
247 364
13 413
37 283
463 497
454 171
72 122
271 6
308 29
134 275
298 234
98 318
81 215
479 281
350 467
160 256
472 220
134 407
190 338
335 23
194 153
128 290
148 118
147 251
26 456
191 282
452 177
392 141
422 33
352 224
480 125
345 13
420 453
291 331
354 463
468 126
268 400
18 96
200 416
225 166
300 226
403 268
409 252
137 148
372 331
308 342
355 352
157 6
337 127
90 300
279 44
444 59
155 47
316 463
481 355
434 41
309 281
385 189
189 70
253 374
216 61
266 62
68 423
51 275
76 257
301 141
200 355
402 246
61 208
415 70
111 42
175 201
391 272
342 412
286 80
494 96
10 355
278 260
35 430
187 329
323 463
318 341
87 23
83 73
143 0
394 499
52 255
379 421
333 295
228 74
170 471
178 222
334 32
462 457
138 221
185 149
490 461
337 3
76 429
281 420
271 72
179 175
96 324
471 58
132 281
105 199
421 154
186 283
92 255
329 148
150 231
44 14
369 492
274 381
154 298
370 55
83 425
101 49
107 31
313 73
272 92
246 270
53 46
153 433
433 146
229 482
348 83
76 273
7 218
16 202
257 161
438 386
287 192
224 392
465 394
486 389
159 89
487 85
18 64
210 141
475 451
387 291
65 324
42 315
17 424
85 58
296 274
319 23
415 83
329 43
432 232
174 168
105 443
7 161
302 123
426 70
361 130
454 165
480 278
202 496
406 497
124 139
163 54
489 443
338 430
15 170
338 122
65 189
202 295
270 424
494 5
487 197
214 208
338 441
437 195
44 393
32 195
249 20
315 47
330 238
260 153
275 345
386 99
246 192
117 88
445 17
66 463
171 432
373 280
327 10
255 310
357 372
244 287
187 106
196 60
65 17
362 457
408 193
385 248
336 154
171 2
466 282
214 237
370 489
351 88
250 197
421 106
394 108
66 166
78 81
98 115
72 143
336 312
412 332
338 222
76 248
382 10
99 394
384 449
389 469
167 235
342 491
99 88
106 88
169 18
133 184
328 119
283 57
241 16
90 195
295 79
441 167
61 30
479 41
362 297
33 368
359 381
322 227
315 311
181 428
465 336
307 166
223 293
161 90
137 316
395 252
271 432
462 337
230 332
130 293
13 444
326 15
242 373
36 148
428 409
245 217
383 393
38 52
494 458
274 200
304 131
415 21
358 75
407 378
23 440
385 389
256 37
262 63
63 350
259 298
15 491
237 4
408 250
60 275
327 402
33 334
355 131
206 449
179 66
358 466
207 54
91 95
10 464
314 353
151 73
417 426
430 18
120 154
281 339
93 180
14 461
92 127
428 222
140 151
117 459
13 498
446 176
492 105
458 456
30 159
85 462
332 299
453 15
206 453
133 86
47 300
279 0
222 492
143 59
18 214
212 112
140 31
488 158
115 133
292 299
261 497
296 377
244 445
398 101
187 303
455 384
384 87
431 86
145 458
172 74
38 163
46 236
395 178
163 35
334 362
359 455
184 447
392 155
108 281
436 143
27 147
234 243
329 263
221 165
91 474
137 245
481 481
12 183
70 228
90 175
483 404
203 301
308 19
152 448
91 416
64 88
183 470
85 150
168 12
486 158
403 111
93 123
159 236
465 457
484 229
486 55
209 467
339 189
137 17
434 343
284 80
402 350
0 467
480 487
145 168
280 466
442 400
137 225
182 101
182 102
9 18
338 168
210 218
88 177
20 199
132 22
224 304
272 34
374 224
245 104
70 371
272 377
102 12
465 261
215 136
154 148
168 224
295 492
21 378
78 383
257 394
50 210
96 481
57 174
278 322
194 302
31 349
213 318
79 133
121 179
179 294
370 128
472 199
78 165
400 494
240 8
70 157
490 290
465 18
341 48
202 243
444 35
353 234
219 158
189 284
430 193
321 220
419 152
318 293
139 349
209 70
80 379
170 279
298 70
470 487
230 491
26 173
259 175
185 231
367 478
171 226
446 297
449 344
490 217
67 119
42 129
361 276
408 122
44 383
370 58
49 15
40 452
479 427
10 299
129 164
242 377
26 301
145 40
258 327
299 487
117 177
305 341
315 330
65 213
123 359
226 287
239 172
451 266
417 219
235 461
190 47
348 330
370 216
396 345
333 128
305 47
240 302
484 111
176 55
266 49
336 300
324 345
111 427
498 276
89 381
428 86
416 280
348 128
473 286
267 96
143 158
312 424
35 383
290 296
197 64
364 409
254 385
313 188
316 217
98 311
397 406
38 26
154 165
452 386
483 480
490 71
495 478
362 303
451 383
447 4
413 1
386 163
351 19
237 199
363 20
278 335
214 112
278 316
202 220
52 82
153 37
16 43
198 148
383 230
234 149
2 330
493 0
19 389
440 197
217 256
444 303
416 347
163 10
230 194
128 217
107 283
178 281
281 123
205 376
377 165
495 291
291 380
269 341
38 163
419 209
365 107
454 215
225 281
327 469
186 308
443 455
88 293
268 121
497 369
386 325
117 374
254 234
75 260
423 375
437 465
424 195
410 302
435 230
51 488
148 262
69 237
383 91
212 9
230 3
181 61
435 117
203 298
410 42
269 130
95 334
381 206
8 371
453 143
131 295
409 4
241 131
222 478
487 476
332 286
347 218
187 13
163 135
29 390
20 73
259 298
357 467
338 140
284 217
13 143
147 267
399 422
253 240
217 473
260 92
310 401
414 459
446 349
239 429
2 327
126 111
78 114
254 335
52 268
411 390
158 417
340 58
151 57
382 445
37 368
121 494
454 200
49 35
316 252
80 141
252 318
432 58
393 183
303 39
429 297
215 215
125 87
496 407
352 276
496 379
225 241
441 469
356 31
284 343
484 172
491 216
274 88
271 275
314 19
168 75
142 96
183 235
494 119
248 32
263 198
440 96
66 488
20 381
76 422
95 156
372 60
149 438
213 498
369 272
347 380
476 37
273 341
461 11
43 267
466 61
157 158
147 258
491 75
498 19
175 68
128 445
383 47
45 129
402 448
180 414
303 101
295 8
20 428
48 108
169 415
74 366
124 178
254 73
92 115
183 252
49 267
166 164
293 432
232 63
329 47
149 413
421 132
413 444
52 293
209 461
327 73
251 135
60 451
66 5
109 152
271 102
266 158
442 289
352 59
107 175
88 33
165 108
404 361
7 78
391 456
29 68
203 218
169 132
138 115
267 88
190 99
258 390
31 456
367 200
375 383
268 326
434 315
29 433
364 338
146 36
104 107
326 27
160 159
126 347
435 150
249 245
135 125
433 7
60 166
401 153
479 435
103 169
454 266
456 484
372 170
278 103
482 328
487 104
303 494
144 465
210 239
216 394
253 345
363 2
155 313
101 116
285 486
252 56
40 91
114 61
16 412
240 392
348 498
493 79
396 151
242 489
383 106
451 459
313 489
154 166
282 468
306 107
163 419
362 411
472 55
319 476
220 488
486 411
342 420
424 331
321 238
344 166
477 56
397 147
313 290
110 52
159 447
218 417
328 175
82 81
57 300
140 402
165 130
50 126
310 360
98 474
141 483
39 295
442 470
261 437
341 108
407 371
288 352
27 126
207 468
268 462
216 116
98 408
387 381
241 149
475 49
32 192
339 468
439 423
212 133
241 200
423 53
258 1
127 64
32 137
99 186
154 153
413 315
49 253
254 152
201 142
186 229
198 85
9 25
159 137
189 73
479 252
253 112
176 237
374 232
418 61
214 326
141 425
30 127
280 42
185 284
365 333
419 371
397 63
52 280
353 56
160 241
206 332
421 414
146 234
295 296
122 417
194 361
341 115
158 224
360 121
306 343
66 225
141 225
357 463
371 193
287 211
395 32
298 493
79 317
465 296
213 375
88 87
202 259
483 429
402 212
55 343
421 209
286 122
437 62
255 144
207 161
45 42
387 454
271 343
139 467
194 236
175 205
464 134
64 230
442 300
143 466
175 350
472 64
126 314
310 261
422 234
128 17
471 467
162 368
187 95
331 154
359 381
15 359
89 175
475 431
398 31
381 471
387 425
239 205
467 366
100 49
418 241
61 80
448 242
337 75
229 135
368 168
27 440
116 236
167 468
0 443
414 417
343 381
439 302
20 434
336 258
351 120
200 254
496 412
340 1
136 333
354 69
10 5
241 233
54 478
421 260
178 54
287 188
490 21
307 226
336 10
482 143
250 188
100 34
35 98
284 440
362 24
381 490
75 224
202 474
234 129
183 475
163 412
285 323
401 153
15 93
88 238
426 349
236 190
289 378
171 123
147 73
63 33
109 28
354 138
120 311
286 89
353 303
478 450
455 139
84 380
118 323
24 24
215 396
126 260
384 4
429 297
182 383
264 344
334 291
454 118
59 454
110 241
43 413
404 88
468 350
173 340
364 438
186 198
310 79
435 313
110 46
430 216
60 145
436 46
16 395
349 391
484 76
489 311
400 27
377 393
233 220
11 403
453 449
381 197
10 263
162 168
385 473
118 92
490 445
192 406
149 6
82 394
205 133
12 423
316 457
178 242
497 401
203 189
386 450
65 84
252 249
222 227
171 137
435 192
98 161
168 479
373 100
85 250
174 431
388 98
192 342
96 66
107 189
491 299
235 346
95 408
136 487
477 169
213 307
321 264
243 311
263 489
91 117
48 349
299 117
312 436
355 491
32 408
59 462
308 375
283 146
133 255
276 419
79 462
226 489
153 400
241 322
439 416
265 332
450 339
127 64
407 114
374 334
297 291
166 433
79 457
65 450
221 64
379 341
331 300
52 457
279 484
400 293
478 218
409 18
82 428
394 389
223 342
133 268
53 20
330 300
102 484
48 395
88 175
328 279
237 419
255 380
26 16
87 156
174 4
284 348
237 108
302 178
446 461
333 436
88 499
483 163
410 42
217 383
163 499
270 45
426 252
268 26
34 304
308 207
56 60
168 92
270 293
254 471
259 68
67 88
103 347
389 402
137 14
365 458
4 152
404 135
13 282
86 173
232 47
107 394
338 288
82 128
451 108
176 336
276 210
409 95
349 380
246 150
108 486
491 111
98 464
246 395
420 112
159 184
430 153
441 267
247 268
228 23
212 198
260 256
351 488
220 169
171 52
391 466
429 279
96 382
129 28
492 194
379 50
55 151
270 161
430 496
372 369
67 10
267 436
276 327
348 470
23 497
315 19
151 266
148 245
125 247
441 129
179 117
120 172
334 234
83 243
112 116
126 307
243 180
359 393
364 19
368 208
227 239
5 184
281 230
477 5
134 406
23 271
443 314
400 495
238 277
393 335
142 351
31 20
413 237
257 242
450 129
368 125
161 30
260 225
230 442
200 90
361 365
31 223
71 304
82 283
119 309
160 327
199 113
351 43
286 465
94 460
437 88
118 315
40 99
393 231
321 271
136 94
169 182
486 19
302 240
402 420
248 273
387 62
458 299
264 90
50 96
184 359
26 487
438 155
386 66
337 332
426 59
241 325
196 95
188 79
0 499
272 90
4 100
399 11
101 462
410 164
375 151
491 447
454 401
319 429
261 192
251 157
334 39
487 492
71 31
382 175
265 423
375 6
18 269
84 275
291 471
475 346
145 18
271 466
247 99
291 90
99 9
400 42
386 434
317 387
414 310
233 199
205 179
301 461
236 223
47 237
435 379
249 22
488 81
180 372
462 87
96 472
366 414
348 349
236 253
415 17
216 3
182 148
461 421
497 335
424 49
428 44
418 360
441 29
401 258
345 121
445 216
130 294
143 312
417 330
347 231
234 332
332 415
336 269
104 294
343 185
81 381
241 124
5 499
257 182
155 259
475 103
249 453
117 457
139 392
475 386
70 338
253 62
331 402
48 441
479 287
168 244
220 60
60 261
295 225
336 169
124 451
256 163
472 373
117 373
259 111
301 445
7 329
83 406
200 338
125 484
80 179
239 146
407 300
377 151
173 203
6 214
377 297
23 262
487 350
313 492
437 98
279 467
373 444
282 362
198 425
104 260
258 278
78 196
347 165
220 308
374 20
170 78
192 103
305 193
185 179
277 119
438 475
419 56
271 163
89 202
314 469
100 193
389 72
89 30
338 89
109 162
240 212
316 131
324 433
464 121
92 362
337 242
150 30
46 108
310 273
95 135
328 476
400 195
225 70
159 342
4 416
480 120
252 96
29 296
270 428
142 494
88 214
97 479
88 90
216 143
278 250
79 311
358 458
28 479
321 83
351 39
160 177
274 332
480 412
340 155
1 250
317 483
314 441
32 414
57 254
357 248
411 187
145 288
119 269
204 26
65 441
470 56
388 225
489 244
400 368
471 182
17 401
343 288
202 183
438 227
327 111
150 147
435 238
359 147
173 54
347 63
119 91
168 318
414 359
228 158
192 314
68 51
339 209
392 263
490 393
356 182
329 317
407 358
5 116
23 266
329 31
474 370
40 301
160 142
152 455
121 240
143 344
405 189
452 482
227 298
332 294
111 435
293 162
130 370
136 151
182 153
376 318
119 8
150 416
223 131
372 155
351 345
34 15
350 257
407 339
133 429
217 91
105 97
467 10
13 236
241 456
274 47
55 117
386 393
24 58
213 109
454 248
116 416
25 341
180 318
99 284
376 313
262 316
179 481
217 230
186 192
92 311
428 312
205 147
205 314
424 81
182 270
39 378
219 150
468 64
349 251
417 67
236 77
58 179
261 415
459 128
439 299
111 51
51 219
34 316
250 256
379 310
40 432
82 270
334 260
363 402
321 35
112 280
460 57
324 23
151 221
21 284
187 442
161 484
301 238
347 47
357 403
335 78
348 398
10 269
23 34
70 373
154 344
254 34
57 466
39 430
66 60
354 412
397 254
344 16
415 50
453 191
121 273
171 140
261 469
4 181
406 284
480 426
460 60
378 86
17 370
282 418
182 83
189 137
5 79
129 34
77 420
193 434
74 199
168 216
249 335
471 24
450 156
68 452
390 411
133 447
217 407
343 415
52 399
331 32
66 57
330 312
247 496
195 23
92 173
361 215
240 341
497 332
136 190
453 66
365 27
286 86
2 82
333 129
162 406
316 16
329 80
76 146
21 428
101 123
339 113
455 462
147 79
121 452
370 283
162 75
161 235
169 449
78 15
422 355
371 92
25 238
236 52
480 101
77 257
371 434
396 416
347 326
130 395
179 468
43 1
236 193
494 57
72 258
113 73
17 346
436 484
37 42
496 172
430 17
451 73
489 301
479 200
95 336
156 109
110 126
172 200
257 199
457 166
239 181
28 70
54 109
151 464
137 443
313 147
220 419
72 116
168 61
249 51
160 264
242 406
106 123
322 414
433 215
248 279
201 24
133 276
93 107
51 285
432 82
1 216
332 5
66 73
476 1
117 316
74 488
111 211
478 32
247 285
416 411
435 495
124 117
77 69
206 217
151 480
196 490
495 152
77 380
233 414
82 405
393 350
62 156
188 357
494 392
303 287
134 411
380 238
159 258
327 457
437 365
356 478
130 485
366 203
469 59
316 99
302 51
59 210
419 216
108 99
386 413
324 411
1 21
131 57
14 161
378 459
437 304
141 86
290 420
331 359
311 259
163 148
358 113
329 222
174 129
42 289
200 60
433 219
276 53
66 65
24 142
298 445
31 461
233 292
151 173
433 65
213 462
75 448
22 423
52 256
45 196
109 446
165 97
3 42
459 293
436 69
14 483
297 86
378 398
71 30
447 30
344 356
156 160
83 420
28 179
375 487
434 74
23 484
379 99
393 26
448 338
174 181
119 462
212 323
205 498
380 136
344 153
313 224
496 1
180 249
236 25
451 407
244 170
122 474
353 123
313 367
400 301
115 339
162 19
369 180
316 368
373 249
474 160
161 38
287 322
347 193
101 376
398 298
125 345
320 372
239 330
131 485
325 491
11 98
278 487
207 232
482 94
107 432
471 308
130 120
314 110
486 330
128 267
464 237
109 105
435 284
269 201
192 418
17 94
434 55
288 147
94 493
426 122
282 201
173 249
359 412
94 487
106 198
435 75
180 70
206 396
449 468
386 476
422 494
401 255
403 208
202 189
163 497
50 480
229 445
210 223
63 440
138 304
379 169
240 425
174 412
380 446
274 123
469 266
22 49
257 371
412 277
126 311
143 76
373 176
399 224
165 83
240 314
484 155
433 119
383 76
374 107
82 263
382 149
198 52
275 256
33 307
471 187
115 159
335 114
339 489
424 86
401 356
11 164
136 237
313 444
403 19
283 187
188 338
390 165
421 238
398 17
204 306
465 369
335 320
309 152
90 26
382 233
250 343
80 246
42 238
257 245
433 446
136 392
409 473
212 378
395 182
488 110
479 99
419 305
309 166
193 80
166 400
243 427
173 268
6 176
421 216
14 263
8 206
180 150
28 417
100 392
2 423
374 440
246 333
499 146
226 407
307 44
472 244
12 403
79 145
213 370
134 0
207 79
229 494
411 387
131 109
384 363
156 485
170 259
405 402
161 21
66 483
228 469
224 390
387 92
463 303
155 101
180 449
295 214
453 262
223 206
422 84
421 108
367 78
332 91
113 272
107 493
314 31
421 335
280 38
193 308
409 95
396 349
63 442
56 191
249 369
305 279
387 171
101 227
318 254
378 285
279 283
314 486
173 445
484 235
44 305
400 177
26 305
99 148
339 442
163 155
435 89
112 468
195 174
281 214
499 366
149 11
497 130
76 464
51 23
180 60
89 95
253 433
81 468
410 352
8 421
362 425
393 295
469 474
40 441
307 102
114 40
170 308
124 463
338 98
158 176
123 19
452 100
68 376
229 33
306 330
255 237
384 168
495 148
89 353
308 35
427 248
57 422
385 450
48 181
357 224
95 59
159 333
209 47
432 227
57 438
27 239
259 312
312 411
117 254
142 254
2 425
347 69
19 411
445 84
160 68
127 154
487 255
154 286
365 197
135 87
178 422
86 15
426 437
44 398
4 43
468 186
255 359
270 167
104 275
343 215
370 116
372 322
460 209
406 26
465 325
247 394
409 143
81 185
83 335
231 125
311 88
447 51
71 418
193 69
137 175
291 36
210 359
68 15
394 170
495 475
221 359
355 94
279 130
317 436
413 363
303 48
452 76
494 102
23 23
50 188
76 160
19 193
209 287
309 88
415 455
166 305
399 136
266 21
457 179
394 83
484 222
298 49
3 288
311 145
185 26
187 213
406 113
252 58
146 467
274 62
367 61
197 441
462 118
149 315
251 272
494 395
296 235
23 145
290 299
178 186
251 327
440 217
275 157
477 193
255 422
335 251
192 474
444 385
200 155
427 94
489 451
38 273
418 286
437 413
99 60
239 115
332 350
360 180
373 460
234 189
440 480
306 69
454 485
140 250
344 7
458 419
44 186
324 497
262 315
227 261
229 362
64 467
147 413
373 276
465 372
352 107
29 258
243 158
408 335
342 235
6 105
143 153
2 50
365 467
80 264
478 93
60 161
75 43
171 59
431 300
408 137
395 135
145 437
124 490
225 405
362 467
472 231
133 5
472 474
238 499
444 405
66 217
112 356
415 493
294 283
272 198
185 54
343 19
9 330
87 467
434 234
317 450
307 258
232 451
302 132
37 323
40 246
454 455
449 4
139 221
419 95
149 264
283 456
138 492
459 293
379 225
27 246
4 49
352 335
319 89
412 154
252 208
163 304
308 206
427 464
59 299
63 198
154 60
52 347
492 292
369 364
110 223
124 397
84 466
55 476
130 403
111 467
271 382
440 126
91 431
231 219
417 2
63 146
493 71
215 467
331 337
413 85
334 293
260 37
366 418
173 315
135 496
231 136
262 406
190 23
243 205
60 421
67 160
84 123
442 413
102 151
236 274
67 367
257 422
340 327
495 123
119 365
353 130
388 202
226 468
173 78
351 469
481 85
60 271
36 417
69 3
277 490
358 157
80 344
24 115
238 272
490 371
1 209
264 343
311 241
172 490
311 337
422 375
146 144
62 483
338 182
173 483
492 115
311 383
498 72
197 187
58 88
149 187
382 411
153 413
403 46
383 177
52 214
211 157
492 51
233 273
108 330
297 258
493 100
25 109
296 491
431 222
261 207
118 81
494 143
189 123
152 250
316 424
82 205
256 27
300 426
257 341
452 260
361 54
15 445
289 386
460 164
371 220
153 221
216 341
465 148
250 258
182 117
174 66
94 116
43 282
124 246
7 152
206 428
373 220
106 74
238 14
87 66
139 109
450 240
240 207
465 267
385 490
409 0
468 411
194 3
101 363
15 318
98 108
328 74
148 471
338 286
204 386
347 425
17 195
403 297
65 258
100 220
72 302
213 9
364 393
256 259
429 466
426 124
198 27
351 107
245 198
84 189
114 450
497 431
80 131
241 252
473 497
299 194
203 397
290 365
124 420
386 399
23 54
433 164
123 73
271 284
473 369
171 207
490 439
423 168
421 70
68 164
358 246
143 219
84 414
334 286
185 61
115 72
236 60
133 48
185 360
81 404
463 158
98 252
272 453
23 21
37 193
291 443
163 248
162 287
73 247
308 496
420 110
170 275
176 8
368 155
411 361
19 301
53 374
327 469
342 326
371 202
146 232
480 163
450 309
408 142
490 375
485 69
344 262
270 7
162 372
233 491
292 73
299 105
426 198
376 126
328 269
353 247
262 326
487 333
327 64
439 396
465 169
431 276
135 161
34 53
44 297
222 119
224 337
35 21
499 3
124 263
10 180
6 477
162 125
189 494
242 489
10 481
257 59
220 441
494 393
42 106
226 391
228 265
286 302
305 115
378 138
318 429
258 240
365 324
170 420
409 55
36 412
471 419
212 145
390 44
150 59
450 433
198 228
31 30
497 336
474 188
470 227
319 292
469 228
149 185
92 139
404 58
330 480
477 227
123 394
305 368
301 126
354 107
137 351
187 237
278 486
65 14
158 248
476 385
70 479
119 125
36 14
346 375
454 218
112 323
191 78
204 270
377 492
195 410
0 367
353 383
249 278
378 271
156 259
239 354
332 78
92 210
85 368
438 438
113 391
469 50
320 305
149 25
288 50
417 345
80 288
418 122
393 181
440 296
2 49
479 179
389 334
54 71
361 326
218 492
395 475
132 39
65 215
117 281
478 353
493 34
9 58
239 411
59 402
304 32
211 61
396 283
207 453
131 450
443 420
247 201
241 338
405 379
13 158
11 23
409 491
402 356
119 418
173 493
25 178
239 477
112 89
394 135
438 319
240 25
227 381
71 487
219 320
478 476
351 232
75 341
197 113
31 477
471 316
346 56
385 348
437 85
73 498
169 331
209 11
244 261
101 288
108 315
143 320
404 86
279 347
460 479
309 476
144 343
400 280
480 490
427 285
135 418
101 0
11 305
418 310
98 255
422 19
191 58
496 66
413 95
427 275
103 225
420 236
368 247
89 320
458 348
266 17
17 445
102 368
30 29
136 21
40 129
39 59
477 232
179 36
311 242
467 106
342 415
162 387
60 210
59 104
121 370
315 177
397 490
371 270
291 428
409 8
419 183
267 448
484 396
138 447
53 296
211 457
344 248
458 225
181 256
126 369
47 302
145 294
64 444
224 16
24 355
390 133
82 443
191 158
105 66
214 329
286 10
258 277
355 483
91 69
438 36
191 218
364 337
282 336
352 428
135 358
492 229
172 25
35 74
492 216
45 492
3 59
336 184
19 113
182 43
80 110
180 121
458 271
107 396
324 92
451 311
40 311
189 295
221 65
281 224
69 65
124 178
362 72
185 313
356 233
196 368
341 436
59 228
125 151
96 18
330 449
113 47
194 222
287 302
378 415
480 420
99 447
371 457
270 313
47 409
129 126
415 95
323 470
473 326
345 448
250 69
468 27
101 363
17 162
77 389
309 247
47 410
367 260
74 418
327 137
115 121
68 308
130 382
209 391
340 104
173 406
285 442
305 494
156 386
127 174
421 86
496 289
49 320
239 215
204 123
96 418
227 319
54 164
408 209
313 115
21 100
42 339
333 158
44 199
373 341
279 24
313 146
467 127
342 214
338 58
476 46
218 286
303 55
117 272
387 211
311 430
121 260
270 353
52 306
148 166
190 277
275 279
407 355
70 242
300 249
148 260
398 129
36 366
490 201
412 153
436 229
489 75
280 409
216 111
277 332
461 216
495 468
175 237
479 402
4 97
357 132
113 152
18 108
309 1
7 8
237 74
1 295
204 78
189 282
466 420
488 318
138 428
17 484
386 314
411 348
480 390
394 121
229 445
299 412
272 390
316 306
101 361
439 318
100 157
430 480
299 66
346 418
402 437
103 363
212 141
383 367
488 44
342 278
42 69
311 141
447 315
176 128
446 400
409 468
300 398
316 339
258 451
241 163
378 12
153 344
211 90
487 389
167 51
472 329
470 61
376 136
264 269
21 405
373 62
460 430
122 25
477 276
291 380
392 218
62 170
112 398
287 126
29 99
428 306
367 354
490 250
19 96
1 106
168 392
175 226
251 480
108 297
177 228
298 252
422 421
171 213
339 386
338 310
116 220
426 118
369 336
432 416
374 240
133 285
363 42
374 308
105 114
195 483
235 134
407 493
206 9
395 79
389 397
470 85
204 358
194 396
165 73
165 478
115 391
434 150
458 478
92 308
143 415
401 139
133 378
239 309
240 191
441 487
72 129
487 411
159 276
201 33
363 176
68 367
17 478
308 354
14 328
243 253
392 158
388 497
306 377
421 128
115 46
27 362
125 187
464 367
400 284
461 17
384 116
446 381
235 402
82 255
8 249
407 177
174 400
130 148
276 332
378 51
413 391
430 258
125 38
174 246
264 377
493 487
368 148
402 440
195 103
205 484
162 203
455 464
112 336
169 85
136 388
131 399
157 401
439 62
308 282
12 114
101 72
73 5
297 322
277 475
312 492
47 482
299 474
162 3
440 411
152 183
83 77
330 283
197 92
227 270
236 6
430 239
96 189
11 3
331 394
386 289
123 143
469 286
141 422
186 131
167 81
10 338
121 102
194 341
463 319
177 273
364 199
388 459
463 461
355 252
393 146
289 93
379 16
291 258
241 20
454 477
315 408
10 464
157 288
459 57
182 120
319 136
96 47
8 60
164 411
57 215
308 57
425 198
456 40
412 216
45 49
310 366
183 360
1 172
229 340
461 460
449 412
311 132
44 397
308 319
386 208
117 217
415 194
86 43
259 223
124 351
217 305
17 434
107 252
93 18
331 188
452 406
390 280
177 263
434 287
495 337
406 320
367 113
156 173
396 305
156 267
424 372
307 226
478 442
312 266
306 423
329 143
275 111
226 72
359 452
141 161
333 206
171 47
220 52
358 179
447 468
193 366
92 223
17 352
118 71
494 330
325 276
387 176
100 101
405 114
127 459
17 399
446 312
365 189
368 19
339 75
441 167
391 32
384 34
105 408
90 354
131 451
479 416
369 370
484 79
390 274
173 463
276 408
97 472
343 493
68 465
133 34
67 361
395 24
284 303
10 352
156 375
143 493
363 135
215 12
138 200
163 105
13 164
136 439
284 462
280 331
365 352
214 413
289 284
440 461
166 425
300 450
443 322
309 295
307 158
358 24
482 298
462 22
313 347
310 450
281 98
302 442
355 498
283 368
330 496
421 75
25 496
170 74
369 320
478 479
356 29
327 337
211 338
37 141
91 24
474 199
141 224
222 277
145 348
196 357
432 327
175 470
44 309
129 197
177 265
146 108
297 385
75 325
466 360
236 112
164 57
133 211
340 305
6 356
213 337
17 202
172 498
307 192
390 68
186 289
397 419
304 184
10 46
406 379
343 328
386 142
205 7
313 371
227 45
235 171
373 293
143 252
444 46
466 450
239 186
105 152
337 488
386 261
140 199
27 144
287 484
343 265
137 344
390 8
179 364
9 477
229 53
451 152
455 25
212 417
422 46
35 169
431 111
310 273
418 423
259 337
103 57
401 103
111 92
456 291
120 143
196 318
322 349
375 499
268 277
324 439
108 190
153 211
336 391
167 463
153 254
311 426
381 108
200 213
356 345
488 8
326 477
326 36
35 1
278 53
492 155
346 454
17 101
344 351
315 354
108 11
290 468
76 272
485 23
368 128
136 193
170 208
244 463
464 349
402 131
287 94
401 395
348 485
336 418
124 44
408 3
323 85
357 198
221 251
379 194
387 442
2 16
331 58
407 99
230 147
93 161
408 369
206 494
265 256
153 395
398 389
474 61
111 74
325 183
377 184
126 57
73 265
323 129
80 256
403 82
95 310
32 496
343 4
112 90
485 108
349 265
178 236
162 176
359 289
474 487
396 237
2 452
433 321
77 177
111 13
176 332
181 58
62 208
150 24
484 27
144 136
224 333
9 323
112 386
225 369
458 438
391 474
295 312
489 324
338 225
57 452
10 366
426 90
114 425
452 76
64 450
136 96
419 140
26 145
366 384
322 104
78 324
488 213
390 225
450 477
281 80
446 360
450 292
69 372
448 417
367 21
117 365
5 3
1 389
273 384
340 219
396 95
161 418
143 384
362 51
131 446
306 495
139 429
301 256
25 208
229 101
318 245
248 199
88 324
60 101
321 213
160 400
318 217
101 321
224 313
111 315
311 207
136 417
26 450
159 289
391 51
296 240
439 209
385 397
498 379
92 445
345 319
388 253
426 15
181 490
157 151
358 292
210 468
271 347
136 88
491 282
22 379
441 288
37 314
45 326
124 35
207 138
243 321
337 447
437 169
172 370
162 95
415 383
230 224
312 186
320 366
98 304
444 343
9 39
217 481
368 54
44 341
163 427
375 287
309 352
222 164
259 333
216 236
461 27
213 298
17 125
281 386
81 115
154 77
58 90
496 371
65 279
206 41
180 80
432 433
98 341
175 6
242 209
236 243
394 55
181 302
188 411
26 462
40 269
211 32
255 450
81 207
248 320
400 140
73 281
474 184
190 171
381 149
245 433
488 117
271 139
402 21
336 459
228 280
312 228
30 291
499 419
92 112
252 99
380 492
29 325
349 355
356 219
4 230
199 453
444 345
218 471
282 346
126 54
282 363
154 438
210 313
277 153
105 302
146 29
206 485
192 175
247 55
285 401
206 103
300 337
160 151
497 19
425 442
157 124
414 208
373 312
317 124
278 150
31 422
260 425
452 237
293 304
205 199
155 430
267 412
63 455
474 279
74 412
36 400
460 231
395 451
427 185
187 213
487 206
483 70
307 247
52 435
487 100
383 109
373 142
449 2
282 288
201 424
176 356
439 237
40 488
25 335
48 320
378 64
134 387
135 361
148 441
394 39
148 135
277 277
131 22
310 227
3 413
121 11
101 31
371 61
248 141
313 248
312 148
35 191
404 446
239 170
209 53
188 133
262 210
232 318
397 394
159 394
406 252
135 133
194 359
352 6
106 442
90 166
209 418
216 125
148 114
167 455
441 209
419 355
25 203
449 3
398 422
174 461
94 156
15 161
19 288
82 367
385 125
395 24
1 95
209 111
67 1
211 376
83 8
63 130
134 109
31 365
326 384
40 58
71 420
60 55
274 91
216 142
18 160
107 112
223 19
373 316
44 142
2 84
66 127
236 418
283 52
436 120
30 109
381 476
383 101
192 441
435 10
170 261
373 453
324 129
445 448
443 197
133 489
116 445
215 200
252 205
325 498
459 41
17 207
308 340
133 253
263 353
114 68
373 285
414 339
287 198
247 359
200 230
28 381
433 168
373 243
94 185
226 50
257 405
98 96
201 418
271 231
300 464
249 237
76 173
223 15
374 215
298 471
204 426
94 326
421 137
174 468
18 15
273 253
349 128
46 371
102 50
366 169
406 254
280 467
482 482
49 3
326 208
134 347
173 30
167 228
48 447
314 342
95 67
47 87
458 296
198 93
262 413
167 64
31 20
354 447
451 13
221 403
251 129
160 207
435 276
223 327
21 484
403 390
477 468
264 450
395 288
201 462
378 9
29 368
316 409
274 383
286 119
248 347
54 37
166 260
88 342
326 389
279 461
430 81
383 109
397 46
9 278
287 98
318 239
1 168
51 134
105 275
475 189
79 206
466 29
223 245
486 406
368 401
482 118
227 150
196 365
495 476
426 57
297 134
302 244
231 298
425 205
395 188
394 400
282 474
219 361
119 5
259 57
175 339
489 241
459 254
230 38
95 306
441 156
253 244
42 95
301 484
172 320
72 196
22 67
280 354
212 93
150 399
91 323
64 326
80 80
118 375
34 163
171 66
310 327
422 424
408 205
25 223
271 433
352 97
304 293
386 484
383 368
191 37
215 326
407 107
335 147
310 377
443 369
196 334
258 254
459 118
194 19
452 336
433 465
111 156
140 89
457 349
386 375
202 0
108 453
101 109
338 443
164 263
97 282
388 360
330 208
227 199
35 376
194 31
187 320
410 305
154 327
54 219
220 393
346 256
217 328
123 299
415 56
338 287
499 12
72 226
277 329
206 299
182 312
132 400
57 221
400 394
114 63
456 455
211 186
14 155
306 429
485 489
128 221
86 175
253 127
308 158
310 30
342 366
118 492
214 326
221 175
91 114
69 187
373 47
54 133
62 239
228 361
82 399
74 208
335 168
179 327
357 495
362 489
481 51
229 332
360 47
14 302
489 451
498 435
68 214
453 53
266 482
381 33
241 348
369 307
486 428
424 400
389 195
246 138
470 222
122 328
130 330
281 136
423 472
186 132
37 492
326 492
25 303
3 60
367 119
399 224
124 354
49 323
313 365
88 148
476 136
466 62
50 458
430 100
232 473
317 117
109 121
276 144
56 486
105 279
356 423
129 5
180 332
198 31
31 346
482 138
200 359
317 448
400 250
223 248
217 484
105 393
37 326
312 381
13 93
368 270
127 369
201 350
381 159
5 251
389 264
123 487
288 441
191 440
40 40
25 267
160 257
435 482
364 49
494 100
370 229
98 214
64 349
8 151
403 297
61 14
353 144
86 36
329 493
34 129
248 369
479 59
41 408
309 414
366 257
486 155
370 236
85 436
440 434
84 94
460 195
339 145
34 165
159 277
407 363
84 193
104 155
416 415
182 145
255 77
233 48
285 241
30 103
37 222
168 470
17 473
119 480
146 356
134 5
368 305
350 393
48 304
220 454
451 464
394 402
450 206
300 127
230 87
162 182
152 119
93 330
311 21
377 64
69 309
114 363
256 289
93 316
270 157
473 313
215 73
280 367
494 18
105 432
114 224
196 267
450 118
139 289
205 113
422 368
232 274
63 388
204 340
497 8
322 326
399 471
338 389
259 31
463 333
409 365
484 429
399 105
246 286
399 38
259 451
77 173
61 491
183 492
1 117
295 181
4 175
416 47
78 342
27 176
393 394
323 289
246 229
16 223
113 345
148 267
441 372
215 78
70 354
324 399
432 423
450 119
166 436
130 367
43 97
491 10
151 288
17 166
241 397
94 33
153 207
79 243
321 94
300 147
398 243
19 124
96 330
118 469
336 114
211 248
110 231
19 54
73 261
11 37
422 166
373 457
200 75
21 305
452 373
469 322
298 202
32 488
457 246
361 150
250 294
377 424
331 213
474 397
286 404
70 337
295 208
284 296
101 347
221 305
479 405
107 190
178 278
24 491
141 487
133 237
162 243
456 11
260 345
249 283
472 46
254 171
467 267
467 390
48 68
325 40
82 27
157 432
423 112
99 182
271 416
160 233
244 285
130 468
103 4
402 379
403 76
195 8
399 370
291 14
54 299
326 116
49 136
248 336
370 324
241 348
433 141
427 253
73 29
385 57
289 29
105 287
295 44
414 152
167 46
345 57
174 73
210 24
360 75
399 458
158 230
371 492
97 443
472 150
60 171
200 357
144 201
245 157
161 292
190 159
217 328
402 36
412 243
318 464
274 124
354 69
62 285
228 77
228 159
182 201
58 140
341 382
391 55
199 86
97 53
233 389
277 166
409 135
451 189
313 79
149 226
11 19
97 63
222 239
292 177
169 257
491 351
258 10
96 383
436 457
198 45
212 21
9 476
17 121
201 460
186 183
202 202
265 49
141 151
180 339
96 433
136 349
359 88
323 394
203 307
353 111
132 254
230 417
38 141
102 99
282 91
293 140
42 337
340 410
250 183
116 21
222 198
286 105
499 434
241 109
72 55
309 446
363 205
198 391
342 254
197 152
145 477
166 343
253 187
370 6
379 355
54 338
443 102
388 340
302 295
202 481
428 226
431 11
254 143
249 130
134 96
425 447
142 279
466 91
98 395
251 188
379 329
283 305
497 174
469 171
153 151
378 171
34 433
428 161
143 140
89 178
477 278
57 14
106 119
366 376
64 56
385 469
126 295
470 21
192 476
127 439
463 345
278 357
19 349
490 59
237 14
292 431
445 66
37 202
78 403
459 255
225 494
290 197
218 203
31 260
51 262
108 159
368 366
216 238
297 239
254 58
489 386
452 46
248 286
190 341
97 326
173 1
50 174
229 463
223 120
383 261
272 126
493 343
433 140
380 61
471 231
469 486
32 460
98 274
115 133
311 288
142 64
238 484
447 192
165 320
81 22
149 400
243 353
345 494
55 176
259 225
211 378
190 81
355 96
229 288
77 322
387 392
377 71
115 477
297 176
199 280
180 378
83 200
46 275
304 429
6 453
331 415
496 218
166 21
309 203
26 247
139 238
309 413
242 368
45 277
409 40
270 96
296 442
217 354
135 194
147 373
289 141
211 478
351 137
341 377
124 160
251 219
484 116
484 412
189 226
118 29
125 99
393 389
95 273
319 110
336 82
223 466
296 477
114 435
164 147
160 307
26 289
257 263
175 10
237 241
123 217
316 355
96 100
374 61
171 43
125 45
12 359
336 201
136 160
308 451
258 300
441 320
83 285
147 198
292 110
327 384
92 415
15 495
56 40
436 241
287 80
439 413
114 151
311 276
79 102
403 471
143 337
474 196
247 78
189 122
358 391
306 16
12 302
343 173
267 420
0 279
44 406
57 440
68 159
261 220
44 147
484 16
65 187
266 311
285 312
55 307
323 143
446 361
386 187
108 141
272 153
411 460
400 316
475 320
41 468
467 89
105 437
124 304
115 170
334 242
49 252
395 389
102 225
264 193
186 341
346 372
333 458
127 258
78 85
406 102
43 471
408 373
177 149
171 385
127 144
396 358
99 29
106 144
337 54
395 370
243 376
334 241
499 428
365 461
416 430
401 271
497 459
460 310
195 26
171 484
194 174
55 67
211 293
347 161
32 401
277 242
336 127
407 463
277 187
117 272
396 45
356 371
33 245
271 317
153 80
254 442
362 347
492 162
323 425
178 192
286 207
334 307
271 122
310 93
366 400
445 279
150 114
359 301
470 183
263 130
425 123
322 370
384 139
64 315
359 207
267 243
50 145
120 453
47 173
73 430
61 265
379 18
320 64
99 90
72 290
266 363
85 349
488 88
255 469
28 53
296 114
260 295
249 198
372 380
162 296
413 445
316 75
139 292
234 136
278 239
454 306
8 44
133 391
212 496
49 240
355 240
388 197
248 467
199 489
137 120
417 213
288 50
194 233
221 280
371 428
86 0
44 325
68 94
91 29
270 280
372 492
42 125
444 112
101 290
410 143
208 238
288 179
265 348
128 482
262 486
486 499
176 201
147 383
412 96
376 90
83 182
159 101
213 125
415 103
98 315
53 177
356 158
7 194
28 121
460 487
339 143
344 298
181 15
464 491
82 94
276 192
293 17
494 288
391 359
174 409
438 342
0 79
125 146
120 7
495 154
297 80
378 334
201 493
484 60
6 17
210 418
287 134
422 3
214 281
190 166
8 388
320 480
127 360
220 297
451 247
179 67
253 100
93 57
469 454
324 430
200 475
110 34
389 488
269 384
50 104
344 312
292 410
271 164
462 271
18 343
410 265
218 197
107 163
469 311
93 428
404 293
327 294
134 366
250 217
173 255
67 153
63 17
34 212
483 186
29 496
113 354
403 291
454 331
495 362
291 424
69 440
86 47
265 249
318 220
476 15
20 491
8 395
459 436
122 42
390 295
1 4
295 4
187 404
119 250
26 34
475 262
309 447
196 61
282 74
441 14
357 110
357 462
398 218
260 317
112 372
376 3
359 113
369 24
126 46
81 488
250 4
451 56
469 411
485 0
366 103
213 279
241 224
442 71
240 491
215 54
57 352
465 92
468 268
315 186
175 94
98 248
156 277
189 401
253 125
229 26
305 120
196 294
217 398
389 490
44 457
309 105
49 454
74 126
313 369
463 389
489 340
469 413
166 497
123 10
37 420
40 204
350 342
241 236
226 68
25 482
439 122
428 335
313 340
209 3
244 478
318 172
437 86
83 140
150 104
24 58
262 187
382 416
152 465
33 475
309 230
204 58
245 249
89 485
340 411
389 299
323 84
170 60
200 261
217 106
164 202
390 241
157 279
244 124
99 161
243 129
187 408
157 299
284 285
196 99
250 476
61 437
497 73
186 83
41 49
252 403
144 206
337 494
118 153
166 433
62 217
477 261
61 101
386 487
86 197
26 434
372 336
409 87
22 221
271 96
351 64
122 375
369 496
1 311
244 487
56 20
281 306
407 33
20 194
244 146
432 458
294 270
209 304
378 56
4 83
499 1
376 355
203 121
284 245
84 57
77 28
186 140
25 210
405 446
92 398
356 1
123 376
181 3
411 332
415 59
412 267
474 415
388 288
385 178
87 173
53 469
461 164
374 240
38 338
236 131
484 482
358 445
300 107
439 391
302 211
330 207
474 214
2 304
334 214
239 387
208 421
437 293
385 169
360 164
147 275
257 96
393 132
239 115
7 193
256 31
90 309
24 438
243 64
130 26
266 429
203 370
15 474
496 492
8 252
27 356
304 156
140 284
399 50
243 231
262 258
68 352
290 204
268 444
322 385
167 251
121 88
415 370
214 136
388 411
119 223
379 267
51 275
325 371
102 302
61 69
273 217
421 481
425 415
153 42
293 247
188 320
42 266
254 103
366 256
479 494
261 485
112 210
81 312
466 438
359 36
253 27
360 132
399 26
420 285
385 52
372 65
331 73
28 266
23 85
79 394
231 2
65 192
4 343
281 146
182 323
350 140
124 287
166 211
348 376
428 86
152 233
158 153
419 483
421 186
80 294
149 352
45 163
7 214
360 401
224 140
133 395
34 427
490 109
485 200
287 338
424 266
419 291
274 434
121 190
485 47
400 53
217 134
200 297
198 76
68 60
307 275
202 201
163 342
42 192
382 148
266 181
472 306
241 37
228 99
146 214
267 65
51 398
47 336
412 251
163 246
373 481
34 471
165 75
267 197
198 207
241 1
160 464
2 213
312 401
467 82
499 311
61 234
423 50
153 109
207 187
20 316
139 80
155 55
104 304
364 274
275 154
471 105
318 435
188 325
407 483
294 7
94 258
160 355
316 17
204 313
129 23
103 225
132 121
425 110
236 236
243 289
246 364
151 214
39 417
400 192
199 298
408 194
401 293
310 68
381 218
93 367
92 362
483 49
11 224
312 261
402 248
464 55
121 149
66 115
159 12
162 466
12 359
4 70
138 265
335 315
182 19
234 429
478 126
202 217
478 489
89 14
422 381
382 53
21 43
408 448
266 180
391 70
141 130
395 396
63 131
151 231
12 97
223 237
454 490
331 277
291 285
18 421
326 65
461 400
200 347
380 369
291 318
448 123
371 432
416 195
278 434
383 67
156 290
132 458
235 110
247 464
237 27
444 265
17 63
263 405
274 69
387 495
118 66
350 187
235 490
276 266
185 13
156 160
118 341
304 140
104 206
85 51
169 193
109 29
435 38
108 224
219 61
479 495
35 189
31 182
300 270
135 160
320 486
179 291
432 290
496 335
239 388
434 433
463 408
446 43
267 398
311 54
402 338
27 291
325 437
59 411
71 125
111 194
338 391
33 143
478 122
10 382
315 217
477 296
339 130
380 424
330 458
296 192
335 84
21 176
87 160
285 80
127 158
401 249
392 465
87 286
168 222
292 449
246 336
466 269
45 437
396 347
391 376
460 44
220 226
386 334
266 159
317 171
272 393
358 70
357 164
239 297
247 25
213 31
300 493
282 180
379 346
74 178
75 270
348 386
72 147
307 234
257 339
84 476
47 30
46 295
92 404
281 285
316 339
184 495
27 469
315 467
497 258
380 241
127 424
72 228
462 200
39 379
355 71
453 475
270 402
158 0
137 363
54 440
287 306
275 91
58 166
424 90
331 407
332 156
384 310
10 404
135 198
269 401
377 490
245 223
75 499
214 255
195 212
18 269
360 334
352 293
235 270
29 128
284 418
229 213
117 168
366 91
493 104
447 488
211 222
73 192
447 138
202 288
409 495
181 221
366 121
391 34
162 454
372 272
486 447
115 453
397 455
60 334
322 242
464 7
51 385
23 389
177 350
345 225
298 86
207 27
413 165
471 450
223 75
22 195
149 209
164 490
324 398
140 76
83 498
383 456
345 134
485 258
483 23
461 182
61 134
151 169
119 474
402 122
317 194
255 276
266 318
216 272
348 442
440 356
312 432
418 175
433 10
33 255
290 269
403 494
15 203
30 54
176 487
181 432
208 345
164 437
209 327
269 232
441 409
193 62
237 105
115 464
219 23
292 0
347 361
65 195
249 362
349 447
231 277
122 383
172 439
118 138
371 233
142 240
302 312
417 336
300 391
414 385
385 371
85 58
253 232
447 2
449 354
131 296
31 180
471 106
244 203
436 90
330 115
279 431
119 484
375 49
434 271
142 142
200 171
404 79
81 306
160 351
499 30
62 144
250 31
86 386
476 494
462 375
306 158
494 93
142 425
196 221
363 428
100 190
270 416
222 356
207 351
234 382
26 58
441 148
34 128
123 28
403 362
20 437
30 61
486 366
88 173
453 34
224 303
219 53
409 346
50 441
176 468
27 284
284 54
183 468
348 319
181 158
95 251
312 54
272 477
2 150
184 360
164 456
9 261
107 383
177 271
239 9
293 205
259 266
87 430
249 294
304 435
39 282
188 251
229 203
354 461
173 231
187 390
151 337
73 49
320 111
120 102
307 59
178 266
196 418
213 117
52 297
431 369
121 91
147 120
433 202
433 1
391 106
296 473
22 395
358 221
323 194
253 330
448 130
48 283
400 144
293 113
335 305
248 225
197 456
158 395
396 482
440 443
268 140
387 88
309 290
336 245
427 132
114 90
225 376
372 15
128 126
431 166
243 463
271 179
427 292
274 281
225 323
315 66
155 493
136 202
299 464
449 472
414 79
455 415
430 140
118 327
345 411
374 401
432 440
232 498
279 359
35 358
425 356
350 350
405 80
396 338
162 56
135 197
113 77
69 90
270 43
454 39
292 467
408 181
179 76
436 140
499 310
167 323
25 276
208 369
59 430
339 104
154 221
150 474
417 119
162 71
110 39
6 469
2 254
331 414
407 33
343 267
442 406
34 362
83 467
250 242
346 142
216 89
415 352
471 366
438 332
223 486
455 400
155 230
496 309
342 486
105 403
161 37
400 399
366 195
437 335
478 468
57 136
340 46
264 325
9 312
150 54
455 233
315 457
266 462
300 311
67 108
145 405
156 80
128 397
233 22
491 65
53 63
109 400
225 394
58 225
280 235
468 208
165 235
49 283
446 431
391 349
106 365
446 388
286 262
284 74
491 371
434 127
28 45
291 395
120 105
340 201
409 400
487 160
295 426
209 36
237 242
459 100
340 343
105 405
479 126
497 242
221 323
220 283
30 101
207 11
64 3
255 399
60 325
251 243
131 207
301 460
412 369
64 261
166 252
231 22
264 498
321 80
216 337
439 41
404 246
101 498
397 468
293 357
452 309
17 396
208 435
156 318
79 120
224 221
243 98
96 455
388 359
196 417
310 104
202 487
485 214
34 304
161 383
44 179
75 465
400 61
380 283
403 57
278 311
409 479
287 373
232 5
274 175
131 280
268 436
2 333
137 105
340 36
215 150
115 385
446 290
425 16
425 178
490 328
160 203
76 251
257 447
474 160
292 383
172 105
290 60
166 174
211 428
78 358
243 278
421 46
62 42
220 346
27 487
42 62
314 187
486 470
482 423
158 312
417 274
187 330
5 207
487 205
63 68
346 418
464 307
349 119
318 378
217 421
484 345
384 111
81 298
221 370
182 415
189 379
62 451
10 376
81 67
135 350
268 497
304 333
453 84
462 5
426 271
468 31
142 410
60 352
74 75
490 133
13 108
411 31
408 427
494 273
123 341
338 481
314 243
327 494
499 119
242 141
172 278
188 210
414 166
241 101
234 340
448 231
263 99
26 211
485 23
216 20
1 460
204 407
253 168
287 383
377 253
383 382
444 401
68 423
24 359
51 309
393 259
358 352
63 8
383 385
257 400
361 99
358 111
279 417
152 112
217 418
300 29
431 100
23 245
456 499
160 400
159 7
359 53
413 369
106 275
175 296
248 364
327 388
157 106
218 106
24 310
339 287
387 325
422 122
121 263
163 378
237 282
187 174
43 97
224 101
397 2
218 251
140 497
104 45
151 297
107 174
462 175
352 299
421 201
316 274
4 395
29 331
5 242
191 216
169 401
403 415
166 419
416 121
166 158
456 20
47 317
344 415
66 361
62 49
175 340
235 231
62 180
422 116
332 68
469 113
380 354
273 224
345 46
205 189
210 11
180 13
280 109
470 376
425 347
39 384
115 101
133 274
390 178
98 55
20 74
428 419
143 400
446 201
243 488
351 3
368 453
62 31
259 149
348 384
268 37
138 387
13 384
414 123
178 255
181 12
431 50
450 462
15 426
414 248
252 258
63 265
148 472
473 477
361 407
444 321
60 130
366 434
409 425
180 132
496 87
137 214
176 427
205 439
188 191
302 119
236 292
264 365
343 236
495 238
411 56
38 292
226 472
249 404
388 488
75 282
496 384
163 65
356 24
67 368
487 44
336 369
87 75
311 453
191 430
486 307
99 102
426 25
281 177
165 176
458 22
406 93
10 306
330 70
438 366
411 397
119 278
205 99
52 206
488 17
176 95
50 326
351 127
304 476
4 485
7 322
267 314
120 265
335 277
495 302
200 126
256 258
210 171
377 461
330 262
210 365
191 358
485 260
88 395
232 142
464 93
407 91
356 83
212 380
182 44
22 207
318 234
405 278
91 28
142 134
351 422
132 352
112 395
142 118
260 201
146 226
317 76
159 405
285 25
69 371
430 468
54 91
221 248
276 312
446 313
87 419
123 150
45 219
189 236
289 187
413 449
25 435
340 82
107 36
407 478
446 29
472 190
438 352
164 194
359 67
338 111
261 446
17 461
197 158
197 207
8 338
273 462
44 386
422 466
444 3
32 182
372 242
94 5
51 162
229 259
222 410
208 419
381 335
493 225
284 430
269 190
152 293
179 394
360 48
51 453
135 156
398 436
293 359
22 493
104 344
106 103
375 326
161 314
391 256
38 6
196 176
321 307
54 200
248 0
453 266
423 151
87 441
300 173
18 232
76 174
130 122
300 34
348 5
261 313
319 92
268 299
459 15
215 89
441 365
131 315
467 246
187 406
80 54
287 340
14 98
221 215
102 496
1 21
335 302
394 114
266 6
22 14
455 77
442 89
405 396
495 73
480 224
130 182
374 60
10 417
485 241
237 231
105 87
389 239
353 292
298 284
150 119
196 172
114 106
354 490
64 19
95 349
384 396
308 225
495 258
499 318
402 480
419 237
328 7
151 308
444 33
5 449
474 95
53 201
44 88
459 407
257 460
356 54
279 493
251 16
186 274
106 103
192 88
447 25
186 20
405 98
400 482
429 410
464 374
462 482
390 8
468 273
327 499
492 176
192 458
85 95
50 378
467 191
217 242
114 266
365 255
237 20
430 117
491 167
1 394
254 305
78 243
94 222
398 257
67 86
34 442
321 152
344 436
179 140
406 413
168 145
17 123
240 257
276 300
46 83
240 278
373 301
23 170
427 468
406 274
216 495
499 440
377 389
381 343
108 408
405 288
263 128
386 275
75 356
439 14
144 473
274 180
350 18
486 150
276 130
477 392
185 344
234 476
172 414
174 115
255 280
409 431
206 371
227 147
161 133
107 166
198 306
324 233
235 49
31 162
406 363
208 8
484 91
357 442
409 156
437 383
315 165
36 198
345 373
7 115
281 6
164 466
51 480
381 340
2 139
2 412
420 261
204 210
4 256
413 62
445 414
431 202
252 112
486 319
434 97
455 345
311 215
47 472
312 214
353 428
340 167
428 356
418 112
369 132
46 423
189 134
188 492
456 120
439 440
389 442
287 225
292 196
168 450
165 340
120 333
0 18
226 313
425 280
412 145
420 294
280 311
155 109
229 468
260 111
54 20
97 149
198 193
144 389
81 366
199 161
31 202
15 51
331 258
255 440
87 96
407 175
284 367
336 62
25 365
237 448
98 79
125 334
75 148
14 121
282 157
359 66
117 313
423 226
18 301
397 178
205 105
325 156
70 341
206 13
461 95
27 295
481 411
59 152
125 57
214 74
492 407
220 425
151 461
262 144
174 21
127 11
167 380
221 452
465 89
37 280
427 278
190 64
68 409
466 249
175 193
452 180
457 19
481 172
168 460
481 243
107 195
427 460
264 126
216 0
132 81
360 253
169 60
469 402
151 237
282 435
467 179
198 234
258 276
236 31
127 279
474 69
30 234
360 253
253 146
228 76
181 386
446 440
342 350
439 267
54 345
24 221
307 373
149 75
458 66
197 237
158 85
319 23
276 40
187 180
108 29
267 415
207 290
492 65
184 49
394 432
5 238
111 271
346 313
231 112
201 156
242 428
451 360
400 61
93 227
108 439
206 54
196 228
293 413
462 188
120 478
68 357
480 478
291 32
144 326
334 22
450 198
410 76
490 253
480 310
102 83
489 440
168 308
74 185
374 462
292 36
245 346
324 360
392 225
403 467
489 389
439 238
166 291
44 349
11 156
92 376
317 113
274 81
267 485
299 348
236 493
191 443
156 334
59 16
335 400
289 315
405 325
468 80
429 71
80 13
241 441
406 172
253 58
396 180
380 372
217 47
491 117
451 409
277 147
47 362
29 112
437 189
269 434
358 258
271 51
492 438
110 364
423 250
431 215
440 171
218 311
280 157
66 209
208 231
446 343
308 108
149 327
262 97
355 270
321 472
262 478
343 165
416 224
439 266
437 199
10 231
389 7
217 291
374 307
3 277
237 172
0 311
408 386
9 114
438 264
242 330
348 200
424 85
203 264
315 215
447 492
0 325
468 188
495 69
346 195
219 350
13 436
322 219
185 274
38 331
14 123
323 132
70 362
478 247
463 125
118 293
470 262
450 470
39 291
338 445
148 237
173 57
129 161
435 496
179 314
438 325
310 45
407 113
213 232
357 237
382 28
290 327
297 205
496 240
37 336
426 186
243 185
199 99
447 372
39 134
312 479
24 329
442 474
206 432
21 155
183 63
243 256
461 325
65 40
229 309
495 103
140 155
106 90
315 339
326 54
33 354
183 490
464 409
193 477
485 170
85 215
471 168
346 328
221 284
93 411
366 302
457 88
30 7
198 415
469 345
199 376
366 354
116 234
212 330
352 309
24 197
217 438
118 347
131 63
327 339
141 76
16 193
52 450
366 47
392 251
127 187
394 444
30 346
176 10
171 242
291 29
319 196
395 361
276 437
129 379
455 103
297 122
425 472
371 201
452 143
182 263
59 432
278 428
290 90
184 306
187 462
10 328
189 6
296 405
136 465
421 277
251 92
416 70
271 176
319 287
402 76
8 354
282 314
404 138
296 73
35 440
268 484
342 45
302 309
275 490
267 439
383 48
118 19
47 299
438 389
317 219
73 340
154 177
315 207
280 410
351 112
448 167
64 471
281 290
281 367
158 408
456 400
271 41
340 74
315 319
38 278
470 133
310 463
170 477
387 478
442 451
470 90
414 390
32 35
402 195
103 165
66 60
453 411
337 189
8 145
423 152
137 398
361 245
222 300
130 32
335 462
404 72
314 305
340 318
13 198
364 94
6 468
231 282
471 459
104 68
73 332
230 379
125 62
214 92
476 199
13 344
268 311
468 418
236 434
133 309
255 102
422 349
483 262
221 154
74 454
286 326
57 499
62 369
461 34
234 276
121 289
100 247
17 241
176 68
229 254
208 309
158 485
247 482
488 141
447 320
498 63
62 86
307 56
90 124
253 268
409 176
276 226
467 9
429 293
399 143
304 11
348 459
442 314
307 447
267 430
493 255
193 266
174 408
384 0
120 116
293 137
363 29
390 421
66 183
326 171
182 466
425 131
445 30
477 219
150 253
360 97
363 495
403 405
405 389
5 140
129 377
406 150
423 345
28 148
319 490
456 206
337 2
384 233
453 135
240 362
311 455
450 452
357 26
415 206
346 114
491 420
423 475
320 249
397 346
336 200
407 216
70 144
230 96
83 455
169 35
490 323
127 480
6 292
498 484
450 421
193 196
24 441
42 468
315 344
397 439
8 3
0 304
400 78
33 230
117 484
159 54
34 107
399 287
123 392
165 250
446 74
15 359
179 322
167 410
349 346
350 416
220 357
436 202
432 472
308 321
376 49
8 468
107 262
155 259
9 230
304 320
31 308
130 172
82 211
409 149
417 283
493 259
461 137
110 281
102 245
146 270
238 330
93 154
266 197
428 100
420 275
435 84
108 304
367 418
419 42
326 276
388 337
326 319
100 349
447 288
59 54
385 93
100 149
347 330
430 366
493 275
211 350
6 281
51 320
362 373
150 470
159 188
359 38
239 486
274 311
366 186
132 333
483 251
433 84
302 182
457 363
65 147
428 168
340 72
445 479
302 203
243 447
485 461
447 103
414 225
263 74
407 280
383 247
183 242
424 316
31 485
133 233
254 97
21 61
393 94
149 318
266 195
156 393
496 251
328 456
30 262
395 92
191 289
384 278
447 375
360 160
394 330
279 493
407 148
94 300
119 152
347 244
137 385
136 355
163 485
247 465
409 193
335 142
273 100
475 219
379 72
402 188
33 273
273 182
334 440
444 220
464 453
190 291
499 453
290 179
144 162
208 37
32 405
5 43
262 157
81 333
21 141
267 483
17 54
347 392
112 204
9 291
435 428
233 200
379 286
300 23
413 375
280 8
51 297
306 137
322 313
307 387
222 195
102 426
318 92
296 449
92 283
63 305
5 379
17 297
172 236
111 318
326 437
234 243
233 378
43 40
427 407
103 202
128 150
242 205
6 447
82 390
195 450
182 145
442 53
289 199
369 115
52 253
348 196
426 139
31 433
193 321
24 311
461 296
353 152
451 55
297 211
13 33
179 492
397 195
247 473
440 39
292 116
164 345
336 492
278 90
412 367
178 471
267 436
440 491
398 472
35 244
277 195
188 48
96 308
134 85
124 343
311 74
271 268
113 476
418 107
327 391
362 182
470 5
497 481
305 411
155 395
91 340
388 284
445 131
68 484
179 79
5 45
165 343
319 129
236 130
21 89
272 63
421 235
68 242
5 270
165 225
65 12
149 108
91 306
142 94
25 12
409 322
165 382
11 74
57 336
277 100
15 78
166 49
144 436
206 86
312 1
14 224
184 377
35 15
109 128
140 178
0 486
368 401
327 17
205 232
332 384
463 482
384 347
136 481
67 28
381 194
418 379
109 247
262 455
83 144
322 223
209 75
476 174
43 430
162 303
188 248
231 494
193 3
484 115
495 181
376 403
283 228
476 146
453 244
388 238
314 36
463 211
237 23
305 291
447 281
29 467
313 487
490 112
79 359
40 326
81 426
155 268
415 364
108 131
221 368
257 349
412 35
411 72
364 149
282 216
36 163
150 312
276 201
60 492
170 208
134 453
221 251
468 141
272 136
357 428
277 346
381 466
38 41
191 292
361 254
269 473
137 397
98 419
263 266
474 11
464 433
37 460
102 185
174 357
285 374
72 383
349 415
456 454
98 239
346 499
473 311
60 115
387 462
228 11
22 150
436 54
15 486
23 473
182 117
343 49
432 467
234 416
370 133
373 191
190 320
132 219
186 15
330 192
203 73
224 58
113 77
415 160
485 128