7900
76 262
109 466
429 359
309 316
228 460
87 292
143 417
439 435
7 192
489 479
85 360
326 48
193 228
108 305
134 317
79 206
172 211
422 188
356 453
413 232
24 437
354 1
288 20
212 293
272 147
8 53
102 358
438 334
491 147
465 398
104 126
189 44
85 128
81 111
195 441
378 347
348 72
92 85
378 488
136 156
209 3
213 144
330 163
311 3
402 322
300 128
24 6
487 489
452 109
51 68
415 148
220 281
366 115
104 312
468 245
100 240
236 29
45 313
316 418
92 208
336 218
77 244
233 360
470 64
484 186
186 373
6 400
367 406
70 373
470 471
63 390
271 70
235 151
422 316
24 403
122 14
259 212
73 51
115 344
382 395
120 451
351 68
326 126
351 71
394 248
138 321
243 310
313 410
226 478
382 235
102 103
315 356
407 361
57 240
487 374
177 440
360 107
86 381
452 39
287 437
259 346
8 426
188 354
333 322
57 266
369 67
423 159
372 37
129 182
408 430
222 117
76 85
466 434
325 162
100 270
117 113
391 211
65 125
447 79
197 250
317 357
368 67
456 92
126 241
23 85
202 386
472 97
383 279
293 290
61 209
174 393
456 30
7 65
496 22
124 307
16 193
112 442
386 384
125 68
6 13
399 0
97 60
191 223
366 481
42 485
230 279
161 216
281 187
61 20
327 129
322 185
479 195
80 287
207 366
231 205
58 213
126 482
58 155
488 317
302 276
55 30
246 33
72 68
88 379
8 485
170 268
463 183
322 2
220 43
101 29
95 451
433 159
166 221
38 343
119 155
185 193
226 26
94 284
163 150
135 183
451 172
207 157
159 266
310 29
58 379
182 263
422 5
226 468
311 88
243 265
310 431
457 281
65 36
38 404
87 228
252 173
182 390
156 459
488 342
73 318
81 399
404 256
224 3
444 483
100 387
170 39
320 410
298 128
32 237
466 336
361 471
361 70
30 43
237 369
188 370
121 163
271 121
125 378
361 347
234 421
460 461
371 405
385 133
370 21
357 269
240 188
259 218
113 453
174 141
11 203
366 362
484 485
363 137
484 461
234 76
37 218
475 194
327 260
281 360
129 50
238 490
60 221
174 497
138 173
376 349
63 2
487 94
231 399
212 202
278 67
286 446
141 315
427 113
474 320
370 60
50 455
177 109
458 110
135 351
52 97
99 364
458 116
367 438
140 42
109 80
26 418
85 395
361 19
340 364
424 335
142 62
23 326
288 319
23 482
79 275
139 75
43 30
468 450
492 411
491 460
378 101
349 369
389 315
179 210
397 229
143 455
133 39
359 167
149 421
196 382
309 80
110 188
138 353
116 430
390 130
231 107
476 120
435 80
290 217
446 466
273 187
79 442
109 406
327 438
172 110
190 375
63 481
334 152
434 201
331 450
409 324
296 415
495 238
455 83
49 138
177 254
196 174
80 256
194 157
267 407
134 366
200 309
461 198
251 386
189 395
71 435
350 98
188 367
302 345
335 496
250 351
377 365
121 298
307 457
216 168
386 74
235 350
400 86
473 196
443 152
87 162
112 366
85 437
134 301
149 387
90 322
187 399
49 467
424 308
328 356
282 140
342 215
153 17
65 243
247 126
140 360
226 334
123 253
406 311
50 109
431 55
306 140
107 470
279 207
63 31
23 459
174 345
214 217
460 180
306 279
491 207
393 299
404 217
380 368
478 310
217 430
422 261
232 375
82 29
412 363
322 145
342 287
4 349
29 408
39 465
24 187
338 30
99 270
138 242
52 331
113 468
230 121
496 35
416 314
177 78
75 328
115 351
52 269
177 471
436 433
473 216
98 313
83 311
54 197
380 73
42 458
80 493
28 124
438 428
7 444
124 467
318 434
204 91
63 223
156 381
450 351
164 129
441 48
98 99
25 347
305 478
472 67
191 237
166 352
297 481
448 25
459 273
365 118
341 163
397 428
279 498
479 347
395 296
395 272
119 345
324 420
339 277
14 296
0 382
363 180
205 149
423 311
430 17
180 288
68 271
121 77
424 347
143 453
225 172
17 391
163 197
474 193
341 3
237 340
21 342
491 101
264 78
95 414
54 194
318 128
205 122
322 291
244 482
154 317
208 322
19 23
69 224
79 345
185 410
252 316
417 58
489 96
362 182
228 84
64 417
391 398
190 270
252 213
31 286
460 258
133 91
315 479
176 202
113 394
211 362
420 217
165 480
14 409
346 28
445 95
493 410
32 336
402 35
174 136
394 433
24 134
466 380
434 340
86 142
356 399
117 149
482 277
38 282
310 496
443 384
147 107
296 437
324 179
316 198
483 350
485 62
294 7
199 303
445 229
128 138
287 302
431 97
232 269
118 469
206 394
2 413
202 205
236 150
200 27
377 52
467 183
42 214
17 113
342 94
232 315
469 323
420 371
493 252
73 152
47 463
376 279
336 401
403 79
458 73
477 103
138 187
254 444
58 180
126 271
438 252
75 358
82 259
11 496
0 75
390 85
216 399
300 266
197 405
478 203
158 155
195 455
252 296
477 449
72 162
414 103
314 11
122 490
338 248
323 486
423 190
90 65
331 491
396 242
446 381
36 374
182 104
253 231
180 434
96 82
185 253
116 362
204 351
99 90
76 42
233 274
339 499
491 175
417 23
404 387
114 363
320 292
376 296
230 425
7 408
13 178
40 44
396 481
72 245
139 347
474 148
148 224
399 165
40 491
230 317
32 444
89 344
492 204
129 317
225 222
252 136
33 91
72 145
390 281
128 144
293 381
106 454
120 293
136 357
174 160
457 366
63 59
115 398
215 55
130 245
233 292
383 382
27 118
399 456
100 269
151 28
334 245
390 109
318 306
467 26
393 493
404 276
174 308
363 19
116 241
33 493
376 202
320 417
373 255
25 220
100 325
71 28
489 434
241 461
340 307
152 60
188 233
393 56
428 362
455 256
250 396
98 488
405 478
233 271
491 130
456 110
138 443
229 27
340 479
287 322
234 180
265 439
348 422
136 158
415 128
24 91
80 17
495 475
246 337
468 228
339 89
384 276
303 329
309 113
288 495
176 448
239 22
297 441
452 439
67 433
377 367
236 444
271 309
146 231
311 17
458 466
242 150
332 194
159 397
393 493
441 447
322 421
362 180
120 119
404 166
385 39
483 281
90 121
352 106
475 89
55 164
166 433
479 150
47 350
343 139
438 292
213 284
317 260
379 428
94 289
180 136
417 480
453 16
122 360
449 306
322 98
383 356
358 340
191 363
2 258
50 34
171 440
53 116
396 340
129 284
420 490
322 161
177 190
50 276
434 300
398 351
59 108
448 281
496 418
28 139
174 350
291 430
46 197
37 196
480 442
285 18
179 401
443 459
87 209
9 493
196 373
481 259
392 255
25 430
421 389
239 53
484 447
144 382
78 382
177 33
403 411
164 462
273 83
144 107
100 213
86 153
264 148
255 420
350 156
397 281
186 271
71 137
371 170
405 215
101 302
213 82
396 4
439 377
484 169
234 83
88 436
84 321
241 352
9 339
472 443
66 406
395 159
181 137
205 267
421 86
20 306
310 134
11 416
438 250
333 347
283 172
345 274
126 219
410 86
381 135
394 383
394 448
437 141
260 427
14 142
448 181
315 386
303 259
361 178
25 241
265 46
320 308
379 111
49 447
434 290
25 431
379 180
322 419
346 168
311 82
116 212
99 259
370 283
462 402
495 231
278 487
148 112
223 450
397 379
169 273
56 184
364 194
465 287
455 38
473 312
376 266
26 89
372 475
229 248
480 186
26 76
189 110
60 26
405 264
389 310
494 75
121 445
232 210
249 439
103 40
306 74
163 479
307 184
433 387
74 388
317 413
375 100
126 358
122 435
97 383
458 364
309 443
154 432
371 394
434 255
329 474
305 92
277 492
231 464
353 210
475 305
257 170
380 350
137 235
119 2
218 87
30 429
213 28
274 184
439 436
262 60
152 268
112 68
32 429
491 196
353 237
407 318
20 111
198 287
142 10
97 169
99 360
240 127
164 164
101 366
426 455
76 363
431 431
212 188
236 316
53 56
374 90
53 313
452 395
257 251
273 94
307 354
333 224
388 399
118 497
305 489
353 44
327 381
421 136
304 40
96 158
248 358
171 322
69 153
256 475
422 326
32 29
253 229
480 366
215 142
483 98
495 20
401 336
325 322
214 323
333 129
339 162
337 433
86 362
338 406
233 342
372 260
341 117
483 477
119 173
272 51
423 103
291 119
293 325
0 468
450 360
22 185
118 289
4 359
118 204
398 342
454 351
468 270
248 147
320 304
207 219
174 444
63 130
307 466
434 357
217 159
344 236
26 91
303 462
18 382
224 421
124 417
39 30
177 444
100 139
359 349
294 307
438 33
351 357
66 97
257 138
374 135
79 101
416 252
134 382
303 434
203 210
240 279
223 243
234 269
119 324
131 93
479 413
122 421
19 182
320 41
176 276
229 195
447 255
489 145
432 434
144 144
423 135
230 385
6 147
323 465
410 477
242 306
80 241
424 365
406 451
227 244
291 434
42 308
306 91
25 31
176 238
225 169
406 451
450 308
125 265
242 273
432 35
129 485
350 12
463 53
149 108
394 42
202 293
236 436
320 8
98 261
282 496
299 324
484 41
306 250
375 109
496 48
385 159
171 125
30 87
195 486
380 32
325 442
378 83
443 61
174 198
46 42
366 456
349 346
448 350
311 155
56 175
335 307
433 441
381 358
197 315
347 428
370 77
12 172
85 249
299 456
498 111
420 346
44 216
418 269
277 492
167 229
388 333
126 2
213 321
137 359
288 410
487 336
361 158
259 352
160 446
58 59
405 10
226 478
99 449
293 496
77 376
61 312
167 465
139 188
399 380
290 128
464 187
346 129
481 325
124 105
164 141
151 182
12 421
222 229
77 111
488 367
180 154
472 401
441 347
227 111
239 341
28 369
498 203
29 374
332 480
473 153
187 348
122 477
58 51
162 344
212 488
142 2
404 244
91 466
77 197
38 170
39 316
372 67
293 37
369 253
258 125
326 195
24 297
348 448
144 82
422 362
217 208
452 65
383 121
170 395
417 461
129 209
276 456
346 353
106 69
47 67
114 216
13 225
173 138
73 361
224 169
378 495
412 441
414 182
78 296
109 84
293 495
304 90
444 421
343 2
421 402
119 242
467 36
26 132
494 492
161 99
447 70
11 391
74 211
359 277
361 4
351 468
59 7
428 7
9 355
257 123
365 431
319 376
9 332
176 345
297 355
425 190
81 96
307 288
65 7
11 167
487 278
137 363
370 46
253 418
41 232
163 11
239 407
91 334
179 100
455 120
310 328
424 232
372 391
399 232
399 437
68 262
125 238
285 205
123 348
80 390
401 165
424 95
429 493
93 367
487 460
289 401
485 297
41 65
297 358
147 440
54 48
287 215
273 180
380 424
314 396
413 460
407 68
61 189
57 188
148 6
407 44
194 289
355 245
103 235
27 4
53 250
318 81
113 192
468 91
339 493
305 282
202 253
442 212
252 115
122 351
248 401
42 381
126 442
177 249
254 81
184 204
137 159
203 2
93 251
96 171
305 432
37 402
466 8
475 332
183 219
472 97
331 431
373 366
116 309
243 402
458 222
381 427
429 96
199 436
107 374
306 295
49 412
272 196
28 368
87 248
197 63
495 411
129 380
42 220
123 245
467 285
212 81
29 200
136 141
367 228
24 95
360 25
221 425
293 484
84 249
313 232
143 282
14 160
232 273
370 56
341 355
289 190
242 405
398 170
399 231
326 265
291 275
200 38
23 12
114 346
78 107
241 279
291 222
347 256
164 23
231 69
111 6
411 372
42 354
85 162
427 293
420 263
154 218
83 473
319 177
284 197
328 397
471 378
486 119
142 170
240 150
8 225
97 351
57 272
434 140
285 142
258 361
432 206
179 412
441 15
64 498
247 77
455 392
363 219
389 441
92 5
231 481
333 452
224 180
320 390
385 158
372 458
164 495
407 304
171 195
193 348
425 235
127 440
11 233
174 490
347 401
382 118
423 430
111 67
458 147
158 283
241 195
190 382
186 257
452 449
149 357
444 497
290 426
159 71
413 301
202 186
156 112
43 437
4 79
79 6
141 462
9 237
471 235
492 199
148 157
366 297
294 297
224 310
233 84
386 235
421 498
110 440
377 78
9 5
11 382
196 88
177 5
240 206
257 148
157 84
381 258
407 375
185 176
112 483
219 270
268 350
291 492
422 379
236 168
402 432
372 100
105 451
9 50
50 345
429 266
376 208
83 163
191 284
119 121
391 303
154 338
331 12
243 297
465 105
37 479
79 220
171 262
312 184
381 32
298 214
422 163
326 27
311 358
331 369
172 282
121 222
86 178
475 304
409 329
309 293
365 299
61 388
425 36
68 225
439 158
321 218
97 214
424 499
220 408
43 255
329 393
423 164
320 416
245 399
44 81
232 406
295 409
297 293
370 72
230 217
435 162
376 404
255 33
293 152
407 476
221 336
352 88
4 144
395 24
106 102
8 439
348 338
484 155
227 145
362 354
16 310
66 150
35 244
396 321
149 328
17 155
244 370
367 221
246 100
54 262
202 352
190 63
70 50
48 26
381 150
460 410
412 397
494 378
199 447
128 390
46 201
423 145
366 142
94 290
405 464
316 149
64 107
9 359
385 134
284 409
172 118
368 96
474 84
32 362
104 26
79 160
157 2
144 2
145 375
340 91
240 50
9 8
367 156
290 370
280 105
223 427
375 452
388 443
305 202
80 420
432 410
412 159
13 89
465 409
0 158
60 157
165 92
248 421
292 385
490 390
169 424
228 65
9 45
99 116
389 166
76 179
338 321
411 341
102 203
362 228
385 102
46 274
196 402
287 294
184 340
264 129
195 354
251 492
108 56
222 350
29 497
171 299
492 219
422 82
162 94
48 136
263 399
301 94
240 459
299 441
70 424
130 415
407 265
321 233
83 367
217 396
47 464
35 388
322 39
485 310
446 484
235 33
479 61
20 388
329 219
495 171
86 400
17 478
211 345
213 191
87 147
463 282
170 134
25 499
309 492
328 10
395 107
169 415
303 226
445 41
213 133
33 292
122 151
349 402
93 334
333 62
196 180
314 296
147 366
210 191
201 456
416 38
305 448
174 437
478 108
93 471
264 43
47 126
29 386
72 396
310 474
155 257
54 6
224 321
13 201
10 434
324 66
15 278
215 129
237 189
13 45
441 331
309 277
15 340
236 190
165 440
197 398
404 172
493 103
157 128
414 6
73 19
297 238
367 440
129 364
261 456
287 142
271 202
42 449
491 139
431 130
28 156
328 480
84 284
264 322
180 241
260 30
268 105
45 409
125 487
444 27
169 386
441 231
32 293
284 335
466 24
32 215
47 346
483 361
35 131
224 99
130 67
173 336
97 398
386 218
245 222
109 330
413 267
412 50
385 298
322 196
263 203
50 354
67 310
294 385
484 454
22 370
207 114
365 195
265 304
379 251
433 11
130 488
390 198
496 42
90 275
479 170
25 353
15 381
266 444
399 309
180 250
217 421
468 239
395 82
185 233
244 274
114 118
168 226
268 4
280 17
187 358
63 111
492 64
9 79
240 110
360 408
181 420
11 77
11 149
382 259
33 196
314 479
205 148
152 335
352 326
184 284
247 391
456 248
179 239
349 317
225 419
192 62
491 258
407 203
462 3
199 141
120 348
348 366
201 178
356 352
137 405
296 40
140 384
476 252
69 319
239 177
91 146
256 283
486 83
86 163
157 301
149 137
355 129
159 497
349 408
313 15
56 338
75 462
214 48
220 51
80 136
134 311
94 172
255 243
258 80
233 193
182 415
45 382
231 38
446 204
72 81
419 260
222 480
28 494
397 288
276 248
411 478
150 263
6 5
438 257
302 264
32 171
406 484
22 429
485 137
218 469
81 57
37 490
336 303
443 66
166 86
64 72
335 78
435 66
175 193
457 225
249 477
461 489
418 155
292 484
305 404
313 363
205 386
41 351
269 393
479 484
56 435
365 395
313 243
436 153
378 488
465 394
235 127
134 279
263 6
262 279
494 420
306 75
278 199
444 347
183 47
335 424
171 240
483 52
205 485
325 420
166 436
415 291
70 253
259 50
181 185
457 373
301 175
226 263
462 79
127 170
446 145
237 314
366 118
455 221
493 424
360 280
423 159
264 127
29 345
30 376
249 210
385 487
102 402
482 111
134 64
210 461
127 80
50 447
20 493
417 5
138 365
376 129
257 61
407 141
17 138
349 289
129 118
21 86
50 231
148 3
316 184
264 210
157 443
288 167
24 30
395 206
187 162
224 272
413 296
435 483
272 282
400 284
370 401
485 421
276 420
456 133
343 444
239 73
240 352
382 28
86 264
279 130
254 273
422 355
338 19
301 357
493 462
364 53
475 215
488 201
334 103
400 444
17 29
381 139
167 109
226 116
98 105
231 5
360 352
371 153
10 198
160 24
77 355
70 376
77 404
8 410
207 263
292 408
399 224
186 26
142 419
24 412
269 240
444 255
408 129
179 315
339 270
477 191
420 268
173 400
310 349
465 181
441 17
94 257
283 192
111 132
44 277
369 136
243 165
146 313
128 4
274 177
220 319
88 104
4 140
342 113
146 314
184 307
64 87
131 130
262 200
477 243
231 158
323 347
12 474
478 469
498 493
312 105
209 218
359 252
365 65
379 201
360 11
450 415
45 424
476 434
177 159
317 306
5 260
86 492
313 17
10 65
22 311
30 175
427 83
148 389
442 145
8 379
295 302
78 311
245 192
352 407
213 422
34 21
14 218
235 120
185 327
139 246
421 59
142 169
410 200
345 290
22 204
6 206
17 317
361 436
343 262
36 65
87 408
126 70
190 101
428 362
460 228
287 419
88 233
433 282
424 350
54 131
337 446
115 412
349 354
468 477
42 44
453 4
74 129
82 431
293 264
344 363
282 105
338 132
266 223
425 272
255 190
137 480
392 444
298 252
81 93
490 118
122 124
105 295
226 196
312 188
403 372
477 9
141 37
260 168
440 259
449 38
18 47
491 438
191 262
208 141
259 124
248 50
345 381
429 206
246 71
295 93
102 149
186 125
293 95
354 299
337 233
132 156
94 207
321 123
264 137
262 29
79 375
108 362
420 276
200 37
482 166
315 495
120 85
32 354
5 413
498 239
395 342
401 130
105 341
479 222
104 221
96 93
307 183
460 204
93 228
394 160
7 428
365 62
268 128
393 397
136 273
467 392
374 383
225 368
442 480
201 56
1 46
230 150
206 308
388 42
54 300
80 283
197 61
41 445
194 465
238 435
179 331
66 57
425 53
385 291
199 367
266 87
89 200
361 496
390 295
447 249
384 296
357 27
472 433
398 251
186 167
350 488
45 217
270 268
412 322
42 156
95 111
164 308
156 184
479 25
126 46
342 427
306 363
296 51
302 279
298 47
35 340
409 0
268 433
107 180
188 180
144 149
457 283
319 308
185 113
11 150
77 163
26 205
109 236
15 175
222 263
456 165
17 109
42 365
45 285
318 2
151 85
220 314
474 109
74 39
190 11
174 438
495 119
355 53
228 104
220 222
239 302
411 176
41 256
394 306
308 439
24 212
26 311
272 97
136 0
363 199
137 178
150 37
442 484
441 357
432 22
324 161
337 171
280 88
246 230
169 174
238 406
217 46
143 116
468 490
189 131
162 331
220 178
162 164
21 163
185 455
116 305
329 362
450 305
36 109
135 48
454 57
455 373
341 171
13 450
82 309
492 202
232 96
260 212
375 395
350 133
439 413
275 319
124 268
229 77
125 12
422 216
89 79
102 377
328 282
91 116
170 262
358 435
147 403
298 470
103 23
288 0
171 394
14 63
140 148
160 243
459 117
196 434
164 400
182 150
266 344
106 125
60 437
340 316
286 60
435 490
342 241
136 223
286 14
162 150
246 278
395 174
461 205
458 443
93 125
469 492
118 212
1 427
95 30
90 193
35 233
474 25
100 377
243 110
113 386
16 405
432 359
64 263
206 393
370 374
367 152
216 339
118 337
367 217
262 65
298 310
187 297
26 124
235 288
26 270
27 200
59 43
306 459
204 475
350 365
369 74
265 69
406 85
154 383
300 125
287 416
65 98
223 475
115 91
361 310
10 493
36 241
200 421
396 195
412 405
331 98
167 281
218 97
332 425
51 372
140 133
83 338
165 57
148 306
468 132
126 362
103 478
251 14
61 155
60 0
98 473
106 244
341 118
43 324
196 25
158 446
137 188
245 242
400 154
139 246
108 369
199 117
483 211
218 303
303 45
370 279
375 253
371 477
301 216
241 267
65 350
390 252
346 202
209 136
382 246
467 348
465 342
405 19
322 448
345 123
254 125
230 216
45 129
197 102
221 346
48 291
43 286
341 439
427 389
487 402
250 161
3 307
178 67
367 408
383 0
477 65
281 138
119 207
161 178
24 317
108 234
373 425
216 3
244 214
116 143
304 231
390 218
137 159
419 68
420 356
421 302
292 249
457 54
232 412
81 470
205 109
34 41
44 78
144 102
245 288
371 112
182 401
412 262
182 171
27 331
485 103
352 449
3 130
394 161
484 236
345 475
16 41
471 231
333 412
200 115
79 430
183 423
185 261
432 95
278 220
323 311
260 263
393 27
41 116
204 287
114 25
66 401
132 482
394 389
4 317
99 446
370 435
196 282
377 55
127 480
291 7
270 450
330 404
20 16
155 371
248 224
125 122
104 166
55 109
278 499
445 411
346 377
159 315
223 42
374 388
395 350
153 165
69 17
33 335
58 441
17 41
163 306
472 142
103 119
118 379
290 381
258 416
83 136
30 269
157 158
361 404
421 52
70 366
201 343
284 455
348 259
417 302
296 363
483 241
120 252
133 453
369 410
46 244
13 305
463 76
332 171
75 324
190 105
448 497
453 243
2 85
239 153
17 419
12 387
139 352
305 132
42 273
17 27
332 440
368 382
53 147
472 200
158 129
126 14
258 106
43 431
437 260
32 282
22 454
306 44
177 161
286 463
490 71
12 155
38 174
322 232
285 443
424 294
308 443
401 51
334 66
179 445
79 271
77 63
459 101
115 383
199 488
60 253
409 41
216 424
156 299
242 38
184 293
236 167
70 344
263 138
435 404
28 294
357 14
468 105
341 316
157 83
188 40
81 69
493 97
248 149
39 1
295 491
10 223
420 383
373 432
336 183
477 308
175 216
322 186
354 143
78 15
407 11
80 266
216 488
490 425
279 464
307 29
253 426
309 317
249 25
208 183
343 438
6 37
223 18
161 328
195 429
441 91
358 102
443 373
299 426
390 433
462 78
4 50
219 67
92 165
348 321
259 152
189 192
210 117
446 264
194 224
315 493
96 487
360 25
451 39
472 11
89 342
392 286
206 445
111 111
432 298
303 311
355 43
13 344
109 418
142 311
304 155
494 309
335 400
439 354
366 286
480 263
50 307
253 224
188 108
406 216
27 472
368 61
406 383
153 381
192 367
22 295
456 496
397 16
222 291
430 188
304 440
248 410
135 206
314 353
421 175
147 72
134 300
35 15
396 40
407 188
335 440
437 281
149 292
83 186
226 371
312 365
276 30
236 412
117 263
290 50
123 390
190 437
305 257
149 226
414 201
142 408
189 250
42 431
117 338
209 477
343 343
226 373
137 471
86 462
365 106
496 376
165 488
97 187
265 470
24 98
6 179
281 166
449 195
385 175
5 418
261 446
320 200
171 487
302 309
416 109
337 167
7 264
451 2
473 456
54 216
248 497
15 60
107 29
57 464
382 344
290 62
262 495
335 462
272 285
394 137
156 40
304 231
233 163
119 256
324 58
55 25
437 72
454 70
386 44
388 11
73 268
116 30
493 187
472 303
440 265
157 218
449 448
463 461
69 34
445 82
459 394
318 0
423 396
292 124
135 309
430 180
210 60
247 398
201 55
172 71
289 493
441 329
291 238
125 404
338 212
106 70
422 297
45 277
253 345
7 337
17 389
301 289
187 79
487 401
472 388
381 159
489 262
352 174
430 132
344 329
251 120
417 303
432 174
371 462
299 185
426 230
19 168
99 228
129 206
446 86
246 453
215 179
205 87
219 68
249 135
255 415
218 1
175 24
338 150
336 398
129 489
9 114
342 0
59 109
47 323
129 5
37 145
84 344
264 242
230 303
71 14
15 337
362 289
292 42
292 52
42 480
94 273
274 51
12 289
464 185
190 412
57 93
290 79
174 142
297 54
420 404
93 368
10 435
329 455
360 154
134 122
247 402
305 80
369 21
206 318
82 334
279 249
180 139
133 69
124 354
110 283
3 44
332 204
11 13
19 13
487 371
125 153
234 235
108 431
101 455
289 167
268 183
174 69
138 448
155 160
443 114
11 265
321 446
312 195
208 185
408 331
337 196
431 34
317 423
378 391
58 270
305 20
441 326
275 331
491 431
46 282
399 434
233 57
252 221
258 397
80 312
8 166
52 417
340 291
35 221
491 71
91 93
272 148
480 32
463 399
181 471
258 361
270 80
153 343
240 374
187 411
430 320
90 47
191 482
204 282
353 226
171 47
196 444
328 443
342 176
499 144
5 23
456 109
452 128
2 109
373 192
365 41
89 303
137 455
237 132
358 341
389 443
239 29
325 85
113 420
64 167
43 112
74 421
49 499
460 26
71 52
445 185
488 436
243 34
166 126
319 332
275 376
406 208
145 367
287 231
250 258
223 351
272 293
144 297
175 174
78 457
142 246
34 23
58 483
109 277
462 76
453 428
489 89
456 211
294 134
245 243
446 44
190 320
469 71
245 186
143 144
243 323
346 138
121 277
407 256
333 82
10 369
458 138
349 351
338 415
10 495
391 435
255 457
28 81
120 76
72 273
448 115
253 315
445 294
51 226
308 352
73 236
226 171
22 31
298 75
422 360
295 161
118 313
247 402
330 498
123 367
482 403
70 71
217 88
166 15
219 120
356 475
498 292
176 82
9 20
233 326
487 431
97 380
135 457
455 344
211 465
220 78
1 45
485 291
158 219
339 152
479 378
22 48
482 477
349 50
377 344
127 82
315 216
26 224
68 302
267 481
412 131
29 340
131 265
484 366
18 141
19 176
76 349
326 394
444 58
254 176
110 173
242 382
106 425
227 268
101 27
158 347
187 365
483 187
54 170
311 319
495 424
274 183
77 423
334 452
128 373
399 88
470 239
16 493
113 77
104 96
295 66
432 114
154 334
4 267
86 60
484 167
202 434
357 110
63 131
5 191
280 191
282 256
101 250
179 151
99 214
280 135
250 246
80 64
331 404
464 436
103 270
204 300
411 158
289 61
105 326
369 146
402 385
487 4
155 3
69 19
154 106
352 202
266 256
12 432
220 450
220 328
129 175
333 424
337 392
218 123
269 442
179 87
91 172
27 167
38 98
204 449
151 192
301 408
340 417
219 313
142 60
88 439
215 271
15 421
44 53
347 233
172 314
338 27
46 116
214 217
166 84
128 271
179 169
87 429
95 372
432 158
450 237
360 372
294 165
70 227
460 338
4 270
297 484
100 342
412 195
279 315
438 430
100 259
41 117
489 39
197 136
225 274
146 147
165 437
164 440
131 87
357 476
460 135
330 6
201 413
228 242
172 332
92 18
135 124
163 485
121 125
399 361
360 198
135 397
190 25
113 151
127 321
456 322
329 439
352 138
232 30
363 432
450 257
381 307
292 86
63 45
258 265
463 314
211 118
144 450
101 401
222 109
283 228
19 31
21 112
495 372
304 254
11 358
17 255
193 392
437 161
278 256
70 195
166 241
43 281
35 162
123 144
224 257
140 406
19 243
467 162
416 14
224 272
379 279
171 93
254 72
328 461
8 32
125 398
31 26
188 168
164 66
176 311
218 240
483 316
330 89
103 303
75 98
377 179
272 454
378 401
214 26
410 206
456 222
101 387
55 487
54 289
453 71
311 230
398 171
260 146
449 229
327 215
394 376
330 57
458 166
44 208
266 172
246 306
193 222
210 347
489 100
171 116
198 442
465 482
480 448
29 225
292 430
306 209
266 186
204 489
49 224
248 100
406 316
390 346
46 451
51 452
420 35
477 222
56 118
419 442
19 388
170 448
157 311
349 477
318 423
499 405
357 219
387 99
446 115
66 278
230 492
379 117
191 151
121 208
150 99
487 40
489 21
184 158
487 498
422 385
142 157
376 273
373 499
114 264
394 319
163 180
149 124
127 42
250 340
291 101
493 252
125 130
140 334
333 309
194 479
136 255
380 188
187 365
481 253
424 301
333 375
351 439
333 482
174 479
432 435
187 465
95 425
260 164
473 88
67 93
200 19
207 56
421 80
186 394
47 402
129 110
50 380
214 480
311 383
319 388
353 243
21 358
23 301
241 281
226 348
220 308
364 278
358 279
26 137
391 396
7 73
306 20
1 409
144 20
409 312
408 315
26 114
267 429
210 401
249 8
169 288
66 321
101 385
23 276
173 127
200 266
287 32
293 6
379 140
452 437
253 288
254 212
141 131
32 374
382 203
491 281
103 403
289 409
38 204
331 164
430 63
447 383
242 69
209 240
177 121
261 14
226 282
265 15
241 220
423 297
431 124
379 267
176 386
90 168
184 214
129 273
8 467
36 76
316 250
223 98
464 346
480 484
352 42
262 246
43 93
69 186
453 474
360 301
469 481
48 302
427 6
473 177
254 288
390 361
311 422
268 114
450 275
318 101
347 154
248 432
118 242
69 169
470 423
405 281
436 292
150 305
482 363
151 123
336 88
363 394
8 148
275 483
84 458
465 445
378 283
26 65
234 348
272 447
228 57
201 29
334 164
380 351
326 168
109 383
277 14
162 472
455 285
96 290
87 392
175 61
126 465
166 53
0 212
121 438
319 81
245 322
25 5
25 125
361 351
366 134
458 138
276 380
22 414
158 372
285 110
427 333
239 263
327 93
383 239
172 449
123 54
59 418
395 149
352 85
71 256
247 70
303 30
296 23
395 325
287 454
139 32
295 215
160 378
470 122
423 44
98 142
412 47
48 10
447 308
416 252
323 18
48 163
186 126
303 196
150 433
465 443
10 142
20 112
87 170
66 490
485 10
409 165
175 397
57 309
62 122
492 326
341 385
363 393
89 28
313 18
313 92
234 131
243 323
346 106
97 182
45 412
429 434
183 306
116 104
78 241
419 178
415 423
316 260
140 130
0 405
349 454
85 166
489 83
190 180
215 187
100 139
425 260
66 29
486 108
201 34
212 416
339 120
233 479
461 7
265 373
327 462
128 114
50 264
297 469
9 240
231 12
272 109
490 156
116 190
225 328
97 318
290 289
269 436
296 23
397 82
396 61
175 76
193 376
346 225
317 342
354 207
316 400
408 478
168 158
339 25
195 245
35 436
224 485
361 156
238 20
81 110
38 135
11 109
334 231
73 209
268 4
404 279
257 84
95 313
190 278
23 434
370 385
222 410
66 446
467 83
193 157
144 400
9 232
315 7
69 344
200 241
20 337
274 104
269 130
260 369
155 459
344 135
46 377
323 419
2 464
121 290
191 48
132 265
125 200
396 447
188 194
31 96
53 61
191 157
26 322
134 303
438 33
410 478
249 484
449 234
376 252
152 422
40 419
472 284
231 165
211 368
317 272
333 94
252 370
44 376
179 130
164 178
9 469
454 426
160 258
362 255
29 389
308 14
298 421
86 132
353 382
6 149
244 170
392 339
67 496
478 288
467 98
67 142
421 328
86 373
480 433
322 301
315 10
431 483
115 466
200 370
19 320
490 206
397 115
463 234
23 464
414 442
436 342
170 481
207 357
291 108
409 187
197 465
448 77
395 481
351 416
236 447
153 370
338 79
165 402
218 301
243 40
382 132
465 180
389 404
365 172
360 180
498 126
55 409
390 446
214 450
249 241
464 303
382 402
156 302
455 399
440 374
358 199
231 174
431 324
348 120
153 296
422 60
470 3
301 478
280 212
306 16
319 30
284 122
424 53
452 293
167 231
430 244
419 26
202 13
486 350
498 50
111 491
494 420
250 433
497 295
163 383
265 303
425 482
387 401
194 201
433 192
436 362
240 215
229 355
57 442
344 215
206 55
328 455
240 200
347 430
165 238
393 11
345 430
332 319
372 233
277 378
240 305
373 213
421 332
274 102
169 330
386 119
426 375
427 66
348 19
257 126
137 14
296 2
321 483
68 480
359 46
203 345
410 99
284 76
178 331
14 58
29 347
74 400
318 456
475 353
480 166
32 84
86 117
452 329
309 260
306 372
217 168
120 9
86 480
311 404
314 116
316 325
77 344
152 390
244 247
266 127
63 76
45 298
479 1
261 498
370 289
309 419
281 440
420 281
185 219
187 83
261 352
196 3
246 190
438 348
327 342
418 56
206 390
391 463
313 186
327 5
276 184
476 136
418 409
128 396
331 455
307 168
171 92
135 355
203 417
259 73
481 30
272 29
493 187
373 164
21 306
342 52
189 149
59 318
66 459
266 39
207 398
342 74
429 231
148 477
402 485
367 260
289 383
423 140
156 134
293 148
201 29
178 487
158 242
53 237
277 224
474 319
245 336
67 169
146 27
364 68
328 401
136 231
371 469
456 59
208 27
408 101
88 261
3 87
324 246
323 56
227 453
290 149
318 325
352 357
277 317
218 216
299 457
279 354
414 171
50 235
336 474
235 459
46 276
23 90
498 222
176 198
347 225
402 318
27 166
335 254
322 305
262 53
259 474
145 393
128 173
499 47
358 316
93 234
176 256
331 468
166 174
400 359
177 13
31 154
409 56
361 366
271 83
57 476
221 31
56 54
454 350
18 56
142 312
421 463
431 319
493 252
111 449
463 245
400 140
196 346
65 161
96 410
238 336
367 6
60 459
161 424
332 366
31 180
495 474
293 452
204 427
376 287
384 167
307 191
390 284
297 3
265 455
291 394
400 3
315 11
435 312
179 476
8 267
93 210
14 4
431 387
26 70
237 159
203 410
47 396
251 93
48 344
90 17
20 191
202 490
303 187
164 489
108 334
44 172
176 202
89 410
480 459
471 467
377 217
113 26
119 276
473 364
233 19
62 63
54 106
293 265
106 209
43 457
482 215
417 439
349 158
470 358
325 329
398 293
319 54
331 363
79 438
309 304
367 313
419 371
488 273
334 212
22 95
162 377
168 4
162 431
289 369
50 484
277 466
20 300
163 96
386 203
359 243
408 195
419 79
352 327
391 407
354 187
416 413
417 368
299 437
158 432
416 440
406 209
9 46
142 427
482 25
268 29
76 342
421 28
355 495
255 125
164 246
12 461
330 81
370 429
361 481
422 28
89 130
176 328
107 99
476 170
51 90
284 96
124 128
475 205
182 479
77 230
44 347
280 89
371 374
207 150
30 84
214 129
310 120
71 242
413 269
359 47
143 464
92 495
200 119
98 68
150 383
82 27
469 194
420 362
364 340
424 480
109 394
366 139
233 271
41 437
336 146
463 252
248 331
450 407
475 300
35 400
428 478
24 117
479 397
89 297
277 195
90 13
4 386
10 456
246 238
236 51
303 434
266 199
107 403
204 68
469 434
264 239
209 249
498 289
86 40
236 87
452 363
101 178
134 457
47 111
14 232
19 283
335 170
73 285
205 442
228 277
369 174
275 493
282 78
470 273
360 368
83 206
384 165
122 184
148 371
455 169
304 162
332 474
111 139
81 258
35 317
343 310
303 256
186 119
392 437
157 157
215 105
270 240
276 452
323 244
265 276
291 130
105 69
209 475
233 216
33 142
304 121
377 377
348 459
248 416
425 240
197 405
497 140
92 319
63 126
402 267
398 328
250 193
21 355
71 459
453 254
375 457
186 110
421 105
373 34
126 170
75 298
438 176
495 425
51 383
2 59
239 305
351 400
107 489
300 372
126 179
488 254
216 354
311 26
412 137
307 184
482 38
66 235
160 272
7 62
473 63
368 10
262 212
202 219
443 370
401 2
108 422
276 241
267 176
314 439
123 179
69 473
60 457
81 136
198 72
135 89
451 171
235 356
427 65
287 289
144 371
145 188
429 104
281 421
212 48
227 447
420 335
144 149
285 333
405 225
314 335
358 393
101 117
183 93
383 380
103 470
11 27
131 248
21 292
341 412
211 233
68 420
69 484
317 212
290 354
41 74
319 456
74 399
493 420
301 109
431 376
255 404
153 442
87 238
151 174
408 428
200 214
198 328
393 270
476 15
90 183
139 370
269 261
182 65
174 262
490 335
239 106
400 97
336 244
271 487
267 339
53 31
211 320
442 252
267 104
139 270
140 209
471 131
48 410
24 5
340 223
181 15
112 431
28 433
273 448
287 299
330 40
360 341
445 393
350 302
73 212
274 341
472 65
475 97
102 21
96 0
367 294
225 129
62 479
280 253
404 335
228 419
112 86
480 440
95 57
122 330
171 20
85 248
345 496
369 61
413 299
93 465
446 280
111 170
424 8
196 391
163 328
415 276
68 127
185 247
77 163
35 159
407 100
96 121
34 104
403 317
282 447
79 348
18 80
89 190
82 294
123 137
265 97
224 390
489 333
349 261
272 418
18 384
357 31
135 467
284 391
190 390
238 419
499 269
460 257
51 440
429 394
343 26
268 46
380 67
181 109
27 81
465 453
485 398
217 175
418 120
363 353
124 109
230 101
210 124
416 42
288 114
492 198
244 131
51 113
222 476
409 232
185 102
0 227
402 22
495 217
70 320
429 358
311 195
171 12
54 22
488 439
137 343
474 480
93 234
62 25
109 168
270 472
199 147
169 270
339 101
421 16
374 261
308 203
215 38
412 331
271 121
464 400
380 260
346 291
168 326
346 409
381 278
277 116
238 80
33 446
315 429
190 306
9 41
79 499
182 76
198 491
391 453
66 14
305 124
302 412
173 326
456 148
116 54
486 233
31 354
135 371
178 346
388 325
176 39
116 319
311 359
164 166
180 54
30 82
495 338
16 332
332 20
75 472
205 448
154 413
285 236
435 289
467 315
354 323
142 143
354 470
488 305
360 371
453 21
359 390
75 300
321 227
199 407
208 396
161 404
492 362
4 298
113 427
250 471
466 320
290 245
402 173
44 131
152 114
357 497
298 11
238 432
191 119
367 289
193 399
114 380
179 185
113 118
441 144
464 215
312 259
432 107
238 215
329 476
326 390
253 38
470 124
95 343
132 162
413 462
194 177
214 27
145 225
370 327
395 438
198 186
145 59
274 130
459 383
125 456
346 285
261 378
73 317
331 356
170 205
382 244
124 216
442 97
276 121
60 164
350 23
83 258
240 496
231 209
17 51
188 357
87 364
33 449
157 161
366 216
460 179
396 101
50 84
206 338
2 178
54 118
228 204
200 137
198 320
372 284
141 68
432 60
362 228
389 317
33 19
199 108
61 345
282 447
137 463
141 340
310 139
195 195
184 38
358 396
32 235
303 82
143 173
253 87
404 357
376 495
455 289
486 427
226 368
331 120
460 363
2 324
372 270
160 50
446 56
143 19
453 330
3 446
33 448
305 108
103 289
430 34
313 410
278 417
37 40
403 109
434 350
472 258
308 158
66 133
4 106
436 210
156 457
406 291
399 42
183 211
245 355
265 114
383 59
451 44
5 272
122 354
464 291
449 95
228 124
230 16
226 84
41 18
161 234
128 447
159 413
120 312
278 256
167 385
281 161
285 118
325 139
430 408
355 141
266 380
248 435
19 348
219 474
60 60
360 380
293 189
1 19
127 265
151 131
144 295
265 284
423 429
189 90
232 206
438 44
331 350
198 186
12 350
263 417
150 72
113 123
494 295
61 466
97 121
268 64
348 241
171 34
476 124
182 212
257 60
410 120
158 440
291 109
378 170
94 406
381 28
324 208
174 375
348 237
301 124
365 117
3 1
477 388
453 479
40 159
131 210
150 450
411 289
459 293
51 142
170 54
114 432
159 346
435 140
264 360
329 236
238 482
222 332
163 215
227 175
237 55
358 358
148 240
385 269
411 459
13 437
221 434
132 479
120 381
241 68
156 384
218 422
254 394
462 441
468 269
325 41
399 206
298 183
304 47
7 183
120 68
2 372
352 342
75 486
406 324
60 168
90 63
309 279
72 196
465 271
312 392
450 290
325 64
111 248
432 130
198 470
195 404
98 52
38 399
223 173
193 445
8 135
266 135
331 169
441 190
83 149
439 105
21 33
282 117
247 485
455 66
470 445
497 2
401 69
94 387
332 476
112 288
423 192
362 378
421 107
256 155
112 4
389 47
164 134
119 23
89 263
208 426
429 60
481 57
445 182
159 75
215 277
322 123
353 491
98 36
43 274
130 206
105 155
141 20
43 122
385 112
39 133
45 446
3 320
2 378
453 448
78 13
488 169
160 400
288 342
468 110
168 331
338 99
471 273
247 480
92 14
499 485
431 131
303 396
274 286
235 306
171 228
249 313
65 160
354 261
371 353
36 322
273 39
164 374
354 96
111 412
249 299
282 462
211 32
318 86
244 485
65 53
218 415
427 166
427 135
340 281
456 298
189 376
103 81
178 206
470 457
108 141
103 219
251 391
477 314
152 69
475 73
488 69
236 45
33 416
49 163
314 373
102 5
87 355
61 205
14 265
406 31
250 123
366 361
28 1
423 195
268 32
101 250
147 108
24 337
353 180
406 426
431 19
374 360
65 18
135 436
467 431
406 393
255 218
71 124
319 135
167 346
448 87
48 268
458 96
276 72
350 163
182 182
42 282
152 56
492 459
243 288
33 312
382 1
126 140
275 305
152 445
385 294
63 100
48 433
357 373
36 325
359 208
342 70
126 254
65 494
134 471
283 308
162 168
160 165
470 288
85 436
230 474
427 322
107 145
370 475
300 317
377 258
328 12
266 219
65 455
426 331
492 200
220 61
226 154
442 380
168 48
23 379
202 251
248 450
425 309
126 119
229 78
90 3
74 58
365 356
39 140
192 143
204 31
37 264
144 430
330 479
211 165
268 353
303 413
74 16
487 81
159 53
408 217
127 101
309 483
475 492
135 348
232 167
431 339
121 269
101 427
92 451
157 312
77 212
229 460
393 151
204 216
285 404
5 465
448 412
404 314
163 423
442 391
230 247
16 373
152 203
7 117
281 245
457 164
476 358
362 38
107 370
126 418
383 392
157 132
446 183
106 61
305 461
60 400
273 387
91 77
46 426
23 450
114 328
38 332
223 442
164 400
319 330
74 291
423 54
238 231
145 221
35 196
97 450
337 95
24 222
0 280
230 71
251 23
208 196
139 141
42 431
113 303
94 213
267 187
419 369
443 357
54 416
366 330
277 151
225 55
336 302
225 226
101 418
115 328
469 309
92 254
409 11
76 205
245 356
225 196
53 16
432 20
350 107
110 298
353 128
430 336
62 41
460 7
335 15
177 75
181 304
168 269
327 90
446 96
292 72
88 24
44 346
305 372
170 395
375 416
104 375
417 305
164 18
33 229
156 499
155 210
332 337
279 323
420 159
83 78
102 64
410 23
395 498
245 216
484 417
292 120
277 88
458 61
142 441
440 491
54 298
487 448
271 386
397 267
345 43
108 480
355 299
297 370
438 250
19 43
163 274
362 163
225 441
234 320
164 219
18 175
123 218
104 5
272 246
142 353
333 469
120 102
324 40
142 418
313 263
37 161
324 328
121 252
424 401
121 356
383 440
158 139
496 358
104 114
467 269
90 98
200 152
192 211
481 25
140 186
347 146
474 29
133 24
425 448
304 58
498 46
37 39
397 9
475 34
155 353
452 295
299 97
308 4
381 344
30 141
287 21
403 378
402 114
62 36
446 179
78 218
257 297
306 115
1 154
7 133
428 8
106 459
316 80
424 266
408 197
71 454
184 47
161 474
362 438
470 223
441 309
106 48
15 50
204 264
249 369
377 212
23 30
110 483
102 191
389 34
340 10
409 312
138 25
315 71
146 0
161 285
333 440
490 267
383 201
70 195
259 133
163 447
283 134
326 273
159 385
247 67
379 499
376 156
227 17
369 44
329 226
166 31
150 15
216 8
55 34
19 286
85 314
301 182
307 368
253 127
46 466
317 352
9 425
294 46
90 88
314 15
46 419
434 332
193 49
435 2
288 248
415 454
488 374
94 216
195 295
113 200
52 241
18 282
328 413
2 164
179 418
338 168
353 226
127 124
127 46
294 62
16 267
493 61
129 4
151 440
140 176
269 116
398 192
106 287
451 227
497 460
128 483
61 187
312 333
379 188
250 291
410 26
87 118
474 256
196 69
245 125
93 336
380 15
302 343
422 338
298 106
441 420
107 279
112 2
190 271
414 344
222 440
410 177
433 161
230 384
361 129
317 476
491 454
297 197
36 145
103 220
140 186
317 44
46 99
223 282
126 88
380 137
314 348
9 290
174 247
228 240
68 35
489 45
95 59
56 139
359 483
169 12
56 351
302 487
269 455
43 25
163 247
447 424
214 329
429 308
48 241
276 157
55 468
379 118
257 150
133 436
448 468
171 154
141 356
311 473
351 262
361 207
131 14
195 308
117 197
290 124
282 17
486 67
37 337
339 217
153 294
114 472
126 453
310 285
110 120
234 473
180 461
327 96
256 163
213 23
147 225
243 3
422 281
470 81
150 459
105 309
281 304
109 219
4 260
380 271
245 467
428 114
62 277
293 256
279 319
44 6
361 278
412 139
72 136
95 382
192 223
379 201
272 325
85 488
112 129
96 317
432 357
486 24
280 494
165 279
137 411
42 62
53 351
487 454
188 478
201 434
487 232
58 432
272 260
389 495
313 384
93 485
9 97
443 80
211 142
405 109
23 201
52 447
253 76
54 391
325 294
26 107
39 165
425 436
432 164
48 314
299 97
194 494
426 160
154 137
98 489
190 60
359 121
198 94
337 113
259 104
212 163
328 285
222 103
119 105
419 6
103 20
14 70
82 297
286 292
281 237
297 385
6 472
418 8
121 56
161 256
271 232
18 225
180 451
56 92
98 300
320 327
249 201
350 186
478 331
68 136
373 259
83 217
226 380
436 2
258 199
432 449
26 29
480 302
394 207
359 388
215 344
397 31
217 464
295 247
235 47
158 216
285 109
341 242
244 363
63 129
79 354
383 347
1 105
164 215
103 395
239 23
406 318
134 136
235 123
22 281
497 322
283 181
423 135
498 124
254 19
373 413
112 185
142 108
175 113
360 307
182 130
300 99
87 89
64 434
215 174
497 87
268 65
200 280
257 43
62 198
464 363
48 287
247 76
190 42
349 422
52 50
2 32
473 352
138 441
116 37
124 353
418 113
245 244
139 118
169 2
217 201
340 133
61 265
308 87
361 103
6 9
393 265
117 8
301 366
256 107
461 417
382 232
477 379
350 128
482 468
170 371
4 200
317 362
450 417
21 477
339 163
429 27
387 232
451 398
6 188
106 207
439 467
198 340
468 268
237 400
271 303
355 259
121 127
45 24
354 423
439 66
93 193
425 368
118 480
20 228
435 124
443 126
467 227
347 494
394 287
442 436
47 18
145 297
174 21
296 190
108 28
221 235
103 53
33 498
227 222
198 406
32 14
93 142
488 351
491 293
229 382
252 433
83 277
150 398
440 257
137 446
182 49
102 358
208 137
211 488
394 287
154 410
404 278
482 247
392 392
126 473
258 122
251 379
277 193
302 401
347 69
118 439
149 381
19 73
61 358
145 230
140 307
437 299
399 396
288 419
244 291
265 267
146 355
48 368
121 275
196 351
142 321
202 315
240 292
2 221
452 153
460 499
299 444
341 397
169 50
193 481
100 265
120 459
179 98
373 169
372 301
122 422
237 366
158 176
398 329
482 12
12 202
498 442
191 163
213 191
25 212
478 258
217 125
224 98
119 249
402 449
371 343
210 24
52 460
289 220
233 302
4 271
65 97
260 355
46 109
173 325
83 71
49 151
102 153
402 273
222 73
269 304
180 446
406 479
51 232
35 48
319 136
233 391
246 237
198 493
170 145
68 371
23 254
407 117
390 477
50 161
317 465
411 319
150 497
81 169
217 202
190 468
212 389
478 424
269 310
455 176
47 440
194 24
141 422
251 453
466 384
349 302
473 283
280 112
133 476
30 213
182 351
92 220
144 394
204 70
98 266
206 12
388 497
420 252
57 381
265 171
325 23
306 466
78 151
127 438
151 64
415 157
229 185
431 359
429 226
492 488
0 379
376 50
154 240
121 148
172 211
234 387
205 497
0 392
182 284
200 127
136 185
371 115
474 218
444 154
494 255
486 436
338 346
86 362
363 492
203 208
95 35
384 289
33 300
436 385
364 215
400 136
103 353
71 123
130 429
36 15
303 124
471 374
237 141
485 57
265 100
487 40
329 212
365 371
108 214
429 153
142 473
178 181
157 97
379 249
116 287
263 415
290 271
264 234
144 379
331 249
289 409
474 170
41 470
184 191
196 150
475 465
146 190
288 153
254 303
442 167
434 370
493 206
292 76
307 257
6 436
198 490
160 147
117 172
215 54
204 301
266 411
102 31
36 264
420 242
261 290
12 362
420 47
476 5
262 213
149 135
126 120
267 347
371 286
192 384
37 86
350 396
279 155
419 304
46 315
105 191
406 159
206 469
326 326
391 34
170 88
60 393
240 296
434 179
63 464
402 127
375 452
459 104
408 155
322 379
422 306
317 280
249 328
155 24
410 76
16 398
291 80
376 429
108 384
348 163
142 24
476 102
207 17
24 436
167 467
126 347
127 89
270 443
319 228
304 425
175 230
310 173
102 467
351 39
54 210
86 51
153 196
65 63
351 212
32 90
289 370
311 158
101 416
496 81
358 421
3 301
326 34
1 313
204 280
342 204
107 258
454 429
344 260
325 20
462 47
417 357
15 251
19 80
162 468
389 15
168 372
258 392
58 346
126 259
315 114
373 469
250 422
35 179
51 94
141 360
69 13
116 410
342 436
404 135
3 4
229 146
390 171
18 487
99 300
415 496
465 414
189 288
319 67
161 224
436 371
236 154
416 357
293 353
340 259
115 49
195 343
15 344
184 86
386 385
381 283
49 301
441 199
266 238
314 261
132 280
286 102
459 368
73 203
314 104
154 414
257 429
126 349
287 124
361 162
445 26
179 243
442 346
437 121
234 60
340 103
206 218
438 479
182 17
474 12
278 348
129 128
329 387
12 255
417 117
495 373
468 214
413 174
147 262
323 202
305 381
451 15
494 363
381 390
254 28
376 355
335 32
419 6
113 164
133 431
157 383
449 480
155 125
388 362
64 154
388 63
78 222
85 339
229 425
453 318
25 483
15 182
40 360
377 287
218 153
388 362
343 227
205 338
52 498
4 445
8 469
191 392
232 438
363 276
447 313
297 169
351 472
185 164
451 391
396 62
424 22
101 285
123 267
117 306
251 27
496 122
14 111
402 187
316 98
412 117
138 263
235 209
225 341
232 420
334 29
51 481
118 259
378 152
311 241
120 496
470 414
26 117
304 336
435 280
397 472
235 347
408 36
377 323
95 133
162 462
295 430
41 65
70 413
6 419
267 381
295 126
243 237
426 173
453 400
372 361
208 203
91 460
283 116
101 320
134 378
160 116
181 281
194 201
473 251
484 200
179 240
330 280
305 422
174 256
117 111
166 399
359 177
145 257
429 142
372 246
362 416
197 385
438 396
147 392
444 411
4 484
264 123
398 334
442 69
32 72
323 411
440 198
455 182
176 85
331 237
153 401
286 46
442 350
94 224
136 441
425 39
14 140
326 41
463 264
189 120
383 495
194 12
195 323
408 1
90 371
272 91
489 243
446 410
135 431
225 392
283 123
115 2
396 298
62 293
413 359
206 103
116 296
119 252
254 311
34 379
470 344
440 159
69 460
243 386
278 56
179 320
175 62
212 146
439 71
282 126
230 204
352 488
241 346
9 323
202 347
191 395
54 25
337 483
221 476
32 432
105 0
414 64
62 280
351 478
104 354
58 485
473 186
384 263
86 66
413 245
141 289
166 457
440 47
23 355
287 162
14 408
324 392
172 280
258 238
92 375
360 214
253 3
266 186
252 137
383 352
493 18
327 376
423 159
366 267
281 299
59 154
46 147
427 235
473 71
446 37
104 418
421 159
197 357
346 187
391 449
319 81
457 385
396 146
266 233
384 263
417 399
47 295
30 315
238 326
216 355
273 37
196 320
29 194
233 393
194 375
457 125
362 366
12 266
499 258
373 130
30 235
30 142
310 77
255 60
268 48
85 471
291 41
88 133
378 172
48 173
298 73
291 357
475 12
271 155
286 327
62 496
139 168
97 93
5 449
349 352
324 125
167 435
68 467
140 107
280 447
372 40
249 431
443 15
170 224
51 66
63 308
476 466
411 54
355 73
426 268
394 204
139 250
69 61
20 60
359 209
249 300
83 83
98 498
75 27
445 268
429 478
444 360
414 405
331 355
124 121
326 257
359 18
431 317
229 428
490 303
455 88
171 239
90 39
418 269
390 165
143 363
76 319
76 440
295 490
112 407
164 271
141 290
107 375
156 424
227 337
277 146
237 183
74 449
70 327
344 492
207 312
483 340
280 283
126 60
467 427
51 90
380 484
211 192
469 487
176 367
13 196
231 454
255 251
430 305
149 177
490 275
467 209
344 325
385 99
26 470
60 205
41 429
474 440
280 252
120 443
139 456
262 485
236 223
28 17
47 19
146 30
239 389
214 113
212 83
54 100
157 90
372 466
259 198
450 346
289 39
347 422
408 280
3 110
479 496
15 32
62 26
415 161
274 153
236 482
434 338
281 142
461 91
289 153
351 220
111 91
14 140
420 458
420 422
270 424
308 400
278 286
447 222
375 46
28 74
264 463
458 462
405 397
402 271
491 194
137 253
245 102
412 3
277 166
442 333
85 48
334 250
472 215
261 133
59 199
14 141
455 324
73 472
243 360
406 476
81 86
40 396
399 327
345 453
286 177
225 287
389 223
438 411
44 213
412 52
45 104
280 278
251 1
213 353
181 346
285 472
368 263
442 325
278 119
296 287
426 416
139 373
284 315
380 430
482 329
285 144
422 27
380 65
270 25
224 94
418 452
67 9
186 138
257 361
148 465
233 406
279 426
93 225
155 64
245 473
117 137
16 382
447 391
417 397
343 69
373 493
2 113
251 440
301 188
5 360
266 301
79 91
316 398
314 172
497 471
460 411
293 466
358 328
225 92
161 127
120 420
33 35
327 474
14 136
497 481
134 20
111 115
365 214
386 427
250 179
90 236
202 62
390 235
327 412
39 468
240 341
228 11
485 126
262 55
388 352
372 111
79 23
237 335
114 444
124 475
211 216
278 66
154 266
178 20
340 481
174 70
81 81
207 402
458 419
271 469
433 346
221 495
330 12
456 458
286 296
12 432
351 497
263 142
162 5
338 442
12 3
84 13
267 445
216 143
464 225
424 487
482 397
409 497
456 164
312 218
150 242
91 324
466 353
210 355
149 481
484 49
414 13
310 420
63 181
259 27
14 27
277 35
32 349
365 38
256 340
434 178
2 259
112 26
233 321
302 323
224 234
247 138
58 490
171 57
436 473
352 430
317 451
152 129
20 350
42 369
47 276
387 477
3 402
223 0
175 88
322 377
15 251
241 421
330 425
250 264
195 267
70 102
84 364
66 222
91 104
232 109
86 491
393 120
472 441
29 468
197 499
250 351
272 64
489 491
255 454
221 239
193 302
19 291
365 277
233 85
194 457
300 318
438 280
73 45
13 410
409 102
453 62
126 11
354 77
32 115
206 461
116 105
397 399
29 135
72 262
71 114
432 267
399 223
268 370
132 473
75 281
343 393
256 381
310 321
436 110
72 194
300 142
394 40
175 49
163 423
37 247
366 235
458 322
192 118
91 227
360 177
422 18
251 56
377 179
289 414
108 166
160 213
253 260
309 54
329 280
380 473
60 219
41 98
216 370
97 85
114 159
178 310
218 37
216 281
195 447
113 357
71 156
416 126
32 176
309 78
51 362
433 189
139 463
333 326
411 356
15 283
445 378
415 45
327 163
110 483
340 374
382 76
202 263
292 299
229 234
448 101
142 132
95 381
207 281
137 280
63 471
349 5
50 8
23 116
99 377
104 134
62 291
55 486
137 264
350 199
300 366
498 299
32 294
75 445
226 92
63 65
70 289
150 264
232 120
350 173
159 331
474 306
292 221
337 381
80 282
148 188
339 232
26 499
296 223
315 102
167 22
164 230
346 89
61 166
339 78
261 263
69 499
72 236
117 214
496 410
450 198
430 144
495 289
364 457
411 292
166 180
262 430
371 182
348 461
39 432
196 40
391 301
389 265
479 463
225 6
56 327
324 175
316 339
148 319
463 181
213 59
341 482
164 327
288 212
144 365
405 328
481 340
458 148
111 370
228 289
117 337
364 285
124 293
464 181
362 272
183 428
262 75
254 24
236 278
143 43
223 380
73 400
48 204
426 383
24 160
349 154
439 141
286 213
394 415
39 251
179 108
35 222
246 293
71 290
333 334
215 215
467 56
112 140
23 16
28 38
44 399
393 229
442 336
251 179
430 189
149 291
13 461
254 185
327 112
446 326
393 12
68 13
153 212
228 32
422 28
428 108
337 466
302 321
352 132
173 54
197 283
244 322
359 62
174 351
177 186
198 121
486 422
134 118
150 492
20 215
175 424
391 300
473 13
497 193
99 326
461 170
344 148
211 205
56 204
242 385
358 85
359 441
411 345
189 346
413 62
486 209
362 88
453 229
275 187
13 450
120 374
23 474
32 317
21 234
471 440
26 263
56 182
379 237
83 468
382 68
129 496
437 220
450 343
31 390
341 225
451 396
223 313
130 326
412 255
195 3
119 384
418 73
163 175
143 297
217 98
447 25
246 346
190 384
274 48
273 73
469 467
281 224
51 192
299 263
267 463
199 347
272 386
413 469
266 435
34 57
434 335
182 481
365 180
228 224
297 491
459 353
430 266
311 92
355 333
148 110
457 474
212 348
317 230
165 126
183 436
271 51
32 117
150 305
381 249
241 230
84 178
297 200
292 14
347 108
218 499
474 347
47 28
110 38
164 217
153 127
179 347
317 276
434 63
313 319
49 315
346 54
106 485
499 143
251 398
249 198
398 321
201 75
114 445
162 311
291 278
478 167
444 322
385 147
466 230
45 198
104 367
353 391
386 210
460 204
403 489
311 210
285 153
98 364
28 399
30 261
428 319
141 8
7 224
454 378
77 473
340 352
95 181
392 193
398 334
323 352
414 153
306 486
351 52
303 256
17 231
402 333
193 298
22 43
421 200
25 329
33 350
384 218
263 480
314 276
480 161
166 138
124 247
299 324
81 327
58 102
288 450
248 460
355 333
386 123
452 129
479 411
129 337
317 363
491 393
406 132
270 324
71 425
101 246
74 222
176 34
485 484
297 316
150 85
208 152
281 36
299 12
349 113
328 429
174 19
151 172
496 432
357 273
19 419
493 311
345 445
282 169
486 182
268 79
231 488
376 328
341 365
330 175
456 42
61 10
182 482
415 64
337 30
449 124
435 209
6 442
464 281
315 288
219 302
290 83
412 451
168 166
193 105
499 350
360 150
132 61
477 395
425 399
376 315
376 375
169 311
444 382
23 485
287 260
195 242
45 429
447 107
64 65
415 141
143 64
477 128
23 127
27 454
121 448
175 403
66 349
232 197
182 363
475 107
349 322
251 170
130 247
312 199
192 194
110 228
208 335
462 87
394 231
31 341
96 367
217 59
256 15
378 301
408 290
112 353
23 109
356 364
415 5
200 169
249 107
442 310
250 309
40 256
98 496
363 423
482 46
61 432
233 90
381 291
496 493
455 493
209 372
377 163
332 124
231 429
240 433
242 173
282 342
338 134
410 232
278 201
134 392
483 192
335 219
213 216
61 332
56 20
183 271
247 433
363 368
153 479
4 455
297 248
382 286
18 135
188 292
37 149
193 322
394 372
88 28
212 107
479 149
272 120
54 162
30 20
499 269
76 36
284 355
494 225
360 166
311 364
13 48
223 348
220 206
87 117
76 160
309 151
272 55
69 82
102 178
299 452
488 453
308 375
100 272
290 154
19 312
212 453
301 32
91 287
256 373
33 30
181 332
239 195
129 453
483 161
113 83
36 282
9 453
77 196
351 461
125 367
173 370
254 190
477 326
200 197
227 234
418 85
132 409
214 10
171 261
196 50
184 136
441 84
281 194
7 18
237 484
206 133
323 410
237 312
10 152
386 289
374 237
498 157
167 359
472 65
467 190
178 169
253 151
345 119
137 386
370 353
338 374
285 428
241 161
313 374
163 103
192 52
61 389
248 43
460 80
270 221
390 427
78 448
67 495
382 276
481 56
430 104
33 319
480 67
441 126
81 145
49 104
494 273
316 110
190 242
315 128
55 312
260 57
53 134
262 179
235 435
39 243
62 166
85 424
402 394
39 27
483 483
257 441
51 329
424 425
54 94
406 239
297 109
95 167
198 202
137 357
452 434
452 28
453 14
408 37
416 355
339 300
241 252
81 448
373 144
238 5
97 279
241 145
164 394
448 188
398 362
148 85
113 350
365 100
490 418
274 125
277 258
10 465
413 370
15 92
97 138
270 105
102 46
292 11
199 118
333 240
325 97
448 481
434 291
61 165
142 424
182 187
152 420
290 45
137 417
408 157
115 86
133 178
41 217
188 425
18 240
190 21
354 343
486 138
155 288
64 400
87 297
217 247
144 92
361 360
17 281
219 121
151 484
202 352
130 192
285 390
263 148
343 475
465 117
406 182
82 472
269 470
69 21
113 339
199 213
346 475
448 68
53 66
270 100
144 107
349 252
400 429
256 112
81 96
278 73
45 487
310 212
233 315
154 231
297 199
26 205
273 143
61 474
74 178
285 332
84 219
0 486
98 337
285 257
330 180
19 415
127 376
43 181
413 212
411 49
254 210
205 437
412 379
58 267
451 338
57 195
182 387
76 410
167 132
164 361
276 497
225 184
217 255
468 268
317 130
192 379
169 423
303 398
17 433
271 213
408 468
207 181
91 442
75 284
145 258
107 91
275 274
29 185
453 345
475 497
229 123
46 20
270 250
183 349
414 287
107 454
487 175
117 314
98 78
188 44
136 96
370 148
333 263
108 399
249 138
261 436
456 330
80 308
9 226
365 263
69 424
99 472
138 57
487 68
113 89
185 28
176 101
216 407
158 361
499 177
113 407
89 113
421 421
147 169
284 282
206 12
336 206
115 157
226 474
415 454
482 191
292 100
359 10
223 360
37 18
277 223
188 150
71 367
388 109
243 70
434 25
231 450
459 270
97 198
152 185
376 12
465 487
497 20
381 324
194 73
148 270
421 472
191 336
297 344
267 431
456 40
342 201
472 39
89 302
487 421
433 242
81 216
88 398
75 430
3 321
92 269
93 151
487 365
61 136
68 284
177 328
30 376
268 19
173 354
275 357
451 13
229 60
311 32
463 169
491 386
7 466
118 435
152 453
89 457
94 213
42 157
386 123
142 424
278 154
363 316
329 405
317 315
347 410
431 128
366 162
129 274
209 226
179 99
408 213
427 268
278 354
477 321
97 164
170 120
288 227
132 33
200 469
231 449
430 48
210 162
437 296
22 191
142 498
212 201
322 51
405 139
312 100
116 383
355 409
136 138
23 495
464 120
69 224
124 195
209 351
148 334
378 146
145 22
76 20
423 357
348 398
350 181
416 160
421 318
456 123
118 57
177 479
203 434
481 98
450 327
14 190
189 450
472 244
116 334
43 48
298 392
73 391
403 148
466 341
464 176
233 274
254 434
368 262
212 309
489 201
391 14
464 355
99 80
266 289
189 67
459 309
52 488
136 32
225 307
483 455
229 189
123 68
182 335
497 343
44 247
261 486
341 288
220 78
219 292
359 339
0 408
396 319
203 53
212 385
192 429
470 48
116 273
109 446
289 151
398 458
444 186
326 159
89 137
281 398
237 308
69 492
311 238
143 465
202 367
148 355
255 394
168 470
416 224
375 129
87 58
96 273
284 383
372 422
320 226
386 153
145 410
148 455
273 309
28 291
498 475
222 176
146 254
478 242
371 415
473 205
330 310
193 421
343 466
192 65
218 15
425 79
386 215
24 425
216 159
135 404
80 67
173 209
451 79
494 3
208 322
132 319
240 38
356 177
242 435
302 49
480 312
27 80
5 366
26 404
308 74
493 13
222 241
172 166
169 173
347 18
337 229
267 331
8 429
216 475
24 102
414 370
302 356
75 293
49 308
234 101
466 358
451 227
245 40
213 123
141 414
143 412
243 330
111 262
237 103
205 179
49 114
322 471
264 352
12 397
350 314
24 98
177 316
356 475
450 422
188 421
333 91
273 183
297 428
383 384
63 34
0 88
411 464
316 323
72 176
342 180
278 423
239 366
193 307
229 96
369 495
86 417
100 203
483 211
95 397
284 367
307 10
474 136
311 219
247 143
175 384
307 89
307 306
113 398
346 352
347 343
112 216
271 285
496 65
314 254
473 91
453 450
87 133
352 427
422 250
134 99
40 98
404 293
44 199
51 17
212 390
106 398
183 325
390 377
484 179
122 204
155 309
442 75
354 94
344 294
245 277
375 331
476 137
336 131
148 20
411 387
285 361
38 369
99 320
351 280
336 435
244 473
400 343
437 187
333 255
32 134
317 431
68 259
390 145
166 405
144 390
103 429
150 282
102 141
421 249
36 454
279 110
453 281
320 32
287 391
377 153
84 171
282 46
191 5
410 24
414 357
138 406
188 18
11 289
390 291
97 285
395 427
208 228
260 348
91 380
33 399
70 320
366 470
475 352
228 58
267 237
143 143
13 258
47 332
475 376
13 289
68 424
152 408
109 128
8 265
164 52
373 42
12 87
291 239
149 339
76 20
163 269
27 219
403 28
404 74
215 378
154 418
178 284
412 159
424 139
192 421
315 88
27 65
156 327
18 319
339 158
427 94
165 354
382 454
380 69
299 138
408 95
231 454
113 439
78 144
417 37
477 270
187 232
411 5
176 196
354 429
23 15
369 133
87 40
109 103
93 319
266 409
363 2
441 498
494 476
365 19
142 263
495 194
199 181
377 258
187 227
242 83
216 62
102 463
66 155
326 64
473 160
14 93
443 188
16 455
326 437
52 233
427 320
2 47
157 479
206 379
315 196
110 449
264 31
39 64
128 183
343 365
458 453
141 209
16 253
42 9
242 342
15 94
493 22
1 17
396 150
346 207
8 211
95 456
21 273
456 134
351 1
455 151
360 162
415 448
310 228
422 458
52 52
74 437
454 46
48 427
135 203
266 247
55 495
268 361
347 428
430 76
79 51
213 237
185 291
19 128
438 495
400 442
379 491
389 326
254 334
389 289
36 241
236 155
369 92
20 357
433 216
267 302
39 13
304 332
461 225
72 176
118 399
242 324
151 497
183 483
273 257
498 72
228 309
253 86
443 97
165 274
76 377
242 285
117 468
193 398
74 430
182 117
294 192
42 276
260 297
54 77
150 385
194 404
490 230
179 300
74 434
163 196
333 2
470 257
155 303
233 15
485 82
126 267
396 279
76 20
98 8
393 482
386 100
182 439
239 376
310 213
409 165
168 325
82 243
46 490
358 238
172 131
251 195
326 298
319 147
155 402
236 269
369 48
487 122
498 403
116 227
392 161
486 25
120 412
255 69
159 166
150 465
160 331
481 401
48 486
240 152
421 55
455 328
450 142
45 442
21 300
461 161
39 266
30 300
369 159
178 137
102 380
211 328
81 114
452 44
197 481
36 44
372 470
113 491
285 322
123 10
24 307
425 436
236 63
74 455
93 457
337 252
432 47
162 48
445 13
494 114
159 142
464 30
373 383
206 77
440 159
318 181
117 464
379 243
50 206
163 453
206 495
43 1
401 138
4 57
23 346
340 498
381 34
418 305
234 254
265 476
157 26
490 83
178 126
184 221
175 81
76 348
201 381
371 471
380 454
153 375
226 404
290 493
150 107
213 208
184 237
263 479
414 193
320 106
327 93
174 4
204 354
87 102
426 405
360 459
186 306
62 365
210 412
371 353
61 361
450 85
416 98
291 65
23 330
275 111
468 351
57 301
256 172
430 145
456 182
488 142
7 142
407 51
404 217
430 130
67 317
415 232
298 483
166 207
170 321
24 441
95 490
163 82
227 351
33 445
439 35
177 373
424 298
15 436
67 180
498 298
30 134
470 265
472 180
2 136
429 495
485 378
460 24
375 0
445 39
74 260
134 384
182 104
392 410
91 50
200 311
298 441
206 82
263 268
256 31
26 117
495 185
210 11
12 308
199 85
198 309
46 126
230 332
242 228
130 474
286 185
478 182
265 84
204 37
68 380
497 460
145 446
309 344
4 207
145 173
483 204
330 343
175 29
109 412
238 269
455 92
274 24
460 285
322 391
271 164
476 242
188 268
465 122
329 498
171 469
173 474
169 6
387 355
119 344
114 497
441 358
234 421
206 215
107 195
211 29
271 378
499 188
310 312
162 464
433 491
318 185
192 459
166 487
184 79
428 138
348 150
71 369
437 82
277 129
10 396
126 489
29 134
446 477
293 339
182 108
293 79
390 352
340 337
269 56
46 376
26 197
419 394
329 449
78 208
456 106
447 441
75 434
412 476
167 21
481 57
136 202
54 126
316 26
435 246
122 85
134 481
228 0
449 405
465 57
15 380
321 421
208 315
143 248
121 472
29 311
365 102
80 166
192 419
166 396
481 127
461 140
493 468
373 189
246 442
174 339
112 261
76 347
95 320
292 220
383 68
22 322
340 248
19 103
351 384
12 37
30 333
301 325
14 23
317 26
365 112
225 492
191 478
150 302
374 139
207 443
117 109
209 230
185 457
341 228
118 36
221 205
30 148
171 374
401 396
8 488
332 266
96 86
240 376
15 247
42 114
75 74
304 159
468 284
364 341
378 161
219 482
482 99
474 101
498 153
494 375
493 358
444 326
54 442
189 184
150 69
144 83
242 77
213 300
142 62
223 430
264 20
471 442
396 247
400 445
172 394
104 246
425 18
460 401
437 479
49 149
84 440
17 45
197 326
240 83
13 339
211 315
110 277
24 35
332 6
400 277
375 5
23 356
257 300
280 483
484 47
487 181
78 68
246 356
439 275
467 338
153 304
82 30
65 263
269 458
87 250
255 21
378 463
263 130
465 487
386 395
428 301
221 373
82 6
282 319
157 373
178 101
483 310
74 112
422 401
151 195
217 362
325 258
240 95
434 440
188 205
358 321
46 116
123 79
250 480
354 257
358 407
69 384
348 193
94 495
191 122
484 245
355 408
355 161
102 95
300 289
462 290
406 10
441 9
489 381
138 191
450 195
79 348
42 20
15 279
402 488
234 206
466 238
400 441
37 321
463 354
496 189
200 425
434 254
136 141
185 276
471 126
327 135
7 403
182 221
209 23
81 436
175 295
237 48
221 427
281 274
463 184
110 129
383 15
157 396
24 371
498 194
329 348
251 177
398 189
212 285
74 107
403 145
45 101
28 140
414 267
303 161
290 229
245 413
162 25
397 254
448 186
34 247
424 129
318 137
275 174
281 382
28 349
450 184
176 425
44 330
491 442
24 348
113 133
10 269
23 127
166 259