7800
454 149
169 475
225 272
343 133
304 313
243 484
5 371
127 89
197 64
353 374
220 22
146 487
336 402
465 116
273 224
373 259
235 80
352 394
380 460
126 195
31 184
407 369
311 389
305 35
409 8
382 158
498 481
235 28
145 186
411 201
460 270
202 136
31 47
360 407
454 411
95 338
207 486
227 3
390 370
379 32
43 151
484 113
494 393
79 219
420 491
261 490
127 233
132 316
223 10
273 492
330 177
15 220
75 390
260 242
127 465
468 491
105 170
63 452
24 99
90 494
485 444
29 203
19 464
474 162
6 94
272 99
319 189
431 287
382 395
212 191
35 9
179 33
337 140
91 94
88 361
158 33
88 425
389 187
201 108
202 215
314 60
249 326
114 486
233 180
223 496
357 445
330 258
250 36
482 168
29 193
226 422
348 187
375 315
275 89
305 428
488 329
156 471
309 89
121 122
470 42
340 345
455 327
215 170
338 58
251 197
119 220
407 478
145 319
409 134
63 272
101 66
389 403
493 109
83 51
93 114
311 405
232 285
456 119
177 299
348 146
366 280
258 320
139 126
260 255
27 400
466 175
79 481
442 208
259 424
390 26
431 352
490 202
173 16
315 298
444 350
130 164
484 163
141 241
348 475
376 401
429 376
209 342
50 360
284 151
177 161
366 174
228 461
477 356
154 401
103 144
308 450
465 234
327 144
120 106
8 175
403 496
190 289
149 112
264 93
254 433
459 293
254 120
476 188
441 83
228 482
433 45
279 388
385 398
5 458
133 5
353 365
6 389
1 43
136 155
440 117
411 243
363 399
439 17
453 192
26 381
426 33
421 311
210 57
15 158
163 67
284 0
389 368
412 290
297 243
360 400
495 237
488 123
141 359
403 428
161 446
479 429
93 439
496 400
59 155
222 363
215 74
443 358
0 105
348 207
459 297
34 60
184 455
166 374
302 177
123 421
202 315
254 102
354 295
450 102
465 265
340 24
382 181
138 135
194 234
31 338
398 5
312 417
292 434
463 330
251 446
262 86
40 306
101 16
119 395
12 404
428 436
469 204
339 163
397 107
297 385
243 429
198 48
334 55
238 490
289 298
384 489
295 51
419 277
172 249
153 390
327 184
241 433
96 296
256 80
318 494
275 405
453 413
320 473
316 288
86 58
400 105
8 322
99 47
296 427
318 123
160 301
235 497
293 401
333 183
177 401
307 3
416 304
130 260
400 237
295 298
255 486
161 47
95 263
190 112
236 391
45 360
357 248
149 280
463 3
404 334
338 493
149 63
176 254
343 279
429 76
415 491
38 184
447 428
40 133
377 490
350 276
24 422
54 60
415 25
360 369
214 171
235 50
156 364
495 411
339 0
491 425
109 106
34 381
15 409
399 75
203 392
166 101
13 80
457 220
441 428
100 169
219 156
20 187
450 376
228 15
292 289
248 71
452 402
311 282
209 467
211 62
163 265
345 377
449 177
105 154
324 391
47 57
244 43
271 67
434 194
484 499
422 227
481 84
366 375
342 292
354 428
193 54
283 369
46 390
44 233
124 4
61 220
116 171
90 306
0 387
239 24
103 336
420 161
388 84
228 139
419 231
137 82
304 112
354 420
5 350
206 250
471 129
152 120
426 87
326 242
119 278
467 417
431 74
159 239
230 319
402 387
322 149
113 39
312 126
328 319
70 317
447 387
7 41
480 451
194 433
63 158
76 165
239 382
122 7
178 250
138 204
354 81
120 312
290 319
139 432
102 118
5 61
454 401
352 364
149 434
92 398
63 213
447 20
379 155
405 69
126 58
139 395
207 332
151 259
44 497
468 142
203 498
399 325
190 157
443 251
150 339
404 388
408 65
72 352
273 288
346 478
225 399
231 485
96 285
134 235
229 492
490 102
280 433
442 241
493 470
161 386
274 143
60 418
270 34
322 133
463 395
147 20
357 188
473 230
465 306
150 108
62 195
480 493
234 342
164 274
160 227
222 178
96 286
321 135
268 218
465 495
368 231
271 112
343 225
31 97
57 160
207 34
27 471
166 39
314 261
341 182
212 326
113 415
50 160
378 286
133 318
401 196
308 1
227 25
474 3
164 110
144 31
354 223
263 23
285 20
203 77
255 478
393 415
76 368
6 444
114 306
2 492
493 368
393 163
166 72
35 367
250 182
406 31
55 104
477 21
450 192
170 180
447 205
426 415
359 375
182 432
424 326
194 36
51 270
194 439
158 218
252 229
261 408
364 10
383 168
360 341
373 333
39 382
149 321
196 465
249 9
187 230
119 26
148 233
172 170
240 342
72 330
90 493
355 185
353 454
296 239
72 65
299 21
342 463
280 448
309 391
473 382
408 496
229 92
263 408
250 253
83 355
348 174
359 173
480 56
295 64
481 128
149 219
183 280
229 344
87 463
345 390
239 60
5 105
13 468
74 120
475 116
290 157
183 176
232 2
418 15
143 379
98 400
180 144
488 281
97 261
4 427
488 294
400 243
63 345
465 265
233 137
295 292
320 376
378 330
345 52
431 296
48 340
484 30
163 229
342 325
252 260
55 346
441 92
437 307
424 5
142 254
399 158
34 289
119 219
272 264
412 316
156 55
437 461
42 493
318 101
361 236
83 422
15 268
75 24
381 304
411 352
10 24
313 310
29 396
12 285
453 153
61 424
385 110
455 498
451 427
16 125
47 313
433 99
475 414
219 361
213 357
233 482
292 75
471 46
183 173
179 483
259 137
99 240
90 145
424 54
179 42
207 440
391 78
493 140
1 219
428 64
46 214
289 161
59 190
363 112
447 95
232 42
134 207
204 331
237 225
267 128
421 268
346 474
114 312
383 191
255 468
34 163
324 153
343 324
288 236
331 59
101 236
295 415
98 88
313 499
479 335
455 80
406 400
65 153
345 372
340 448
112 452
106 375
51 288
376 301
360 191
279 59
474 314
402 74
73 424
111 215
147 53
305 66
72 405
277 370
171 417
221 470
197 135
423 179
481 248
291 152
211 341
155 71
497 38
462 409
124 71
476 74
492 123
28 281
4 64
333 158
128 175
310 55
234 325
425 85
237 67
409 216
287 301
339 416
326 137
208 153
79 302
426 36
169 72
488 306
464 173
200 322
229 92
417 362
448 315
383 194
411 37
338 292
60 50
187 29
183 386
41 247
283 114
38 467
125 305
330 27
201 90
34 31
393 430
97 452
498 193
231 480
124 409
312 421
451 185
423 499
99 486
100 464
283 234
39 139
18 409
351 370
253 219
1 385
189 146
192 98
431 188
97 423
196 55
92 409
261 147
133 16
332 360
94 86
225 468
377 134
356 95
314 80
465 109
107 167
265 155
343 151
74 48
104 440
202 271
270 196
64 315
175 256
342 249
217 269
255 419
366 446
26 463
424 180
347 491
146 384
35 464
365 489
282 462
85 469
17 336
151 355
463 434
183 178
299 157
428 400
198 55
370 294
474 224
215 295
31 173
490 214
55 66
28 355
176 189
25 465
321 193
127 28
206 136
294 162
414 6
413 222
17 112
336 283
430 343
369 404
118 313
380 359
66 25
215 260
226 242
287 92
121 399
35 267
429 179
185 329
404 196
308 450
86 273
116 145
401 368
182 485
196 19
396 414
26 114
208 111
56 252
3 496
115 29
208 391
72 396
92 246
48 476
249 401
398 134
3 218
55 299
170 37
451 104
218 66
30 477
82 427
275 86
115 437
328 242
138 175
421 401
229 83
336 470
456 331
49 234
385 311
348 104
208 55
473 299
129 279
58 3
441 211
0 185
427 56
84 329
82 417
352 357
179 311
494 188
422 136
447 43
0 159
214 296
447 60
191 40
395 76
139 249
286 337
245 140
469 65
483 329
187 403
66 335
376 218
354 61
456 150
310 154
450 456
369 376
416 249
326 60
162 312
1 465
457 448
14 246
76 278
181 497
184 115
333 248
309 412
63 40
194 117
74 373
249 496
245 443
355 18
182 71
389 17
466 183
429 198
477 480
329 357
324 158
258 365
278 10
50 419
37 341
66 96
92 111
406 167
185 337
261 261
279 219
402 2
200 97
77 184
393 177
188 258
123 70
80 446
366 253
94 482
78 403
366 12
180 22
211 124
385 217
437 324
326 16
465 191
227 379
408 394
152 121
43 96
395 128
381 123
457 261
16 328
340 387
261 234
358 20
90 472
297 95
464 379
70 475
354 429
324 298
271 115
63 328
456 314
289 458
71 338
18 98
337 439
173 358
231 98
70 31
479 173
52 219
195 443
372 122
272 401
368 48
377 395
61 432
390 333
23 202
152 314
253 393
104 489
87 279
162 187
360 10
229 141
436 412
386 424
178 309
209 11
258 46
330 86
272 320
374 73
387 147
41 27
16 492
123 145
332 456
466 286
279 44
308 195
472 216
25 194
57 2
48 86
173 316
488 379
304 445
444 214
241 191
35 485
482 110
66 159
297 314
210 32
79 76
292 18
65 51
53 169
256 122
290 454
185 429
226 130
345 489
32 170
8 438
400 419
78 490
157 318
202 375
452 367
386 282
185 96
266 303
425 239
45 374
155 68
50 82
71 233
403 247
186 455
374 263
254 438
257 305
180 411
130 459
241 484
433 368
171 427
18 199
425 449
369 415
497 80
313 419
167 420
375 68
332 205
143 101
406 86
349 252
212 439
423 331
200 305
84 356
407 371
172 454
369 332
264 41
461 218
138 77
146 480
185 365
467 330
416 180
433 225
164 117
448 497
302 440
148 0
224 239
193 408
240 396
438 415
133 5
434 251
83 272
489 432
262 120
300 308
34 30
147 85
82 50
490 448
448 237
476 139
399 172
421 21
436 139
496 359
462 422
46 283
215 397
17 35
344 478
8 169
255 230
280 8
456 189
278 123
114 256
429 106
128 13
4 350
61 416
190 1
284 375
272 236
124 499
329 141
310 468
50 338
346 417
459 330
305 154
410 237
196 419
432 339
41 176
444 437
290 454
329 135
371 426
425 453
446 495
315 107
445 109
26 365
48 143
297 337
427 353
273 207
399 123
299 57
494 440
395 243
378 136
62 76
382 102
449 340
447 328
289 117
482 392
35 316
5 382
88 184
391 432
407 213
270 290
83 206
302 117
253 478
406 32
486 316
8 140
321 436
53 455
199 110
278 387
122 86
270 284
68 210
275 161
452 476
182 45
14 35
365 336
369 120
288 123
264 355
291 296
251 437
47 196
436 450
36 326
110 58
268 158
319 178
6 395
440 123
10 189
377 307
427 227
351 246
454 215
363 467
404 97
294 114
416 303
129 230
288 304
462 91
122 408
303 133
257 128
169 95
254 119
347 47
145 33
100 50
369 99
197 463
429 125
428 491
73 345
1 58
1 213
473 315
449 123
104 128
75 58
177 273
320 330
363 376
426 466
65 316
279 147
272 114
105 209
406 53
463 30
243 260
75 464
88 216
344 24
82 192
317 420
102 112
488 490
308 317
133 267
414 373
340 413
474 39
92 445
328 232
492 407
371 71
140 68
444 311
355 336
256 379
491 173
163 210
28 331
98 471
196 161
426 365
256 388
186 400
485 200
107 14
85 477
397 478
142 77
414 342
221 497
22 22
233 64
395 37
360 261
274 346
63 409
297 201
453 319
371 483
497 438
268 478
308 435
364 165
359 302
300 278
301 432
496 174
212 386
499 244
442 424
333 273
326 5
176 483
318 132
70 399
229 168
455 190
208 37
192 319
98 67
0 492
18 251
137 348
444 82
7 136
261 238
95 192
175 88
72 123
22 346
14 494
185 251
141 469
288 393
460 333
177 238
341 312
13 195
278 478
466 309
48 137
329 80
20 143
267 357
203 92
86 289
393 69
38 271
16 34
219 178
417 329
493 396
443 258
89 6
316 73
210 407
487 364
359 392
101 7
451 126
268 156
225 38
161 13
399 263
293 178
359 118
366 62
173 352
359 309
383 262
21 27
243 445
337 361
368 102
81 290
446 320
210 201
214 171
286 371
401 113
83 432
494 260
113 449
258 167
281 324
203 493
439 303
164 446
400 128
271 384
56 333
34 217
241 266
490 100
65 379
311 391
4 148
97 158
325 469
145 208
53 107
262 348
294 344
325 278
162 46
380 96
313 219
337 414
15 406
138 327
71 432
81 301
459 427
396 178
238 137
244 41
389 292
136 358
136 35
81 461
57 150
369 461
228 223
481 59
238 95
27 119
273 309
88 108
139 232
369 484
377 229
21 465
175 118
153 10
323 311
462 87
400 233
456 183
242 128
223 289
261 333
142 251
211 34
118 83
67 202
432 340
305 297
415 305
315 481
144 421
8 139
372 106
142 408
389 180
321 236
69 112
215 82
468 64
147 279
481 87
427 66
363 413
219 84
417 131
404 386
25 62
20 264
24 249
281 162
399 413
378 103
185 320
384 445
224 154
93 31
450 206
471 372
456 165
296 42
429 374
288 200
464 306
56 308
323 489
254 337
440 74
394 132
78 478
484 131
162 154
360 77
449 464
130 184
226 257
131 278
479 7
314 271
80 295
136 222
411 255
329 391
375 204
182 223
354 305
460 18
95 369
185 172
356 396
153 315
94 435
294 137
408 425
220 108
182 340
95 209
452 94
298 424
0 327
133 332
350 206
427 445
117 297
45 113
428 326
261 198
187 374
299 55
16 96
288 372
81 198
144 384
160 33
212 442
126 12
219 345
290 328
125 146
259 260
86 170
221 188
414 347
254 408
356 214
86 270
321 145
381 167
52 465
260 393
406 264
110 238
67 125
271 252
364 192
215 383
423 450
149 436
196 337
51 404
26 53
50 137
156 199
17 283
28 208
473 129
367 434
59 435
39 434
479 183
418 404
206 46
482 341
178 356
112 30
435 82
219 138
190 337
120 228
436 207
336 149
435 261
48 55
342 347
382 88
344 321
367 300
141 50
406 201
231 319
253 18
9 167
356 473
53 51
258 477
478 489
103 446
1 413
112 151
91 343
16 494
294 435
486 235
436 435
107 244
115 20
39 360
185 124
175 395
224 238
80 285
83 54
320 183
186 84
280 432
427 278
213 148
384 221
9 51
296 172
44 116
328 411
387 435
183 366
104 62
199 407
314 36
219 282
218 134
66 258
36 350
499 493
67 249
301 235
259 76
44 449
360 156
91 372
238 99
13 274
34 195
231 212
346 200
334 303
61 64
267 252
246 97
198 266
353 165
241 351
300 464
120 137
361 12
463 64
338 452
147 476
188 224
276 230
385 34
451 110
363 298
395 218
336 461
478 446
149 41
5 219
208 302
314 126
190 69
21 130
106 380
457 20
251 147
33 233
196 136
435 484
54 411
372 182
480 242
283 202
421 130
432 289
267 129
198 98
228 309
41 72
92 335
334 350
436 343
332 367
204 132
43 119
153 258
1 267
469 134
116 136
277 242
223 400
498 44
205 273
345 79
266 247
449 290
485 100
319 385
17 317
288 23
282 412
31 294
280 135
271 352
94 396
296 49
445 169
443 146
77 3
102 140
430 343
295 51
437 416
85 115
138 306
219 226
20 272
259 102
455 300
196 31
432 401
71 344
342 229
232 366
358 420
115 334
386 289
57 263
378 175
481 494
220 368
141 200
303 240
40 400
283 110
11 88
284 67
149 82
300 479
399 233
420 159
300 366
129 158
333 357
203 359
228 314
367 424
164 369
121 22
132 57
497 257
176 143
78 134
113 325
59 378
389 364
230 479
137 189
398 212
71 322
136 102
26 299
20 355
377 42
451 494
251 9
5 449
435 279
105 83
313 48
412 16
347 203
392 494
58 336
158 291
393 130
281 146
2 271
313 302
148 379
241 117
418 251
30 246
181 353
401 487
355 494
49 165
11 54
390 442
85 70
52 400
399 330
101 333
487 401
132 266
383 135
238 373
471 301
154 269
108 152
499 407
424 464
18 48
342 288
210 261
161 427
109 262
447 60
313 210
329 435
422 446
171 212
366 161
282 495
499 372
132 390
206 498
399 56
344 225
486 241
21 54
168 499
412 130
193 116
403 225
23 22
86 177
190 47
42 304
177 472
215 393
392 309
217 421
498 291
384 414
320 336
336 405
36 489
457 100
177 81
103 360
389 53
100 41
346 80
404 494
387 23
184 471
393 131
274 401
315 243
80 159
416 136
477 268
368 452
33 434
146 397
450 488
30 35
115 50
396 376
251 372
343 136
267 435
336 88
332 394
53 4
492 264
32 469
274 469
403 252
1 159
0 401
436 452
354 30
258 404
276 251
239 9
444 119
60 6
252 132
488 392
8 305
127 480
301 392
144 253
264 56
457 497
449 264
294 246
150 304
407 52
413 278
397 146
4 209
194 309
201 257
62 182
15 209
101 41
294 316
373 97
95 59
323 182
428 396
200 470
374 78
356 107
105 288
497 106
415 110
367 43
226 469
30 429
323 93
409 484
433 469
380 134
169 380
277 56
26 97
28 329
289 252
40 236
194 394
4 390
285 462
283 371
153 11
456 313
149 476
297 366
352 83
463 178
86 21
471 92
422 112
216 499
87 211
457 109
351 282
96 462
333 136
0 379
44 338
314 456
174 194
277 464
142 27
400 92
37 228
192 223
74 459
22 260
369 162
296 479
293 220
357 392
123 127
317 357
313 167
361 132
448 488
367 490
435 442
170 119
343 472
283 214
474 417
431 305
136 344
416 79
471 430
409 273
482 446
114 226
210 148
488 327
170 158
452 355
326 105
429 122
188 21
291 212
369 15
211 222
302 357
287 127
401 125
72 48
127 235
383 38
365 189
200 371
78 35
492 152
127 257
278 421
485 315
330 69
144 354
212 41
169 298
423 351
252 422
9 347
385 379
68 393
116 103
490 120
273 47
304 483
256 400
215 434
4 242
448 398
291 0
298 12
216 312
86 73
421 468
199 96
341 158
261 119
240 457
356 104
439 13
413 160
95 195
289 480
230 451
303 90
102 22
334 101
174 318
138 421
17 447
458 337
457 358
167 71
175 197
62 24
36 114
162 475
307 483
286 451
41 38
60 89
190 496
314 394
167 217
16 453
290 184
394 474
46 99
296 414
438 221
188 210
37 326
310 350
153 345
235 96
38 195
191 295
41 228
297 357
162 209
245 314
288 305
404 492
406 186
260 53
263 196
374 448
150 301
498 184
133 303
350 233
28 171
251 393
251 421
482 401
215 265
70 80
72 355
42 475
28 330
26 154
454 291
444 400
437 104
259 442
175 422
445 110
3 55
477 48
449 106
372 311
391 164
372 442
269 463
145 414
420 297
441 171
424 374
478 385
180 213
135 237
199 355
411 432
480 55
161 240
51 430
446 385
180 295
110 318
84 449
99 256
279 4
378 40
277 203
268 208
298 457
165 255
187 497
404 428
168 20
450 418
303 71
366 396
67 335
285 477
85 151
156 236
276 364
420 386
95 405
215 188
296 245
94 380
308 483
3 499
417 328
251 305
54 72
408 470
299 121
272 45
281 384
100 280
167 409
314 20
61 114
211 29
261 357
340 305
304 421
249 196
1 73
146 353
323 55
28 406
451 474
358 301
433 84
493 458
331 452
66 159
41 392
249 277
435 154
76 441
137 91
165 177
30 491
398 311
217 205
179 427
80 20
104 389
348 13
466 449
460 179
423 384
14 353
8 172
113 449
40 436
113 103
446 205
368 496
53 344
123 437
457 233
474 203
69 413
362 322
353 35
271 175
28 276
300 285
86 388
324 266
369 127
184 290
286 167
11 405
342 191
276 487
190 152
65 251
425 259
146 280
455 279
407 418
55 483
224 208
326 142
121 48
190 47
214 157
62 328
20 77
64 257
409 296
47 107
366 474
254 473
104 365
135 61
397 11
71 190
332 121
21 397
444 453
111 212
40 158
236 25
282 60
357 152
259 43
18 256
229 478
343 124
38 185
197 330
20 435
56 120
370 205
10 77
141 314
325 473
499 182
242 413
65 133
177 451
208 177
155 47
23 289
475 350
180 61
348 24
144 200
257 404
334 14
181 268
93 475
9 358
271 92
78 104
55 188
365 255
154 115
257 372
222 29
91 84
460 402
455 439
196 104
471 212
332 382
209 4
362 426
370 219
323 485
25 300
407 230
198 243
115 61
91 307
391 338
240 34
325 351
307 47
112 373
107 130
486 444
222 317
388 348
185 445
245 63
145 211
306 5
66 195
2 421
259 9
395 393
96 352
251 73
446 404
386 363
160 406
75 373
73 234
179 315
230 259
322 277
282 375
71 128
401 200
62 73
319 13
365 309
382 415
171 116
332 181
87 58
283 492
226 14
329 356
115 406
35 59
286 289
269 169
221 357
283 171
184 283
445 454
221 401
369 327
360 245
303 201
193 299
313 86
294 420
178 142
53 410
199 65
234 340
49 321
492 455
91 184
138 176
77 388
215 212
457 446
0 428
227 112
50 193
113 41
35 344
254 143
208 89
281 306
127 442
250 330
15 471
147 193
81 5
217 76
374 148
76 174
286 374
68 304
345 336
181 33
177 232
321 287
445 385
180 102
285 72
43 430
475 300
305 42
470 56
204 23
197 345
71 281
85 336
172 491
377 282
14 353
493 54
291 188
142 438
363 471
253 427
227 258
301 228
136 385
408 123
320 341
474 457
293 392
235 411
45 318
23 112
18 59
99 16
455 310
133 242
169 170
428 239
319 249
134 81
205 456
149 394
203 25
269 475
386 349
167 357
469 431
342 190
59 488
150 442
184 14
184 283
22 205
454 464
46 194
150 440
334 251
128 151
126 390
239 250
107 12
295 406
448 428
416 137
431 7
373 418
202 467
173 409
374 76
270 479
420 420
23 272
423 106
496 3
105 49
413 235
493 212
493 60
50 442
449 261
180 481
301 323
232 382
310 474
305 458
378 433
205 77
36 253
257 481
382 32
120 214
279 148
208 113
407 272
33 258
92 357
32 213
447 393
219 116
75 110
43 376
454 305
59 100
81 490
374 168
382 316
464 494
460 161
433 24
135 367
76 319
32 227
472 108
77 332
442 43
271 152
457 337
437 77
419 368
36 371
187 294
140 419
432 3
27 452
320 218
37 162
241 248
209 69
253 65
460 286
290 47
384 232
309 247
468 174
45 229
375 4
275 84
87 15
320 208
426 466
481 492
240 463
384 222
140 449
87 490
37 100
184 377
477 422
96 346
427 297
301 493
77 302
169 77
137 16
334 341
333 415
378 315
390 74
375 114
104 30
482 315
44 142
416 19
365 373
170 12
5 144
298 472
401 434
302 319
161 390
305 136
452 494
420 35
149 342
224 296
463 106
100 58
77 7
381 16
380 442
438 51
375 237
23 236
56 128
18 325
461 217
63 323
358 265
459 484
132 360
466 183
242 95
454 418
286 319
114 187
239 18
255 52
141 466
447 130
455 197
266 465
141 268
386 181
165 499
211 345
29 149
96 29
447 123
294 51
238 233
251 408
313 329
148 358
488 306
355 95
60 295
416 473
154 53
405 302
147 172
321 116
146 28
151 418
321 93
179 446
206 59
241 430
141 371
29 389
484 481
277 384
357 396
450 45
347 364
36 355
471 346
375 357
127 117
63 378
176 448
360 242
24 383
106 101
490 165
147 488
372 474
222 276
321 82
446 172
379 20
366 482
191 351
320 241
120 319
119 235
477 296
31 331
432 354
371 490
478 274
100 370
146 202
284 323
347 319
339 230
64 227
430 58
299 256
427 102
338 271
420 398
230 167
21 303
293 14
289 393
263 123
326 389
212 262
81 110
193 60
287 273
331 109
365 69
171 482
106 144
395 9
177 26
329 125
139 50
295 475
98 280
170 411
173 424
387 382
294 106
231 432
41 433
2 414
397 259
403 174
35 355
381 150
275 64
115 62
37 267
47 262
173 136
412 217
452 346
305 299
83 246
32 36
451 125
384 34
60 200
407 139
290 96
160 288
350 417
36 127
390 240
376 436
153 415
114 288
440 457
56 419
307 23
0 88
122 110
162 236
228 183
131 69
209 18
287 291
271 60
152 324
260 13
428 28
168 265
75 42
313 460
336 131
219 121
231 336
425 193
228 246
315 153
23 359
3 25
437 310
486 274
139 89
469 98
216 67
462 489
450 291
422 275
396 286
474 493
186 480
226 399
404 267
126 393
418 427
238 129
255 207
296 76
175 394
314 265
107 243
34 276
51 57
195 308
301 300
132 21
273 339
106 210
103 177
105 85
66 374
81 195
271 322
68 230
347 298
41 382
158 454
363 75
235 62
214 58
80 36
228 198
260 205
382 186
271 215
89 487
182 190
12 23
105 306
104 80
315 452
259 146
73 325
239 122
33 309
197 305
3 113
170 277
316 263
479 52
392 439
129 420
295 74
232 141
74 400
205 337
335 241
66 464
438 260
69 306
111 471
436 119
248 467
82 106
159 64
4 413
186 51
477 133
127 481
234 210
399 53
294 291
107 86
346 360
18 45
369 268
387 482
301 305
412 135
52 383
149 423
326 56
41 335
168 155
217 168
221 254
45 468
54 367
228 4
402 401
169 98
432 271
76 408
43 233
469 340
115 95
3 118
305 293
449 45
213 473
228 18
487 287
154 125
482 41
294 234
185 384
155 463
371 117
203 83
276 267
214 172
142 391
185 70
115 447
272 486
356 180
467 352
330 343
237 474
60 312
196 383
199 245
363 203
138 422
41 418
442 414
158 256
178 84
383 195
33 293
325 155
8 389
85 145
119 190
2 174
57 179
425 50
105 256
179 140
58 243
10 220
328 0
436 168
363 6
151 319
326 396
285 477
122 186
376 370
44 241
272 230
280 454
210 49
189 385
481 241
462 99
451 491
159 290
149 239
58 374
270 300
277 237
423 407
130 399
492 300
30 26
480 265
314 163
400 191
432 356
307 381
372 246
389 259
350 383
257 38
338 261
498 27
287 468
367 421
73 417
443 360
477 456
119 276
319 291
147 19
401 103
350 455
66 125
9 239
129 268
29 118
498 319
287 27
301 285
54 7
219 226
182 497
125 196
487 301
173 444
48 487
294 426
51 398
489 212
480 412
31 470
289 10
389 29
166 429
436 42
269 220
69 155
351 303
457 195
139 190
177 130
56 187
437 471
35 459
224 426
396 16
378 107
136 38
467 119
162 154
374 255
410 283
86 443
138 113
303 43
25 130
317 333
156 433
245 255
33 192
208 469
76 282
320 438
57 64
70 139
394 219
354 444
239 156
121 441
336 230
360 424
109 214
499 177
432 266
310 244
65 318
100 18
308 493
409 272
411 365
437 479
423 157
313 291
84 15
245 434
210 421
487 105
282 320
438 486
231 67
385 248
118 148
142 337
109 426
143 51
383 372
29 80
372 306
321 194
480 456
229 418
23 42
214 68
55 306
225 152
252 138
286 462
299 222
148 280
184 260
132 144
224 67
225 13
207 96
405 47
317 39
81 486
55 341
499 296
300 110
100 224
186 405
127 386
19 337
97 128
272 203
270 81
94 496
445 495
394 153
192 350
336 212
53 273
421 243
353 404
128 74
479 453
192 166
355 106
234 211
266 452
385 6
355 36
31 479
132 300
2 278
490 324
449 190
434 395
299 223
297 139
93 279
297 276
234 137
200 152
456 321
179 466
2 341
320 34
186 385
15 304
480 188
231 357
252 429
4 165
304 403
34 153
429 249
238 331
483 16
337 438
404 439
280 16
403 406
144 452
256 89
278 159
17 236
18 361
26 121
377 374
28 182
284 411
243 309
325 22
461 78
18 14
31 217
124 150
455 286
375 120
279 63
152 5
366 148
270 22
396 244
279 147
58 424
234 63
437 153
232 411
426 250
468 102
104 309
95 444
64 59
475 322
328 195
344 127
149 194
291 114
113 397
322 70
485 23
177 408
171 422
173 261
215 97
258 493
437 319
231 205
28 1
48 206
185 356
402 392
358 334
231 193
263 471
495 405
165 248
23 24
137 337
286 48
41 352
171 45
102 330
183 254
312 482
190 231
124 497
331 93
138 482
306 415
172 254
2 301
177 338
175 377
277 314
166 461
358 318
0 189
296 461
295 183
415 108
106 486
431 39
373 289
204 69
323 179
332 229
67 178
55 361
175 242
55 333
3 193
235 414
227 4
39 31
139 22
360 454
345 97
387 291
361 71
102 443
172 184
362 435
148 239
333 270
455 176
369 389
303 310
314 456
339 382
256 206
160 331
428 117
408 358
429 167
111 269
454 31
318 135
227 168
290 467
143 60
301 245
56 364
173 456
338 222
428 12
343 95
212 441
299 124
291 120
242 80
463 402
390 48
216 282
101 117
177 7
104 96
312 331
287 160
235 485
498 478
73 163
104 193
317 137
109 255
187 109
363 351
399 151
285 253
370 468
475 386
334 400
231 431
92 146
132 370
348 179
342 482
27 273
410 299
406 345
306 20
371 94
97 169
275 123
91 382
120 145
397 66
349 454
452 480
351 293
472 436
270 199
473 315
466 298
495 235
255 372
318 301
322 479
102 415
297 97
95 193
111 417
223 492
325 460
254 176
112 176
227 78
393 383
33 52
288 211
436 28
329 395
226 254
170 151
101 328
373 319
89 196
188 336
149 312
340 13
41 255
333 305
188 121
173 79
290 221
101 313
61 226
481 430
433 287
468 3
322 34
230 193
30 411
76 271
136 179
286 416
221 178
299 119
198 261
334 324
490 341
419 435
217 51
190 400
255 151
37 158
352 430
341 268
391 234
265 269
186 27
57 51
22 259
21 356
33 221
414 355
143 23
74 333
86 360
11 264
275 341
271 49
169 479
213 465
234 60
439 330
381 272
32 497
205 255
476 53
260 238
261 242
76 403
264 187
304 14
355 127
28 431
410 479
296 197
109 475
305 382
155 49
46 38
293 39
92 251
342 122
364 204
108 455
143 292
306 224
351 299
230 14
345 380
429 492
467 141
375 391
440 124
162 30
69 486
89 307
281 13
218 431
239 498
290 178
402 234
33 449
315 105
337 115
107 160
153 119
10 74
198 380
411 450
288 212
19 332
198 377
161 301
299 268
298 400
134 441
242 200
157 19
134 57
69 495
114 241
167 74
455 124
426 217
429 218
402 214
443 300
453 452
220 456
208 104
46 18
70 342
213 140
50 228
75 199
292 119
46 41
165 459
176 1
71 91
157 457
258 473
426 100
57 211
316 498
369 265
460 214
354 291
371 25
225 404
376 446
487 17
329 422
275 4
447 357
315 346
171 104
205 425
136 449
300 114
231 452
18 21
312 43
421 373
129 184
482 146
15 357
279 322
326 196
54 406
104 274
230 221
146 128
77 287
401 282
87 229
250 485
380 105
330 63
99 301
299 312
169 433
255 167
363 449
207 82
208 269
490 312
440 290
78 488
123 369
99 331
168 62
167 201
116 49
202 350
162 215
149 2
21 331
132 256
190 236
6 192
356 398
189 348
189 296
17 119
450 312
374 468
170 119
20 393
243 138
354 222
76 257
441 355
111 97
334 425
117 302
52 192
392 473
121 93
212 81
245 491
459 15
134 119
365 481
120 154
228 460
218 326
181 305
254 11
436 144
298 440
484 406
379 351
296 377
310 353
344 361
376 56
175 155
137 362
368 40
1 257
435 96
253 71
82 116
112 8
300 370
276 411
114 285
162 8
361 410
271 472
380 57
212 499
361 408
300 201
310 229
326 301
224 245
361 431
439 158
29 326
237 240
377 157
165 351
113 39
363 378
287 385
384 96
4 352
53 98
327 304
458 364
109 5
437 182
193 323
149 228
320 222
231 386
89 197
88 397
127 202
439 304
400 415
267 176
274 404
60 172
36 101
459 18
53 146
321 396
124 246
468 470
208 297
494 199
448 297
351 83
239 428
343 291
467 139
395 462
134 93
194 455
474 23
169 5
401 27
273 490
312 378
175 93
144 20
169 21
456 445
373 20
163 195
334 68
382 482
75 229
185 368
391 122
127 11
38 412
254 29
259 163
108 66
86 286
307 252
49 107
128 264
459 422
342 291
274 146
375 224
93 349
323 412
423 484
397 451
332 313
476 151
70 91
377 84
189 156
264 36
300 238
13 244
387 112
258 355
80 161
363 485
398 25
9 38
489 173
487 258
262 321
264 463
400 332
340 141
30 441
179 456
52 330
294 192
400 440
453 52
38 332
357 168
207 288
461 218
477 196
370 448
264 91
423 134
128 16
457 115
72 158
340 136
181 124
416 135
39 433
265 370
38 429
217 122
340 245
294 31
479 169
260 164
298 95
111 35
3 426
436 68
57 75
51 277
412 90
23 320
190 451
381 288
262 80
326 450
481 454
124 472
136 461
408 236
124 286
65 20
440 127
202 1
278 497
439 105
425 190
494 462
102 467
48 375
325 364
319 226
198 307
120 295
31 334
472 28
400 155
282 37
391 341
190 336
294 169
212 130
92 71
39 206
433 47
411 439
165 110
269 82
377 363
49 389
270 261
268 373
411 22
363 51
239 302
323 54
184 33
457 35
93 128
175 348
287 26
489 439
373 452
167 258
0 103
364 68
441 270
292 132
35 204
6 8
414 275
160 182
217 450
78 117
465 163
41 106
397 104
408 30
289 270
373 75
143 141
263 89
74 437
141 55
415 109
236 148
182 329
279 397
366 399
414 210
316 184
288 456
486 65
187 197
124 127
268 413
2 120
57 31
439 76
186 198
198 354
36 274
171 380
132 315
377 390
74 46
2 45
110 214
263 341
320 298
63 240
360 89
120 65
494 417
467 411
118 32
306 18
398 154
321 330
220 382
429 199
96 146
360 283
476 207
357 476
216 297
238 420
337 76
345 358
122 331
363 164
182 240
394 22
352 433
315 67
118 72
218 96
232 215
274 430
258 208
357 131
403 474
402 95
306 92
424 99
264 428
168 139
161 446
379 414
333 365
437 47
143 452
167 7
290 227
288 441
424 48
23 145
93 327
419 277
377 399
179 195
187 141
439 347
113 200
66 171
218 446
398 355
363 213
441 417
358 153
53 229
374 282
461 428
206 467
218 233
280 83
76 397
96 467
168 15
38 209
8 86
441 256
470 258
176 304
309 411
140 34
169 215
143 366
186 130
215 201
136 404
302 496
463 212
80 398
460 483
421 118
227 320
78 363
19 197
460 254
141 181
396 452
318 310
292 391
93 4
409 8
4 229
294 63
313 319
155 226
196 125
445 76
439 423
472 24
130 459
140 432
384 271
433 388
279 55
59 226
234 224
306 320
235 238
409 100
178 401
26 64
141 226
150 472
348 80
391 474
259 330
102 383
271 495
50 35
113 403
127 462
134 347
437 433
385 222
123 347
411 63
290 149
473 404
485 292
266 173
4 228
112 377
373 106
493 235
138 423
237 107
306 266
199 372
94 244
443 85
0 217
218 206
111 142
434 192
365 448
28 53
430 221
327 140
376 155
79 173
132 14
132 316
40 438
34 332
269 486
203 329
36 269
412 274
318 499
299 198
103 35
257 327
468 386
41 436
109 196
62 120
289 241
32 195
27 181
168 418
248 148
417 223
497 284
135 181
380 167
203 434
261 483
221 460
248 81
277 263
235 358
451 340
387 24
58 335
254 266
414 226
449 2
138 331
13 299
466 125
59 245
80 169
481 320
402 302
65 230
440 31
223 152
29 243
79 110
376 87
313 185
39 290
474 114
265 29
154 339
84 232
253 213
385 16
170 87
169 139
171 87
240 109
204 246
357 269
356 283
320 233
376 21
487 359
388 350
189 253
485 394
107 125
141 90
177 345
484 312
399 346
307 7
254 491
260 12
147 111
196 468
489 468
179 424
274 477
230 68
462 315
440 67
157 422
267 434
98 187
33 103
111 349
341 193
205 217
180 101
70 352
172 228
153 411
388 352
272 279
95 470
37 86
8 387
173 47
234 127
83 271
121 119
312 194
263 314
267 369
74 443
171 189
101 246
98 324
456 341
312 222
309 51
290 201
100 317
297 464
235 334
306 380
426 208
22 470
340 189
132 290
479 266
12 303
480 432
274 463
185 436
339 438
491 494
164 129
445 92
278 461
193 181
241 84
55 119
308 116
406 247
13 292
95 237
170 377
340 427
363 296
234 378
224 54
184 225
317 388
201 129
162 96
32 246
365 256
372 439
38 25
317 130
367 51
281 265
192 389
185 473
351 408
462 419
497 76
316 498
128 166
114 370
116 142
398 147
438 334
359 270
400 477
380 29
294 120
9 161
135 338
246 195
466 338
266 61
59 315
482 83
305 187
182 96
95 273
107 80
203 34
11 467
348 455
75 391
405 142
480 437
484 40
378 79
140 450
266 145
80 199
239 100
196 237
10 421
353 144
178 118
437 408
364 41
284 285
279 291
228 189
229 259
190 64
15 460
457 330
382 133
85 389
126 121
394 133
277 488
106 247
8 307
348 395
180 224
15 133
174 311
71 96
160 256
216 113
444 27
12 25
414 326
299 97
231 392
380 193
292 8
316 339
234 300
24 16
1 267
78 392
340 176
432 1
467 352
380 0
377 411
89 244
342 143
35 388
81 73
433 267
458 373
26 101
118 193
312 50
294 119
147 242
96 134
339 79
431 63
326 71
315 308
451 415
155 157
82 338
106 236
461 368
469 64
109 487
390 439
411 273
368 36
23 58
490 464
379 362
433 273
82 205
472 248
258 385
224 127
215 192
60 182
98 28
368 30
321 208
333 110
146 232
143 201
17 169
31 133
406 396
453 316
65 340
226 425
404 175
367 302
484 119
0 428
310 82
142 368
478 131
216 476
177 124
146 359
492 195
443 29
346 250
443 397
322 263
438 21
323 79
198 157
85 307
241 198
418 247
379 384
212 396
373 447
306 389
436 371
400 150
400 380
129 246
361 195
216 303
382 151
309 39
198 433
483 394
494 292
28 402
298 225
172 240
481 23
394 478
128 270
150 295
393 380
76 131
434 107
258 144
36 317
250 67
314 234
378 85
487 308
33 406
498 286
161 205
183 480
250 56
203 163
43 252
383 96
203 119
116 169
338 314
381 152
238 440
26 195
3 117
375 13
151 388
93 374
354 313
369 128
291 104
208 424
372 335
306 443
112 428
242 422
74 451
391 123
171 313
282 417
431 26
415 157
31 82
247 360
489 385
341 468
392 280
115 401
344 265
193 274
48 457
260 435
410 123
288 151
421 81
460 70
227 204
286 375
235 259
496 386
354 224
357 190
91 99
216 324
98 436
245 409
196 147
122 5
156 458
392 262
332 429
133 352
79 411
22 272
158 314
391 19
209 364
463 100
424 300
88 179
440 375
374 333
338 488
299 348
110 347
276 191
395 442
205 410
182 474
140 228
247 192
56 31
483 308
460 372
403 408
283 49
382 344
184 9
357 221
68 483
26 467
261 196
458 421
395 466
194 492
184 36
419 293
101 93
465 403
163 62
463 220
64 446
455 345
66 101
436 164
131 486
35 463
384 392
358 493
486 280
168 405
50 22
115 439
342 4
418 432
153 5
303 381
226 69
22 110
274 145
483 459
422 405
149 18
364 306
438 360
117 350
224 458
398 167
171 340
124 240
98 89
470 129
51 253
364 49
194 73
32 490
396 177
48 454
113 397
257 412
262 403
362 374
42 486
178 260
352 65
7 155
284 302
56 477
378 335
409 420
410 72
102 293
100 158
56 150
414 213
468 165
40 28
366 330
442 434
351 45
52 147
449 358
188 336
24 5
277 66
491 433
78 40
198 445
447 178
243 106
124 361
389 212
394 164
450 255
152 189
336 153
12 204
41 137
495 200
118 65
350 272
312 461
406 280
459 363
321 353
214 54
266 445
461 103
359 13
202 263
417 11
68 390
27 429
481 109
26 22
147 451
413 228
360 459
174 319
25 319
374 348
293 239
195 492
5 107
370 406
269 59
449 139
420 337
298 329
351 253
205 176
404 498
310 118
289 265
436 336
184 314
406 162
7 330
289 101
7 364
424 159
151 276
114 225
54 71
325 412
89 258
108 30
0 345
462 418
107 141
456 251
413 143
473 362
315 272
137 262
274 322
450 61
138 277
348 64
329 45
303 173
55 270
115 263
34 407
49 430
181 141
284 357
71 446
219 110
224 386
60 356
269 350
127 10
75 259
304 476
1 256
26 459
223 409
316 493
275 257
398 365
74 308
255 34
144 145
31 326
34 221
71 443
454 155
414 199
27 381
137 71
30 28
437 15
360 253
362 106
323 136
444 112
147 398
43 51
377 143
216 427
370 263
270 288
339 176
57 185
108 366
246 46
61 138
244 184
142 422
410 106
71 465
363 354
406 70
65 259
38 135
251 282
422 260
437 21
58 261
479 346
393 166
157 225
261 306
80 401
359 403
369 490
197 430
352 84
343 455
90 418
200 381
142 193
215 474
235 431
277 125
292 214
291 22
329 449
202 53
456 261
104 61
344 177
262 301
256 196
114 457
339 198
392 166
140 333
116 107
84 227
293 393
416 376
177 85
138 97
358 379
441 446
124 462
115 137
333 386
195 371
70 448
466 34
219 462
421 107
334 335
81 357
234 480
65 349
446 411
143 203
149 156
471 436
73 125
363 86
310 406
206 59
93 380
194 173
132 165
352 467
324 318
298 433
134 410
174 363
418 80
89 317
253 68
193 60
498 326
84 57
468 308
188 291
316 413
78 234
53 448
266 283
216 378
140 65
280 351
283 314
483 199
119 372
284 88
266 312
221 283
91 351
494 189
103 132
218 310
258 33
316 272
2 376
293 385
88 494
309 74
125 223
96 144
233 244
408 232
367 499
202 482
171 311
443 196
6 126
12 13
285 116
493 328
65 139
134 138
212 153
377 295
291 337
433 325
409 24
376 342
324 277
88 78
127 347
474 383
396 485
102 338
18 34
25 447
85 84
89 11
158 150
339 318
143 450
474 273
115 405
182 202
133 291
138 122
357 260
97 464
302 253
139 51
498 321
405 17
28 436
438 346
165 187
137 129
402 160
65 463
18 369
160 99
221 151
263 151
115 78
184 360
412 270
91 175
192 262
50 348
194 221
408 488
118 359
20 397
360 372
94 437
37 378
381 106
257 110
189 144
357 225
495 225
400 121
383 86
286 93
166 434
274 480
192 426
323 392
117 64
1 35
266 211
317 38
149 147
144 427
152 190
415 353
474 147
85 167
260 357
143 371
203 278
204 418
162 395
311 379
415 279
490 313
203 33
32 160
87 352
394 176
381 239
386 161
329 355
213 471
194 441
220 208
126 397
145 276
156 289
420 456
269 71
104 411
423 325
177 488
165 10
249 424
85 398
254 487
310 414
208 319
27 4
401 280
56 6
147 398
355 212
135 67
330 476
301 91
80 253
115 331
255 97
495 364
351 192
459 249
68 13
17 167
447 448
454 271
169 355
68 101
20 24
1 203
147 203
456 154
485 227
324 72
288 240
433 319
421 492
5 392
411 341
289 23
294 210
65 95
48 315
340 133
189 69
272 193
347 336
63 80
4 333
425 239
410 293
285 210
454 183
25 142
165 217
427 166
262 311
127 493
478 310
231 319
364 167
355 355
288 63
248 270
9 292
85 174
236 272
455 222
365 43
260 480
499 382
46 188
33 261
423 25
344 11
31 7
362 60
123 386
157 150
443 372
398 18
142 380
455 486
29 98
430 320
202 290
330 429
42 248
125 215
226 466
325 469
381 257
496 187
190 5
377 5
375 485
217 127
113 18
116 172
492 143
285 398
328 47
147 467
182 222
40 273
94 260
370 365
53 476
333 366
371 95
432 210
189 246
116 149
322 302
445 232
483 166
65 82
49 163
385 213
338 83
344 426
291 284
112 214
80 196
291 445
7 303
401 75
225 196
499 18
102 47
65 296
379 85
100 131
196 280
364 486
264 34
170 60
274 55
104 283
228 206
361 247
323 236
284 114
484 48
447 283
432 439
24 12
143 163
295 477
463 339
225 159
219 227
134 396
31 345
51 238
486 259
347 264
379 309
357 132
267 363
302 156
168 199
214 179
156 312
3 10
21 471
50 81
329 93
438 184
423 360
471 342
106 261
70 319
303 485
201 279
435 70
122 3
34 455
267 188
198 42
13 123
204 220
313 63
100 33
245 251
445 375
136 216
35 52
37 58
189 190
261 90
446 476
431 235
423 480
23 51
174 474
194 388
304 230
115 359
462 404
131 360
76 408
460 267
177 464
154 349
440 366
194 267
354 238
218 125
176 278
104 93
334 202
284 150
9 138
394 399
111 471
231 25
144 188
4 43
393 321
39 158
426 185
423 233
210 280
410 493
439 239
441 14
16 273
263 78
329 25
349 157
34 441
481 432
476 178
351 485
143 369
406 390
475 421
54 181
174 185
424 464
331 465
238 218
296 347
225 1
10 125
418 426
358 44
222 399
236 334
55 73
315 232
153 313
494 290
476 207
24 21
486 252
470 207
54 225
78 118
96 131
57 89
133 14
266 268
454 208
281 354
86 10
175 449
239 240
299 170
43 67
320 323
30 29
106 142
113 437
68 185
126 209
75 478
98 259
467 193
48 52
414 101
50 134
374 90
112 141
209 26
349 155
184 381
375 380
169 143
180 488
197 89
419 306
65 125
318 17
422 385
338 366
353 336
278 388
29 79
105 390
45 90
323 455
187 82
225 199
39 356
445 405
63 89
214 365
234 480
365 384
251 156
345 203
443 104
183 123
366 325
415 289
96 263
345 91
142 283
491 422
179 181
270 436
153 242
223 336
221 240
396 440
496 324
428 93
69 439
264 463
104 435
198 32
123 52
335 396
318 117
298 326
115 350
444 421
257 120
360 167
460 330
154 257
202 456
395 434
398 271
58 12
396 354
407 109
5 371
488 94
273 175
377 286
59 240
360 322
341 169
499 221
330 301
257 154
88 32
156 5
369 338
45 66
175 265
136 304
250 32
208 124
262 23
115 437
259 174
343 476
197 101
402 342
348 379
411 12
369 289
479 419
486 238
355 24
180 161
46 491
467 431
306 106
43 81
255 422
398 303
404 450
145 447
326 158
22 493
134 89
361 391
481 114
490 347
360 188
31 171
454 406
12 498
432 260
34 408
211 187
490 284
231 467
125 135
128 409
351 148
391 115
229 212
411 225
413 71
242 271
30 445
295 196
309 394
302 227
267 343
128 365
332 257
392 211
473 310
310 372
487 176
240 53
278 68
140 151
274 192
137 234
431 156
51 432
12 92
435 205
423 279
36 415
479 107
417 280
152 452
480 79
133 492
412 220
371 411
103 52
287 145
302 92
377 70
162 205
262 389
20 449
217 185
293 408
188 196
0 62
142 192
36 480
200 275
186 449
1 423
420 142
234 140
210 74
279 463
204 224
26 394
79 224
484 243
439 224
287 172
217 291
271 281
56 253
202 323
246 94
236 56
196 166
241 323
286 259
335 372
266 343
67 361
456 198
422 404
76 247
38 61
342 145
399 161
484 398
493 453
9 82
101 81
404 206
317 342
66 43
386 152
366 333
383 305
209 322
70 157
219 138
283 108
122 61
312 34
488 106
41 157
90 497
55 142
336 347
390 224
377 402
87 128
285 95
417 470
128 347
337 487
448 347
260 472
7 422
28 424
433 347
196 421
63 24
371 104
328 399
302 113
93 57
152 389
212 230
77 70
409 340
39 266
239 209
131 151
76 98
445 12
433 361
385 493
97 349
248 108
73 426
483 402
292 166
249 488
58 4
196 326
445 319
29 235
386 184
282 12
24 314
176 79
72 310
159 413
22 170
448 259
162 95
114 283
271 306
310 363
41 181
1 358
445 486
22 382
246 331
498 304
235 123
433 174
87 308
478 444
203 461
409 278
61 365
171 375
238 333
14 333
191 131
470 367
101 136
320 492
149 348
471 318
344 384
192 256
200 283
97 22
300 403
121 6
381 362
47 292
478 471
102 413
281 21
158 424
417 234
82 330
0 66
450 405
161 196
479 495
17 361
117 76
434 318
32 238
382 315
138 79
492 360
382 93
17 125
360 392
74 286
352 442
348 74
122 155
150 9
223 101
30 167
337 340
430 316
484 369
300 312
173 122
215 293
418 407
299 85
371 278
73 373
299 76
83 421
282 421
374 233
252 357
197 256
73 442
163 479
292 57
179 464
257 317
76 247
184 27
306 375
100 407
483 231
4 251
172 66
151 286
144 398
155 256
198 193
25 228
285 361
177 317
486 316
415 434
462 62
289 451
359 120
351 241
492 194
113 355
493 16
414 264
372 489
35 69
149 422
284 60
229 286
103 461
248 67
481 370
322 62
182 122
363 181
227 385
92 207
223 340
457 437
279 489
411 329
252 314
226 60
347 388
201 455
22 302
172 301
363 355
477 346
379 397
134 340
399 107
447 226
16 474
463 256
86 295
109 374
287 190
78 335
142 134
288 131
433 16
371 312
159 296
46 200
392 390
497 180
259 291
265 297
53 275
70 80
455 491
181 31
218 94
228 111
243 360
228 16
180 176
324 451
151 339
82 370
51 43
334 431
228 310
85 451
31 134
477 7
38 338
432 159
270 256
468 12
380 13
41 196
147 61
252 366
236 150
193 334
266 287
97 379
330 346
332 34
41 361
52 310
321 431
187 336
349 91
457 7
203 81
142 498
216 202
352 247
81 453
240 397
276 199
398 190
76 106
320 230
392 470
401 372
60 213
157 441
448 409
491 114
464 4
206 485
232 181
486 411
308 166
217 78
268 85
191 115
198 197
167 363
87 90
304 420
361 148
409 313
427 310
314 400
238 243
276 372
283 322
340 262
341 92
29 58
173 461
10 72
436 223
314 29
450 23
23 470
283 311
473 433
185 62
305 287
160 423
98 434
48 295
239 438
496 241
55 268
341 22
245 65
95 129
152 59
381 45
208 176
109 164
226 182
321 146
70 384
318 481
129 168
106 218
460 368
489 455
477 15
432 330
459 74
486 27
424 463
491 367
32 485
167 452
99 110
494 488
322 21
189 164
383 451
171 147
454 195
62 160
342 283
210 494
374 153
117 196
415 150
135 460
413 299
410 302
143 12
385 404
421 465
268 426
425 156
351 291
452 380
15 413
259 146
300 225
421 133
284 269
229 337
136 271
74 142
6 398
155 217
34 243
169 76
232 154
445 95
475 83
348 249
396 490
216 107
93 48
317 489
178 229
0 46
41 315
65 74
143 399
143 220
296 29
183 164
259 380
463 129
230 86
429 163
123 126
174 497
486 216
445 343
242 165
332 445
372 135
34 397
118 367
397 29
46 266
147 80
61 305
392 462
126 292
270 321
318 249
317 297
140 156
321 262
59 382
17 5
403 431
299 404
285 373
139 48
128 331
489 138
101 42
186 381
54 227
328 456
253 224
232 145
259 246
128 406
411 318
102 498
254 166
39 253
301 391
223 31
169 281
175 64
445 122
349 361
318 351
427 29
26 423
169 159
65 285
456 298
148 329
495 58
163 402
145 387
270 316
449 368
432 291
414 125
486 229
432 115
145 156
80 211
223 171
309 249
399 140
469 265
175 47
301 465
204 190
6 447
167 474
117 455
432 452
33 31
147 419
75 318
29 144
167 7
257 252
393 476
241 156
56 214
179 268
458 209
156 235
61 464
272 176
128 179
210 204
475 13
331 209
205 403
410 361
465 373
349 167
176 210
425 91
211 232
441 456
192 170
486 450
126 105
284 258
315 106
119 347
408 290
193 451
164 114
487 456
123 481
192 336
279 299
383 469
425 491
13 325
275 469
75 499
258 253
359 211
410 73
215 330
281 319
433 261
217 297
279 272
460 340
492 323
292 240
83 375
200 217
39 96
95 327
80 466
177 205
278 291
122 88
259 346
107 255
53 44
316 324
164 332
7 276
368 8
384 299
368 451
399 436
116 407
225 347
52 48
340 403
343 183
29 314
69 454
498 136
460 122
306 314
442 476
485 165
464 311
114 369
305 333
92 14
361 273
322 318
73 265
448 162
476 416
370 477
113 397
372 220
34 73
50 30
196 328
139 35
256 160
345 106
120 413
187 438
256 333
98 9
23 329
97 399
376 351
248 319
39 490
415 120
3 425
253 317
204 199
211 245
351 460
226 57
495 323
8 413
274 103
284 458
357 297
148 381
52 234
76 248
221 443
220 343
161 224
423 473
70 217
178 134
191 421
96 256
169 38
141 104
63 443
92 425
158 272
6 240
340 210
5 434
278 61
285 225
51 291
8 60
47 473
395 38
294 90
129 343
448 315
110 122
400 363
135 202
294 58
121 494
280 487
48 478
204 410
201 186
246 107
80 62
452 293
384 327
171 247
414 365
339 471
186 25
79 239
298 173
167 226
213 271
249 300
210 113
299 305
412 264
178 46
191 493
320 130
377 427
144 343
314 144
21 484
223 0
174 452
178 373
144 193
493 243
357 246
51 56
172 156
54 316
309 350
480 246
173 481
325 210
354 318
154 139
492 227
179 377
251 166
359 210
453 247
345 205
113 310
319 397
65 285
487 373
119 374
355 467
29 145
315 32
24 235
462 469
198 16
182 142
352 301
49 393
450 157
320 246
143 415
52 139
12 60
434 39
359 484
481 142
26 388
476 148
469 50
66 438
432 167
469 100
494 136
294 370
116 296
212 114
253 112
172 264
156 117
453 107
101 15
255 434
434 127
178 231
22 403
71 244
197 454
443 40
410 43
339 237
351 378
490 403
20 456
425 163
122 176
43 379
165 223
350 150
382 100
3 380
477 256
62 426
466 174
217 5
242 228
107 408
312 445
253 97
112 332
360 179
410 234
457 403
53 75
175 160
392 287
395 31
457 369
395 458
463 276
4 112
21 206
3 463
413 185
17 257
288 25
260 377
132 198
273 69
229 37
177 301
332 122
343 72
30 141
417 239
351 494
52 274
237 224
409 55
164 2
28 278
7 452
150 140
209 139
29 276
77 439
413 206
130 261
402 256
495 13
7 172
446 199
423 411
318 35
38 333
111 335
287 66
206 119
110 290
66 415
206 491
197 495
256 119
228 180
193 10
182 223
422 52
315 128
164 198
383 133
468 54
120 346
465 108
398 178
445 428
419 316
311 152
123 469
149 419
281 351
427 194
246 464
444 201
399 61
46 460
14 282
129 367
475 486
164 446
374 373
41 110
114 146
115 204
123 237
441 116
162 404
220 368
69 260
173 165
477 321
103 219
86 492
478 84
31 413
286 495
457 257
255 179
383 71
160 222
190 358
115 453
321 352
112 335
352 243
64 137
357 330
174 19
456 295
209 4
351 487
96 347
27 308
231 204
426 262
121 244
197 117
321 236
423 371
466 286
423 276
458 30
401 132
428 484
340 357
196 489
336 192
0 145
349 215
330 84
328 275
244 451
39 25
248 66
352 462
90 214
96 127
260 48
384 498
355 188
177 225
417 404
49 365
433 269
353 398
25 263
66 181
59 122
188 105
67 307
374 392
19 158
58 470
468 131
319 295
20 176
80 348
66 289
58 129
379 499
114 264
445 256
378 180
285 356
16 418
162 352
362 390
360 182
313 273
68 181
357 485
185 440
81 289
418 251
102 139
403 149
405 216
396 201
57 284
54 181
386 425
315 217
251 100
225 28
209 416
401 145
85 66
355 439
190 166
158 125
126 293
361 413
114 31
167 258
291 24
449 74
291 177
130 117
145 42
458 355
1 206
272 212
151 438
457 479
456 341
486 115
380 434
465 200
458 495
371 485
411 249
279 172
141 202
244 261
116 286
344 54
266 469
408 468
447 417
111 217
332 255
189 449
149 212
59 7
344 459
61 282
455 255
309 192
453 448
87 53
459 421
391 431
400 226
495 151
368 199
307 458
260 52
116 496
355 261
221 28
310 51
306 134
326 117
66 115
20 131
52 153
84 480
58 295
446 336
36 405
216 166
218 343
191 328
89 187
215 47
98 162
148 25
143 257
224 474
457 61
66 245
77 10
157 150
339 487
244 104
122 375
70 312
140 193
380 261
160 82
96 95
472 259
368 97
423 467
28 92
189 381
243 94
97 266
105 400
356 436
163 202
14 479
172 233
346 7
441 404
499 7
118 389
486 471
439 486
78 410
143 319
414 268
386 386
286 363
151 344
46 143
122 314
399 412
419 146
50 245
104 360
102 401
224 222
208 88
350 15
335 139
259 493
379 101
464 497
341 18
161 115
281 239
152 135
133 180
277 71
284 35
436 382
104 386
326 160
28 165
304 177
22 363
464 415
412 254
272 280
395 106
345 285
272 28
208 497
421 405
440 485
219 57
443 228
240 324
489 121
150 268
131 145
412 173
279 447
227 176
282 51
188 474
2 480
329 460
217 62
400 250
159 9
237 119
443 454
76 329
98 284
281 226
251 81
381 193
370 30
433 460
435 4
484 121
81 289
204 314
416 298
307 104
223 76
30 396
226 19
155 458
37 176
257 289
482 288
171 490
451 204
209 104
226 386
27 45
211 307
458 231
335 480
408 265
14 411
282 438
249 240
416 289
78 286
74 25
368 413
117 245
350 319
57 178
224 428
235 84
316 287
267 45
163 3
266 175
466 177
269 400
42 215
1 37
62 120
385 427
25 282
101 355
33 227
155 158
95 109
397 242
288 263
266 164
192 303
480 385
137 158
373 249
286 179
152 226
5 200
483 37
392 30
257 84
95 278
387 264
359 190
453 136
153 499
302 71
308 345
355 282
383 446
125 228
306 21
221 277
167 311
194 56
493 411
189 303
68 88
130 429
65 279
278 83
6 218
415 80
214 315
261 270
350 97
118 238
368 156
320 191
248 35
446 366
169 93
33 488
417 89
368 163
98 482
53 498
78 104
419 468
239 292
389 32
271 441
98 359
51 139
26 270
136 151
244 324
312 157
99 129
292 229
64 467
466 242
346 117
85 396
189 118
2 176
118 430
142 273
264 68
190 193
196 290
115 178
335 292
421 427
9 434
254 213
307 73
42 72
320 153
123 127
156 361
292 126
251 126
194 434
479 16
306 236
414 27
319 273
53 249
36 240
305 414
487 142
66 112
117 29
8 386
248 93
219 16
142 392
178 470
338 188
424 9
36 497
270 338
440 355
447 175
89 328
470 104
216 428
309 388
274 185
278 170
186 374
118 349
172 181
369 296
305 10
7 294
484 193
400 130
157 424
252 347
451 99
27 74
462 19
205 337
359 89
315 335
185 45
226 434
82 357
219 448
242 388
433 79
61 78
3 334
33 218
169 107
34 485
356 197
386 348
289 61
249 245
142 105
391 434
143 221
169 473
213 214
293 263
341 147
481 206
277 196
156 14
351 446
495 190
38 208
121 381
478 328
285 370
156 473
194 176
149 151
366 363
478 363
362 11
218 319
368 343
209 495
441 24
214 413
473 437
170 104
284 446
317 1
474 69
97 325
477 168
383 247
462 195
206 361
32 324
19 276
271 400
424 228
493 65
354 490
95 466
413 376
377 379
301 82
259 203
371 398
497 88
283 106
319 459
135 342
118 352
104 154
235 242
307 29
19 228
47 13
389 466
198 460
394 119
322 499
249 153
242 46
152 247
58 377
219 324
176 194
200 190
432 132
161 287
16 91
104 33
351 415
227 345
464 49
400 121
126 139
185 150
249 368
98 337
13 307
353 317
359 189
174 406
193 291
234 335
220 61
476 190
36 424
473 203
176 352
491 374
376 303
23 28
218 125
284 121
291 231
273 490
248 150
294 447
282 441
3 28
219 355
279 331
387 107
311 104
478 63
366 155
183 206
331 390
11 401
133 468
310 302
305 406
353 58
499 99
127 487
194 354
38 198
305 473
78 425
340 117
272 408
467 207
449 307
209 298
118 312
467 342
100 428
486 272
223 453
292 338
44 350
49 487
460 82
7 206
175 390
151 348
407 299
107 118
268 208
20 168
362 239
167 339
111 462
415 6
344 334
37 207
46 388
471 438
496 7
249 330
30 172
323 252
370 289
497 430
450 491
230 370
209 312
274 397
255 173
359 41
101 99
340 396
186 147
6 311
493 183
207 256
8 376
165 30
313 231
222 15
385 263
76 452
201 94
267 202
244 457
408 479
375 345
344 248
411 414
97 351
107 257
133 156
186 467
198 150
165 351
467 272
224 50
497 43
97 278
87 116
95 341
38 495
96 323
237 383
234 359
116 186
342 193
160 249
252 380
232 211
483 417
320 199
94 60
338 317
285 191
385 277
124 381
204 275
158 220
432 293
479 244
437 48
150 321
201 450
161 402
171 285
336 144
204 491
308 430
474 394
171 94
327 211
486 148
220 383
176 497
241 152
201 155
476 31
481 203
105 29
167 494
138 276
120 3
434 195
89 280
374 260
323 113
261 53
436 309
158 481
134 112
267 252
283 187
390 95
477 116
462 347
475 144
147 100
147 95
376 433
45 237
202 102
156 368
178 315
296 444
57 188
440 282
469 176
124 75
43 211
58 101
245 5
458 386
481 244
178 105
194 209
312 223
92 396
211 320
116 122
162 360
494 173
202 103
178 464
27 326
427 222
79 438
324 24
268 37
143 157
367 298
374 189
438 31
203 466
440 1
361 319
345 102
57 208
172 47
373 88
310 51
489 300
176 241
279 165
323 444
95 274
463 190
73 469
287 401
255 276
95 79
33 468
176 440
339 91
179 200
252 212
364 341
82 93
259 40
337 361
487 82
272 432
253 451
204 197
473 40
119 459
280 420
213 152
95 456
157 52
117 274
467 409
2 481
22 50
263 261
195 211
495 103
54 319
16 248
288 110
422 489
262 259
263 202
158 475
379 359
485 167
76 496
478 453
355 431
44 352
63 470
73 240
59 58
158 479
442 428
417 446
57 364
418 31
358 172
383 428
96 238
86 369
174 24
455 64
268 381
203 352
92 183
241 277
108 3
431 399
197 50
266 201
232 106
131 184
465 443
181 14
235 61
85 267
184 261
494 393
245 304
488 198
327 189
44 81
333 435
486 476
29 382
489 104
141 113
56 120
486 106
19 89
209 222
335 456
349 393
197 330
28 446
135 185
119 355
290 32
360 452
334 128
233 389
354 175
147 226
332 263
352 134
208 351
307 61
306 43
373 9
455 4
41 253
108 443
475 12
464 251
379 335
76 299
474 464
190 430
45 474
108 374
77 398
459 168
211 385
246 118
474 437
190 201
496 15
28 299
402 471
158 344
143 133
98 86
369 470
296 140
367 414
312 404
424 444
181 124
242 135
72 427
481 216
83 115
414 477
301 463
308 168
301 311
398 303
125 251
392 267
33 421
177 111
55 198
322 101
89 89
16 416
484 13
128 497
327 419
383 394
62 128
439 43
198 364
115 189
308 176
449 359
470 342
40 127
80 378
467 214
130 169
35 483
333 114
385 163
58 160
140 268
163 472
336 431
121 214
390 304
163 429
271 339
318 486
364 163
377 251
272 331
166 7
473 307
323 351
363 211
479 233
205 3
287 495
209 394
198 408
189 451
142 361
347 313
476 313
64 63
246 354
213 188
496 413
116 39
250 319
404 480
335 81
428 109
3 122
30 137
440 201
415 72
385 83
248 114
178 361
67 312
0 424
189 281
172 348
19 306
138 422
355 423
385 473
448 284
273 388
442 330
402 214
149 209
323 287
149 397
61 1
278 68
349 413
114 467
273 21
295 485
409 263
237 151
287 146
386 37
367 60
126 328
37 270
409 275
24 213
214 58
127 437
203 492
312 328
202 317
302 437
201 349
352 63
209 290
327 139
200 96
276 194
316 326
454 166
379 226
136 478
268 445
290 115
444 471
288 102
39 498
347 442
6 92
382 200
191 67
15 209
256 391
70 292
310 72
298 24
354 41
338 435
50 122
93 128
82 346
344 233
176 474
66 44
96 34
101 301
10 287
31 469
113 118
191 101
477 423
464 341
128 331
306 302
283 179
377 399
485 365
191 74
118 13
47 258
59 66
353 0
469 421
40 384
337 82
357 83
424 314
498 321
476 405
436 304
55 111
476 313
387 40
53 20
130 357
275 452
453 189
462 129
365 274
357 354
289 55
369 214
388 214
471 219
23 216
327 407
220 431
471 155
175 460
169 377
181 305
346 445
426 486
261 161
15 143
198 470
36 305
371 420
139 276
492 342
249 15
446 171
327 321
281 417
146 354
160 451
248 180
166 358
19 174
169 427
249 387
192 368
288 286
414 415
257 279
294 407
430 358
179 240
10 257
464 313
116 8
188 476
334 364
390 355
282 206
93 59
279 384
170 137
52 419
199 436
343 161
371 345
86 126
235 50
215 96
104 199
175 331
47 293
0 362
68 289
201 282
18 161
298 480
400 40
477 202
363 451
296 172
298 234
136 234
330 34
85 352
35 287
432 261
475 83
224 432
66 43
56 425
258 85
125 206
408 158
461 102
275 271
357 257
492 73
459 493
197 174
313 45
158 85
20 245
29 133
176 244
170 96
181 84
290 428
438 158
261 198
321 251
360 388
313 30
375 204
379 273
170 73
158 44
290 328
461 178
274 319
267 489
73 296
76 448
459 215
265 366
117 72
460 86
468 478
182 125
398 343
268 413
458 420
248 278
308 100
419 61
402 83
379 187
487 327
42 456
322 298
370 307
245 292
270 330
456 65
409 304
218 206
479 177
308 28
128 227
141 116
199 399
86 43
223 431
387 426
224 265
425 61
353 95
277 22
88 475
280 85
144 349
378 350
378 123
202 186
303 6
405 343
239 2
433 344
122 462
79 172
86 346
293 4
379 439
267 423
8 319
168 47
397 152
127 46
233 275
133 330
173 36
390 38
382 412
226 176
200 4
203 306
162 286
78 348
271 41
212 345
244 132
136 380
279 141
268 264
94 12
400 401
291 267
32 142
318 174
30 258
416 19
157 233
82 79
472 235
432 205
337 37
417 176
169 474
90 196
60 289
190 184
303 460
455 482
8 335
446 273
144 38
124 214
145 154
241 58
115 470
7 174
350 453
279 424
473 372
161 369
405 385
198 204
38 208
396 153
278 46
436 342
408 275
429 412
470 54
24 170
196 86
391 31
307 47
271 22
243 132
18 432
136 148
356 216
221 174
72 252
446 499
274 9
273 207
261 55
226 244
182 137
20 422
321 425
447 327
312 444
377 190
190 182
250 365
40 398
3 471
470 464
325 449
156 97
152 99
195 269
406 230
5 377
154 426
106 178
123 101
143 270
452 352
217 185
83 202
25 109
74 86
388 347
444 399
498 396
166 97
179 45
274 424
351 184
363 428
381 309
79 338
190 376
61 383
437 407
17 497
83 462
309 91
342 471
220 106
55 193
238 386
310 234
419 13
293 13
174 134
472 175
51 105
340 162
421 465
462 277
91 438
381 45
369 253
359 76
269 89
327 414
0 359
224 489
355 271
405 18
45 29
487 229
243 96
61 327
457 165
103 375
421 400
153 337
413 142
83 364
130 182
393 410
399 131
254 118
488 254
136 160
241 33
129 475
302 485
150 43
418 111
12 105
442 191
185 17
234 355
389 268
178 364
347 283
253 78
184 102
114 241
274 172
147 355
192 255
150 302
413 342
300 421
112 277
147 242
450 298
418 381
245 339
474 97
27 445
399 79
320 63
236 13
220 446
202 383
37 413
107 352
125 451
80 407
2 238
388 227
108 452
143 158
255 206
151 118
197 134
198 402
415 370
316 434
169 487
400 370
223 207
10 360
267 200
438 90
170 269
73 178
337 278
336 217
335 444
79 339
241 384
254 277
63 156
496 71
441 84
291 396
108 16
217 153
244 228
349 7
38 266
44 423
140 227
23 233
72 327
211 102
231 314
322 318
389 146
231 318
67 182
51 374
28 175
403 120
479 124
390 253
176 17
96 286
19 168
495 120
74 92
406 58
376 306
304 228
399 265
300 35
410 466
141 203
323 290
414 397
150 302
172 304
90 178
346 268
240 462
54 193
251 315
473 312
392 128
245 277
313 291
257 397
100 75
365 251
148 423
78 131
435 150
328 250
370 377
339 26
71 111
278 245
57 322
302 251
28 302
93 48
445 341
268 203
454 46
321 133
264 102
104 251
1 51
281 284
310 224
187 472
70 233
55 465
216 127
281 358
258 244
438 375
78 55
101 206
192 384
486 275
26 308
212 442
226 380
456 493
317 36
121 143
108 387
367 176
386 176
420 148
23 496
52 210
269 453
337 5
280 313
121 175
117 159
39 333
178 343
231 495
490 496
383 352
381 450
126 102
251 119
116 398
109 126
80 168
173 230
43 269
445 306
465 164
350 414
110 356
203 380
228 341
46 193
143 464
66 279
398 121
19 317
444 14
34 480
210 376
145 208
366 105
122 442
209 331
39 472
204 319
12 242
287 433
397 58
337 430
51 463
281 88
102 422
403 77
453 489
197 465
71 450
245 415
246 193
17 454
273 137
379 221
154 137
48 166
448 51
15 237
325 351
273 148
77 428
269 28
346 382
332 466
233 417
462 429
383 479
468 479
200 8
146 347
365 207
110 194
431 313
16 477
125 109
389 141
170 54
436 158
124 16
285 121
50 357
188 247
226 434
294 156
355 278
485 440
486 220
385 96
73 270
379 401
42 51
457 268
426 64
432 394
15 402
111 217
464 417
351 151
159 42
321 146
438 14
86 158
106 277
399 323
224 32
435 278
398 118
35 392
286 324
78 467
185 153
71 41
192 1
44 274
272 203
217 365
375 63
340 155
478 482
14 239
369 54
24 449
341 267
443 59
379 480
485 373
414 64
65 56
183 106
309 109
326 455
18 378
385 202
184 358
449 363
269 50
351 318
437 145
205 44
24 380
253 84
0 362
418 167
125 417
27 453
409 286
16 205
259 427
138 401
116 443
345 439
110 237
383 196
241 47
280 440
376 117
479 33
53 376
293 250
203 30
169 172
230 464
392 185
439 489
285 382
321 55
293 130
327 431
331 28
468 420
389 111
496 344
220 221
471 401
432 365
390 26
491 101
138 120
109 235
469 77
485 394
25 290
74 130
158 204
476 405
16 126
470 365
86 364
266 42
407 409
288 198
151 149
269 279
366 141
71 379
273 335
477 56
186 150
206 51
308 344
322 182
48 176
41 144
186 486
396 307
357 445
95 184
315 360
353 364
95 181
368 424
480 221
371 345
249 18
214 430
112 409
86 388
32 12
499 479
138 70
16 247
283 495
207 463
179 98
131 412
337 127
348 351
196 169
40 71
1 297
207 254
143 114
478 293
124 27
98 477