7300
346 303
174 112
343 389
331 81
480 84
472 28
208 148
88 412
165 196
19 283
316 242
492 369
339 457
110 142
213 228
32 193
157 412
301 206
139 352
289 484
12 119
120 261
174 72
269 208
343 191
433 140
361 159
116 277
419 200
429 79
124 484
396 313
371 281
134 49
33 10
482 423
184 397
470 102
162 210
401 91
231 6
17 334
111 93
145 486
65 382
367 426
239 189
470 263
313 110
473 456
379 198
448 307
409 416
126 418
361 423
281 28
214 92
37 299
285 326
60 183
461 202
391 427
43 201
163 213
170 356
406 488
295 401
317 354
272 56
332 296
324 133
78 465
264 38
216 467
150 401
455 277
204 464
17 198
412 247
455 32
21 434
187 362
68 168
77 357
153 193
178 261
226 477
367 256
224 343
96 84
213 226
42 52
250 269
369 59
92 14
300 324
38 465
485 340
197 459
152 62
175 350
179 330
439 402
97 46
482 163
241 193
97 195
465 284
195 200
214 334
10 287
252 367
207 401
360 238
152 404
106 12
342 328
82 285
331 133
296 179
224 314
361 390
26 322
22 326
12 221
361 88
307 23
424 113
203 14
270 136
148 356
36 228
13 342
476 470
149 345
11 124
366 225
47 372
51 392
466 421
362 63
438 327
292 169
36 362
498 496
204 158
387 498
341 92
62 400
97 169
145 63
288 108
333 12
256 336
109 236
299 222
401 471
141 238
452 46
42 177
187 303
301 98
42 74
475 494
15 104
19 72
33 161
173 307
495 218
454 429
4 105
428 253
343 257
303 69
98 148
451 197
295 286
360 104
451 189
145 187
112 466
127 164
472 145
215 152
434 319
424 169
274 438
195 353
274 470
118 499
48 225
363 69
25 344
385 75
263 476
443 31
195 375
372 422
75 19
339 87
108 361
299 115
320 234
204 346
197 95
172 322
243 246
442 35
110 121
97 327
210 373
100 392
315 406
425 324
411 242
103 116
232 371
106 254
452 52
499 310
485 150
248 171
58 80
201 190
369 169
394 299
43 80
338 495
319 210
452 263
232 83
454 407
13 464
368 412
75 466
468 368
391 60
492 216
258 450
471 194
345 479
59 365
212 388
99 397
13 32
467 403
163 245
61 273
186 28
494 429
149 261
173 314
382 393
195 165
211 140
120 166
31 56
297 31
281 244
128 248
3 146
243 95
368 18
47 304
85 406
167 393
208 87
480 192
358 90
83 27
193 69
478 55
438 224
468 275
375 219
365 96
43 378
397 460
264 264
170 444
189 202
141 190
382 397
340 473
0 92
14 423
330 193
417 492
119 268
340 238
186 494
224 57
18 82
346 473
269 134
336 368
58 459
356 477
450 293
237 48
323 302
495 251
95 153
274 265
3 214
60 114
171 41
123 137
110 189
324 469
338 380
339 12
342 248
393 47
96 144
447 483
234 271
425 442
207 182
248 199
165 62
104 161
298 336
378 227
49 408
140 202
66 239
339 331
231 408
53 233
216 179
450 0
294 302
336 375
426 2
416 85
246 91
428 20
100 396
304 158
212 149
240 297
128 278
187 79
164 359
38 92
92 232
387 489
216 386
240 223
308 495
86 157
29 406
302 366
24 129
130 459
256 236
367 370
450 236
96 54
146 466
199 486
327 90
476 86
309 396
391 69
78 470
228 477
196 107
237 383
342 220
309 219
90 450
186 176
82 392
358 134
473 228
318 409
495 300
48 146
67 157
479 439
269 145
253 207
90 465
37 342
413 284
234 346
22 3
247 273
259 456
184 458
367 232
385 354
353 215
224 433
225 420
418 203
262 494
459 23
217 353
489 496
195 130
486 76
201 69
26 233
43 460
45 62
417 263
478 430
215 122
394 54
257 440
434 312
187 19
224 245
94 404
35 66
142 289
358 21
106 343
155 236
299 150
413 200
130 216
190 243
297 198
138 84
249 406
277 73
170 436
341 354
420 264
53 376
249 62
257 264
0 355
5 412
465 299
367 270
365 447
145 57
494 14
420 284
209 243
31 198
404 379
144 372
100 324
238 49
313 349
57 347
111 166
465 414
185 76
24 185
94 50
65 169
453 88
183 337
387 14
394 215
439 291
115 390
439 392
93 205
52 105
271 150
65 164
240 88
273 102
4 264
286 368
308 69
259 239
254 492
59 146
290 0
390 350
94 257
463 181
138 188
190 15
179 261
202 107
209 272
388 475
195 214
135 174
266 356
200 246
393 372
372 111
461 35
292 114
147 56
96 255
123 286
399 138
246 154
426 101
429 307
373 315
489 476
332 9
255 255
127 32
143 0
387 351
465 457
365 180
287 465
103 313
451 262
417 2
456 197
357 343
10 385
361 230
91 0
107 46
78 199
199 87
438 74
31 439
119 256
221 248
61 258
21 176
178 12
62 438
133 486
371 419
1 144
496 85
131 93
292 455
42 61
487 343
282 333
441 370
118 253
364 14
190 179
44 385
175 368
355 458
229 160
156 78
15 230
323 4
460 498
60 467
163 354
39 399
270 297
51 480
494 240
272 415
152 184
405 316
274 327
339 112
42 3
85 496
0 58
56 261
228 460
167 468
368 243
41 206
39 490
230 92
359 33
70 2
318 363
190 475
439 444
299 381
377 481
39 385
498 230
42 448
416 78
322 209
268 136
126 363
307 307
340 357
211 18
381 262
237 382
326 423
304 28
10 478
215 34
264 401
349 213
143 306
368 118
254 465
180 136
443 381
90 339
357 135
398 301
183 238
13 487
16 362
340 318
204 378
279 407
120 468
126 481
99 263
81 494
482 353
86 261
453 277
413 176
330 310
401 163
2 13
375 414
84 370
248 67
474 140
460 380
213 446
62 87
433 312
17 495
256 268
45 456
132 61
372 310
473 462
328 125
391 476
346 203
123 328
468 447
179 97
396 429
16 392
56 458
453 301
69 73
29 61
123 115
425 14
328 347
472 251
79 156
212 363
191 277
224 335
284 160
441 403
147 180
490 309
110 203
277 295
357 32
499 158
172 332
179 424
27 353
9 3
218 106
236 73
260 410
422 460
216 45
77 215
24 363
67 68
363 486
18 196
354 72
256 17
294 379
232 287
290 173
132 93
167 9
271 368
328 427
472 45
260 396
260 402
322 136
122 179
227 37
110 141
10 81
312 218
6 156
330 44
138 148
157 462
330 157
84 280
325 10
407 409
163 437
73 19
50 485
22 196
189 277
358 484
203 199
208 23
67 61
209 38
0 57
66 219
499 330
192 151
412 177
114 99
470 75
412 40
236 20
297 434
419 277
328 8
31 474
35 36
74 98
8 244
463 426
108 74
77 315
492 301
400 341
416 458
498 371
243 328
115 86
363 41
49 386
360 44
80 80
30 247
343 7
433 38
465 307
474 394
195 42
384 466
424 447
170 152
333 275
361 414
455 300
186 225
269 356
436 398
145 201
208 318
357 488
147 494
388 174
68 121
439 83
382 304
457 216
491 53
467 142
442 352
429 274
130 128
378 50
252 418
236 23
363 312
158 445
471 11
484 46
481 40
344 276
492 364
269 301
295 483
187 236
362 237
217 117
19 344
262 95
470 123
436 350
148 334
197 446
493 119
159 33
309 326
190 4
157 301
136 311
399 305
42 324
293 261
105 112
59 312
436 219
422 30
216 224
170 70
41 413
298 15
342 201
57 108
261 384
196 66
371 398
74 95
357 266
230 367
179 314
386 289
319 467
191 160
230 387
152 362
377 271
324 451
59 71
456 233
300 172
70 152
247 23
289 496
363 456
123 19
161 395
362 9
169 332
220 54
268 251
374 372
323 497
69 51
284 234
407 25
29 436
460 329
326 128
85 101
473 41
436 60
421 134
466 299
205 442
193 186
411 473
470 419
322 234
321 39
416 107
395 80
409 297
426 207
309 87
129 363
423 134
268 417
216 344
286 86
125 421
246 331
102 36
122 217
108 425
384 443
23 377
174 279
487 285
224 100
315 148
134 353
123 238
434 254
340 339
113 220
403 317
353 359
428 358
283 328
123 389
266 19
298 499
284 292
393 137
137 8
214 208
299 271
25 189
28 233
306 218
35 493
205 61
419 241
69 133
374 202
73 44
43 140
433 372
361 179
188 178
238 351
474 254
443 389
123 352
70 323
169 429
342 457
198 226
359 262
316 119
164 86
226 390
114 207
387 11
41 475
178 427
33 280
21 153
5 328
3 144
425 427
384 172
398 268
30 83
54 110
196 198
88 218
278 274
138 202
30 17
296 179
311 208
361 329
9 333
329 218
145 12
37 255
375 30
465 287
249 257
455 371
442 297
424 44
246 220
89 62
241 276
337 385
66 53
238 50
269 75
439 67
174 266
148 476
116 49
306 113
337 217
15 262
158 279
499 439
1 256
385 88
325 94
499 222
272 391
466 237
157 41
160 405
234 331
381 308
422 350
419 39
301 111
390 434
225 311
68 241
181 78
173 453
27 6
397 24
114 299
193 215
120 271
454 353
161 206
408 335
375 435
46 328
262 28
192 288
29 340
418 260
65 210
216 443
468 92
243 113
180 82
205 436
141 153
359 159
347 155
90 268
448 74
102 489
277 62
402 146
406 307
17 321
264 471
415 86
51 84
18 159
447 232
385 223
235 89
244 244
364 82
156 186
175 164
227 110
257 305
112 129
302 15
487 481
419 419
3 254
413 471
55 22
97 361
302 440
36 332
266 46
232 253
417 422
33 260
65 144
126 142
157 29
362 280
199 496
251 282
105 55
429 164
377 160
452 26
211 179
77 488
93 477
252 162
422 11
7 137
279 339
220 485
266 436
433 82
216 465
372 36
200 173
333 301
180 430
109 137
478 243
220 39
201 71
434 324
461 123
314 294
279 240
177 34
468 45
363 462
498 37
210 235
389 50
332 396
33 69
312 294
333 363
435 384
209 34
9 221
15 22
263 323
209 295
192 292
106 177
214 55
143 104
6 277
173 32
453 339
485 58
422 117
1 318
352 209
430 62
85 361
36 298
93 200
492 245
274 137
193 98
54 341
118 188
220 412
103 143
201 173
290 88
406 475
184 143
58 110
323 467
265 495
195 359
456 210
347 39
489 231
72 40
228 395
307 42
185 300
325 263
351 238
214 467
111 258
220 250
217 21
368 44
403 334
44 415
454 212
443 392
284 295
190 367
409 365
165 349
112 94
332 491
458 464
74 398
149 421
294 294
190 218
53 162
77 94
158 97
489 383
178 101
320 274
491 220
70 229
175 156
499 34
498 359
258 310
83 424
71 407
125 378
392 261
207 178
128 322
57 365
318 117
243 236
308 138
367 234
243 230
265 394
254 94
256 115
40 12
271 340
70 111
372 248
279 314
136 80
297 407
376 194
282 116
254 472
58 442
173 474
368 301
248 290
405 122
486 4
196 297
408 109
358 266
81 133
65 489
248 69
263 362
478 124
448 397
340 233
59 7
160 13
155 427
402 408
413 60
358 240
350 461
228 118
103 60
401 161
82 168
383 149
125 346
95 361
446 74
81 435
300 5
285 241
150 455
368 187
279 415
376 226
196 129
41 456
469 300
320 442
91 52
250 203
417 217
143 345
133 363
221 224
465 285
241 358
397 467
234 461
39 176
158 463
419 235
387 199
142 241
293 208
411 85
302 43
240 328
44 445
21 373
159 117
475 339
158 252
213 372
400 393
208 104
339 58
258 479
220 227
287 400
485 13
408 198
379 140
437 149
22 423
392 459
150 33
285 367
91 308
53 350
306 491
402 261
241 146
225 160
412 313
327 12
62 249
241 87
236 441
216 179
490 111
144 108
327 492
300 282
484 270
262 354
467 291
289 16
176 208
22 366
230 440
41 201
288 292
86 283
314 377
488 154
263 156
148 132
266 442
213 448
154 251
394 327
343 122
182 183
49 371
163 56
257 279
423 204
487 398
275 361
16 153
309 263
247 131
73 309
110 366
469 286
465 264
238 363
398 308
31 273
329 447
78 194
399 439
189 353
215 238
244 464
79 231
362 53
215 178
396 287
74 325
441 365
228 39
200 32
305 478
277 231
426 486
425 355
209 177
415 466
282 276
7 159
65 213
392 221
8 132
457 288
6 434
326 250
282 86
65 26
109 439
426 342
50 35
64 203
170 111
387 332
343 452
166 394
115 260
392 410
50 475
410 201
452 56
495 236
114 86
26 60
402 223
111 452
7 304
415 175
7 29
482 302
48 203
463 0
262 15
491 356
57 312
221 401
489 361
448 216
128 103
326 474
278 382
187 437
465 137
167 102
405 324
27 1
353 305
321 491
199 115
279 312
65 108
470 352
68 406
9 270
96 196
79 187
477 226
363 118
220 442
266 30
383 477
283 146
137 236
351 456
120 188
296 483
335 185
443 118
388 256
304 304
491 336
62 383
353 320
262 426
308 74
403 381
27 192
280 38
494 16
56 484
467 114
151 352
323 302
58 94
398 211
48 363
98 242
414 462
388 304
378 29
410 49
93 133
172 289
157 373
357 18
133 213
417 324
479 136
231 240
304 389
104 481
75 352
166 203
359 490
19 55
456 237
222 281
422 49
422 246
265 79
144 280
456 398
34 61
154 287
177 117
451 458
162 281
336 378
368 328
383 195
284 239
20 339
240 7
253 294
225 163
295 18
268 369
283 103
391 155
124 437
395 68
201 75
454 57
385 38
85 174
266 121
312 370
229 286
433 53
68 334
205 158
28 363
466 473
480 311
248 209
277 105
32 495
52 479
369 338
365 289
262 454
176 131
269 75
480 405
240 202
361 48
263 445
270 241
404 229
439 103
208 4
499 68
399 92
283 403
192 120
75 148
131 455
382 103
361 400
455 362
262 101
398 168
261 25
106 20
123 165
169 397
466 183
128 20
423 217
338 411
411 467
274 265
368 394
146 156
370 81
182 101
121 132
157 432
305 382
47 264
161 280
464 68
88 479
197 92
355 11
331 387
152 118
364 105
262 372
454 10
464 484
117 488
273 85
320 274
390 78
358 219
288 52
31 174
118 228
240 80
467 325
295 423
28 471
344 159
170 142
127 150
138 486
423 96
370 263
341 243
463 113
165 52
78 103
331 48
481 197
22 423
346 300
272 318
329 375
369 468
118 499
485 496
92 108
372 409
4 315
428 65
469 467
422 445
345 48
245 254
177 178
479 119
289 24
251 251
219 119
470 120
469 337
297 308
69 413
80 169
235 73
393 360
157 204
104 315
421 355
33 349
321 99
475 12
115 462
433 226
198 334
23 404
64 19
285 321
342 133
58 365
78 77
134 303
471 235
90 238
440 392
343 476
340 113
75 318
396 456
142 9
265 447
466 18
339 329
314 103
469 181
111 224
28 399
134 97
335 351
95 77
53 127
240 439
257 245
201 168
177 6
453 196
214 294
123 271
375 53
86 289
13 196
95 49
146 393
244 229
158 334
461 192
131 63
309 54
222 240
246 362
58 251
397 51
323 272
177 20
161 198
246 264
165 26
420 341
422 312
498 16
208 81
144 459
365 191
432 305
168 439
42 30
82 78
351 439
311 257
455 380
496 472
499 201
394 162
474 271
139 316
397 472
283 200
391 394
51 1
440 323
206 71
150 335
274 288
45 353
233 86
410 352
405 230
392 261
32 299
115 218
42 24
224 365
111 177
178 115
291 162
86 471
306 497
137 236
441 432
18 34
386 174
256 281
42 143
442 148
218 427
451 409
126 260
290 175
142 89
252 468
291 433
430 190
426 97
30 419
453 367
393 400
33 191
334 150
150 76
3 128
390 369
481 306
333 16
458 271
240 475
409 210
400 383
481 191
111 178
397 363
115 416
108 290
440 149
77 442
423 443
312 432
238 313
181 293
65 71
398 139
201 157
40 307
351 453
131 373
88 314
230 380
171 56
57 338
133 463
406 134
66 56
221 70
364 156
79 402
42 281
290 477
137 243
49 182
408 488
154 180
413 496
404 384
75 84
399 461
447 60
116 158
228 13
21 189
91 444
77 100
78 485
81 367
402 67
407 130
310 310
158 61
445 223
159 63
376 372
432 411
69 324
189 400
89 297
94 211
311 181
18 171
391 241
308 99
229 293
103 215
128 392
467 261
176 74
298 127
390 405
229 231
131 459
108 418
129 73
106 202
226 293
386 124
224 117
410 47
114 453
345 365
126 243
317 313
292 155
60 115
198 182
493 141
411 182
255 101
156 393
186 361
485 382
499 72
471 209
15 409
274 86
329 360
25 252
259 498
465 169
351 171
164 164
198 196
298 76
469 453
166 306
188 155
79 151
213 39
300 51
489 80
292 426
30 318
168 318
487 290
313 133
149 191
387 478
54 347
152 37
195 375
382 318
322 383
274 313
364 387
467 74
0 205
375 259
429 31
173 43
29 269
460 486
316 178
378 199
89 222
97 30
201 284
168 479
293 23
410 442
369 9
215 229
488 369
252 90
486 270
39 425
264 15
193 499
50 80
303 423
454 139
424 252
84 155
30 444
238 377
238 440
21 107
329 305
248 9
131 81
7 234
249 170
169 271
203 294
218 72
211 358
111 24
31 487
431 195
424 61
353 170
129 162
320 374
235 458
392 68
154 367
37 399
22 403
49 59
131 77
436 119
143 194
182 399
446 174
235 113
135 370
384 440
314 117
75 204
124 50
417 467
218 278
33 454
365 92
170 83
202 496
191 458
357 198
372 373
338 155
25 460
400 326
443 261
318 215
117 18
338 442
221 34
340 408
1 254
189 206
54 23
481 392
90 97
322 190
345 314
126 161
487 222
483 379
446 430
300 153
96 63
449 490
399 169
423 289
347 252
275 113
357 402
499 108
298 299
113 174
335 495
217 92
471 174
456 52
206 417
332 108
99 154
323 281
422 350
102 246
211 270
24 229
337 68
367 375
49 135
482 333
425 236
410 199
103 248
165 218
327 161
315 349
130 278
128 138
237 52
174 82
163 300
369 50
426 0
487 88
273 327
64 469
20 50
298 326
45 475
137 315
164 372
2 452
443 146
51 482
64 32
332 225
276 227
79 53
494 54
381 66
387 267
318 445
124 407
382 116
432 169
393 371
176 448
95 395
377 119
3 146
223 293
372 335
389 351
257 451
369 383
2 139
436 256
15 320
289 60
81 249
473 73
21 474
369 149
120 468
466 98
391 123
310 190
393 115
418 199
434 3
494 287
395 437
109 282
195 262
12 398
471 276
251 485
486 345
313 472
423 106
229 280
322 166
282 39
91 67
70 200
340 377
166 64
347 235
498 276
26 42
170 362
199 350
195 421
246 185
291 8
288 169
187 372
263 462
30 469
22 354
232 452
17 214
449 250
26 216
110 299
13 405
255 280
54 212
249 450
310 300
321 40
264 451
413 360
182 28
382 295
248 204
418 466
69 117
333 219
371 447
352 443
75 236
301 107
409 129
281 50
443 220
171 454
315 207
235 436
232 497
53 470
288 332
449 323
394 357
305 282
77 265
354 157
117 4
134 155
205 378
450 267
222 0
208 121
410 389
238 295
265 494
326 291
114 406
263 275
409 8
126 420
430 338
342 332
487 399
277 328
96 44
45 228
201 170
59 105
400 111
105 297
440 18
276 283
58 406
266 391
312 467
305 244
76 242
493 0
328 63
460 270
350 276
446 357
462 404
367 357
6 214
84 473
108 446
352 360
252 167
486 471
215 416
158 144
144 292
207 3
125 324
101 167
376 476
380 47
257 338
405 247
72 263
62 489
202 181
200 266
237 454
370 186
330 453
97 380
383 326
151 304
324 360
336 252
151 200
391 68
168 260
24 148
137 92
125 438
204 191
497 325
364 442
247 367
99 194
373 344
0 334
195 24
128 324
377 383
452 131
244 120
268 472
64 268
58 257
449 190
367 262
56 446
166 231
278 303
499 117
452 151
27 0
176 499
382 7
490 405
377 334
306 234
354 145
255 223
413 412
175 56
354 280
12 231
387 372
490 290
293 238
90 442
293 320
179 119
24 175
362 169
404 254
251 20
243 258
171 6
414 156
289 198
281 269
493 153
295 20
259 483
277 88
260 349
320 70
246 439
108 197
451 108
128 364
123 202
61 224
232 146
344 327
448 21
174 477
498 442
425 469
409 109
458 203
125 169
460 279
328 371
331 421
285 279
333 312
36 260
406 394
222 268
142 102
432 170
112 168
490 430
39 390
445 399
421 349
480 70
294 233
154 308
439 125
289 440
52 273
167 177
298 459
413 241
264 292
460 345
127 228
118 450
202 166
368 63
134 475
208 348
9 280
257 363
155 448
221 47
76 207
18 241
334 226
18 432
129 98
179 479
281 257
275 297
213 483
458 495
344 199
479 19
382 205
153 236
135 37
96 227
320 64
290 115
47 154
105 309
140 28
137 284
433 421
257 413
260 146
197 67
86 456
161 28
265 320
357 167
394 252
316 306
421 66
220 459
268 320
348 325
109 260
181 338
103 43
41 290
358 363
320 91
119 444
117 481
148 236
489 326
132 394
460 157
116 53
373 33
358 384
144 74
412 320
215 178
468 15
378 108
199 178
475 198
32 319
55 92
418 32
427 396
54 51
456 239
272 170
407 330
256 483
303 403
433 20
387 370
478 254
432 265
316 178
497 259
351 200
232 404
301 270
173 11
251 207
229 129
311 375
358 136
392 67
439 13
383 177
431 326
444 362
40 216
475 112
312 389
145 327
449 44
56 446
5 122
251 159
34 235
223 415
482 245
258 115
145 274
100 142
4 428
144 396
8 396
285 120
299 320
217 430
229 100
222 273
284 234
469 325
92 318
63 193
160 427
201 322
316 157
86 301
198 320
216 230
202 58
379 353
283 353
453 448
73 364
99 27
205 357
27 420
465 297
224 443
117 126
135 277
79 433
253 221
304 129
39 321
174 6
212 270
218 457
322 165
45 291
148 273
193 250
399 176
119 11
489 476
253 236
21 124
346 184
165 274
95 150
8 205
475 269
78 220
238 194
485 252
377 135
237 486
14 423
434 136
464 485
73 423
47 218
402 94
368 245
395 68
125 315
436 256
328 100
146 366
471 418
53 484
470 348
271 290
279 484
321 57
480 243
461 394
488 380
125 216
284 356
23 373
129 261
361 459
177 457
228 360
344 148
497 281
72 314
150 120
178 351
446 471
365 10
390 408
124 353
61 16
389 260
21 436
395 370
179 234
94 424
73 407
189 438
104 422
42 113
316 254
77 72
83 262
170 294
499 325
341 146
406 412
348 82
452 279
14 95
20 132
391 108
47 93
15 80
193 151
258 409
482 361
124 187
334 417
242 294
293 333
246 436
18 199
479 446
394 471
455 345
453 414
359 346
279 352
4 226
487 324
186 114
153 321
238 310
456 487
321 333
269 249
301 419
217 139
462 132
477 111
377 417
116 282
135 236
314 247
71 139
105 302
123 257
419 258
246 214
47 228
477 419
190 168
159 130
114 407
19 122
391 91
374 396
485 7
106 361
0 299
453 178
287 457
67 77
143 207
435 313
84 42
62 264
247 274
182 221
343 361
305 53
301 235
94 31
392 286
438 201
231 244
53 391
320 18
77 120
434 315
357 364
481 370
145 419
141 80
441 179
232 336
71 98
129 33
172 18
71 373
469 110
353 302
172 22
143 26
341 250
466 429
299 199
470 447
27 444
123 463
300 321
271 207
241 223
241 253
126 413
375 164
466 96
118 228
106 491
93 113
42 448
499 59
359 194
490 321
285 238
411 466
173 85
160 183
436 266
179 402
66 414
362 406
487 385
376 333
446 93
393 321
380 341
35 244
66 91
330 25
491 203
140 93
276 17
283 300
202 64
331 315
221 121
358 193
378 208
154 86
407 325
18 47
144 139
231 53
430 62
265 413
6 274
291 405
205 135
51 74
389 260
233 382
428 463
23 443
29 306
483 177
77 288
279 1
406 221
135 362
275 337
463 400
157 134
269 254
180 214
474 172
55 422
385 59
2 483
289 408
438 383
23 125
126 367
88 303
165 33
222 75
475 293
279 185
291 132
346 400
72 323
245 173
84 127
462 482
243 439
174 104
229 181
48 50
205 355
240 488
63 222
15 314
351 390
374 294
194 142
318 72
245 119
246 63
398 182
121 61
165 141
174 147
197 394
101 74
414 402
125 194
8 329
219 492
139 360
354 93
165 185
304 172
88 263
297 403
464 338
331 270
417 481
375 5
431 467
369 328
22 345
26 346
339 31
243 245
190 478
15 97
122 207
322 320
223 62
400 119
241 187
168 83
88 159
478 395
75 371
68 347
46 98
481 94
191 237
67 224
173 381
440 82
402 147
61 263
234 125
164 313
396 328
339 184
431 336
207 317
16 7
457 275
369 62
299 290
14 60
293 366
449 39
39 234
349 351
329 452
266 435
263 345
382 162
351 102
419 165
24 58
186 288
350 481
271 407
468 150
16 137
29 113
199 317
21 420
372 400
188 202
399 490
5 303
406 133
299 356
414 177
465 175
157 100
8 168
318 280
270 328
293 186
356 151
423 493
245 377
431 147
138 433
237 330
464 143
499 495
24 115
290 413
366 342
10 447
80 226
54 180
218 202
205 199
192 74
303 128
127 290
223 234
65 265
408 312
159 381
496 259
173 184
378 286
86 391
117 240
420 166
220 23
222 490
65 277
257 267
57 220
455 384
150 132
297 372
253 410
170 456
492 249
35 195
86 370
110 121
139 55
78 382
373 211
488 152
419 290
10 245
130 328
461 465
337 132
394 258
66 442
191 64
259 59
429 227
348 197
252 392
126 340
51 182
335 499
289 40
137 106
435 152
117 119
103 248
6 307
249 498
414 72
483 293
20 174
223 265
9 220
60 328
362 135
135 464
356 49
156 276
428 493
465 91
339 398
57 68
418 197
121 158
451 333
359 105
222 471
44 82
262 231
366 456
420 125
174 1
130 276
122 182
273 58
308 439
359 464
161 365
24 278
111 135
92 475
299 322
404 314
45 343
299 19
496 263
117 72
200 170
353 247
157 174
113 478
443 466
183 473
103 456
443 207
35 66
388 35
201 334
29 144
163 98
362 180
252 159
182 479
226 453
127 387
365 235
201 93
418 160
469 237
296 21
87 412
448 331
17 475
471 1
100 398
79 135
146 462
441 331
136 328
215 19
106 116
61 433
93 160
397 479
0 62
475 193
25 439
266 275
276 394
293 237
224 376
190 372
55 371
199 483
354 44
12 267
200 461
121 73
52 293
208 18
211 404
343 35
162 88
483 461
50 438
167 128
352 275
146 209
193 259
303 197
464 47
360 167
240 16
162 481
351 144
48 370
257 63
3 243
204 419
209 338
466 255
382 228
438 318
430 28
77 483
382 233
401 394
410 243
224 493
138 424
294 428
491 38
282 403
322 346
185 338
445 32
260 151
322 327
207 50
33 252
337 285
31 416
159 90
84 441
218 235
15 74
112 12
268 6
205 246
85 90
122 390
393 382
210 235
285 215
319 269
54 171
87 157
99 437
379 98
185 35
109 97
461 201
59 74
320 229
172 264
6 257
140 146
381 400
115 202
471 19
42 287
444 378
315 481
431 395
431 46
495 468
21 392
466 457
38 81
197 287
396 62
209 204
456 36
238 442
313 423
210 210
440 355
336 6
402 255
302 267
236 333
225 297
106 257
190 44
331 497
59 240
296 227
116 120
63 252
175 206
268 376
84 386
244 208
464 272
40 146
331 266
415 128
237 409
453 22
19 280
372 136
215 430
51 168
272 331
38 466
194 299
37 306
367 278
51 282
428 331
449 443
423 260
21 364
238 12
144 474
110 109
40 16
36 325
9 443
409 308
460 399
205 455
234 497
279 72
255 137
432 208
320 204
421 207
219 341
167 159
269 364
232 277
454 161
456 269
429 463
362 365
172 389
387 420
344 406
395 166
226 452
8 327
34 398
91 429
441 106
322 258
387 210
223 54
175 194
157 179
396 105
346 372
144 68
327 85
104 340
292 222
402 330
81 301
82 288
394 172
283 23
85 216
123 22
216 160
339 298
403 226
98 87
8 102
187 94
286 187
261 291
474 79
232 163
304 55
79 314
190 198
267 214
237 275
436 390
188 453
179 127
67 444
398 129
75 427
114 85
377 362
293 375
391 203
258 25
191 195
245 189
404 233
361 364
106 141
94 297
276 147
443 126
107 195
122 341
426 183
397 88
464 155
358 190
67 207
254 468
158 110
344 351
68 62
203 205
354 174
321 149
127 482
178 264
105 235
270 152
241 384
39 167
209 205
264 398
366 276
238 18
221 376
438 82
287 289
464 141
291 493
476 137
254 270
5 154
306 359
95 127
146 47
104 135
385 355
483 220
90 103
480 222
304 312
101 270
412 444
437 417
55 55
325 265
419 309
20 183
310 78
477 116
103 457
164 434
154 340
295 0
222 245
57 127
398 378
174 10
428 310
217 464
229 335
144 394
77 1
79 16
484 240
49 408
342 439
279 213
213 349
94 75
202 287
166 3
365 100
262 340
304 293
128 479
374 386
387 124
141 303
43 466
226 477
417 92
158 69
270 48
123 223
11 216
219 178
130 177
369 436
230 245
76 26
412 210
335 302
106 299
117 328
157 1
446 195
116 74
123 104
327 386
102 98
128 338
367 173
110 111
356 237
115 340
402 432
235 379
178 89
269 341
194 147
342 427
353 140
244 459
197 328
279 72
262 300
473 407
18 130
219 83
275 226
159 186
65 178
119 394
87 95
242 389
168 281
422 436
247 21
350 18
442 445
245 481
388 205
187 70
6 259
337 258
444 281
311 496
242 361
456 431
172 329
463 50
338 340
361 385
255 86
383 63
396 198
255 480
50 137
396 442
52 56
190 85
82 348
209 1
284 324
6 17
67 456
148 469
206 405
343 362
277 461
159 226
206 174
311 414
208 109
17 59
144 112
460 207
61 226
403 21
38 197
6 409
378 457
215 154
16 84
397 58
137 294
320 57
323 195
304 131
42 32
144 174
381 186
265 457
478 294
492 168
429 369
178 498
152 159
243 393
452 21
167 492
49 441
136 487
470 373
257 293
467 12
50 253
210 200
347 315
335 41
262 339
189 116
275 440
334 193
214 370
363 138
79 233
220 412
137 67
212 42
54 394
148 179
232 457
124 210
251 79
270 460
428 13
454 459
152 204
74 140
130 219
452 289
202 61
128 25
67 191
438 193
372 474
431 438
148 456
387 55
367 400
265 157
116 296
0 71
63 269
340 426
216 193
254 292
317 270
313 235
428 385
359 251
189 152
461 142
197 338
90 348
6 65
213 207
131 474
95 65
491 194
240 435
228 59
181 346
81 45
282 495
98 361
366 141
135 288
478 327
27 333
250 420
479 33
360 463
380 110
305 455
391 223
135 397
243 119
16 316
163 325
38 299
292 262
402 256
435 428
261 232
152 463
348 363
178 483
94 208
164 58
281 251
148 55
26 416
85 391
68 42
193 248
362 459
215 486
414 116
348 151
466 27
242 352
336 314
23 420
330 282
33 187
94 463
232 33
276 120
14 169
417 197
156 208
46 132
248 223
226 312
339 97
301 192
7 433
205 137
419 382
421 35
350 304
189 15
487 82
251 466
163 1
61 21
5 171
246 107
419 253
202 473
17 110
43 4
493 376
258 248
135 413
69 179
46 486
420 259
77 33
35 24
45 92
115 96
204 402
155 361
186 475
86 210
214 204
432 481
230 207
472 191
222 217
55 394
5 269
302 476
0 82
26 189
138 397
299 141
2 342
169 306
16 41
245 255
237 82
142 29
220 319
388 466
360 295
64 444
420 365
299 218
408 272
169 325
466 46
240 320
478 321
362 261
17 347
281 459
488 106
277 423
242 61
356 165
461 454
320 272
490 233
5 471
297 250
148 26
198 115
436 240
2 177
24 150
461 371
329 305
81 450
363 106
123 323
277 71
343 85
318 449
421 185
288 176
202 70
185 436
29 401
430 474
124 31
402 306
111 86
388 231
189 44
367 103
174 164
101 497
298 17
54 272
448 71
141 342
131 2
255 179
153 12
43 185
491 129
67 297
380 455
499 307
410 421
85 219
68 84
453 187
311 366
438 8
202 259
261 431
110 185
197 369
54 115
245 240
389 398
353 164
472 121
42 204
423 382
467 128
167 491
210 272
280 478
89 0
431 335
20 202
71 394
361 218
310 478
228 458
123 52
173 81
137 95
329 216
196 413
256 296
69 363
193 466
466 201
36 282
336 250
496 409
479 408
238 357
316 141
193 466
47 439
34 367
435 36
449 363
12 131
346 206
172 433
486 39
173 491
241 375
136 9
417 237
446 115
256 155
121 262
201 450
169 20
409 87
303 104
235 358
64 167
452 433
472 89
432 290
165 145
6 25
114 301
416 276
283 60
323 25
327 257
277 376
316 496
452 38
397 119
138 39
472 313
254 90
380 444
441 186
211 398
51 447
75 325
386 468
345 359
116 209
437 172
20 245
284 253
224 472
11 181
346 362
304 483
279 101
287 37
435 220
19 351
176 486
306 95
306 62
123 151
175 422
167 413
166 195
167 451
484 391
253 30
13 183
284 410
447 292
364 423
274 382
220 236
331 451
365 27
30 137
411 341
254 206
253 430
382 272
163 273
303 218
401 269
179 169
461 37
461 126
360 178
414 235
38 80
459 97
86 256
97 342
48 497
427 203
475 153
426 161
232 491
112 82
251 133
23 291
269 212
242 484
71 481
413 156
253 462
218 373
215 339
336 167
222 115
120 116
277 49
40 47
129 9
495 4
295 232
296 18
354 416
397 39
195 277
239 163
36 449
140 309
476 103
70 477
445 198
100 190
237 222
84 492
497 218
450 431
449 292
61 99
138 155
432 310
473 333
134 172
481 361
316 275
104 310
360 386
77 49
123 460
453 166
237 59
490 450
94 39
138 291
446 7
318 276
462 379
403 143
357 448
223 236
46 173
60 179
80 259
219 489
155 204
115 24
474 392
284 106
397 421
428 422
51 344
75 98
242 365
313 478
214 99
124 389
68 113
372 184
173 149
205 443
468 181
425 320
278 294
215 209
484 176
372 496
94 387
252 447
277 188
139 65
454 343
456 264
300 375
24 180
124 474
155 81
253 444
238 432
142 32
208 306
302 478
365 80
379 248
289 117
34 156
499 428
44 489
216 308
488 345
171 240
173 464
408 178
110 426
458 499
305 104
82 18
450 459
207 447
416 329
485 348
277 451
292 337
145 173
18 8
100 133
98 41
219 125
51 358
357 182
286 362
380 162
473 369
168 183
12 33
381 437
240 350
187 10
184 32
392 332
317 54
96 344
469 267
126 315
349 372
234 483
498 136
357 467
150 471
356 377
314 14
364 238
248 54
438 403
235 432
487 330
26 405
172 83
250 347
220 298
134 452
88 306
125 484
307 445
322 275
142 164
402 489
43 6
262 150
83 482
164 349
254 422
357 43
390 427
77 459
411 462
269 63
47 499
296 246
374 355
19 471
312 16
374 421
423 355
189 136
486 358
280 354
397 92
19 489
449 139
454 449
12 212
64 223
321 60
415 212
35 195
211 286
59 347
203 86
74 482
193 392
98 60
153 473
315 347
339 24
325 116
328 293
368 338
250 392
105 189
385 17
303 140
488 96
34 362
196 43
287 109
21 389
215 386
85 174
51 30
498 424
217 376
66 326
219 85
275 316
333 176
168 12
460 136
350 8
51 495
104 399
288 339
77 125
152 355
237 162
87 55
283 235
62 156
94 350
166 133
161 369
233 0
488 329
338 193
188 339
238 241
432 144
122 378
234 9
24 126
181 323
59 463
119 464
314 473
106 213
434 333
333 267
448 167
213 321
160 138
380 401
398 250
481 312
174 20
498 67
390 198
161 179
495 449
422 280
346 162
495 380
499 280
300 328
1 448
438 13
266 14
264 318
483 164
36 245
164 157
355 34
65 55
4 16
148 61
223 279
159 494
275 70
398 11
311 427
440 399
265 249
420 206
223 30
127 403
60 259
294 292
347 267
135 359
272 203
334 283
278 347
417 494
357 405
332 167
419 168
417 124
330 184
66 337
92 405
165 194
338 4
271 311
22 37
92 258
42 295
142 427
273 172
429 60
79 130
150 113
237 498
183 67
257 419
325 249
295 201
206 342
153 485
374 329
88 175
322 467
246 130
154 465
377 19
1 83
196 456
307 151
70 285
204 490
91 179
381 29
223 239
224 439
268 376
404 99
418 356
338 226
43 164
35 344
279 420
229 36
39 475
260 388
230 109
141 317
198 321
60 22
461 422
298 137
236 81
290 54
281 154
170 480
325 324
97 205
241 104
432 178
66 280
241 44
361 296
469 382
256 412
334 30
167 69
151 484
39 255
409 441
421 320
496 79
136 98
203 93
271 377
9 135
31 189
485 102
337 393
305 455
337 93
163 491
327 356
111 166
107 366
38 372
303 380
479 387
480 439
168 34
21 104
145 29
131 52
297 483
438 468
414 454
445 127
483 429
95 273
491 446
318 54
434 30
417 473
264 265
299 249
205 432
461 320
225 351
334 444
413 22
477 124
103 179
108 422
47 438
384 203
257 39
421 54
379 43
161 190
291 143
427 460
133 349
200 388
184 358
232 386
362 449
128 209
484 317
255 236
291 31
422 491
45 400
296 343
385 424
419 457
269 177
26 346
86 402
112 78
316 270
220 345
54 178
495 348
437 390
422 102
93 80
481 344
40 490
414 277
86 425
454 185
31 355
110 332
410 117
239 222
419 78
108 459
160 326
216 455
57 97
29 490
335 150
140 10
139 227
4 406
443 225
81 311
143 474
443 43
265 406
484 183
494 185
11 93
48 154
103 79
70 106
108 133
495 257
484 101
359 487
212 340
151 303
277 145
188 147
53 73
108 306
343 37
482 102
109 206
285 31
489 64
197 355
464 97
50 45
32 448
141 410
213 96
242 292
291 342
415 282
88 344
234 375
478 431
137 216
99 439
3 275
130 88
38 53
98 95
395 88
498 482
78 388
33 63
406 172
455 324
169 173
49 395
179 255
471 379
318 168
443 71
11 173
226 426
373 401
490 176
158 120
9 340
404 237
261 42
366 162
335 216
112 387
142 384
115 143
311 466
389 433
459 255
181 400
302 185
214 54
26 144
336 224
313 35
77 92
254 75
291 296
35 90
326 255
398 178
496 442
227 210
317 385
137 38
224 498
404 291
435 290
14 282
318 124
216 328
403 247
43 471
413 46
302 79
109 91
33 52
114 105
490 113
151 431
281 479
271 227
369 37
320 58
182 384
212 138
385 251
222 467
13 281
212 487
78 167
220 321
278 464
429 334
118 120
99 432
160 399
437 370
281 29
265 109
247 315
66 477
296 484
117 140
127 310
477 329
2 206
22 49
236 280
400 451
383 354
253 352
222 395
277 42
3 355
171 42
372 102
87 237
378 168
330 56
386 5
63 160
209 240
21 437
388 445
151 273
125 124
19 257
299 200
55 296
339 303
257 226
316 63
231 344
253 194
51 414
74 491
231 467
404 135
433 104
378 293
417 84
341 355
55 288
437 493
148 463
41 128
191 405
102 357
403 274
188 355
346 455
422 262
398 77
182 326
471 331
267 412
267 240
29 109
454 175
138 466
446 102
7 31
389 137
411 461
316 144
99 452
66 162
92 373
52 464
147 126
38 23
264 415
376 157
332 145
463 330
284 322
354 409
398 291
105 95
239 161
113 421
436 191
64 180
496 380
6 116
492 496
263 44
201 256
253 139
321 386
208 216
477 105
248 62
9 375
388 353
275 249
440 2
34 63
443 4
473 30
26 449
345 465
73 141
132 398
284 326
394 453
410 345
259 223
98 159
12 269
18 338
340 139
54 458
314 226
257 497
298 287
104 135
277 495
394 177
355 409
215 30
375 101
324 125
284 135
256 274
113 149
140 274
84 453
32 47
396 398
38 289
276 195
190 142
172 405
167 436
467 379
481 382
359 194
181 305
80 496
497 437
63 193
498 137
36 147
46 30
171 433
128 436
430 448
205 170
459 102
334 372
106 426
472 315
120 466
462 6
443 52
97 459
448 359
6 96
478 485
270 52
340 2
302 398
420 271
225 7
232 379
157 59
226 338
304 482
488 347
251 118
429 283
142 349
297 230
215 149
53 275
129 337
235 246
17 431
439 7
239 94
154 171
361 396
378 380
79 18
136 218
2 183
32 418
148 496
497 329
456 363
200 51
297 86
369 287
146 166
260 160
183 385
282 266
499 45
63 12
231 430
113 51
469 85
81 145
326 117
332 79
482 135
73 384
23 131
149 442
103 170
407 409
28 286
183 41
54 27
457 246
150 137
74 423
68 119
89 7
438 247
382 273
158 420
403 455
249 181
203 52
314 352
491 463
4 342
221 174
273 410
47 178
453 275
246 121
481 22
121 335
461 419
340 3
310 119
152 95
148 59
264 208
171 462
156 107
133 175
86 377
407 258
33 485
459 361
235 132
319 440
359 356
211 280
399 51
147 21
432 404
112 147
461 48
155 135
310 117
494 289
399 248
86 253
114 285
417 45
337 349
57 236
17 48
100 268
141 268
172 99
246 426
474 284
419 59
176 482
123 82
182 22
127 22
307 268
165 242
443 224
461 354
403 353
473 330
98 355
454 115
41 271
407 52
463 367
349 179
113 139
13 472
495 295
416 140
234 154
379 433
140 30
383 192
22 43
250 356
323 472
95 56
108 216
84 3
34 71
62 285
258 147
294 427
419 105
259 62
348 154
36 490
34 488
383 419
127 408
381 133
189 451
167 476
331 149
72 251
37 365
364 134
413 147
104 11
425 332
338 215
58 273
261 374
145 92
1 496
129 273
224 382
210 318
467 391
495 42
259 39
25 384
31 476
487 438
123 487
202 264
38 313
188 260
353 151
148 333
106 206
440 277
448 182
426 150
44 415
307 421
305 156
132 332
123 188
175 471
235 98
411 229
490 273
277 99
285 195
401 277
406 243
426 193
343 354
122 352
125 240
396 429
113 282
470 28
499 236
186 497
226 234
360 98
49 68
115 489
266 334
430 16
61 24
379 356
60 405
497 1
282 37
319 393
421 395
484 289
138 272
358 170
120 216
285 70
59 170
4 400
269 177
202 434
142 330
87 433
434 54
91 84
329 68
463 410
51 102
374 299
322 41
258 233
155 442
112 43
295 215
392 469
255 416
99 446
379 250
304 186
123 165
233 248
10 452
55 49
348 62
103 281
366 170
113 213
108 22
237 77
46 404
172 481
280 302
52 271
310 159
325 208
456 433
237 410
459 319
233 144
426 308
330 336
402 292
314 295
225 10
266 403
237 271
425 439
62 17
28 329
390 372
157 353
116 198
17 395
391 75
235 250
439 317
462 418
213 341
351 128
32 290
62 118
409 269
138 339
21 471
344 166
372 411
109 353
100 488
63 479
229 492
161 151
69 168
361 123
252 134
425 65
35 136
257 339
30 444
415 395
61 51
314 111
465 433
273 276
255 417
409 189
340 484
5 423
46 261
247 218
283 150
286 172
363 318
262 43
438 394
297 30
493 352
137 112
388 310
228 411
452 495
331 489
412 292
405 188
407 459
461 152
177 190
361 248
143 40
286 123
5 434
286 436
400 499
309 275
38 288
135 389
379 490
134 466
155 291
102 39
44 62
104 64
164 221
113 465
441 307
241 400
188 446
297 379
7 88
228 107
496 45
388 363
329 227
19 22
414 336
250 473
37 458
179 355
320 201
361 292
44 113
60 454
334 232
172 357
316 193
238 400
263 165
392 126
1 445
281 263
237 415
373 32
239 274
328 404
48 411
25 41
495 93
177 85
294 181
374 350
102 111
276 465
443 366
163 20
284 444
359 444
328 21
147 232
488 67
331 327
368 37
130 356
441 216
249 159
361 87
198 476
441 464
182 326
199 384
329 345
141 483
4 40
125 470
389 3
331 113
150 220
428 51
119 132
144 221
309 369
345 5
321 359
38 138
22 3
200 237
220 203
244 342
164 76
79 221
334 405
478 262
166 485
117 406
128 285
6 113
119 289
148 203
341 292
148 186
423 216
419 348
42 495
71 15
236 206
464 3
117 71
408 442
348 135
273 377
491 328
117 279
335 462
254 118
304 176
392 402
103 80
427 164
31 497
204 351
354 268
191 20
462 323
459 451
328 162
491 232
363 319
133 460
78 198
375 388
142 235
315 119
135 97
95 242
445 167
287 151
171 151
475 478
281 133
147 286
18 109
281 138
451 233
432 414
302 29
264 159
130 297
394 431
26 266
285 489
140 471
123 72
402 311
296 450
236 183
292 444
434 106
339 425
340 385
267 271
430 494
291 383
167 61
179 38
27 193
16 464
36 20
331 139
89 290
473 480
424 325
431 117
43 210
448 123
394 235
229 215
450 177
90 373
411 117
310 269
85 290
310 327
318 473
263 494
326 260
437 236
205 102
312 221
344 248
335 260
327 238
267 65
290 278
247 357
478 53
343 58
237 415
388 6
352 407
167 151
239 178
280 105
326 445
45 92
205 170
260 381
298 32
162 28
237 88
141 410
320 68
483 336
342 409
316 372
375 46
224 484
89 467
412 4
449 267
437 309
42 6
38 197
77 340
280 53
315 315
383 273
110 135
396 366
90 304
351 212
48 466
433 75
432 137
256 197
358 381
239 193
243 401
93 129
182 320
135 374
147 497
484 370
237 109
414 380
445 179
145 265
340 493
483 430
479 124
357 239
433 338
91 96
226 28
348 184
410 408
258 336
206 410
19 94
327 295
475 433
198 272
265 472
255 391
15 248
488 234
424 225
321 273
301 367
404 47
308 1
337 314
76 66
12 396
43 96
381 339
111 370
343 432
175 377
477 98
184 190
415 465
90 461
328 89
136 243
245 232
399 444
362 434
182 327
423 375
214 226
96 157
89 178
55 291
389 264
306 384
202 426
239 74
163 292
36 67
152 299
96 133
67 403
230 458
185 102
328 6
163 252
430 276
68 104
220 485
369 309
235 26
452 423
216 474
394 115
267 104
237 398
301 215
25 156
258 383
389 211
463 438
215 404
360 393
230 283
92 80
459 451
375 180
6 411
379 443
47 400
298 146
361 136
292 451
335 386
449 403
341 76
333 412
157 56
191 45
126 387
191 284
316 437
348 66
9 322
223 227
225 408
44 373
177 438
177 336
91 12
440 126
391 433
341 125
171 48
288 33
169 149
86 479
397 485
159 286
366 258
166 234
108 443
382 210
398 285
149 59
37 490
275 441
67 428
329 468
1 238
239 117
448 22
7 325
463 197
307 167
401 329
273 473
35 361
498 7
66 285
127 499
441 455
384 254
223 8
98 213
182 224
99 189
14 482
31 106
125 329
159 338
163 379
92 284
291 50
335 91
442 209
164 315
69 383
243 400
465 292
369 193
382 147
481 468
426 248
78 12
350 404
283 89
225 13
415 227
170 368
429 251
66 113
348 93
346 135
280 92
137 311
311 149
117 20
120 292
305 395
299 50
139 7
373 82
310 216
84 288
391 332
445 13
459 457
445 294
238 305
468 77
226 375
247 279
424 195
90 368
418 229
88 390
324 410
126 313
454 486
319 63
76 345
155 116
410 387
44 452
29 0
376 13
144 255
302 123
343 68
149 392
134 262
24 90
403 459
445 150
65 357
203 116
233 494
381 210
162 143
144 278
143 191
298 372
347 287
208 100
344 191
305 357
447 479
438 329
331 203
60 235
352 397
391 115
325 85
80 124
402 339
30 76
448 45
185 328
280 296
339 393
250 125
104 144
473 50
253 394
481 156
405 165
133 333
270 296
273 458
298 351
427 175
73 180
361 228
376 258
3 141
118 215
359 253
155 74
468 184
340 260
426 450
135 246
394 59
369 406
257 19
195 19
52 36
116 120
230 413
406 492
207 233
338 25
99 418
102 494
254 420
370 295
393 180
91 357
263 139
159 313
332 372
261 206
178 384
149 377
222 408
141 56
81 429
200 479
325 180
100 154
449 80
112 322
180 194
186 56
369 295
168 197
403 53
290 281
158 433
341 439
495 380
162 334
313 428
109 362
16 491
423 61
236 318
364 35
443 268
63 402
99 312
218 83
216 354
287 8
447 375
107 480
314 443
371 121
335 480
471 332
246 204
22 394
281 482
102 238
141 225
389 165
101 92
447 107
115 317
44 86
67 415
358 4
477 381
361 81
266 313
17 184
78 364
198 391
129 212
437 300
317 122
215 178
286 270
88 14
100 253
168 484
488 19
401 378
312 466
131 114
299 430
294 148
391 229
441 344
144 20
495 230
261 313
84 62
428 399
152 172
8 28
400 173
51 497
315 301
267 215
145 446
446 418
0 291
135 337
209 441
24 131
445 204
118 137
36 381
405 46
75 40
213 413
410 327
480 117
332 77
23 247
166 330
121 469
306 166
459 109
240 16
72 335
472 37
418 191
237 360
401 323
89 164
491 114
231 351
429 471
71 64
394 304
274 89
255 367
476 432
300 66
254 69
106 373
416 78
439 377
200 5
170 340
454 141
493 13
337 38
454 422
226 408
497 348
67 352
285 104
170 44
113 437
162 276
355 71
448 78
84 294
486 1
142 106
119 440
330 135
57 456
364 284
484 136
488 213
317 52
96 125
63 340
116 61
132 225
304 471
117 81
82 240
346 103
396 224
212 465
274 226
11 269
405 490
204 347
399 246
371 21
361 495
408 434
160 478
301 41
474 316
56 419
374 408
484 402
219 270
349 196
318 345
336 212
59 75
321 40
61 459
306 193
479 275
105 215
108 139
307 406
177 82
342 363
117 52
174 326
23 189
34 23
235 193
268 370
262 295
106 90
135 176
451 412
127 114
106 408
314 87
21 265
129 344
248 363
42 98
287 422
298 417
110 174
44 33
180 378
320 159
335 286
199 307
274 286
194 178
118 232
497 360
56 139
355 126
77 304
79 397
314 364
390 377
262 276
154 435
94 443
81 327
134 281
419 132
163 260
492 113
325 281
272 490
468 382
38 127
376 45
262 117
494 42
318 152
439 109
52 473
152 385
166 485
118 138
399 85
50 281
62 243
233 228
462 186
314 54
451 0
470 42
85 65
218 316
425 403
228 9
247 329
315 380
19 265
203 433
66 270
13 105
333 128
166 99
153 147
0 332
375 456
22 470
286 460
363 92
101 64
393 444
324 200
466 208
493 195
465 169
274 59
39 331
430 460
107 206
38 435
391 107
429 413
225 413
5 68
132 441
385 459
159 25
86 61
257 477
146 79
491 74
405 273
85 30
236 187
122 192
152 127
392 366
279 433
1 118
411 137
448 485
11 296
209 459
437 449
380 466
393 435
60 371
402 150
338 145
190 490
117 312
178 194
127 362
480 310
299 481
466 391
39 247
206 477
278 248
67 495
283 159
30 312
462 343
489 284
275 300
465 31
225 244
106 143
305 352
333 438
181 104
351 300
129 72
173 410
257 260
419 240
52 40
384 301
86 366
19 225
256 213
309 484
479 481
185 416
206 285
389 371
171 388
460 93
355 152
412 485
225 112
5 183
485 129
348 241
466 423
488 367
351 74
407 297
65 330
115 92
463 272
12 357
450 486
491 472
310 157
121 255
439 35
17 126
367 276
51 365
84 185
259 39
336 435
117 166
111 402
26 85
442 426
265 38
362 244
401 256
363 172
60 374
1 302
430 77
294 220
406 481
372 230
165 17
184 61
463 134
219 147
73 489
379 13
109 338
446 241
414 362
237 310
464 474
403 238
458 395
228 49
279 216
234 453
14 296
430 418
417 329
170 2
15 490
181 49
290 477
339 127
289 204
178 76
166 254
149 81
130 477
193 229
182 261
57 427
197 48
377 488
342 114
457 47
448 357
186 490
117 239
443 26
454 407
161 474
407 121
98 162
243 390
151 143
71 278
326 209
49 120
87 204
103 391
100 44
34 52
143 287
165 3
262 438
412 119
240 275
289 172
62 190
186 33
163 65
126 109
229 489
45 175
418 168
64 1
53 19
158 450
454 196
134 323
442 68
344 399
71 35
77 133
18 485
50 263
372 181
23 29
204 454
122 68
69 475
346 187
137 474
170 4
179 443
12 157
408 121
8 208
193 479
316 86
201 212
245 218
247 426
232 268
337 304
279 206
245 258
233 125
481 235
178 255
264 160
133 42
250 172
3 142
80 296
8 319
38 133
59 253
374 285
89 143
350 211
321 220
197 95
330 54
162 178
338 361
255 426
99 324
318 358
154 102
274 398
383 162
267 312
449 295
438 141
204 391
111 288
236 378
432 309
339 418
279 446
225 30
354 35
245 324
278 172
422 399
413 404
216 157
452 32
26 18
409 391
31 230
108 372
33 119
38 393
191 373
403 169
56 416
92 109
133 301
200 223
127 407
64 465
498 196
214 17
260 24
106 475
199 143
263 67
312 233
458 153
322 3
420 213
322 231
32 12
235 307
214 85
50 215
411 130
499 400
424 477
452 259
255 383
450 151
236 370
375 262
265 194
407 197
428 37
402 229
388 313
398 137
204 102
233 300
201 115
444 84
344 477
360 396
400 451
173 162
424 136
183 48
245 42
431 90
172 26
191 333
323 60
15 89
241 27
495 100
184 442
420 439
188 380
183 132
295 88
76 356
404 71
465 259
202 2
380 397
230 374
286 71
160 53
81 153
253 401
196 428
367 290
170 468
100 55
495 354
210 247
319 424
35 467
469 284
33 237
463 349
420 264
169 102
255 432
333 102
30 361
151 381
349 398
453 321
27 302
49 301
225 90
57 368
5 260
498 26
227 390
154 313
415 499
431 324
278 23
384 116
498 309
59 35
208 347
149 12
165 236
326 51
271 390
151 235
113 276
19 1
166 340
339 173
349 82
457 270
238 128
289 341
376 236
436 348
212 84
172 437
488 378
120 498
85 260
388 123
476 198
38 407
433 143
77 229
351 134
262 34
375 90
178 403
251 103
39 114
404 316
194 212
62 392
4 314
290 148
198 393
152 266
409 237
318 85
220 486
372 170
112 334
90 99
202 290
257 341
157 94
306 161
405 203
370 220
220 410
155 160
426 419
8 307
245 188
26 326
496 317
3 399
350 460
251 93
435 53
147 360
21 444
0 305
377 426
188 370
382 98
17 343
3 160
348 25
203 100
417 227
478 52
12 420
14 328
381 115
475 301
245 380
37 496
275 97
467 415
365 315
11 201
362 234
259 14
114 62
141 314
366 383
303 119
448 379
494 169
470 181
414 322
170 68
165 451
218 445
113 485
186 83
317 124
138 400
315 428
243 104
487 456
428 461
192 142
312 376
57 39
361 282
350 471
275 31
329 368
353 345
429 442
66 391
144 98
379 56
12 459
267 122
435 499
493 195
71 128
167 305
440 481
304 28
59 142
10 431
277 240
182 363
107 58
156 100
156 251
62 35
9 168
19 329
25 445
73 13
170 448
281 92
120 110
253 438
369 31
272 263
479 146
204 454
55 438
189 213
248 63
84 251
432 110
55 103
468 457
258 480
72 139
249 391
329 44
75 354
470 199
197 347
154 301
239 254
467 61
476 428
31 67
177 60
16 463
273 84
416 484
475 383
274 340
384 77
431 104
155 460
159 401
202 352
458 165
78 293
221 425
345 55
467 104
68 374
459 483
468 193
76 227
68 295
372 350
306 452
264 304
57 461
166 276
441 260
53 124
402 20
427 127
83 99
473 394
378 3
196 284
12 198
493 124
327 432
384 366
22 133
447 149
277 79
191 113
89 218
90 97
76 343
294 369
264 159
163 268
404 494
192 211
336 268
200 37
255 163
148 437
438 277
209 95
60 215
433 400
349 150
345 376
245 425
437 140
260 361
355 452
163 164
285 399
437 351
14 485
274 192
322 163
110 212
427 31
283 171
173 213
441 133
410 18
10 186
400 199
151 122
139 255
155 167
18 424
261 444
136 33
48 36
248 310
193 158
181 28
93 477
462 354
225 34
72 224
424 235
210 472
80 427
94 349
273 235
179 113
498 34
422 167
478 398
56 23
51 23
0 90
444 496
30 314
39 169
257 454
279 315
242 319
168 359
94 337
450 441
327 125
144 300
198 250
125 122
146 106
196 28
24 498
313 141
162 406
360 204
19 271
90 491
350 113
450 258
51 296
421 252
52 379
481 66
40 250
357 106
134 38
389 53
46 10
416 54
258 61
332 128
120 129
242 275
385 470
267 45
149 437
168 40
106 202
304 1
107 499
37 13
419 93
455 426
480 465
378 371
351 90
219 63
338 471
294 314
211 75
12 413
453 360
414 32
33 412
411 71
84 492
437 448
227 3
321 392
263 59
150 51
114 115
438 221
387 304
380 84
497 98
311 244
277 303
215 225
296 310
155 126
426 233
88 92
485 5
65 409
313 100
67 67
288 427
232 6
90 176
126 112
356 440
243 437
163 133
296 310
436 311
44 303
395 214
72 133
394 380
333 489
56 207
487 400
406 344
372 219
331 349
141 499
436 39
25 384
46 451
115 173
476 334
48 159
144 371
104 472
461 391
450 437
189 17
214 437
8 448
149 86
437 191
231 290
26 374
177 256
429 72
406 292
304 257
128 306
279 300
43 84
373 240
110 346
283 415
363 324
262 144
335 12
302 200
426 66
174 328
252 455
100 455
212 158
316 404
56 193
129 95
188 100
298 3
418 150
326 81
225 133
145 88
140 413
479 447
127 418
374 6
461 231
389 326
82 174
367 205
153 138
90 496
351 193
343 388
322 121
254 169
109 399
312 399
198 250
20 144
150 177
408 246
72 111
137 297
355 154
145 356
353 360
53 87
476 56
178 396
65 150
401 432
184 26
276 214
210 382
60 149
395 212
175 468
118 320
326 313
169 325
185 471
59 374
431 90
486 387
389 109
393 403
429 290
356 429
312 58
59 418
130 224
44 454
126 306
471 14
339 453
276 492
367 376
318 335
74 298
259 304
59 315
106 4
434 341
251 314
233 98
174 310
116 215
21 218
233 243
48 344
337 424
153 324
12 204
354 471
128 86
254 465
321 39
380 360
26 107
205 483
293 111
327 231
450 262
5 200
45 35
311 53
229 234
438 464
288 241
180 144
461 268
307 434
146 134
242 188
23 172
284 299
31 317
79 463
163 333
368 436
341 60
294 179
496 70
312 84
80 284
52 492
426 393
28 211
251 424
96 270
421 275
92 232
195 452
285 23
311 211
271 5
185 152
74 418
2 33
317 238
230 435
328 221
432 8
432 356
478 184
311 381
113 400
204 403
278 161
224 342
347 89
93 347
265 384
417 167
406 120
55 86
307 488
349 383
92 92
128 133
14 422
322 439
194 480
493 379
221 324
413 217
416 68
305 6
173 182
154 222
309 431
420 209
444 468
412 121
254 388
311 392
183 121
101 485
364 229
53 446
15 437
358 466
324 431
465 163
385 350
281 119
180 46
367 53
174 125
365 279
172 281
402 176
14 207
437 355
301 378
316 490
309 316
99 174
189 133
335 65
184 74
473 469
22 365
342 340
119 49
330 207
236 143
351 232
439 250
480 288
130 240
408 296
322 439
425 7
72 11
438 260
229 257
122 411
251 104
5 316
23 222
218 187
271 259
361 69
209 210
450 342
490 339
131 210
217 313
176 56
316 290
399 114
25 398
354 373
189 128
351 359
46 212
324 69
490 317
379 37
379 51
242 329
39 370
35 373
429 108
398 211
178 98
348 149
22 203
184 202
413 211
276 387
308 311
128 452
489 298
349 359
188 221
443 443
317 79
39 478
41 98
48 290
439 219
275 396
450 462
25 459
346 363
26 153
457 154
304 6
365 299
20 5
448 405
484 463
293 117
216 24
166 334
54 116
365 105
419 181
140 167
383 297
450 338
344 409
416 408
59 148
5 281
187 79
394 305
423 23
399 39
373 491
459 65
171 279
460 324
492 90
387 452
142 375
284 190
450 486
486 200
482 9
440 491
149 169
44 334
373 72
415 444
9 98
230 374
199 180
123 190
495 43
418 362
52 137
124 54
255 354
363 462
306 89
110 303
489 455
379 154
98 214
313 294
168 460
140 43
85 219
114 115
478 80
70 32
439 382
89 46
8 194
135 452
108 314
121 97
251 97
312 0
294 202
162 477
20 315
386 154
270 457
390 1
385 100
334 460
6 324
370 423
228 14
181 5
454 336
285 302
303 206
260 449
278 449
116 422
428 150
108 3
356 50
150 498
310 241
66 337
112 316
182 288
146 340
28 215
18 100
306 314
115 173
122 418
340 394
44 91
94 269
319 4
2 450
43 322
11 164
480 109
250 123
464 15
230 396
496 492
158 100
273 155
73 126
372 248
339 266
35 268
273 285
87 206
380 127
292 130
92 391
367 272
139 342
238 331
175 370
470 86
241 186
164 96
344 315
81 36
304 35
172 468
26 77
205 259
389 407
150 349
121 333
175 17
200 113
483 265
352 228
266 305
401 93
260 430
466 97
132 341
161 270
200 156
415 188
447 257
106 157
490 97
467 79
192 18
135 19
247 27
333 487
433 13
295 234
184 193
387 261
384 168
325 48
88 436
193 240
249 35
485 151
230 240
110 304
323 275
302 245
85 423
288 487
74 18
63 84
197 258
426 302
203 433
369 103
344 291
179 414
65 93
185 164
320 148
275 147
393 143
418 429
417 330
200 207
143 343
101 115
418 340
274 379
335 473
116 495
410 179
124 295
311 327
327 162
309 131
127 454
384 54
384 45
104 153
496 84
200 247
88 449
180 470
443 214
209 15
46 59
355 471
299 171
185 18
2 478
433 494
49 129
174 317
322 433
370 131
378 318
119 70
392 466
32 299
315 335
394 242
65 213
236 101
472 364
195 421
416 474
103 128
297 317
102 129
260 119
289 472
394 139
457 408
207 286
473 490
84 374
440 220
321 149
366 176
98 293
267 61
41 14
183 222
352 338
309 285
110 464
103 98
358 4
143 413
255 417
144 116
336 339
340 84
260 10
155 206
119 358
224 275
497 12
202 407
45 349
166 11
461 155
159 269
34 319
89 154
123 289
480 233
317 459
321 321
379 77
288 477
252 351
363 364
272 249
451 66
77 169
324 117
238 391
62 335
490 125
414 151
384 113
424 247
68 53
483 246
75 299
150 123
487 327
428 14
80 111
280 231
200 9
252 104
292 439
416 315
318 282
247 330
429 55
108 171
269 497
297 443
66 344
23 299
313 54
165 452
35 245
107 298
254 236
27 359
26 46
328 443
125 345
400 427
451 55
404 8
304 220
417 53
353 370
276 292
96 18
264 294
92 132
368 371
82 346
393 395
190 109
454 73
353 315
222 354
214 304
376 127
180 18
241 145
438 33
404 17
311 34
166 168
391 403
102 34
281 473
82 347
272 471
139 388
242 125
429 361
340 309
327 158
303 21
406 420
438 241
276 310
330 249
5 294
329 221
47 459
306 462
286 129
18 78
204 277
490 112
421 485
143 331
352 101
21 447
40 110
421 311
413 316
111 251
325 418
229 292
106 372
353 35
465 392
21 223
188 21
359 12
343 109
62 2
301 47
157 436
247 342
10 78
182 160
430 121
265 359
83 159
46 372
116 436
12 364
385 138
2 200
161 244
99 345
392 224
160 252
94 49
480 259
272 105
78 14
225 202
214 344
68 308
96 112
476 36
26 108
308 214
310 28
373 470
46 261
14 117
167 58
317 460
417 499
365 89
144 348
192 90
398 210
322 112
148 346
455 151
217 175
203 115
85 27
289 429
46 483
41 155
115 65
416 211
300 385
233 281
371 296
6 277
389 121
468 181
184 389
416 275
390 401
428 472
401 328
311 69
76 299
365 205
416 44
429 133
415 68
365 162
291 138
112 223
256 32
421 432
59 440
341 190
162 449
129 270
191 63
214 293
498 268
164 431
65 414
482 93
107 332
470 199
275 398
430 434
366 31
472 203
393 277
227 313
435 55
470 208
1 479
99 185
468 351
265 263
356 33
365 100
151 315
65 188
474 426
458 495
50 341
470 282
447 296
351 197
258 383
362 174
211 111
463 461
76 179
65 80
32 432
99 282
470 184
110 164
11 445
138 420
54 61
209 108
158 2
385 413
87 268
379 99
412 150
329 342
423 488
272 246
29 455
491 371
387 499
296 454
374 398
311 286
247 429
283 21
434 405
173 168
119 373
23 404
247 31
371 204
451 22
329 143
366 480
331 321
275 253
3 480
266 1
282 314
187 13
270 65
85 121
346 295
200 204
87 369
426 447
321 458
453 229
61 150
471 319
424 392
224 98
100 427
94 491
356 382
448 281
255 479
274 33
90 101
323 474
273 177
488 101
330 94
97 441
113 391
283 420
19 37
465 360
203 119
353 411
192 59
38 301
187 447
401 165
491 129
306 76
177 265
211 294
88 7
398 160
81 201
238 33
393 100
219 55
466 96
8 72
226 11
458 398
63 265
246 211
287 55
172 52
199 464
323 235
396 139
340 221
107 477
77 430
486 352
301 148
72 304
315 309
59 150
415 126
337 475
382 161
66 477
293 54
141 117
256 469
190 37
14 96
26 149
2 443
443 364
169 303
464 16
166 336
462 23
498 434
447 152
481 232
138 13
482 126
95 280
317 238
186 286
287 184
479 65
429 289
92 423
439 450
287 56
432 457
391 101
105 282
15 339
204 86
213 153
433 187
277 308
446 103
139 316
381 234
375 470
393 162
465 468
376 184
142 104
205 160
443 33
224 163
249 310
463 429
468 462
123 249
204 97
413 69
155 195
165 146
161 31
351 59
243 126
82 79
240 237
123 287
302 35
345 347
128 52
366 160
261 96
194 489
411 465
160 459
106 418
449 326
237 119
245 152
232 332
70 327
466 324
359 193
40 269
173 204
216 21
117 39
381 478
443 163
475 144
62 456
134 433
52 364
368 371
203 149
476 100
424 125
318 294
415 135