7100
171 319
411 375
36 106
213 315
217 438
344 251
313 143
217 165
242 324
8 72
91 238
300 53
374 442
410 294
231 342
162 371
98 402
360 425
241 134
425 73
324 310
305 269
435 489
313 22
95 29
267 174
79 186
480 68
214 454
148 390
113 297
51 162
440 211
345 411
484 181
343 122
392 160
150 0
22 179
208 463
137 469
155 328
248 69
23 487
229 314
463 23
38 342
53 14
425 478
11 251
373 261
273 354
354 117
296 423
239 228
198 357
37 228
297 205
193 137
303 172
196 274
117 266
132 234
212 170
421 57
170 223
429 147
264 443
219 135
215 413
122 458
186 413
471 159
148 336
8 16
290 451
69 56
142 407
430 201
110 206
281 351
350 280
75 210
197 115
380 294
252 413
178 2
13 291
127 149
17 13
464 487
44 308
215 33
234 186
393 145
349 344
476 174
237 51
18 51
346 286
199 398
252 450
241 230
231 117
130 220
208 249
57 94
479 252
290 124
122 65
409 183
210 323
374 237
289 299
85 393
143 487
437 137
367 396
13 31
251 450
199 144
90 311
63 108
85 70
487 206
389 207
382 249
486 451
250 256
1 275
262 188
325 145
393 52
83 44
494 258
254 334
146 46
6 197
119 61
267 91
150 106
355 9
312 32
289 342
469 415
103 142
139 232
136 280
176 32
143 219
405 22
68 397
94 403
317 75
18 213
320 436
297 169
201 175
369 110
25 342
485 339
423 480
260 124
9 59
130 288
310 152
49 35
291 379
306 496
209 108
396 176
345 381
57 194
304 399
241 278
117 181
13 226
203 40
451 273
413 212
364 81
469 223
454 413
409 260
220 112
289 471
352 116
162 134
33 261
40 318
499 127
353 9
50 12
137 56
268 1
435 50
126 484
398 404
164 80
193 159
482 236
204 482
468 187
448 367
185 354
481 340
350 37
401 334
243 252
105 391
293 363
348 40
444 419
0 98
257 460
48 193
27 92
279 253
472 495
349 79
420 9
46 330
17 122
226 300
191 260
475 183
224 484
404 323
421 20
333 404
449 31
123 381
486 476
471 254
333 458
468 173
3 105
79 366
166 372
484 305
341 209
194 460
283 417
437 98
354 205
88 122
356 303
131 63
317 342
153 102
127 150
256 121
339 483
355 187
345 358
67 340
300 186
103 261
211 83
140 392
15 417
220 80
143 371
213 351
306 460
463 366
339 285
268 219
406 31
389 124
464 251
289 308
70 264
199 392
285 133
51 192
272 300
23 123
327 416
228 88
307 485
270 191
262 498
29 39
163 21
124 270
79 479
243 414
306 1
134 294
486 443
95 37
161 111
379 118
59 340
325 107
151 366
364 95
134 413
286 394
16 149
128 411
325 95
96 223
18 483
279 83
120 356
319 374
345 133
473 198
158 404
122 150
246 309
74 486
232 232
234 361
272 249
196 362
438 449
284 145
228 308
16 63
290 200
186 336
34 135
391 11
162 192
353 13
351 260
492 428
289 84
185 226
441 413
362 381
26 379
39 146
62 106
159 55
391 352
487 345
208 426
470 230
243 370
130 176
104 94
30 475
201 245
158 215
449 494
225 20
18 327
286 264
320 80
284 445
142 211
489 123
353 350
221 312
488 448
43 203
178 92
337 425
493 232
78 347
219 442
121 304
68 237
170 407
352 240
452 454
430 494
197 441
105 283
232 270
473 93
185 127
52 4
236 374
221 45
339 314
470 292
30 461
368 39
279 52
358 221
67 83
377 288
424 116
386 482
76 156
283 212
216 113
340 187
85 304
118 413
206 424
385 441
332 88
492 254
327 111
47 350
491 246
363 424
258 415
423 249
461 186
300 58
245 29
333 492
405 330
107 304
245 463
51 492
246 77
40 43
246 425
172 87
363 237
4 35
136 122
308 427
337 450
479 460
452 434
117 313
117 210
173 224
216 362
291 225
120 315
240 331
271 366
455 264
151 134
108 311
90 288
90 269
81 427
362 69
382 34
96 479
55 351
65 269
346 271
438 356
40 467
185 31
295 311
297 493
304 447
87 406
27 395
322 177
246 108
494 36
367 481
184 90
360 422
46 250
458 58
377 484
15 498
161 63
56 163
110 459
217 360
255 197
226 244
352 430
466 472
305 199
289 334
108 490
92 1
60 154
139 402
401 289
352 6
169 414
373 260
473 131
180 442
186 80
10 406
231 391
90 329
15 36
378 231
85 123
130 470
373 145
286 121
127 126
40 139
251 149
280 266
208 224
305 461
367 247
490 167
496 98
487 432
163 363
487 365
188 248
245 117
238 61
39 32
23 217
366 431
197 274
351 499
460 258
357 156
175 179
130 347
279 24
387 469
334 442
43 226
343 22
435 288
172 433
151 474
258 195
470 369
368 455
65 173
181 180
212 422
269 356
380 194
15 48
343 268
494 349
224 386
26 190
475 11
338 199
394 478
348 96
403 216
389 68
101 469
243 422
279 165
211 365
413 159
279 226
427 108
346 126
168 151
15 373
424 143
122 353
449 318
387 322
390 204
173 128
51 343
360 269
134 182
341 71
149 399
8 473
451 77
80 206
79 119
262 95
448 3
174 384
206 249
454 413
393 449
144 479
248 444
478 5
428 382
134 172
145 78
7 142
348 96
67 87
183 280
135 329
66 483
233 309
74 124
73 187
18 468
264 70
427 267
1 243
415 355
285 135
129 412
360 292
232 330
110 427
256 267
250 245
407 174
299 335
374 333
301 224
294 393
160 66
161 73
281 13
149 76
488 66
211 278
460 348
127 295
62 70
168 383
58 312
148 427
260 209
433 22
267 414
480 80
153 427
293 493
69 434
353 442
72 409
109 416
211 33
455 236
471 273
437 475
402 381
442 437
312 15
429 376
456 79
359 261
254 461
396 152
94 175
436 249
17 18
403 45
133 228
353 359
334 456
190 290
228 89
104 132
360 40
471 385
146 316
130 330
482 252
279 26
127 428
447 215
112 144
224 350
61 97
53 77
219 396
337 95
228 447
339 441
178 440
109 311
141 324
428 239
265 476
404 207
422 244
240 203
54 34
131 464
41 467
363 36
484 260
60 52
493 64
4 251
414 23
347 113
352 408
384 127
334 469
213 140
344 108
494 453
269 250
217 477
14 310
423 433
485 350
414 335
438 479
354 418
32 205
113 202
181 384
206 349
489 16
476 419
225 185
435 471
448 494
157 153
86 314
164 432
267 71
402 78
497 57
262 257
311 381
117 227
428 492
360 323
243 418
103 337
308 320
314 391
44 256
423 323
255 130
201 87
166 374
432 456
213 15
396 46
274 24
16 13
189 202
472 229
66 432
104 428
319 226
482 418
242 215
345 257
345 349
224 398
354 363
230 8
54 67
443 478
343 180
235 312
41 32
316 59
339 107
333 420
339 10
225 167
425 433
134 70
469 122
337 358
218 323
243 67
45 273
305 186
498 240
273 392
452 39
498 89
10 291
302 183
351 201
486 27
450 128
102 120
331 271
94 439
358 49
174 189
376 255
495 480
372 226
118 120
210 176
320 116
300 72
125 122
1 3
483 463
83 303
74 437
228 266
316 21
210 86
193 342
174 438
17 40
161 47
75 135
251 223
147 395
369 403
258 272
87 223
26 241
30 170
289 453
474 258
196 105
299 36
327 389
282 474
373 344
479 295
370 448
196 82
338 17
141 65
140 96
190 228
250 167
472 220
331 39
496 446
334 27
269 296
270 161
357 403
198 495
443 188
271 68
437 139
57 461
57 430
10 197
216 99
172 260
152 188
486 3
382 0
148 173
186 3
406 270
265 44
232 104
24 209
200 355
316 313
243 109
307 226
325 253
366 375
64 349
204 370
370 402
75 87
90 371
141 262
158 497
453 407
468 390
246 330
143 20
130 414
140 387
492 289
164 318
167 210
80 80
483 224
311 303
174 410
172 253
102 167
426 330
73 56
386 246
267 171
85 29
268 249
38 226
396 113
323 202
135 415
139 256
59 118
28 450
56 85
104 53
235 158
214 31
129 308
479 452
334 248
497 417
143 454
67 387
442 391
306 391
499 77
47 446
396 410
495 75
480 304
463 451
334 216
376 29
482 464
64 208
125 316
122 414
301 120
11 190
433 95
24 317
263 432
342 71
499 12
316 189
140 479
47 279
309 327
143 276
484 143
311 207
121 109
81 433
475 275
370 92
409 408
192 395
318 25
37 34
75 317
149 205
337 68
395 196
324 498
141 38
97 308
269 452
237 219
494 350
294 213
121 364
111 204
81 166
200 282
99 470
175 128
48 100
149 364
362 295
185 473
282 3
307 282
1 403
254 45
110 495
212 48
104 83
249 175
457 185
7 302
430 409
9 183
399 478
273 158
484 262
117 458
92 266
169 277
174 94
441 275
176 284
367 153
181 280
318 117
419 490
399 325
360 201
179 261
271 112
374 304
114 255
373 343
120 206
152 43
170 294
78 94
99 198
331 446
415 280
271 149
326 334
35 22
283 39
151 66
222 55
162 377
220 336
394 36
431 341
487 47
141 101
300 66
364 92
373 131
132 131
465 496
370 310
201 352
270 6
61 204
81 492
180 223
259 154
347 426
473 190
144 334
252 466
411 296
279 468
99 136
132 411
73 416
268 354
360 275
331 390
382 421
497 265
419 414
341 108
151 118
452 166
485 147
443 57
25 396
32 222
485 477
393 16
370 410
37 14
404 231
4 369
134 139
53 353
314 53
23 394
413 465
464 327
384 398
294 407
481 262
239 326
194 318
228 484
498 64
295 266
487 255
394 152
5 121
26 447
194 319
136 49
376 107
5 100
359 261
375 151
329 192
10 466
450 23
87 91
209 301
56 235
387 196
169 302
249 244
416 195
96 295
402 52
5 472
85 407
410 216
409 460
278 239
262 271
214 229
382 202
437 275
323 290
92 176
272 492
39 193
489 188
93 135
108 391
151 98
314 193
6 413
153 75
347 284
365 415
117 61
337 99
389 406
434 160
5 333
379 207
395 44
180 368
111 488
438 140
185 114
28 105
180 191
328 181
448 379
441 45
145 418
176 130
142 386
72 111
318 147
44 451
171 65
406 224
364 282
249 344
301 49
93 129
310 482
361 273
318 110
380 154
136 315
54 57
168 279
278 126
77 338
403 322
398 248
382 309
6 114
16 483
112 307
141 109
382 274
385 355
9 52
220 265
174 146
277 274
400 342
180 55
378 329
429 436
245 128
243 163
147 251
411 259
220 259
34 52
407 454
6 271
388 269
267 226
352 415
257 44
99 252
433 290
226 329
458 362
26 323
427 53
312 25
136 190
242 32
338 170
293 2
123 344
423 34
449 390
434 275
380 58
200 33
215 313
28 278
102 173
78 54
431 381
71 390
274 67
90 165
19 112
308 383
269 142
32 83
211 218
129 466
352 91
256 329
108 67
92 284
190 62
443 170
412 121
189 366
31 186
150 131
14 51
45 310
246 136
206 78
44 457
400 335
165 248
167 8
293 125
187 259
281 335
309 482
348 193
231 350
481 231
134 233
44 347
483 180
258 290
99 190
377 154
403 499
7 394
19 70
182 152
340 58
392 463
9 149
499 240
324 92
178 480
179 458
138 74
364 163
205 396
403 315
166 434
329 306
228 25
178 200
259 262
226 18
19 151
244 87
31 18
350 68
26 209
283 29
44 165
413 499
314 249
184 316
474 480
358 365
65 203
465 36
406 176
180 43
482 425
295 276
344 14
223 145
26 222
239 7
6 71
172 5
321 173
5 356
73 148
203 363
251 491
167 20
64 157
434 199
475 398
412 81
226 171
246 488
347 105
176 485
342 353
378 348
57 164
164 384
247 130
121 367
387 499
8 141
192 303
202 295
376 168
191 466
454 455
60 437
275 301
7 236
436 117
133 385
269 493
476 297
164 369
368 449
90 404
207 228
23 135
303 409
376 400
355 346
284 182
336 267
3 411
28 343
80 439
285 162
311 202
71 261
210 328
232 291
19 153
288 439
201 43
295 443
289 429
111 2
269 425
336 447
142 124
415 365
379 223
425 200
313 190
18 496
139 376
381 102
42 158
53 21
464 243
172 348
202 105
31 135
435 471
447 219
436 77
152 363
415 315
358 77
425 81
457 228
331 64
75 190
211 225
468 128
329 175
132 492
127 31
355 15
235 414
492 302
17 171
339 144
74 285
366 197
277 351
416 175
365 108
185 343
471 76
103 153
497 152
36 235
251 477
391 243
45 338
9 235
232 415
200 200
397 306
9 66
93 175
135 277
120 458
34 321
326 444
96 137
224 176
153 484
227 327
17 396
132 125
40 27
227 364
22 92
10 477
4 31
161 103
61 491
164 281
225 447
436 343
19 174
158 160
340 24
420 386
11 357
236 404
120 403
495 316
293 494
378 5
108 149
492 39
320 21
468 157
0 46
72 404
416 371
395 230
116 256
466 167
424 479
382 202
370 44
39 377
234 163
164 417
456 342
215 157
166 276
174 183
439 166
389 246
329 356
464 136
155 297
277 430
485 79
124 11
241 355
371 163
432 475
170 35
44 388
16 385
421 210
376 43
141 360
216 117
253 470
268 181
463 409
488 397
408 448
304 464
127 149
477 175
62 411
299 499
384 107
317 168
211 157
18 46
163 352
175 86
119 269
30 443
192 83
31 370
335 100
102 187
214 314
226 431
430 277
236 377
45 314
472 53
451 108
313 342
428 467
236 488
283 48
131 118
488 475
427 14
54 175
490 29
460 268
397 68
445 390
57 133
39 343
451 381
223 490
457 116
456 3
51 45
163 239
214 34
401 4
179 142
23 307
427 169
89 484
226 325
310 35
230 135
16 349
340 33
150 91
95 297
195 106
346 498
385 358
362 412
406 286
93 42
63 430
266 372
197 153
40 344
480 8
209 270
303 496
440 49
199 453
412 35
385 394
104 110
22 270
56 467
361 281
211 1
374 276
281 329
173 423
283 321
91 5
354 493
394 247
52 294
181 93
339 464
74 66
337 444
263 449
230 245
99 476
252 293
122 325
248 34
355 147
153 32
377 299
46 7
153 271
217 98
415 334
252 56
352 489
438 89
187 467
443 20
313 286
111 48
82 287
287 211
243 289
440 440
299 472
244 486
437 304
138 461
369 352
193 242
332 74
41 484
4 19
157 337
385 170
309 268
479 467
108 96
388 75
47 49
387 39
343 143
456 324
28 333
76 326
252 222
58 260
279 145
482 414
84 288
56 367
186 246
342 35
462 147
196 231
270 10
5 83
260 466
151 462
288 288
362 227
487 392
37 272
187 118
406 20
239 123
369 314
202 278
425 212
295 164
26 121
204 417
383 32
494 316
105 35
114 134
26 319
92 454
424 63
435 131
254 331
497 175
453 124
188 199
216 378
351 483
400 94
126 407
224 136
171 472
458 181
352 137
91 336
252 444
427 16
199 187
214 182
306 196
248 19
249 346
329 464
58 100
360 229
217 37
361 84
117 240
378 172
8 469
266 469
485 112
152 193
375 36
233 366
238 33
379 481
297 339
440 60
142 207
96 152
236 359
100 458
482 205
174 478
299 342
455 440
486 137
173 107
325 213
99 258
239 63
403 330
391 388
96 195
347 33
244 44
354 435
140 196
174 336
179 166
459 326
463 134
93 445
10 488
247 418
334 109
440 338
227 89
136 183
216 175
219 335
270 312
9 74
262 262
280 35
361 441
427 239
36 176
165 20
291 47
8 264
102 125
214 448
131 181
356 202
37 199
364 428
354 307
421 373
408 116
410 53
293 122
150 189
210 181
80 315
431 353
478 89
389 34
215 44
246 373
424 424
204 283
442 288
161 58
26 215
268 422
44 436
478 413
447 194
362 40
393 27
468 293
179 371
267 358
83 247
171 365
148 7
296 375
285 442
9 309
231 311
100 277
43 127
174 78
118 490
17 388
181 11
234 338
196 213
460 353
218 131
138 483
358 218
160 286
448 495
306 169
298 31
159 406
336 341
183 185
73 306
169 53
391 106
319 403
256 439
70 279
114 326
44 60
347 472
467 56
225 147
178 126
384 376
69 189
374 221
379 253
158 447
406 49
452 49
488 225
357 61
239 410
470 471
296 284
340 169
316 115
241 418
294 347
36 126
199 215
320 263
62 430
479 478
27 468
46 284
197 367
277 403
226 436
220 248
269 22
138 61
331 438
285 231
209 477
192 321
436 260
191 365
343 499
467 170
306 371
90 13
268 3
440 368
468 495
369 160
73 237
27 359
91 404
233 312
486 152
413 426
291 422
421 456
126 486
209 241
106 433
288 300
20 375
222 228
241 488
77 91
451 314
71 105
269 394
46 156
434 255
30 311
267 77
64 451
44 246
31 273
73 151
378 319
400 445
433 100
43 141
307 363
320 494
240 378
387 89
197 139
450 321
399 227
30 70
168 463
236 427
78 199
370 162
459 308
408 270
263 393
108 451
298 71
301 280
369 38
177 188
10 418
497 480
402 409
372 28
455 70
121 460
474 385
193 491
114 434
179 453
256 377
448 139
419 54
445 250
290 140
59 474
306 300
209 56
436 208
130 433
246 243
128 251
95 220
6 173
478 209
438 185
176 235
289 239
341 95
236 86
61 131
432 147
203 219
428 493
279 492
235 58
162 25
97 216
241 257
318 104
141 220
455 256
347 318
413 96
35 188
320 1
148 448
167 104
97 204
196 95
6 376
401 283
499 168
277 351
455 93
313 95
203 448
266 120
68 51
239 32
33 103
51 411
15 182
238 71
166 465
193 434
69 24
44 95
298 421
14 321
268 253
201 179
299 472
375 320
352 219
175 466
378 385
419 78
149 245
210 157
443 168
192 404
351 13
286 237
58 149
254 300
331 327
151 307
127 130
201 378
344 479
217 376
307 74
172 488
498 456
124 234
490 293
158 169
406 193
194 444
96 316
495 448
256 427
409 498
376 235
67 111
339 221
147 284
124 146
103 319
54 122
268 79
248 44
238 426
371 6
323 432
233 467
395 318
169 341
76 304
267 45
118 143
279 459
105 266
437 256
378 60
492 491
388 146
425 240
247 478
262 296
115 422
240 495
188 362
19 261
307 265
260 138
97 425
43 392
148 203
115 481
324 378
377 107
348 64
42 302
450 447
369 157
152 65
280 461
223 341
458 299
437 30
307 70
462 35
90 203
184 110
489 205
313 360
425 366
168 13
460 319
476 118
35 181
142 481
174 315
466 365
247 132
202 404
291 407
110 17
127 381
438 294
6 468
334 103
468 431
103 354
324 428
461 79
412 360
27 104
469 86
218 494
250 69
476 273
290 41
274 86
232 269
238 64
168 238
22 424
131 136
417 125
56 455
167 378
482 469
55 47
41 304
225 126
251 143
184 201
139 393
162 310
374 371
109 252
177 42
31 131
108 160
115 448
178 165
134 135
182 13
317 189
315 75
218 394
95 418
311 254
64 234
457 474
78 290
185 66
50 107
267 216
16 158
323 235
370 194
207 309
499 404
331 376
270 166
85 49
155 217
303 396
222 71
361 260
179 301
260 46
114 81
239 28
115 130
177 415
224 337
241 384
113 75
242 72
473 235
453 179
427 128
51 256
369 150
303 412
311 48
129 63
443 425
56 220
487 58
395 233
469 212
287 488
412 434
170 381
60 385
365 123
231 488
490 416
181 100
0 145
60 492
417 481
202 4
414 325
410 41
253 310
150 380
314 393
126 63
300 336
459 39
379 166
434 191
143 369
366 467
459 496
477 426
282 229
54 31
73 197
359 465
197 326
71 9
72 363
200 198
89 225
243 11
54 468
189 29
497 198
194 55
333 456
37 171
203 116
165 92
409 276
454 376
237 106
321 378
428 310
387 21
33 17
485 130
159 87
137 26
433 156
465 183
355 266
234 2
446 410
38 251
127 355
461 344
222 365
27 135
156 2
19 414
44 41
129 356
382 55
212 118
302 315
434 177
31 9
419 168
272 478
333 309
5 399
116 147
282 80
82 143
409 290
332 102
310 305
361 313
431 193
360 425
454 233
242 294
315 485
463 13
174 87
338 149
148 180
260 455
450 430
72 194
296 212
17 404
217 459
152 230
155 1
86 364
159 109
447 329
194 326
265 262
411 221
401 103
410 59
341 13
207 213
425 414
170 356
315 294
25 240
241 319
183 32
494 327
8 194
20 441
203 55
276 137
241 467
378 177
42 3
216 220
486 101
457 141
436 156
396 124
295 313
345 489
317 479
25 339
132 325
232 398
35 336
155 8
37 128
132 33
105 79
33 348
490 91
100 342
467 278
91 496
486 262
93 288
480 155
332 119
369 112
300 65
73 404
33 455
489 111
42 165
13 446
38 75
418 355
133 138
486 237
351 224
365 324
331 445
416 345
457 164
229 285
41 258
65 154
117 74
91 406
353 160
87 105
312 243
233 357
94 446
22 219
396 446
243 387
232 227
243 11
148 190
300 472
479 189
264 365
124 96
256 355
312 477
220 344
201 125
71 453
24 148
446 445
333 420
0 41
52 417
459 243
68 200
241 259
477 47
143 5
213 453
430 400
96 25
2 2
455 149
149 425
371 331
104 447
488 56
473 104
199 392
444 285
396 267
314 186
43 373
326 310
62 256
134 108
110 10
159 136
62 417
249 161
108 285
341 353
457 97
341 166
451 8
276 286
324 348
73 442
104 367
124 252
360 166
176 110
246 323
240 188
349 160
297 489
342 309
258 138
157 151
160 100
238 108
308 288
230 62
429 234
486 335
353 405
15 198
21 30
70 114
126 262
103 419
80 424
414 298
449 339
439 71
32 461
249 177
239 192
426 332
19 20
426 412
463 372
254 293
407 484
98 324
95 34
310 54
352 176
15 224
148 153
115 306
335 180
224 364
48 426
446 151
415 67
292 224
18 378
215 46
223 425
311 165
219 318
346 121
346 423
77 361
19 494
26 192
408 354
280 102
253 457
376 79
303 21
251 168
67 321
99 318
484 290
460 410
32 55
331 307
20 230
76 408
452 40
246 454
56 360
169 27
106 162
183 46
66 409
231 434
105 133
423 330
92 441
496 236
43 476
206 179
87 63
455 134
88 39
252 202
229 145
307 421
319 187
448 342
128 386
19 31
213 233
174 295
31 306
282 23
202 426
489 341
475 142
33 445
499 64
61 285
59 80
267 368
62 378
116 215
99 190
424 488
283 312
118 450
325 166
92 253
94 28
22 433
230 421
485 55
193 229
309 398
118 104
334 428
496 180
371 451
439 95
407 147
97 74
240 378
131 423
303 184
117 77
498 325
232 200
429 336
234 425
29 91
19 353
33 216
167 15
462 256
403 106
32 370
248 353
128 272
308 231
308 431
108 425
477 306
494 340
118 407
350 229
434 499
215 221
89 467
76 382
340 51
421 479
184 224
348 21
252 312
95 156
434 60
219 55
396 411
170 213
294 366
365 20
242 228
48 433
167 331
382 124
455 360
84 156
177 140
304 433
441 430
342 400
455 375
287 61
275 203
69 309
330 421
150 287
72 424
255 198
174 239
451 489
497 129
121 388
321 175
457 426
326 262
490 299
361 133
337 129
438 488
409 258
397 120
44 59
109 321
413 151
493 135
265 364
252 490
165 386
164 425
40 122
422 342
476 30
159 135
475 165
275 449
70 384
296 25
346 114
118 257
393 111
476 111
101 158
396 80
358 119
93 413
255 398
280 367
2 231
248 291
240 477
214 376
401 310
277 10
267 99
211 395
358 160
170 187
119 459
430 419
332 477
375 24
391 87
171 7
298 394
223 271
147 39
201 437
299 48
148 330
225 419
79 211
250 435
395 102
373 369
347 177
201 57
496 74
434 93
339 167
291 232
123 414
204 438
339 325
155 3
422 339
50 233
168 354
308 300
169 415
93 181
90 368
295 146
239 86
106 229
313 430
197 397
335 437
262 401
404 174
13 417
2 179
33 63
215 171
86 193
226 237
105 31
178 316
402 252
481 269
52 8
405 295
84 249
150 241
267 346
115 54
85 133
48 118
141 118
163 264
1 79
111 389
205 458
211 141
410 108
116 44
191 462
211 374
115 275
473 361
268 234
367 89
207 205
176 416
32 200
279 339
229 385
343 390
31 434
42 54
451 294
108 11
385 142
270 320
33 352
438 243
332 153
359 306
74 391
91 35
374 458
343 223
113 103
390 186
93 497
143 284
295 44
38 251
423 32
236 308
404 457
462 175
333 88
480 321
208 259
217 423
146 435
38 60
98 112
461 280
65 191
87 104
207 212
97 478
138 131
440 333
8 42
131 402
76 341
100 463
238 284
219 169
81 237
201 110
390 180
223 162
118 307
20 163
141 177
308 117
302 279
174 100
3 311
4 157
120 79
215 457
478 210
447 287
397 60
92 148
162 139
299 315
330 280
458 171
140 471
103 118
219 442
105 277
434 74
5 462
419 406
116 220
359 249
309 416
64 108
100 401
69 227
359 399
70 399
223 169
140 210
4 178
307 211
285 110
72 241
499 290
362 343
92 467
383 222
330 254
7 300
379 430
181 428
328 90
260 103
313 403
81 252
463 170
280 388
481 248
390 204
399 332
299 252
474 343
97 183
335 157
439 105
33 214
304 121
224 213
468 416
168 390
60 401
289 483
231 192
248 122
454 121
226 147
490 106
141 52
209 88
45 476
190 149
122 430
496 346
263 346
88 316
218 283
119 148
192 359
482 350
324 440
87 288
394 402
454 430
18 387
363 164
165 415
197 405
252 287
485 193
362 367
2 74
74 80
439 121
324 119
59 273
414 0
402 499
429 160
48 356
372 299
214 263
169 37
176 263
309 273
492 162
88 171
251 494
468 14
133 42
168 292
144 193
44 82
94 46
254 473
272 142
406 127
16 338
101 427
200 193
355 410
81 44
38 295
309 184
227 358
150 443
488 247
329 146
192 32
5 275
418 299
426 129
319 176
455 442
487 420
183 7
51 194
489 116
153 441
300 299
242 232
479 302
449 82
114 160
435 493
292 471
100 353
381 70
365 419
191 336
195 352
47 226
343 246
188 388
187 496
80 340
142 281
363 59
219 443
289 329
300 154
360 81
4 400
171 93
282 221
73 215
441 477
76 472
213 136
484 116
456 252
34 64
475 450
394 249
431 194
201 183
116 231
484 61
6 472
193 7
222 288
118 119
91 16
4 194
310 156
409 489
405 266
216 295
44 381
427 462
497 475
59 128
41 114
86 43
50 400
188 280
399 125
141 306
0 342
351 145
486 310
428 260
55 244
477 497
459 451
279 404
385 457
423 338
381 278
178 361
493 283
408 367
25 244
87 401
47 26
188 290
50 385
129 469
466 105
56 458
363 277
86 335
173 248
378 361
223 406
190 57
424 216
461 450
352 449
327 400
190 251
488 368
337 240
197 470
428 155
284 253
441 291
391 371
232 466
225 270
179 455
24 267
217 103
404 485
237 421
24 84
304 427
19 13
483 493
148 216
321 263
407 284
155 114
81 150
272 240
47 306
73 451
406 71
408 142
64 163
247 145
424 440
453 403
396 295
11 288
52 396
180 185
299 459
109 188
428 232
390 382
185 327
251 315
458 92
255 11
9 374
314 354
257 433
229 120
408 153
49 92
277 312
123 81
269 429
161 85
319 49
229 52
367 4
96 480
491 177
51 203
57 0
286 218
338 314
467 367
459 98
263 368
450 89
18 386
471 71
473 31
83 290
147 202
182 303
480 243
447 25
26 384
102 4
171 164
31 292
242 490
359 490
431 5
244 161
84 449
481 215
358 57
111 416
219 5
100 293
171 52
436 399
256 49
213 390
34 427
417 244
86 128
134 128
289 18
319 230
297 226
283 152
69 155
12 395
40 140
44 113
12 63
112 480
222 120
47 325
421 108
237 317
445 360
230 223
453 87
313 49
202 250
258 448
195 123
115 270
383 88
151 160
492 248
220 116
441 67
175 120
437 215
75 412
135 234
173 305
206 440
191 486
287 260
235 449
219 334
422 351
363 455
55 426
42 207
274 275
395 335
402 450
362 184
419 477
134 350
290 92
431 193
453 333
282 70
404 41
392 354
161 179
457 107
314 68
343 351
186 89
391 91
127 89
418 105
455 46
491 405
98 98
431 274
344 403
444 66
272 100
131 188
295 433
1 88
439 462
403 196
139 478
67 294
251 267
313 337
94 207
305 156
430 192
448 88
154 274
227 392
81 426
211 358
447 228
42 212
261 238
216 297
443 400
167 135
473 195
402 481
489 67
112 59
147 420
46 60
304 154
80 273
484 237
466 292
356 431
21 360
158 117
18 238
373 101
296 185
18 198
118 50
461 360
280 82
494 109
115 178
304 298
36 195
339 288
71 354
214 48
165 92
330 224
178 35
221 56
106 326
377 91
451 76
158 190
151 83
262 4
303 266
314 418
206 191
45 153
201 277
221 111
188 219
254 404
312 366
192 327
419 418
347 421
112 222
158 357
362 263
30 272
190 17
208 344
349 396
25 253
216 403
122 246
150 404
270 376
56 462
233 315
236 327
49 80
289 200
464 59
331 151
168 346
42 21
269 228
481 391
294 294
41 50
454 268
145 43
6 77
244 53
380 91
23 332
33 281
341 312
316 349
47 172
194 336
65 89
480 463
110 398
448 127
395 151
46 255
332 392
445 404
495 428
260 325
459 18
183 145
346 300
472 499
335 393
482 18
334 400
299 315
442 444
447 99
354 337
82 345
250 38
466 27
205 245
116 79
224 164
464 299
150 71
464 288
159 485
238 299
114 493
289 389
488 56
245 88
433 343
381 327
207 183
281 200
279 264
428 249
48 355
278 244
384 50
35 95
394 43
388 125
14 8
416 29
117 355
50 13
341 403
438 283
483 400
164 219
468 114
322 444
40 368
418 100
47 424
320 306
283 293
153 60
442 298
5 69
83 411
314 55
338 276
176 253
324 174
288 192
488 293
13 462
63 28
304 432
90 462
256 476
37 373
23 409
331 331
242 28
435 266
42 57
162 274
448 70
114 486
131 88
51 102
130 145
429 466
428 434
263 371
244 36
446 152
483 120
0 277
43 225
134 436
62 437
359 148
135 362
450 473
75 118
263 353
319 57
491 44
415 100
136 106
258 12
132 434
63 241
319 484
420 106
395 453
102 334
196 254
227 89
207 499
352 154
211 323
367 24
124 55
161 283
147 112
47 420
13 279
263 110
69 332
138 36
222 464
71 240
181 271
270 298
305 240
63 474
498 16
71 431
66 474
87 85
5 213
344 134
244 18
203 459
347 313
130 341
433 70
341 201
351 114
354 463
289 156
25 270
201 140
114 448
33 119
184 53
187 38
409 380
339 284
449 112
453 39
109 431
132 238
352 302
117 336
344 58
328 406
46 369
318 381
352 13
66 351
242 36
416 106
242 3
467 108
147 43
475 420
10 256
410 459
295 362
272 379
137 140
9 101
334 36
49 179
31 187
223 467
425 125
128 492
100 19
63 95
367 247
355 390
349 377
91 117
496 497
137 363
464 133
169 498
178 299
338 70
390 61
186 61
405 167
187 314
261 5
104 102
492 128
5 459
428 193
190 96
311 424
410 179
30 276
427 431
354 60
121 265
178 244
411 159
325 436
441 98
52 86
214 46
357 44
90 71
19 286
62 280
312 330
458 472
256 342
402 237
354 110
354 375
386 385
321 117
216 211
297 262
160 120
165 363
286 370
8 255
387 157
487 70
395 199
393 298
35 151
261 147
22 242
127 467
84 260
471 448
62 152
273 120
335 75
297 290
45 121
130 305
375 284
336 118
268 122
273 229
377 155
397 386
353 251
364 24
324 438
90 335
456 239
166 215
5 143
265 463
268 402
187 247
365 495
118 23
104 485
141 391
278 333
437 390
415 483
421 301
136 91
182 364
79 444
88 348
311 437
339 205
452 79
75 26
401 170
7 45
436 358
191 148
39 66
50 480
281 306
249 323
187 270
66 432
280 119
56 154
211 92
23 395
274 16
38 450
495 27
385 45
46 284
202 429
409 437
95 252
428 191
461 344
276 115
86 27
34 409
353 494
242 97
113 376
179 16
395 3
49 26
310 281
210 447
384 13
117 119
162 479
323 45
13 475
355 452
213 451
446 241
338 66
294 188
56 304
307 473
352 451
84 208
155 162
27 294
266 391
370 497
42 280
256 46
350 407
359 111
204 63
481 157
345 42
198 275
101 401
204 358
418 453
467 289
435 426
317 495
492 53
334 40
86 386
294 90
53 436
351 5
162 109
151 332
107 359
112 202
60 60
13 316
457 330
256 481
328 393
446 74
114 172
410 280
222 52
488 56
61 127
236 339
23 75
434 240
442 130
191 46
215 354
184 56
389 172
65 441
367 69
241 12
144 333
385 152
208 367
346 225
416 122
197 83
323 439
69 484
30 117
323 112
21 245
418 7
300 410
480 483
347 167
352 73
77 492
211 237
462 286
260 57
492 230
169 309
293 167
136 91
203 324
421 459
467 224
487 191
27 119
139 467
392 374
218 491
81 470
108 281
191 43
126 368
177 183
203 295
386 323
499 339
299 442
18 420
112 118
89 5
324 139
365 228
72 69
39 436
217 153
48 147
367 408
444 174
470 396
219 499
190 208
2 218
491 341
459 21
378 455
94 401
129 55
124 311
247 201
354 163
162 465
225 403
429 381
277 21
20 399
460 349
419 211
52 462
483 410
365 364
265 214
269 311
123 246
300 245
260 222
39 6
261 422
303 265
286 191
442 432
281 159
222 402
365 201
463 274
490 200
414 181
492 107
206 35
280 467
42 6
364 40
314 81
346 126
317 469
254 485
496 259
14 35
88 218
492 379
79 404
85 335
442 346
381 429
249 0
6 162
54 291
372 371
349 221
42 71
408 166
277 296
184 404
122 291
22 124
28 466
301 454
300 465
395 96
96 181
195 144
287 455
326 102
323 11
82 27
193 217
14 490
394 322
466 198
174 16
483 340
294 203
168 136
84 94
276 415
59 181
136 323
425 198
210 314
341 100
318 292
135 386
60 184
382 29
398 378
219 408
111 233
221 13
108 132
47 306
487 236
59 459
157 475
141 337
437 367
12 334
72 107
291 499
380 484
363 25
434 278
363 82
447 397
29 85
391 407
495 77
36 230
205 407
244 193
413 198
32 33
141 277
276 104
88 284
310 8
139 303
237 244
141 2
87 185
92 23
100 330
60 440
347 488
33 117
315 91
476 446
75 199
155 117
402 203
212 96
399 64
160 351
205 137
174 153
176 145
475 118
58 128
116 36
5 405
496 150
448 321
20 473
442 24
79 176
272 196
112 143
494 23
160 272
426 52
197 334
453 454
83 172
60 11
269 199
349 66
239 265
90 298
174 111
287 385
81 105
249 411
435 194
318 95
147 447
134 96
51 344
369 439
302 486
37 281
199 71
189 387
37 438
50 279
16 63
168 189
453 450
496 417
365 240
187 314
411 12
209 173
112 314
300 430
211 415
338 189
428 411
201 27
159 465
380 251
293 175
125 401
170 246
486 121
288 35
400 25
199 51
365 109
391 163
430 17
206 102
365 269
148 135
452 67
170 307
335 185
86 463
61 312
434 108
144 399
277 74
125 44
5 328
491 342
211 396
350 422
43 269
404 216
135 191
351 209
246 305
121 186
498 184
292 34
286 284
358 288
184 63
391 335
177 189
437 234
8 388
158 140
208 51
95 414
475 343
0 446
484 221
257 473
360 482
119 50
338 146
61 477
165 23
64 452
38 342
83 354
494 47
450 93
359 54
249 45
343 335
408 249
75 327
162 166
68 287
433 281
110 406
429 346
298 275
470 346
200 188
235 53
498 46
100 186
83 357
44 349
450 427
106 305
323 377
164 268
401 391
297 449
295 12
287 79
425 445
134 109
14 477
375 369
407 12
222 475
176 491
270 266
423 478
356 376
497 246
137 20
322 398
410 435
366 117
415 50
159 143
472 49
270 174
38 347
174 178
21 260
379 350
328 291
167 302
49 184
57 164
63 186
473 379
348 325
375 191
334 263
164 387
413 306
153 435
465 451
212 327
29 486
277 91
245 210
246 296
461 294
333 303
34 376
201 158
350 235
498 429
168 184
343 15
302 81
32 348
28 267
253 96
187 57
267 382
178 433
79 14
169 491
367 412
71 56
291 421
202 273
309 141
156 370
303 152
1 458
77 187
284 381
438 330
64 323
108 58
424 95
86 188
452 445
1 454
227 375
148 292
286 429
151 458
462 442
253 454
493 315
196 330
13 277
101 487
45 429
24 61
249 321
118 111
417 54
281 120
264 144
425 430
240 50
345 76
382 202
370 450
132 375
5 66
53 145
75 458
19 450
123 99
210 121
175 242
362 479
123 456
238 478
381 48
476 330
385 78
28 358
86 255
321 160
158 91
401 227
177 233
184 420
41 301
43 247
226 68
25 257
87 350
250 115
446 468
46 227
437 331
86 74
87 375
318 259
486 245
330 219
140 164
317 14
261 33
102 212
469 340
42 479
94 56
377 292
371 40
223 423
350 309
184 309
69 437
34 3
222 407
71 364
378 214
248 240
452 492
184 350
181 273
330 226
370 275
316 207
482 242
51 391
201 332
121 87
90 122
29 155
19 165
379 453
193 250
242 479
181 146
419 278
4 362
138 101
160 374
116 306
197 495
327 19
107 250
224 301
456 197
214 254
59 328
78 94
425 252
250 172
450 107
469 22
475 306
180 459
117 136
483 149
168 167
417 310
463 275
325 142
248 420
100 39
485 307
411 178
202 411
370 14
36 4
310 191
151 11
499 342
491 268
287 482
145 12
287 205
199 108
380 464
356 447
106 480
10 341
104 17
31 212
216 474
166 419
283 378
221 169
289 282
117 212
224 77
134 262
222 364
180 333
280 455
435 36
230 238
255 298
362 186
13 139
410 431
309 179
200 193
328 30
95 489
418 445
59 171
387 52
385 281
236 68
456 17
255 24
174 186
373 363
354 36
319 238
269 116
310 129
11 469
310 138
83 458
130 229
133 142
275 17
437 371
240 12
388 394
432 348
211 62
450 305
43 417
33 270
251 312
133 195
333 114
73 444
25 268
410 55
424 10
381 38
50 362
108 474
322 290
352 40
198 385
302 302
424 93
406 187
383 175
290 391
187 68
337 215
270 64
75 99
137 46
408 308
282 39
329 16
409 104
489 33
188 107
200 143
183 112
140 458
350 66
486 282
497 389
454 323
423 119
165 381
41 412
452 426
294 324
280 133
167 203
310 122
117 355
319 363
321 300
218 459
93 171
61 205
28 90
61 367
248 303
216 79
357 289
465 20
153 151
207 246
220 172
379 369
232 337
138 51
362 54
77 208
413 456
46 490
357 294
97 460
39 105
247 165
37 396
399 212
310 43
215 458
328 30
220 447
498 412
318 210
418 360
316 396
386 184
478 215
175 96
201 75
93 66
314 448
13 130
173 213
172 323
206 241
188 352
116 278
488 186
398 435
183 258
442 67
282 421
369 420
348 309
227 71
371 441
71 41
106 236
60 245
486 130
482 118
396 26
64 451
238 236
346 462
29 273
46 289
61 163
472 416
487 409
350 51
92 210
447 274
371 199
329 359
477 357
235 164
467 225
461 299
113 205
478 307
448 143
158 24
440 10
271 483
34 279
342 122
396 127
178 141
0 267
476 359
23 329
406 63
362 490
47 367
26 475
470 25
402 327
189 129
112 194
326 460
434 146
125 20
161 330
449 303
163 13
342 277
192 38
381 248
467 54
382 428
454 345
24 204
333 208
254 213
174 297
296 80
100 108
291 421
77 113
126 92
222 92
482 320
420 414
321 363
292 387
85 55
259 98
158 109
175 445
242 412
345 201
161 390
164 297
411 452
397 93
37 389
210 119
385 19
383 130
370 206
261 27
477 307
268 373
318 135
47 443
144 412
155 244
42 306
110 319
412 453
194 359
330 449
320 404
387 216
274 203
82 257
416 388
261 59
194 184
480 431
195 94
338 124
282 350
169 232
37 245
104 433
382 232
488 435
3 203
258 375
484 277
165 193
252 400
437 278
209 299
245 417
393 257
107 435
168 28
273 277
62 205
289 229
164 297
352 278
153 167
297 110
155 490
390 462
93 408
59 179
96 154
411 304
239 342
370 19
148 259
317 143
372 210
7 106
384 389
408 211
322 390
380 205
20 477
237 122
154 113
267 296
452 250
92 179
50 192
451 462
457 198
260 268
227 182
423 120
331 463
353 331
37 5
335 85
60 409
22 424
221 214
316 141
320 173
217 409
223 222
272 21
141 33
67 33
5 368
332 490
173 336
194 37
123 62
471 381
305 35
101 493
135 378
404 417
178 307
382 121
494 254
287 154
39 136
4 206
196 44
233 188
226 221
284 279
160 201
236 255
101 465
196 337
106 88
247 100
73 285
39 129
136 68
56 178
384 175
220 412
101 432
153 305
84 179
380 289
397 244
61 468
305 350
438 257
357 411
48 37
19 431
351 87
265 155
182 407
319 149
433 402
207 272
451 87
376 143
387 331
299 125
475 449
206 456
220 413
303 416
347 268
208 174
329 50
309 473
475 11
266 480
253 408
347 325
469 204
388 76
201 208
157 39
348 177
442 216
132 68
188 97
271 331
381 396
222 100
464 42
22 197
457 82
407 275
332 305
233 228
437 220
111 434
463 94
162 459
379 406
3 294
477 68
464 275
227 210
252 38
87 43
125 275
50 45
202 33
261 382
454 435
221 198
145 66
377 185
443 307
454 257
325 446
73 431
142 141
32 153
196 394
169 119
164 322
207 72
306 218
5 468
19 261
179 227
264 16
175 408
165 207
5 481
413 342
336 431
84 407
153 368
487 280
454 175
247 4
222 161
482 405
166 80
159 353
369 197
106 423
482 396
378 123
466 487
270 291
50 302
22 354
487 55
230 9
365 293
455 329
235 440
20 437
290 253
451 179
102 11
407 409
32 436
423 285
428 498
152 46
252 330
386 174
36 239
33 116
298 253
193 340
129 33
286 213
244 271
282 89
498 198
134 41
327 383
381 410
456 107
290 386
412 208
300 176
144 300
54 185
377 442
475 247
313 6
277 114
203 409
108 59
452 54
437 94
356 131
239 170
408 312
373 29
57 321
473 25
210 201
144 27
127 87
445 471
437 292
201 222
133 493
47 161
108 85
217 336
6 464
129 308
189 415
88 2
379 246
447 61
441 441
28 443
267 68
212 325
47 204
197 413
427 180
117 96
432 35
499 334
494 439
206 128
482 183
429 146
59 361
302 229
24 0
420 182
7 291
496 132
398 406
438 45
142 325
360 56
242 426
365 211
192 237
420 423
421 174
36 202
283 481
481 190
373 307
451 402
34 232
139 299
344 432
109 77
485 338
265 469
33 228
465 482
258 225
399 237
291 179
160 287
478 74
234 142
396 203
287 185
484 282
67 426
356 328
19 176
498 341
69 284
266 31
256 386
476 24
204 7
147 267
194 216
358 477
180 428
465 106
389 467
246 449
129 456
132 102
443 148
284 130
13 365
251 51
427 121
129 79
347 483
200 128
105 393
321 410
17 137
456 286
87 258
214 202
156 216
217 198
329 452
317 1
404 194
316 420
0 332
167 297
425 199
92 219
130 382
19 265
403 499
257 327
30 490
58 471
169 38
490 275
277 350
397 159
80 181
365 213
362 432
131 33
252 139
21 75
340 234
233 392
219 243
85 490
313 249
140 143
419 335
37 130
142 196
229 434
499 222
6 95
128 361
0 489
64 232
467 373
265 256
351 200
43 485
86 436
431 208
395 226
209 350
398 285
219 351
425 480
75 71
284 431
420 55
287 285
158 336
92 106
159 276
261 443
231 54
114 347
426 162
365 10
295 135
486 263
243 366
289 263
194 170
225 74
359 466
302 365
323 369
145 246
41 482
388 258
106 272
286 3
13 32
19 151
267 160
378 357
120 362
33 168
242 166
132 110
327 453
174 286
32 151
485 172
430 73
197 374
229 36
420 483
487 242
254 291
148 254
116 132
300 120
286 1
464 394
199 270
56 291
294 374
46 440
13 132
358 476
365 210
46 87
181 137
429 33
287 435
67 429
50 255
109 220
466 188
459 73
364 166
40 367
308 11
143 438
414 321
384 353
440 131
269 282
315 121
56 198
479 454
61 475
47 29
70 170
243 14
32 29
396 460
471 424
362 204
378 466
319 128
260 114
396 111
232 29
79 211
17 140
467 58
440 78
249 15
381 10
39 492
304 265
189 287
344 275
93 51
31 222
336 412
375 291
320 232
295 107
99 251
310 312
390 67
434 250
260 491
336 315
432 151
290 140
416 121
24 134
208 361
126 55
199 396
480 1
461 19
123 275
439 60
127 433
183 182
173 413
80 295
446 9
150 12
133 236
223 418
131 9
417 431
328 257
259 116
487 308
436 220
132 110
43 375
57 112
25 78
373 231
92 106
118 171
260 242
12 104
465 483
266 144
401 382
498 94
255 12
84 338
448 191
66 217
329 344
422 476
207 206
312 148
319 299
394 283
239 431
414 258
402 204
439 181
127 156
20 289
127 382
425 105
174 76
272 344
320 355
61 194
194 379
30 226
361 14
445 276
35 100
156 212
245 289
297 447
237 372
107 318
275 216
292 32
376 449
304 416
111 48
427 217
443 305
171 458
234 304
256 469
33 121
411 265
212 278
150 208
26 301
18 109
494 301
102 162
79 370
271 406
476 42
199 198
8 419
76 371
192 243
364 184
449 225
3 127
336 14
167 5
115 214
368 185
200 109
331 470
229 279
173 454
153 57
476 372
95 161
256 404
89 287
12 473
100 38
404 367
225 288
3 72
109 340
301 223
45 309
440 484
439 126
183 113
338 444
457 160
416 433
73 214
39 5
396 85
305 139
428 300
224 30
222 283
358 334
143 375
211 403
30 436
401 150
446 213
225 239
25 404
470 142
147 98
183 9
0 395
196 340
370 280
63 420
254 444
319 421
177 250
38 31
33 207
272 439
31 480
236 350
492 56
154 206
67 491
387 189
30 67
348 435
355 252
197 263
37 462
64 368
399 214
273 454
393 285
117 397
247 276
332 353
411 239
83 486
176 478
397 322
257 58
310 97
213 464
278 359
80 102
168 194
148 331
116 441
338 394
170 233
438 86
177 3
341 349
179 112
434 17
427 77
26 43
360 90
301 239
341 138
333 381
213 361
302 481
227 329
415 493
431 398
401 353
203 460
73 242
112 382
311 359
403 391
481 338
429 115
253 283
164 123
484 438
272 229
59 139
484 499
397 326
179 415
375 150
245 382
117 300
160 209
100 280
470 415
30 82
217 400
375 135
74 233
463 211
350 346
197 374
200 334
101 95
97 231
466 329
129 342
51 83
215 141
408 4
438 186
438 290
426 155
240 313
24 352
50 55
281 227
413 247
194 333
65 15
344 144
486 31
466 473
467 390
394 181
219 375
18 332
339 157
322 296
148 79
135 199
278 50
149 416
102 191
206 196
340 167
50 50
376 326
68 16
49 195
70 462
146 269
278 440
236 485
65 453
152 236
286 52
320 430
121 436
484 422
441 180
82 324
150 491
7 458
153 71
33 409
30 76
16 180
165 308
261 105
341 82
486 265
47 128
416 307
81 21
201 400
224 23
366 283
94 226
297 374
135 247
175 183
363 165
325 44
149 380
315 87
204 490
470 301
460 252
273 238
138 42
417 326
109 214
293 283
9 203
303 442
125 496
161 330
374 340
73 487
426 375
218 388
41 130
234 188
427 2
396 359
185 417
484 165
300 147
202 277
219 310
158 5
188 197
37 320
159 414
290 462
350 85
67 8
48 244
246 154
13 327
245 494
159 199
346 229
358 459
121 48
406 429
126 280
452 446
360 16
478 111
48 2
362 181
425 467
121 411
90 23
17 135
186 335
416 28
339 384
284 126
56 461
93 190
488 182
50 45
8 349
351 29
62 56
23 66
329 339
362 145
132 419
255 231
111 318
202 23
150 450
263 486
29 206
240 356
253 17
218 291
172 261
317 422
488 86
425 193
190 317
236 139
222 322
492 343
219 333
283 46
384 369
427 47
403 413
283 19
310 9
270 353
275 334
420 88
133 115
284 345
484 323
145 373
216 58
391 489
35 287
156 175
74 419
333 435
455 329
338 468
321 117
452 109
49 449
64 372
70 182
5 201
74 406
465 2
491 142
430 356
383 378
297 438
374 457
139 482
450 181
298 477
438 124
73 102
327 487
21 489
190 397
303 378
232 116
259 120
329 223
101 189
127 212
22 251
233 353
34 13
490 184
160 185
287 429
268 85
426 114
363 290
168 469
85 19
139 401
476 344
33 468
33 430
181 161
366 407
420 266
302 401
86 410
191 462
47 225
192 312
102 474
443 55
74 122
375 380
225 214
34 204
486 258
271 419
326 19
285 138
391 246
9 88
50 329
54 52
364 450
276 246
302 318
293 71
451 228
294 20
76 176
287 329
248 62
433 410
48 427
173 219
159 439
268 34
439 61
11 175
273 155
474 139
62 427
156 119
139 366
394 450
131 68
482 181
92 380
159 416
135 492
284 184
219 294
207 404
79 10
165 219
210 353
280 139
110 273
139 288
239 102
170 33
67 370
102 152
68 11
3 261
298 55
201 287
192 17
27 409
480 123
328 44
184 190
315 461
249 146
248 306
192 340
63 418
423 111
122 165
279 491
47 477
265 77
446 100
9 309
284 325
369 341
32 113
74 405
52 199
6 175
16 300
71 50
161 79
96 494
485 283
260 227
304 384
337 377
38 102
427 346
40 323
288 149
54 72
123 214
241 458
111 481
31 257
188 182
28 192
327 137
364 365
250 440
317 21
123 439
137 208
31 403
404 177
101 171
385 310
269 225
206 478
236 380
414 238
282 276
413 442
307 462
402 130
151 409
348 71
279 126
381 486
163 162
333 137
448 265
342 70
49 217
449 48
138 137
265 363
305 273
235 31
161 464
374 489
60 164
142 222
60 340
354 376
13 76
193 40
110 461
30 35
435 11
0 479
342 74
199 266
297 499
464 286
275 310
474 338
412 187
379 116
344 325
401 234
274 358
319 94
129 236
100 350
329 416
342 100
218 24
375 41
179 15
177 191
381 454
494 151
120 294
119 373
459 464
322 372
466 85
174 494
196 447
363 274
226 377
253 206
99 445
312 129
320 279
85 490
493 202
348 431
157 113
430 319
191 116
54 104
450 9
456 228
354 146
24 171
229 80
377 277
258 181
460 42
32 431
133 397
329 377
491 333
152 486
454 273
377 195
204 8
88 180
326 12
35 442
375 202
480 117
298 104
146 90
21 110
359 30
408 6
339 188
26 251
24 343
390 333
193 253
433 446
310 134
76 260
462 346
315 303
408 294
385 113
75 54
85 258
265 434
475 493
244 104
300 353
186 120
373 190
137 232
366 307
419 447
145 294
98 233
380 460
73 358
264 117
375 0
435 349
194 140
97 410
263 290
262 397
439 302
34 136
295 76
376 400
46 66
299 21
334 496
354 31
148 407
408 119
320 24
16 195
105 367
157 113
362 220
22 420
408 302
230 408
160 55
121 458
332 207
203 272
304 166
425 58
29 304
180 185
380 349
68 197
162 337
58 226
498 25
179 432
341 258
313 261
72 1
60 286
410 404
70 264
174 66
371 495
181 203
404 51
100 413
251 473
51 263
140 161
93 401
159 171
284 286
288 324
462 356
260 348
464 372
439 182
30 138
193 162
65 63
476 98
423 166
281 227
388 474
375 421
444 334
120 386
210 228
437 260
109 172
396 49
232 425
64 335
497 262
325 109
207 63
81 153
381 130
456 362
135 121
307 331
69 79
159 428
188 131
303 96
146 149
427 200
387 230
344 491
100 237
152 21
174 160
142 233
95 407
381 99
282 230
161 188
468 204
335 320
269 157
158 491
191 415
497 85
428 430
167 341
214 381
393 171
404 388
148 35
486 351
433 29
69 121
325 94
267 38
47 160
151 36
303 205
143 194
125 300
493 71
304 144
168 207
447 197
85 72
276 95
476 71
44 209
156 46
84 369
30 423
459 131
188 33
228 262
414 331
255 205
201 259
318 59
109 369
294 265
213 194
117 70
131 189
87 162
31 287
62 171
154 413
299 21
135 343
174 27
84 401
160 429
341 137
359 330
96 450
144 5
427 161
202 261
275 58
346 290
313 307
72 260
282 468
311 371
250 269
171 337
119 186
176 183
14 312
262 35
40 462
475 258
371 467
377 177
319 147
306 75
336 485
453 230
102 118
239 116
305 204
243 262
446 276
88 419
454 312
274 202
460 346
165 249
278 184
331 42
118 450
435 489
219 454
424 240
356 173
230 15
278 13
290 473
392 224
388 378
81 198
44 14
115 393
77 61
103 393
343 260
101 73
27 130
370 321
346 303
319 226
92 428
401 97
173 382
112 145
343 413
427 193
87 239
300 42
435 16
277 256
329 131
261 378
51 357
12 132
210 250
178 331
280 302
184 432
77 305
218 297
342 273
364 145
187 281
298 165
421 475
458 427
157 102
311 219
203 61
163 324
7 414
68 341
125 140
445 105
254 55
180 164
161 96
230 44
61 201
176 380
307 482
437 486
205 316
377 248
72 261
27 40
234 432
72 95
200 211
266 17
33 454
403 298
343 195
248 133
13 404
239 424
410 172
488 176
424 467
80 218
110 349
281 107
55 196
408 353
222 107
414 26
325 256
303 317
302 20
424 51
327 167
339 15
191 89
408 179
249 468
317 489
448 212
408 98
451 3
111 168
47 173
281 377
194 224
244 84
487 348
15 20
36 166
107 354
385 227
195 16
357 135
347 364
462 305
161 107
128 265
439 124
1 175
251 72
9 47
395 495
15 496
15 410
116 403
131 122
490 1
488 178
43 347
5 187
295 357
123 18
142 275
302 414
486 495
42 53
400 495
344 437
199 267
171 359
481 315
168 154
332 472
171 157
344 227
437 176
46 491
266 60
474 188
35 68
473 312
308 77
366 373
141 4
363 65
232 312
466 196
20 401
410 150
230 192
220 106
98 167
79 267
307 216
137 53
217 343
272 110
336 25
29 139
56 477
141 244
441 289
42 459
461 313
5 452
58 43
62 78
197 8
77 141
46 356
199 66
28 264
141 324
463 364
193 23
267 19
160 186
145 60
226 202
6 459
2 83
161 417
277 417
58 210
67 206
272 457
221 266
90 301
17 214
237 405
277 211
249 357
269 289
344 395
206 495
79 350
119 60
477 92
303 397
103 388
345 370
488 228
29 418
132 431
336 46
109 222
79 465
255 359
106 348
196 99
301 164
224 275
367 421
170 202
442 170
392 125
353 287
205 381
312 234
281 189
411 0
466 242
453 342
43 221
172 59
223 239
14 473
246 300
354 233
256 416
42 296
83 148
29 247
482 140
181 193
194 115
357 93
435 12
233 163
74 478
69 257
230 298
450 435
169 477
245 304
100 277
425 139
387 35
27 307
0 369
484 208
153 46
58 193
356 441
271 143
400 431
81 341
276 483
312 31
187 297
74 57
49 287
174 352
11 436
305 201
261 363
410 141
186 415
356 468
464 43
326 479
320 216
199 407
290 449
246 363
421 329
468 173
377 322
258 142
195 388
103 415
408 456
223 13
334 94
137 431
411 150
366 315
222 83
32 66
429 364
193 131
304 202
24 161
155 33
273 134
49 350
159 376
390 309
404 234
166 76
226 393
209 77
160 92
10 283
0 45
176 440
494 193
207 332
365 371
5 214
65 138
366 407
216 76
310 108
184 120
366 476
405 262
355 75
358 418
315 365
157 358
404 491
175 4
375 463
177 40
30 380
139 242
170 248
357 356
328 481
309 41
304 194
121 67
485 11
228 480
190 300
143 386
390 94
57 318
210 117
349 235
329 92
340 489
197 352
333 197
239 25
72 494
61 395
258 193
25 398
198 486
224 216
162 193
11 466
83 220
307 73
165 433
422 488
340 6
203 119
496 25
20 294
41 420
466 81
480 299
286 491
59 30
76 362
329 222
294 87
13 412
345 453
441 178
184 119
90 134
159 240
386 439
359 31
113 428
79 325
169 445
327 365
80 228
450 403
343 409
321 96
49 356
34 19
138 343
477 71
311 229
168 488
20 197
477 379
205 485
430 57
422 226
454 109
13 2
263 257
353 356
212 85
104 255
98 98
169 94
175 427
415 332
30 343
223 435
272 7
64 280
358 54
164 339
193 312
421 177
385 457
394 127
382 449
47 350
444 480
259 217
401 120
315 174
462 431
291 390
22 234
289 207
46 380
45 453
482 92
401 466
93 367
316 295
145 475
307 215
432 441
413 66
93 186
117 229
119 407
141 260
468 494
374 282
87 366
310 419
238 421
288 211
358 331
159 456
172 355
297 318
237 456
142 210
291 330
237 112
372 263
257 230
365 192
59 483
403 304
226 221
433 141
324 366
323 291
499 483
154 347
303 296
358 391
73 298
410 2
265 162
392 134
327 374
357 109
414 238
459 260
253 140
6 244
36 430
265 181
28 387
35 419
162 332
482 393
247 235
397 392
26 12
238 142
103 205
443 96
208 17
9 403
499 314
244 368
401 387
274 9
281 430
114 309
55 443
179 96
488 302
167 428
70 366
72 405
353 174
43 367
122 62
376 405
273 122
9 472
333 174
456 284
93 114
58 70
18 148
451 237
165 358
225 470
375 88
114 149
16 229
143 9
414 139
261 371
195 39
66 270
406 28
143 22
445 0
0 201
290 315
174 303
273 307
247 251
400 1
82 361
223 268
407 225
448 489
29 20
143 143
171 447
321 49
49 166
367 266
82 402
205 9
317 108
359 479
480 64
278 111
379 414
491 353
342 139
159 439
434 223
170 154
204 457
124 492
110 105
7 343
353 192
300 65
44 170
86 11
122 376
290 216
69 2
493 281
72 412
135 4
159 6
463 158
150 215
320 439
283 260
305 180
245 136
158 457
469 141
369 96
313 91
445 159
292 382
146 290
295 216
222 134
292 454
21 37
329 442
202 193
373 112
100 359
317 470
463 110
206 286
229 332
343 371
106 175
317 487
203 252
238 112
418 425
315 30
472 439
133 144
108 27
386 6
329 208
170 55
341 144
477 228
100 71
98 320
308 58
162 415
28 11
289 401
431 298
238 456
100 256
135 371
229 60
120 373
429 58
55 290
370 270
193 32
204 322
380 291
59 364
228 43
444 439
237 369
325 227
483 475
198 277
337 118
492 428
338 309
99 421
43 393
425 321
144 237
380 482
346 24
419 439
230 426
295 215
443 468
295 472
249 278
249 494
274 438
247 241
14 112
6 198
20 57
146 283
117 164
40 27
318 316
242 312
27 49
369 390
362 322
101 164
10 464
254 350
443 284
249 2
52 457
366 255
390 72
88 13
40 8
176 129
441 210
259 270
160 320
143 128
145 375
339 244
446 155
292 445
447 389
346 41
148 0
424 64
77 38
398 13
494 469
180 426
197 287
107 291
420 357
84 250
346 417
424 275
221 292
181 216
257 168
20 379
444 257
148 297
310 373
195 398
325 156
443 227
18 22
231 402
153 290
207 316
91 351
144 132
200 312
333 177
57 310
67 205
2 353
78 215
114 164
172 125
352 291
313 467
370 223
365 396
212 375
226 73
57 156
320 222
400 109
419 5
63 309
14 339
54 417
82 92
218 20
311 106
74 422
145 476
373 444
171 11
436 437
445 397
472 345
454 266
123 372
33 226
65 186
104 47
491 471
344 38
144 209
132 155
484 70
14 129
140 357
146 37
435 428
273 92
210 407
131 80
306 185
372 16
63 223
194 328
366 54
116 38
46 362
433 100
229 30
239 299
337 222
150 385
329 124
383 424
356 391
77 14
382 162
385 301
129 445
351 431
470 347
209 467
67 16
398 494
294 297
19 137
374 483
107 21
297 56
299 490
356 153
167 376
177 238
35 404
336 158
5 386
206 158
174 215
209 273
422 424
413 355
338 293
167 139
195 445
287 464
118 495
223 495
85 285
190 253
411 120
359 378
36 417
484 65
190 62
486 45
401 465
110 399
390 239
37 277
242 86
433 176
172 212
349 156
409 257
230 391
269 173
442 89
6 305
219 426
471 48
13 57
308 372
464 476
253 199
285 1
29 347
59 70
226 201
311 409
300 488
13 41
482 422
227 455
381 340
388 299
356 204
77 254
82 165
364 393
246 335
35 1
71 275
477 94
355 297
137 288
181 156
78 2
457 15
207 157
308 190
395 447
53 165
330 324
217 135
323 194
47 463
238 358
452 118
267 67
207 308
316 405
259 388
255 246
255 217
407 462
262 64
229 302
478 315
451 411
457 195
158 274
484 4
122 249
316 288
96 389
146 24
264 264
10 406
123 372
186 118
182 382
37 448
264 411
322 15
63 67
341 279
283 73
322 177
465 257
146 491
15 62
178 293
51 131
3 41
159 26
408 190
138 193
104 297
313 254
321 278
409 228
301 14
191 44
301 124
467 157
71 299
444 482
465 249
142 495
21 469
11 153
346 282
431 1
256 450
80 96
324 77
444 341
385 126
102 135
144 38
190 69
403 215
317 134
482 368
337 459
113 355
137 200
202 459
262 421
17 458
387 194
36 342
468 183
319 273
164 422
491 463
31 354
488 246
114 348
159 322
178 304
4 124
84 167
88 58
368 198
392 106
448 256
291 280
406 268
190 110
426 70
424 33
279 309
157 264
87 245
49 316
441 265
432 406
464 377
427 373
479 333
441 171
452 427
47 232
195 358
280 89
122 473
282 56
172 253
350 439
107 259
376 400
158 400
129 161
34 122
307 56
228 365
292 248
333 32
242 339
280 380
353 22
78 402
7 135
426 250
362 357
109 385
138 90
103 267
242 267
176 489
354 49
150 404
288 146
337 335
215 30
52 117
371 68
55 482
84 230
88 333
218 298
389 49
317 356
476 344
334 59
460 152
408 188
187 462
297 196
226 376
346 12
80 130
464 217
300 135
320 48
347 388
437 39
247 88
432 106
17 223
375 118
307 330
292 283
331 494
222 90
102 57
187 68
138 35
22 151
52 438
178 343
234 251
339 467
74 481
57 123
242 443
273 284
420 401
247 418
8 251
309 469
38 462
349 348
352 176
114 224
67 404
155 292
259 153
134 346
321 185
129 43
328 63
316 254
172 248
499 63
33 32
347 160
9 71
99 196
420 213
117 213
357 339
492 124
322 468
154 479
22 143
59 135
241 350
450 375
439 414
298 450
462 472
395 145
342 323
36 494
59 114
306 5
129 268
236 298
129 451
95 242
229 152
354 6
381 471
237 305
107 320
144 35
33 421
245 391
237 227
341 133
139 296
64 499
150 268
72 153
395 279
283 19
25 477
448 138
295 406
79 37
424 254
175 75
319 457
36 272
406 56
205 230
229 45
165 269
274 379
159 89
108 22
499 294
432 133
392 299
336 79
185 323
250 112
70 361
485 69
126 458
188 391
288 331
452 418
297 306
395 227
249 308
103 4
489 248
47 387
319 233
56 235
347 4
217 307
376 269
228 203
446 354
185 416
186 87
393 490
217 484
144 288
292 318
418 99
487 134
367 317
52 158
162 424
83 251
21 232
435 459
314 101
17 233
320 351
341 204
40 213
2 410
228 36
136 146
280 498
315 475
485 148
72 219
471 147
379 7
466 344
445 166
400 132
336 314
370 72
286 177
440 262
299 288
434 20
19 287
114 67
215 334
406 99
98 139
146 377
221 478
496 464
449 18
332 248
321 285
314 203
465 107
247 254
275 116
403 33
100 294
480 369
468 167
306 386
115 67
397 304
269 336
354 245
494 218
3 39
242 315
274 317
424 59
176 21
406 199
493 431
301 7
174 325
212 121
40 333
137 327
16 437
183 406
476 222
261 29
344 331
1 355
267 118
491 425
124 443
226 397
404 469
294 27
1 431
264 358
38 41
331 253
12 54
128 366
395 488
172 242
449 239
209 173
450 216
159 200
97 74
395 238
265 354
285 189
400 118
160 401
6 438