7000
193 332
1 239
388 271
215 451
241 377
416 452
294 371
400 28
130 102
376 270
348 184
36 409
363 298
205 274
230 90
422 245
484 276
47 275
226 224
453 263
67 320
43 370
250 361
316 296
66 380
416 44
306 414
212 452
227 169
259 270
15 309
85 33
309 352
428 485
248 35
207 234
104 167
29 251
47 206
438 197
241 465
380 355
307 399
420 444
214 386
196 31
65 82
286 133
118 374
261 214
448 218
386 469
72 404
462 267
316 471
436 401
256 409
309 168
113 63
302 229
261 179
113 350
483 326
52 399
466 454
24 313
134 266
23 262
29 206
29 485
386 345
255 466
134 494
410 416
145 99
279 212
62 258
84 244
496 397
203 488
302 462
80 228
490 288
347 103
441 372
69 376
342 327
174 176
92 329
428 84
296 90
348 59
304 210
459 285
273 152
114 163
243 427
216 46
2 233
457 415
291 443
122 27
203 486
315 296
380 148
238 95
7 28
90 438
223 311
315 50
213 349
276 281
327 456
41 344
259 329
272 351
378 403
241 247
43 433
433 56
3 276
304 171
462 10
173 395
445 37
386 488
269 10
318 15
359 449
278 211
62 471
226 403
150 292
226 467
375 193
469 159
183 378
241 126
373 497
34 414
255 318
180 421
436 376
325 498
209 147
118 104
359 124
416 196
163 9
54 494
6 38
269 24
2 41
38 10
276 375
45 72
493 383
260 225
75 281
429 85
41 136
260 399
96 400
261 177
23 111
150 316
192 29
422 271
281 194
421 460
33 409
145 466
191 378
12 405
342 266
402 441
192 236
136 15
44 140
252 398
66 67
449 254
25 258
452 371
184 158
419 225
191 217
447 64
321 234
352 459
252 164
400 254
121 297
437 388
138 165
85 41
147 204
462 34
257 24
34 266
491 441
10 454
370 182
268 458
269 192
208 120
375 374
171 460
348 348
14 460
354 487
43 99
485 1
378 6
124 242
184 412
218 116
150 194
4 441
485 419
39 274
148 193
153 266
115 171
131 353
192 481
80 485
339 236
94 417
159 217
481 218
334 343
390 52
493 337
108 394
20 478
23 147
266 20
191 176
381 233
214 323
160 426
162 146
415 351
420 256
474 74
270 402
454 161
498 160
54 299
277 106
105 427
447 300
328 223
456 139
314 61
487 22
20 326
178 149
257 435
362 98
352 84
97 132
292 158
457 447
405 198
125 86
238 10
86 425
64 66
128 394
269 378
56 115
117 289
77 234
185 226
162 291
423 389
400 259
206 67
117 209
296 111
474 95
20 34
453 412
306 84
314 81
48 75
217 222
457 17
96 146
437 494
235 258
370 212
279 135
197 428
40 396
343 493
379 366
278 363
299 332
265 84
12 465
188 166
35 229
375 497
343 131
242 312
24 78
66 112
40 155
403 263
108 432
150 247
110 487
320 280
217 262
227 437
103 229
458 415
412 139
270 185
497 255
186 364
328 373
28 252
15 221
153 283
30 123
462 156
436 493
255 134
72 5
234 482
250 175
314 44
229 162
270 437
153 78
303 456
208 482
203 331
467 75
50 208
216 497
342 12
147 5
10 97
432 71
246 97
141 182
196 413
202 223
301 466
274 355
337 105
288 482
409 392
101 255
105 311
176 169
174 447
397 175
246 185
282 181
215 492
257 275
498 411
230 459
167 300
257 4
339 356
249 45
153 248
412 202
371 110
409 88
263 46
83 306
339 9
353 217
492 54
466 111
422 491
143 196
52 89
446 400
297 391
140 47
249 450
412 404
492 472
370 322
480 107
116 453
170 320
374 321
432 163
6 192
240 207
296 149
49 293
36 242
289 346
149 28
432 390
363 413
235 424
31 233
39 216
388 499
321 209
224 114
159 105
312 230
379 251
396 461
203 280
479 433
461 345
87 480
393 394
170 450
36 481
197 54
53 427
488 437
51 226
184 213
295 62
314 496
457 27
307 210
143 13
210 138
118 105
351 297
100 364
345 21
75 488
415 394
331 481
59 403
468 234
297 243
240 264
291 111
321 49
414 450
89 465
422 476
126 59
423 273
146 226
66 268
14 74
55 481
236 345
432 466
210 205
321 229
340 302
203 112
414 13
330 118
446 355
415 104
229 72
150 338
459 376
450 216
49 473
171 357
323 138
343 103
332 385
187 164
128 24
389 391
361 394
250 220
176 307
380 165
355 406
282 382
99 166
140 84
293 0
138 311
266 468
354 333
497 98
474 41
432 477
372 363
435 145
453 474
139 112
18 185
67 346
13 152
236 18
19 5
168 381
349 9
343 434
384 55
97 192
170 358
73 381
27 394
220 361
325 332
17 359
57 195
347 84
455 70
75 435
168 474
335 95
29 17
73 178
371 413
123 22
255 393
139 49
262 134
466 359
70 87
134 335
272 127
50 481
268 227
53 477
73 436
305 388
67 454
368 230
104 290
183 343
244 360
346 174
385 6
93 165
0 455
434 227
60 272
351 484
314 180
468 404
293 387
193 126
356 212
2 61
257 313
25 37
63 1
8 371
36 448
403 453
33 389
13 189
26 445
478 365
121 340
79 446
72 266
478 272
186 281
94 332
369 295
296 119
490 284
232 156
462 379
120 487
177 347
292 485
202 203
395 270
69 324
90 474
98 493
274 421
253 284
79 368
339 475
259 228
384 182
413 492
479 198
45 33
18 8
211 338
460 221
397 458
284 381
375 487
408 383
19 1
222 14
489 451
179 61
95 248
240 415
114 8
41 72
80 11
201 412
485 144
454 14
395 382
221 239
122 122
476 482
496 141
92 198
111 485
85 123
391 207
215 178
250 357
368 109
373 182
178 70
84 358
240 133
372 331
454 313
295 346
487 282
480 291
128 432
407 443
150 66
244 150
7 218
179 346
28 376
298 52
410 59
192 234
65 2
315 416
262 371
153 463
106 101
385 485
429 87
153 145
295 79
149 397
95 303
31 328
232 123
34 329
63 142
496 226
494 480
352 164
127 256
210 357
343 233
320 95
240 272
203 473
222 36
191 353
33 317
293 222
51 266
260 327
406 466
446 257
421 400
9 298
156 400
133 219
166 351
123 306
131 407
295 326
31 354
23 338
60 65
331 168
496 463
429 443
200 254
6 227
378 473
373 15
86 34
385 359
165 253
12 360
186 296
2 159
497 70
135 26
194 409
372 318
261 42
148 153
380 314
287 155
22 258
144 13
372 109
214 381
241 37
333 226
385 280
350 336
214 234
143 337
7 260
303 367
20 268
434 451
458 252
11 222
235 481
442 7
241 107
496 156
382 482
114 329
17 119
205 316
5 83
344 348
215 12
133 499
302 87
339 67
141 261
94 202
62 376
335 36
192 303
285 183
365 426
397 252
420 382
318 102
302 426
438 162
161 369
456 423
491 463
224 147
202 132
361 170
206 264
67 48
232 250
28 204
308 97
331 277
379 229
155 149
311 33
402 445
369 324
288 210
210 212
196 364
387 412
28 57
458 93
196 95
151 190
139 76
354 460
41 470
472 85
119 48
493 135
460 373
436 214
278 100
316 146
410 475
384 203
149 438
385 342
384 197
273 388
348 23
346 479
417 241
289 318
305 36
261 135
201 117
217 49
195 480
307 386
89 457
247 191
386 238
287 484
373 270
294 61
392 73
315 492
162 309
197 104
239 467
85 311
360 441
421 154
40 56
365 80
271 482
72 113
97 157
428 360
273 322
396 74
66 165
475 211
315 228
47 24
335 407
348 132
139 196
104 121
201 31
13 469
434 324
334 86
446 384
206 114
188 71
236 102
313 106
186 63
88 481
388 233
218 275
471 88
209 209
240 75
397 262
86 254
192 331
215 420
34 490
61 422
24 74
32 297
213 190
23 218
304 153
428 411
499 374
83 252
327 60
322 323
429 76
408 260
33 473
463 475
397 419
346 24
174 274
316 378
449 239
392 339
102 105
479 172
424 453
13 62
237 104
180 187
447 19
492 88
416 332
252 308
184 313
439 98
476 358
449 107
446 277
382 341
366 400
353 361
275 290
394 366
405 365
236 75
15 205
37 228
388 431
97 289
239 73
283 388
496 68
345 233
74 442
343 228
441 440
83 48
267 69
434 477
404 172
377 170
250 272
55 267
408 139
64 4
393 148
216 347
80 389
183 413
493 7
299 378
427 435
4 382
212 194
218 290
312 468
240 96
215 62
53 148
152 123
271 469
317 397
286 339
253 397
256 322
52 98
385 56
438 479
25 241
31 150
471 244
192 343
258 211
211 407
30 163
485 364
261 154
345 302
51 400
222 98
49 308
364 126
106 434
176 154
157 483
79 59
255 128
191 271
30 365
28 403
267 413
419 13
167 380
132 264
215 219
379 206
333 264
198 95
249 439
274 226
286 406
386 354
477 41
406 78
481 360
125 286
152 100
480 44
308 171
390 113
319 23
139 121
216 4
295 190
416 318
76 70
276 54
95 463
41 105
465 353
492 374
474 90
486 144
315 306
271 295
170 58
31 443
447 162
352 248
66 243
165 120
175 142
457 441
46 122
328 498
224 364
306 320
316 198
357 293
440 131
41 128
71 462
124 73
173 371
114 328
449 91
85 279
72 476
450 43
393 118
334 278
98 118
168 141
434 414
398 25
154 374
336 291
216 77
448 461
141 389
332 414
45 90
418 418
313 469
440 369
147 206
324 274
415 98
12 493
370 349
223 262
406 24
454 412
225 122
364 254
21 366
309 196
114 418
388 227
448 279
486 328
102 96
46 162
7 18
219 58
173 378
254 295
59 79
201 208
315 284
2 417
114 336
106 311
391 80
360 494
174 339
287 346
360 129
499 333
244 368
98 218
365 269
348 352
413 424
208 401
319 228
416 211
374 433
365 22
369 265
457 225
423 43
172 96
430 284
4 171
242 26
295 102
454 107
32 143
396 219
447 92
303 215
0 215
90 30
295 218
443 311
206 104
201 219
355 231
254 483
9 359
461 496
456 304
299 415
135 488
80 195
263 434
2 236
266 115
333 444
255 413
18 129
200 461
192 219
54 55
414 447
295 63
367 375
142 251
91 18
65 129
416 172
408 328
296 418
362 26
439 481
462 469
282 309
380 162
217 327
126 434
497 483
358 421
25 216
234 353
482 116
288 300
480 250
20 48
426 128
110 382
203 366
175 424
439 486
313 56
490 8
492 439
212 340
56 202
55 237
354 143
443 390
492 494
395 275
404 13
247 173
39 366
142 451
289 67
475 81
90 102
393 317
157 434
136 457
195 66
209 44
286 401
247 4
131 278
291 494
168 35
253 391
342 59
478 248
329 131
85 453
123 271
205 330
287 132
198 342
238 334
235 259
115 24
154 335
329 247
134 298
189 497
409 388
136 31
14 387
193 317
89 451
133 316
448 146
340 420
107 499
110 78
454 194
29 226
325 109
407 211
60 459
199 96
479 469
357 187
5 345
148 402
218 446
92 281
53 18
369 433
363 160
207 332
58 318
279 236
447 235
194 186
134 8
329 394
433 465
162 38
440 290
236 310
91 10
381 181
466 496
9 102
434 181
499 216
304 344
79 278
316 252
112 274
20 302
119 293
332 453
96 281
91 272
135 332
365 34
383 16
118 183
365 392
460 405
249 364
495 264
368 181
307 163
318 480
274 327
132 437
71 458
230 228
413 14
401 217
233 130
314 284
176 204
461 179
395 488
252 210
243 390
406 121
453 50
229 76
13 227
185 362
442 436
451 268
485 207
338 352
136 71
127 152
331 164
152 88
150 226
469 256
377 394
444 227
303 331
410 174
388 168
105 448
68 182
390 56
260 405
328 228
380 248
264 455
395 63
141 268
24 46
292 462
189 402
85 236
262 492
13 495
295 150
333 118
26 363
269 75
303 138
386 97
405 35
450 150
418 300
198 91
406 294
196 490
79 95
440 133
129 341
344 453
423 424
140 29
104 301
439 409
358 259
146 325
327 263
416 96
39 97
391 114
105 445
393 440
73 184
377 333
138 202
479 221
102 413
214 119
380 206
317 153
330 90
206 463
59 157
254 122
88 451
396 497
437 193
229 141
326 11
65 107
180 464
229 396
15 283
341 443
96 247
190 159
122 426
435 396
370 34
485 189
39 458
4 233
375 476
487 233
192 201
18 405
301 373
156 99
43 169
268 349
8 491
270 458
206 131
17 205
247 428
387 2
87 286
262 243
328 462
16 102
7 21
246 386
485 160
329 254
103 380
372 98
56 112
95 142
199 115
43 464
466 298
84 282
25 405
220 199
153 354
227 88
474 12
172 325
431 311
192 2
452 34
498 416
410 360
475 445
409 109
408 19
301 227
133 344
395 179
385 353
441 48
412 112
289 267
430 85
439 220
106 474
390 391
251 105
402 152
262 79
98 312
391 22
218 251
430 24
229 114
14 315
279 22
141 427
364 68
140 72
46 303
46 247
352 437
89 297
376 106
270 203
77 326
78 162
38 148
114 360
28 120
142 128
407 307
228 284
208 271
426 368
115 254
43 472
122 319
426 485
188 498
177 196
210 118
118 107
467 249
369 232
212 347
7 363
499 120
243 235
455 207
462 170
494 423
94 5
490 116
467 372
421 31
1 144
251 131
232 119
203 70
418 453
317 415
387 425
12 316
376 483
5 319
242 338
195 499
116 189
61 38
69 83
227 334
466 422
41 330
400 50
4 96
11 170
95 173
341 399
234 459
279 217
407 239
238 373
62 455
493 354
289 476
310 414
336 368
198 128
179 229
325 99
121 35
208 188
439 217
176 401
471 173
412 307
181 378
185 151
357 243
71 178
92 147
15 382
10 280
361 66
17 41
76 186
375 138
355 136
390 314
340 384
43 361
91 252
403 224
320 277
455 113
112 391
125 400
32 479
45 136
29 394
80 62
201 106
94 307
474 408
144 336
197 314
66 188
412 141
418 322
287 84
328 225
477 399
378 453
441 10
404 424
338 471
429 336
144 39
300 23
360 470
284 444
132 409
50 202
376 397
333 320
398 15
414 161
115 375
385 145
421 56
27 141
478 259
151 308
332 474
444 303
247 44
305 80
134 232
129 208
28 363
378 462
476 426
154 145
142 443
499 391
33 63
174 379
187 11
337 177
480 371
267 281
213 80
312 73
281 347
62 293
107 161
440 441
438 83
26 94
485 80
495 378
257 18
381 21
51 296
20 70
351 383
463 287
212 416
264 275
68 345
7 178
119 176
111 447
393 409
489 138
16 378
249 336
358 125
273 482
53 409
292 293
433 256
173 108
383 145
343 289
467 304
332 350
149 439
348 443
81 42
272 190
26 449
74 373
356 236
145 348
493 261
369 290
250 426
424 394
35 133
289 267
469 355
294 121
65 118
12 494
184 498
448 284
158 63
299 374
74 366
127 297
439 68
346 348
243 189
174 270
389 278
133 464
85 358
328 279
274 2
1 340
477 310
225 301
27 487
353 25
174 102
22 332
180 113
302 220
343 423
54 476
292 232
443 187
319 230
232 271
464 445
107 85
238 441
428 333
210 266
220 281
465 384
349 94
314 145
421 151
479 157
390 327
366 124
354 185
456 185
482 438
376 420
361 90
275 114
232 141
274 485
221 452
398 239
237 70
73 213
370 10
337 404
28 112
297 203
241 382
173 106
26 223
313 49
15 240
381 88
425 248
52 156
247 146
216 451
164 484
494 289
194 386
499 331
387 74
457 148
254 480
203 482
31 133
373 369
309 46
146 106
114 235
233 199
2 362
346 302
443 18
404 193
376 137
64 255
404 263
95 21
355 10
143 299
20 386
284 368
327 329
416 431
482 441
303 2
304 484
2 2
195 247
237 258
366 423
39 301
174 122
132 134
433 29
267 128
496 453
135 51
334 323
117 403
405 316
152 272
274 209
309 6
265 321
245 46
347 131
253 284
418 373
402 237
365 204
9 169
72 214
389 496
400 407
223 6
279 305
367 376
382 405
79 176
74 499
482 324
460 273
146 235
325 230
286 400
421 42
256 296
292 493
400 498
4 192
350 476
204 135
393 69
245 86
438 472
148 171
444 420
8 108
190 90
342 333
375 477
273 263
256 484
482 417
462 9
485 338
326 312
233 189
127 219
191 330
1 417
338 191
151 445
387 198
31 341
318 229
344 258
242 443
361 100
109 76
415 175
339 446
487 241
312 72
402 467
384 3
46 403
200 74
272 197
38 439
20 155
414 209
152 364
316 8
437 365
40 278
224 352
445 231
303 64
31 257
112 57
312 267
342 158
355 12
303 114
270 393
102 175
391 36
396 107
324 208
338 333
37 217
448 62
126 482
91 104
161 9
277 203
361 474
338 119
85 68
314 494
169 207
95 268
375 413
121 344
177 200
417 459
373 67
401 217
321 352
361 493
48 483
309 490
461 410
330 147
141 47
106 144
413 163
76 54
398 140
340 49
360 75
494 109
179 233
437 396
389 0
335 151
141 437
199 144
144 455
354 382
26 285
300 460
14 291
432 376
277 412
340 124
234 137
371 334
82 265
265 160
311 323
113 101
97 305
260 312
46 241
379 114
74 73
364 179
408 441
205 148
273 37
175 397
84 359
124 398
58 166
490 241
342 370
175 103
267 292
33 435
401 314
239 264
296 475
268 103
104 56
93 474
371 377
236 268
166 455
474 212
453 77
299 316
419 296
440 474
261 38
352 325
90 162
489 91
47 386
442 110
84 151
380 387
156 307
115 116
328 174
251 441
257 133
281 50
376 176
66 221
47 489
3 419
362 489
227 493
455 261
264 21
408 391
50 144
112 64
239 165
458 292
426 342
393 215
243 207
429 269
111 310
81 328
317 114
459 443
205 44
65 414
305 469
466 473
390 356
373 78
371 481
323 332
399 149
356 216
338 143
305 285
465 449
415 386
181 282
326 375
289 238
60 243
217 447
303 26
456 459
440 28
360 327
476 263
332 260
255 185
470 22
323 60
298 436
70 238
113 479
218 249
492 255
202 278
156 61
20 357
385 112
292 460
224 98
358 268
305 408
430 465
377 276
64 253
491 175
154 486
235 457
212 224
354 228
141 266
123 10
475 162
122 8
106 267
387 198
106 316
281 193
321 36
141 158
185 237
223 133
442 192
416 311
391 154
272 123
485 32
194 395
255 460
79 169
219 214
30 467
12 326
214 164
174 333
422 356
341 360
404 497
308 283
289 320
295 199
232 413
308 281
241 278
299 415
129 173
140 19
197 160
176 4
337 411
119 202
62 111
108 312
447 466
139 417
116 88
1 434
67 200
479 161
77 309
334 130
149 58
218 474
478 346
110 246
449 167
278 81
246 363
182 386
155 193
134 173
107 124
324 487
149 175
336 155
286 78
136 170
496 435
134 207
305 326
493 96
177 254
470 123
361 423
469 152
325 17
141 103
442 284
311 317
473 91
21 147
169 111
398 10
69 17
343 32
128 374
129 188
163 158
81 99
103 25
394 402
357 428
212 387
204 300
243 24
23 29
140 117
127 45
414 39
423 196
70 110
150 404
62 51
2 314
191 495
398 105
33 437
324 255
407 98
474 28
410 151
268 349
246 50
441 247
443 161
271 217
121 365
417 421
87 183
178 419
377 130
67 428
36 410
360 391
272 443
446 334
36 34
84 66
313 282
443 378
95 108
474 66
340 216
251 243
14 279
410 281
210 391
302 477
221 246
189 14
349 345
379 136
202 237
19 315
193 368
476 315
233 140
208 302
45 73
353 459
241 60
451 115
444 303
49 105
120 165
10 90
78 321
58 389
57 133
1 77
244 102
243 329
132 478
403 303
115 177
237 256
223 208
11 41
146 168
333 60
2 118
439 196
437 81
214 497
427 494
97 67
396 171
1 192
495 28
206 405
13 462
170 295
336 237
257 181
93 335
453 90
138 96
29 393
242 76
422 243
162 21
45 371
63 58
87 46
451 411
373 145
440 317
54 44
77 129
464 311
253 171
119 269
162 244
172 148
243 257
278 94
466 405
463 175
222 381
292 402
399 25
342 18
62 192
321 248
411 139
162 137
406 17
261 133
281 421
30 285
379 376
281 160
336 197
79 97
351 410
435 223
241 251
443 130
230 155
147 116
253 494
363 309
443 11
284 476
261 76
453 314
475 492
190 86
183 163
73 121
196 387
138 360
490 438
445 81
197 73
419 92
254 302
313 282
258 197
125 450
116 19
363 78
17 91
106 53
26 52
439 179
40 223
13 77
10 382
455 458
403 207
361 374
8 157
206 27
477 266
137 331
262 93
37 1
406 279
331 143
323 433
8 123
200 215
97 21
331 211
270 405
131 234
391 132
11 492
258 97
281 488
433 248
101 395
174 470
466 7
292 357
332 141
356 300
321 33
96 305
62 153
387 366
350 46
38 131
80 361
201 148
396 361
256 487
457 497
357 282
492 275
416 149
302 324
209 124
282 123
128 305
24 344
242 368
351 226
440 280
429 431
145 493
480 177
27 253
388 438
65 384
385 232
408 482
458 187
163 118
275 240
437 291
11 299
378 179
312 362
294 318
311 241
418 439
192 292
82 297
181 432
164 499
333 419
106 73
191 292
384 269
413 318
470 173
205 424
287 348
18 17
110 433
372 329
473 380
178 416
349 407
407 359
278 365
438 240
384 237
6 481
300 269
442 271
196 122
470 147
16 335
268 488
169 126
7 140
408 143
402 185
396 109
327 309
402 27
264 265
99 286
55 122
394 251
373 350
349 442
277 343
183 366
344 45
37 352
347 203
388 297
259 102
411 137
164 86
203 165
452 280
254 302
405 359
61 0
442 278
473 411
129 71
468 156
361 325
29 357
155 60
162 269
406 266
352 74
239 422
202 55
210 43
403 457
457 115
246 464
227 252
323 219
376 208
34 144
1 89
149 63
332 8
274 312
238 91
13 126
34 329
373 216
25 96
63 128
444 334
438 309
29 24
232 114
258 257
346 118
181 259
120 347
159 366
457 394
373 249
79 322
390 259
355 304
284 415
102 270
80 80
104 40
154 109
218 337
455 264
376 416
263 489
207 496
242 275
24 164
486 115
374 455
111 377
144 81
352 247
328 98
139 284
245 432
269 145
262 463
379 77
418 138
134 142
269 125
289 376
344 294
101 127
356 70
4 65
312 353
451 208
492 140
73 442
440 237
200 194
123 202
192 431
425 41
166 178
406 195
341 307
435 250
173 442
359 143
348 177
385 172
312 300
94 229
466 237
284 34
88 18
449 407
449 280
458 226
421 115
423 365
115 262
57 210
205 140
317 416
440 54
206 54
283 105
342 300
187 101
119 478
386 275
56 420
147 335
450 366
231 420
183 225
435 199
339 92
360 141
195 9
63 301
258 401
53 347
448 452
431 240
16 420
192 317
152 424
290 339
260 454
32 374
425 295
239 467
460 264
273 99
252 7
260 189
388 362
315 314
406 188
108 246
415 274
198 301
492 419
225 341
67 104
251 257
225 492
108 490
442 37
45 234
423 46
409 305
471 311
499 76
174 378
152 460
113 89
360 203
396 105
62 85
343 463
307 313
156 420
457 415
149 98
496 354
160 424
87 257
333 483
361 87
399 359
300 366
69 12
469 160
98 317
280 31
345 441
361 87
354 1
451 170
25 4
280 299
57 37
20 368
307 242
102 234
100 206
218 254
415 21
338 187
71 13
306 470
57 416
269 19
189 411
267 72
371 214
251 48
416 428
23 124
358 223
281 125
231 310
331 351
38 146
11 21
491 461
229 317
188 400
163 498
422 378
444 431
331 294
74 48
172 99
174 97
74 30
340 455
306 306
304 23
44 196
158 316
485 35
435 387
238 174
404 450
381 160
306 348
396 64
163 381
478 420
302 337
292 405
211 142
17 450
147 15
183 61
448 157
44 21
47 235
186 134
295 451
151 419
484 453
334 48
320 499
189 165
70 123
117 333
284 133
148 135
48 431
440 184
205 497
84 484
471 252
203 122
42 118
71 354
254 378
229 406
423 75
198 418
252 493
126 167
302 36
319 126
310 351
200 259
95 367
119 284
407 66
184 174
381 301
31 108
14 135
62 260
179 437
282 112
280 431
319 260
238 434
285 138
249 401
268 337
474 344
263 240
414 233
34 299
407 295
283 65
177 273
62 197
310 356
139 344
456 442
376 458
448 195
448 14
203 197
394 216
456 177
410 9
308 371
18 296
213 68
341 301
499 391
99 404
100 161
103 239
197 57
104 331
197 498
195 52
268 401
78 441
450 77
300 341
137 259
327 318
472 351
94 20
424 471
484 193
284 25
434 439
270 334
332 390
442 468
221 27
469 62
139 299
140 419
30 291
110 130
333 209
230 434
257 427
472 6
383 241
180 257
91 317
207 450
270 423
302 1
64 491
143 123
395 55
199 135
265 425
487 161
95 450
229 217
223 352
93 202
311 107
276 273
75 254
29 336
337 198
41 183
307 253
161 184
320 202
479 360
21 437
240 466
35 116
468 469
23 111
70 413
38 334
440 346
182 465
163 469
153 372
125 205
241 460
14 138
498 413
351 345
312 19
135 443
412 347
310 455
368 436
122 380
227 258
224 63
32 261
485 239
444 185
497 463
101 38
451 363
209 100
119 154
97 373
72 107
62 10
298 383
263 283
393 420
483 490
104 117
357 16
53 89
52 153
191 403
118 6
106 143
297 327
52 77
184 247
257 125
8 99
234 407
327 271
114 127
97 311
179 70
159 454
459 84
339 64
70 151
146 458
137 28
105 295
42 190
167 142
241 151
58 175
298 475
454 386
49 264
334 51
5 80
164 346
262 317
468 356
166 184
212 466
261 303
345 169
311 156
307 12
39 52
379 218
104 190
454 334
237 5
85 289
135 95
412 101
309 397
81 232
198 475
131 145
314 311
467 328
341 126
30 127
345 232
422 262
96 301
158 377
18 333
280 243
196 153
402 192
424 6
481 335
480 474
286 464
293 146
272 105
232 486
218 155
417 429
230 493
370 365
50 388
483 240
393 331
23 32
38 147
482 448
422 371
336 314
460 60
166 481
467 85
240 250
180 37
30 157
22 262
3 252
492 72
403 338
370 237
384 279
79 408
132 218
384 1
414 320
301 345
282 80
330 120
9 22
31 10
125 40
144 53
477 128
466 137
226 233
12 337
97 463
181 91
444 81
401 66
263 358
290 54
26 45
419 121
483 36
428 450
355 108
236 72
61 332
417 55
392 288
251 281
224 341
423 284
202 21
231 176
231 317
362 22
143 257
145 133
83 478
87 73
146 438
123 175
230 59
347 40
174 474
316 450
87 398
419 91
267 141
459 151
173 498
108 173
307 168
146 253
327 390
181 85
113 325
384 304
196 343
170 84
386 370
269 486
77 473
115 40
191 344
195 426
99 216
236 155
408 406
149 235
320 87
264 330
486 433
129 149
85 182
53 299
137 471
445 322
214 66
262 412
338 406
474 457
112 437
196 211
298 373
460 197
379 470
256 77
226 365
47 385
36 311
134 100
274 173
239 79
343 489
247 1
311 181
471 73
136 275
148 167
216 434
405 461
38 95
460 161
398 116
279 359
312 434
459 413
345 86
427 198
51 188
370 26
100 214
490 193
360 236
23 138
451 428
23 428
441 489
105 335
194 339
273 384
150 6
445 232
282 495
183 224
251 185
400 405
98 203
439 242
232 310
238 314
94 184
173 113
448 35
374 131
15 495
1 499
83 165
12 298
23 365
403 196
453 274
477 155
397 52
214 268
435 129
313 453
418 29
65 339
470 367
214 291
291 337
355 67
366 374
92 367
415 389
15 495
150 369
273 344
464 399
28 487
292 399
429 194
385 211
430 346
137 355
192 496
63 280
7 47
267 429
170 99
446 182
403 37
381 448
199 28
16 198
97 227
273 160
223 378
76 158
365 5
1 66
346 58
457 65
346 353
304 76
111 17
54 102
402 14
43 288
486 101
181 411
423 435
166 454
465 147
152 242
308 330
240 154
71 7
212 50
126 417
286 17
471 237
104 193
481 374
475 147
410 319
106 156
111 333
480 124
367 428
110 485
139 27
34 351
253 210
479 247
116 379
469 266
459 87
461 73
72 292
463 289
445 334
167 69
194 408
336 0
485 413
292 299
2 476
38 327
426 255
486 17
135 394
333 455
380 94
238 295
84 452
286 201
123 381
290 306
306 317
82 478
277 143
119 374
53 279
34 157
26 331
225 21
328 162
108 59
206 209
13 347
48 142
23 152
458 23
340 165
144 116
259 274
149 421
53 378
387 54
386 439
312 413
427 111
170 141
202 388
235 228
370 67
219 135
159 394
59 29
145 351
126 55
329 404
134 127
181 382
173 21
287 67
31 486
479 66
454 53
282 181
100 41
177 152
398 320
201 188
39 310
217 347
103 17
496 46
280 238
111 30
449 454
440 250
317 480
386 271
304 271
165 168
172 404
76 342
382 423
85 278
125 273
291 302
201 228
318 139
169 481
435 430
180 119
451 227
498 497
121 337
357 302
59 138
480 30
305 135
413 214
487 390
44 390
471 130
270 245
227 289
219 439
410 14
242 252
249 362
199 92
247 222
360 57
439 306
293 192
406 244
486 207
449 246
376 30
276 420
210 146
438 355
369 281
33 348
62 463
408 135
209 114
23 155
313 70
114 462
58 106
165 373
119 44
426 115
387 495
494 54
409 97
379 432
280 279
242 264
399 195
309 150
157 109
31 332
294 470
429 497
370 204
100 446
61 341
337 26
81 301
398 331
115 342
121 129
394 395
90 216
218 145
254 251
83 376
198 137
135 377
433 479
426 357
199 33
412 339
140 388
71 345
187 391
372 186
433 161
377 266
264 376
127 95
323 18
8 211
440 374
353 143
352 374
259 131
471 51
439 23
368 463
354 10
48 408
69 227
345 482
358 446
393 109
480 485
48 69
443 340
335 489
215 148
280 187
239 474
350 103
66 30
393 218
126 273
352 293
275 47
493 49
11 133
471 239
308 343
183 19
360 251
399 18
205 75
402 31
134 296
179 252
322 53
178 424
217 301
348 30
431 345
478 194
433 442
137 301
173 241
344 320
190 33
461 95
127 396
44 215
319 261
166 75
499 141
442 344
226 69
414 143
337 158
452 244
398 270
363 90
410 71
456 207
154 101
349 269
484 281
395 245
321 303
297 61
406 172
93 239
382 132
290 7
252 71
341 95
185 2
73 56
115 447
400 381
151 270
51 101
347 487
291 298
360 20
192 440
31 266
398 286
145 414
485 41
136 249
251 179
87 173
120 176
58 203
473 21
122 209
48 376
175 321
341 191
131 387
153 386
24 163
429 403
296 169
271 266
445 432
105 22
199 33
88 78
99 109
170 413
289 73
395 218
410 316
203 236
474 41
204 208
112 498
20 133
400 408
193 291
313 197
82 150
228 364
325 170
83 179
253 495
214 225
393 148
236 124
17 97
157 211
61 222
207 121
382 81
372 459
9 75
77 38
254 91
114 306
337 80
75 49
274 90
90 141
117 168
117 179
242 135
209 126
248 303
385 416
228 130
57 109
147 237
328 134
292 254
334 294
344 130
72 409
403 118
138 163
194 20
155 107
234 436
91 364
133 482
464 328
438 213
450 21
155 437
191 130
425 300
430 25
287 269
239 2
17 190
210 378
337 211
499 218
434 71
405 91
419 67
132 369
390 357
147 82
213 398
198 338
216 490
259 480
334 3
45 498
228 352
415 107
325 66
489 267
358 260
179 395
264 129
487 312
246 7
405 134
324 311
301 455
435 40
395 412
263 269
473 440
48 491
409 241
8 225
337 251
146 218
347 369
33 262
269 334
320 131
443 26
481 497
37 244
157 268
38 433
225 272
263 363
104 125
203 25
276 464
182 392
261 274
388 30
216 146
278 10
36 389
386 221
317 370
138 275
60 326
98 176
392 286
263 214
91 348
313 466
359 219
345 495
25 472
119 233
243 94
483 249
322 132
2 369
144 139
318 140
169 57
343 268
334 413
261 106
425 425
144 74
422 284
256 489
223 299
393 227
476 318
302 376
97 298
290 304
297 94
151 460
228 318
231 494
452 63
340 492
419 229
13 485
326 341
140 122
201 401
72 34
410 178
328 374
179 8
102 470
430 328
146 253
99 11
426 377
221 403
133 118
103 140
481 498
472 282
183 474
8 174
352 255
130 270
130 32
355 161
489 84
189 285
148 487
216 140
44 426
45 437
430 29
379 0
282 263
237 352
26 318
73 97
368 230
114 55
216 350
435 469
255 57
44 124
265 255
34 260
50 161
190 431
431 480
243 69
421 66
384 481
78 299
29 309
217 298
149 144
113 433
343 84
60 220
328 239
0 325
338 214
145 402
382 28
450 428
494 125
458 223
23 230
392 389
187 404
400 109
394 188
124 366
86 89
329 185
362 266
480 181
83 201
229 125
406 317
442 31
255 400
483 253
494 130
386 227
188 33
222 287
5 82
172 346
383 443
210 353
34 246
447 42
20 117
434 28
60 426
178 228
333 167
149 161
240 327
361 35
174 428
11 435
281 179
123 35
240 165
411 185
227 274
243 210
238 247
25 29
257 298
317 204
365 443
270 466
354 458
386 483
418 380
412 249
136 52
69 387
72 376
150 332
42 151
251 393
422 280
431 276
480 32
327 100
67 198
156 449
433 273
5 394
144 203
107 417
304 280
157 176
8 228
232 159
53 50
183 483
111 327
211 466
66 444
494 38
488 485
258 2
396 273
328 264
33 392
173 436
112 338
418 182
341 473
375 150
485 246
426 58
24 97
393 137
28 443
428 387
241 368
493 187
303 137
30 321
109 336
26 55
237 222
47 445
95 430
29 422
333 81
30 455
444 357
300 275
14 324
192 81
268 255
244 37
211 423
111 126
181 320
394 138
83 270
53 441
364 30
111 82
37 197
406 493
268 481
306 59
140 282
37 350
388 260
35 134
260 451
271 146
284 442
64 166
459 219
250 117
199 175
224 213
207 88
422 131
42 327
462 80
430 34
146 351
485 170
121 181
179 246
188 245
411 464
35 104
222 222
398 285
499 273
362 122
105 58
385 284
364 147
33 347
199 146
169 179
212 184
282 142
387 392
208 322
427 150
373 243
29 1
274 271
245 28
86 488
272 351
350 323
23 488
487 384
63 222
258 156
150 276
20 41
215 38
40 228
471 142
143 265
388 352
380 270
258 134
485 318
494 383
371 335
71 17
91 210
218 135
263 201
94 369
259 283
363 310
452 299
417 334
187 448
218 305
439 419
90 328
211 276
464 84
453 435
145 35
170 44
97 364
233 285
420 192
2 492
143 283
118 306
106 60
218 157
428 176
5 157
286 18
454 216
3 250
285 407
303 149
13 308
445 401
93 98
442 366
149 447
253 437
350 119
276 212
388 68
77 205
75 245
314 363
465 30
289 317
466 251
411 93
346 331
429 356
222 291
238 371
309 372
343 343
55 159
79 120
177 296
41 156
20 252
134 355
25 485
88 424
369 491
175 351
208 215
358 104
328 282
6 96
291 137
148 350
322 347
495 227
383 499
103 36
244 255
93 238
14 121
112 33
385 383
450 287
244 93
375 308
256 72
61 234
84 47
246 209
436 406
405 241
130 171
427 360
98 374
495 20
53 464
347 459
99 290
235 149
457 195
267 463
197 65
113 328
389 281
187 359
101 325
496 444
156 231
457 275
147 255
219 304
115 53
343 419
68 66
261 79
42 378
443 380
208 239
372 408
268 97
274 411
207 221
452 123
250 363
470 261
65 398
303 42
461 32
99 146
77 381
111 212
93 471
62 407
315 301
251 434
345 435
156 377
0 52
268 460
221 251
1 238
280 138
171 304
302 93
475 122
334 380
203 438
345 427
81 266
200 13
448 184
61 398
302 457
417 414
17 70
161 139
129 370
174 441
35 152
274 476
208 362
300 109
388 412
30 498
11 469
5 230
480 311
268 67
333 283
205 186
177 202
72 366
308 306
459 246
74 195
57 85
194 135
399 209
207 435
404 429
11 218
30 410
329 492
275 150
336 14
216 332
199 365
24 288
386 359
54 335
420 460
447 463
172 467
402 346
127 380
98 306
68 139
131 480
131 249
263 258
90 319
185 479
119 289
0 209
44 5
318 54
17 464
283 265
464 190
422 185
344 91
82 372
353 264
14 213
323 336
155 129
461 414
55 340
401 80
438 56
462 297
114 256
373 332
374 397
83 189
133 296
168 427
191 215
281 373
209 57
187 104
370 365
57 148
80 278
186 459
256 18
126 0
332 370
120 0
189 206
354 203
130 322
390 23
396 173
231 171
127 106
323 270
418 350
480 380
191 350
369 166
166 300
22 495
347 351
57 142
345 389
63 412
287 327
1 453
476 183
141 84
354 456
306 464
197 124
474 286
304 388
188 195
43 322
173 211
353 390
279 83
495 51
378 343
148 282
317 231
315 125
81 311
275 169
293 239
377 472
361 120
315 33
355 401
112 358
101 381
464 318
369 232
427 459
93 99
331 76
53 262
73 146
168 134
225 201
25 313
433 102
135 238
140 101
459 342
223 104
422 412
145 187
498 143
243 72
0 443
206 426
424 53
39 131
332 92
258 116
218 358
96 191
144 205
400 236
193 456
368 123
163 115
111 365
438 161
105 206
132 290
344 163
294 56
149 235
352 127
337 407
450 422
480 433
22 95
403 380
3 215
182 271
137 166
180 293
499 427
217 137
300 483
40 413
149 94
73 41
300 353
275 410
196 102
49 255
135 218
285 452
224 491
9 467
113 361
140 189
326 464
448 357
271 478
425 488
29 272
125 498
261 181
283 252
8 309
379 333
285 495
338 164
483 9
222 348
389 96
61 362
72 216
46 9
349 195
467 471
322 230
411 444
196 83
244 194
27 56
404 123
287 313
174 242
90 122
219 397
111 480
48 132
141 183
378 94
66 342
72 197
141 388
323 483
29 190
98 67
190 57
222 2
245 329
451 248
145 187
167 22
154 109
144 67
14 147
341 375
72 432
172 413
248 66
256 495
414 278
335 354
209 456
137 409
157 454
141 88
463 155
116 161
80 469
117 260
135 94
26 458
224 60
126 198
45 472
250 234
440 459
267 437
198 149
103 404
493 356
363 97
110 308
277 479
91 190
285 246
57 227
139 163
362 281
105 265
351 259
219 208
497 291
441 486
391 196
404 396
345 236
396 267
98 455
146 173
272 189
268 431
446 329
462 407
24 308
68 419
127 375
19 139
477 125
321 312
208 220
308 77
196 406
361 204
230 294
335 7
290 354
35 104
363 237
397 497
268 240
467 317
308 396
373 486
150 138
358 194
123 211
117 19
75 319
113 478
338 157
11 448
404 128
217 46
395 120
360 467
284 164
412 179
18 445
83 285
331 168
379 293
312 454
273 496
327 240
397 238
38 165
293 261
307 295
415 363
330 55
71 127
306 466
411 483
268 176
345 346
140 451
405 224
73 304
44 30
268 400
65 442
55 306
101 210
425 362
269 368
495 255
222 340
323 154
330 485
332 443
394 27
104 324
128 299
329 177
429 173
467 449
256 494
56 22
236 209
78 482
89 6
346 425
79 163
149 22
465 262
141 333
157 360
159 245
422 285
310 341
290 351
197 129
3 398
108 106
88 240
98 186
111 177
341 444
318 43
157 342
175 284
144 298
44 184
321 155
348 318
22 132
113 139
389 219
177 117
357 497
35 265
295 307
103 499
394 488
182 422
206 51
201 209
393 202
357 97
416 214
198 58
49 438
9 312
281 438
436 187
304 490
297 323
322 451
439 400
322 216
119 121
330 380
82 321
418 75
290 292
350 334
124 340
152 399
189 486
25 433
275 125
301 181
133 72
473 123
340 72
46 147
380 459
280 228
304 462
106 51
237 94
286 456
207 214
200 291
76 397
374 77
258 352
424 175
151 391
316 249
397 491
302 214
442 277
91 435
486 246
192 198
6 75
289 331
122 66
315 341
418 198
50 41
69 29
272 327
76 220
63 440
154 325
454 217
152 449
195 398
448 490
418 240
71 306
372 207
401 193
243 39
433 319
200 294
473 2
74 473
413 49
227 489
206 420
369 181
79 211
53 416
8 27
334 471
31 79
124 58
450 432
103 220
366 383
237 156
129 339
388 163
152 394
166 467
149 210
273 35
304 80
460 179
2 312
244 146
56 33
317 368
88 6
241 273
429 306
145 478
493 410
304 386
353 145
208 323
358 2
435 333
12 162
327 395
41 367
252 71
291 97
456 70
195 232
38 197
176 124
386 184
70 169
167 42
365 423
278 227
60 224
238 213
108 425
292 65
488 1
450 44
466 280
12 406
104 13
137 50
86 132
153 23
418 8
432 320
399 283
359 62
275 312
89 98
15 235
88 381
277 4
136 38
445 96
109 0
402 49
181 99
474 489
497 334
7 392
176 281
343 406
70 35
485 470
205 159
392 353
209 293
184 22
118 345
345 129
178 79
178 247
88 211
45 5
249 86
219 404
311 277
313 63
33 233
393 150
3 91
236 285
307 212
409 420
49 277
357 254
354 79
290 387
244 442
28 188
92 494
271 248
163 255
489 436
87 48
139 382
167 442
7 228
148 327
104 416
171 50
129 461
201 25
467 272
460 445
439 348
448 404
160 63
499 111
11 149
383 438
381 151
231 402
229 388
304 231
281 334
147 327
204 263
387 348
146 172
372 347
251 437
0 320
283 263
412 0
438 294
297 295
50 171
59 28
260 279
465 216
395 393
8 113
313 100
272 395
94 459
397 496
168 346
461 397
249 303
97 374
21 40
211 247
127 71
203 123
191 387
133 168
133 86
186 141
37 447
258 310
306 131
329 7
257 326
129 291
17 6
46 79
326 390
314 258
233 453
193 17
37 424
10 178
319 171
118 49
359 208
192 228
236 18
344 373
16 493
499 474
53 385
276 398
8 231
36 442
311 241
17 229
259 348
19 379
428 79
139 489
218 140
158 331
57 306
299 354
180 73
459 150
48 85
316 87
381 56
149 353
434 192
392 166
46 194
125 264
253 326
466 116
300 323
481 476
331 357
282 280
431 11
449 93
180 331
388 265
470 61
105 389
56 257
303 498
262 454
132 280
396 367
43 99
75 196
53 24
305 258
122 336
429 88
419 71
188 462
375 159
49 11
268 481
331 457
263 423
203 93
460 395
494 99
296 3
28 422
32 201
389 185
273 154
225 171
485 192
204 414
425 360
193 253
62 45
468 24
469 325
220 23
122 430
285 67
341 270
324 165
202 373
28 65
236 475
20 105
19 221
434 224
329 296
193 479
4 391
216 161
184 325
255 288
207 159
281 393
410 48
422 105
171 113
88 450
55 259
333 460
36 427
75 119
98 365
108 269
282 454
280 176
465 319
478 387
280 24
73 111
217 43
156 495
297 240
351 96
57 204
483 184
155 93
311 411
180 254
208 271
448 462
133 340
228 265
289 111
75 360
403 214
61 292
384 411
8 358
415 235
272 65
10 250
161 427
33 173
445 341
156 94
434 245
362 141
105 14
227 151
218 180
324 482
394 279
138 208
295 402
467 405
7 419
199 329
355 169
362 232
178 152
397 370
12 465
479 259
262 117
297 206
41 480
112 121
181 435
337 250
7 328
248 156
337 14
35 299
383 192
344 398
120 62
27 93
204 132
101 6
65 467
299 398
371 458
393 411
13 52
233 230
238 372
239 333
132 75
268 274
172 15
77 464
58 145
277 456
315 262
81 379
129 232
190 233
496 1
405 83
165 10
234 138
471 403
330 473
100 455
471 98
415 124
269 400
357 473
87 47
426 24
256 21
254 407
408 446
29 250
112 166
304 194
449 199
172 128
435 279
230 272
397 406
159 145
470 166
65 368
392 409
430 343
251 148
94 36
287 11
177 475
21 251
450 334
462 470
101 475
247 397
156 331
328 496
15 167
35 150
412 80
276 279
427 194
231 27
38 373
348 370
121 216
402 369
191 72
399 364
113 144
328 498
495 121
140 8
11 362
294 175
454 423
117 70
97 233
106 348
218 488
204 306
27 192
116 106
322 70
215 15
13 287
261 43
51 8
222 401
429 62
337 17
87 235
469 455
155 185
173 75
234 226
418 229
187 261
332 34
401 361
0 47
442 414
275 261
15 493
408 497
14 444
31 245
52 102
139 0
428 208
286 164
245 162
275 204
90 284
145 107
154 491
405 497
259 96
442 32
30 126
422 350
447 396
350 453
306 0
208 489
5 234
248 346
50 250
34 23
131 492
483 31
29 137
86 240
273 140
118 380
230 155
51 40
345 29
29 402
243 151
385 89
435 249
351 485
9 337
329 238
269 492
129 164
405 150
290 67
447 30
185 408
300 29
59 88
490 146
297 88
30 234
335 35
20 465
303 186
424 381
373 484
149 46
196 355
274 406
288 339
99 222
103 325
413 400
398 162
103 404
490 47
434 133
450 325
363 307
188 105
90 288
186 414
121 91
497 382
73 395
469 285
110 173
425 73
87 375
279 175
222 42
175 121
298 157
464 478
435 162
302 4
418 25
468 488
222 391
287 465
102 148
173 108
33 64
440 450
125 121
163 71
45 199
356 191
21 343
357 172
177 456
482 159
499 447
339 450
268 74
222 478
438 222
139 395
197 472
93 431
354 322
21 108
151 399
243 230
402 172
129 452
112 431
231 463
265 463
37 422
400 33
108 111
358 190
162 247
30 55
377 107
68 384
284 251
481 219
392 379
331 235
167 21
336 295
259 250
172 101
487 296
408 424
114 95
194 118
174 277
236 224
108 403
154 304
376 244
123 487
223 268
141 307
102 242
492 477
430 361
158 16
440 417
364 418
388 54
183 58
134 62
466 272
76 95
339 472
460 304
72 315
122 35
129 65
394 224
438 473
489 325
242 96
366 281
335 107
17 254
169 371
143 4
99 487
459 71
376 290
457 271
158 300
366 431
156 139
464 260
85 94
42 305
86 180
139 260
366 422
293 156
12 35
22 288
359 463
106 334
457 235
36 63
495 116
107 402
14 3
449 72
377 452
132 491
103 464
238 271
279 469
357 383
171 292
107 231
65 30
118 213
129 23
491 154
408 124
479 98
22 422
374 428
271 400
216 6
129 374
195 306
189 409
53 52
284 360
242 160
226 201
76 360
366 355
331 419
370 274
197 310
238 392
144 423
282 361
235 360
166 411
172 430
335 207
419 77
90 471
24 162
374 316
23 101
372 241
15 354
16 242
135 64
488 106
467 279
492 270
33 202
484 10
218 58
135 171
142 137
151 225
393 167
120 26
119 268
122 492
235 134
199 490
96 222
353 39
161 63
117 197
208 46
104 454
477 278
267 92
317 120
139 419
297 63
331 111
455 416
50 306
148 42
264 101
492 245
160 470
167 5
52 130
436 227
5 156
248 413
385 273
44 418
333 376
487 341
257 16
174 295
337 159
261 323
68 454
276 105
111 80
62 443
23 163
171 498
412 380
5 272
42 149
26 49
242 227
243 365
160 499
159 418
93 350
304 272
229 13
93 432
375 340
355 156
6 250
131 27
151 270
420 488
38 193
272 298
163 280
132 15
285 176
378 143
267 378
391 34
466 496
337 337
345 193
444 192
71 351
122 427
415 222
267 42
192 305
438 39
407 355
383 70
65 44
275 261
147 332
328 166
355 113
307 17
62 200
52 103
30 133
208 26
420 297
103 327
219 112
319 393
463 126
22 203
316 28
212 297
316 316
429 40
58 171
224 236
191 120
105 128
154 221
371 165
493 426
38 474
367 212
190 357
412 182
62 64
362 81
397 274
166 178
201 178
267 76
48 425
53 458
32 154
319 59
485 403
229 164
376 23
233 96
130 418
483 497
430 44
318 345
375 179
358 336
413 76
354 125
83 461
467 407
319 115
370 287
451 304
180 99
47 180
450 265
114 177
221 433
130 45
76 391
80 357
286 434
411 493
306 140
399 347
314 274
413 218
375 185
284 216
396 407
24 332
361 347
132 138
35 435
178 115
472 112
398 258
103 258
250 310
157 410
36 150
220 471
8 301
17 95
2 293
477 414
113 378
17 190
125 97
64 404
16 304
414 389
499 267
429 18
280 250
400 86
409 316
117 120
68 418
63 134
400 422
301 392
82 365
315 318
222 208
364 379
120 91
210 278
296 120
370 139
225 76
244 270
242 486
256 361
348 310
233 319
211 100
318 386
204 146
354 133
364 278
221 70
348 485
105 431
422 145
73 327
97 499
486 318
31 191
354 242
414 231
184 439
325 477
123 2
487 381
11 329
399 203
40 233
16 248
245 497
324 291
290 170
340 273
465 276
371 372
455 319
110 137
466 139
493 435
316 442
271 332
36 327
412 23
271 76
426 281
72 368
390 250
24 214
343 231
455 341
12 66
203 410
402 122
409 21
463 247
80 225
404 235
258 116
44 169
302 381
101 322
73 226
440 491
222 449
290 283
201 177
440 154
276 404
426 194
441 185
262 241
476 21
489 18
39 86
319 386
208 341
419 420
412 133
82 212
347 486
16 224
230 49
305 456
2 6
43 231
325 443
317 157
28 301
240 158
396 67
261 59
480 105
90 32
244 244
82 25
101 92
493 98
406 332
190 298
382 408
204 234
243 207
8 21
179 123
191 100
160 76
33 304
336 492
236 475
0 433
377 170
269 102
434 370
168 175
436 124
210 50
257 140
161 306
429 118
218 192
120 472
276 378
370 5
481 465
398 458
129 333
287 127
497 398
425 221
198 165
216 361
353 260
418 325
443 366
59 348
172 162
40 31
389 449
266 263
73 370
55 16
143 202
452 343
416 140
157 230
443 466
227 373
199 297
163 145
345 494
156 74
458 18
319 49
312 347
69 437
453 385
440 124
467 96
88 244
474 384
202 245
471 418
67 429
427 22
16 230
305 124
494 173
74 115
462 165
102 386
123 31
155 55
3 415
160 475
211 443
41 486
404 413
195 12
34 471
54 122
98 402
427 211
326 93
258 1
239 288
319 213
268 215
130 326
301 124
67 142
129 12
278 108
472 385
209 473
447 358
261 263
326 45
490 40
42 152
292 101
314 133
200 111
289 434
58 183
325 443
455 478
438 306
192 85
58 263
121 401
16 5
403 234
275 342
494 393
346 169
154 138
249 160
447 355
38 390
333 5
335 363
170 141
226 126
389 214
467 285
142 10
245 483
177 45
291 372
41 171
161 137
150 195
402 262
152 97
454 440
156 486
127 142
268 178
392 205
342 157
19 359
194 485
382 116
340 371
394 173
163 233
429 55
317 313
262 331
124 469
307 68
210 280
458 286
492 478
487 202
413 334
171 359
327 107
478 54
227 168
401 224
279 242
55 182
366 448
269 169
238 490
122 77
363 448
279 432
134 207
394 118
329 47
6 65
119 9
177 336
60 199
441 430
465 191
139 349
370 331
173 408
337 108
409 295
227 53
260 40
10 213
260 6
72 192
201 118
454 43
94 230
160 14
205 388
237 125
308 196
104 107
68 481
128 294
347 329
369 207
420 459
466 231
423 32
150 390
285 476
206 104
470 380
268 219
344 175
223 357
316 153
486 180
474 384
213 115
174 321
280 434
18 95
127 98
340 441
418 130
234 126
358 476
195 205
232 126
335 40
45 456
488 151
36 383
350 462
135 101
388 25
472 267
366 406
347 99
81 206
332 117
94 168
225 42
168 289
181 457
265 3
7 78
314 105
67 43
496 164
41 202
470 384
290 13
465 188
246 490
107 46
214 431
473 53
195 291
249 142
497 228
159 366
472 4
399 473
489 391
446 248
132 31
44 268
456 423
265 361
408 202
133 372
278 474
266 107
101 473
53 367
85 450
307 212
37 409
301 58
306 27
410 247
15 439
214 306
168 323
377 479
203 428
402 11
470 481
306 20
387 423
225 360
424 325
234 384
443 462
489 387
486 249
40 399
205 353
176 106
85 225
153 406
269 141
122 56
428 239
14 281
141 168
493 91
476 65
379 79
467 419
20 368
119 453
159 413
19 177
402 335
93 457
98 56
464 362
453 72
205 392
60 467
411 198
116 53
133 387
158 495
364 452
257 30
443 335
12 416
104 315
124 415
471 197
60 74
498 435
327 13
333 204
402 240
293 244
131 18
14 278
230 141
171 230
65 340
256 467
134 78
493 360
410 258
184 316
103 470
483 182
386 430
170 168
412 141
159 316
446 395
36 25
255 177
369 60
27 173
251 125
338 161
271 96
264 248
218 455
137 367
149 53
222 376
17 172
340 486
382 28
54 286
315 418
478 161
334 184
310 357
370 437
385 148
396 141
448 149
368 466
19 438
314 18
190 93
80 183
211 30
168 462
232 117
131 484
168 63
420 465
255 478
478 143
136 140
142 226
192 85
375 10
28 64
9 41
224 70
452 441
255 287
257 121
457 488
51 388
353 125
456 323
466 108
101 286
13 455
40 243
253 57
473 267
308 134
56 483
276 32
171 361
482 32
20 428
316 439
416 423
98 22
482 372
159 417
372 83
178 24
81 264
31 284
418 407
242 339
223 326
187 18
50 246
175 21
312 422
197 343
365 229
453 296
213 348
283 464
488 437
201 462
246 422
181 84
275 16
342 423
441 498
244 30
403 344
266 271
115 216
297 464
112 480
180 250
67 177
114 464
426 407
181 167
103 172
40 362
137 378
228 382
264 431
275 324
96 20
236 393
209 63
43 385
487 321
498 224
40 54
462 464
483 466
490 495
358 86
464 30
264 495
278 192
17 29
401 53
447 465
28 137
22 8
330 423
147 9
416 180
145 187
5 230
225 128
215 495
377 435
283 179
224 142
23 61
115 93
58 424
413 414
422 86
9 435
296 104
285 9
48 212
442 430
410 54
401 20
455 125
157 279
421 238
300 233
326 296
220 267
33 384
322 133
420 307
412 331
192 68
281 197
479 241
147 75
95 389
367 48
179 51
141 376
109 452
248 441
60 435
171 468
453 93
401 493
176 225
294 313
362 369
462 75
2 341
82 109
9 450
353 449
325 189
141 494
288 286
73 242
210 348
442 244
89 16
241 343
8 118
339 35
462 370
63 301
262 465
415 497
447 123
164 268
114 124
263 306
48 402
251 336
433 110
478 193
388 22
492 220
107 396
118 331
484 70
387 181
30 246
222 154
274 329
306 386
44 388
143 69
405 92
55 394
439 190
65 33
105 327
75 57
389 65
487 45
78 373
472 374
380 108
438 46
432 154
394 244
313 477
421 37
283 70
261 328
214 74
401 326
383 171
236 328
373 124
350 223
449 451
60 174
220 329
335 498
242 152
481 82
471 407
477 403
83 255
329 90
416 297
469 83
263 152
128 205
281 137
440 478
152 230
412 0
350 372
377 247
329 444
351 358
113 153
260 181
271 49
346 441
24 40
44 167
225 140
277 172
3 6
236 69
422 155
380 148
248 272
217 257
467 429
82 420
453 433
482 342
136 77
469 180
348 12
152 13
37 73
431 281
351 40
196 167
168 273
45 428
37 268
197 114
387 356
289 132
326 192
269 123
156 462
475 238
251 4
429 127
261 141
181 360
379 112
385 229
157 47
167 282
249 46
403 217
349 488
180 44
168 27
490 450
188 324
180 317
296 292
433 109
321 57
169 114
196 200
100 406
189 205
252 267
484 290
278 155
199 185
213 458
408 219
395 55
372 449
241 75
36 168
226 26
492 357
410 395
154 188
394 10
129 343
133 146
153 466
151 263
221 352
72 216
271 482
431 467
395 143
312 24
50 283
493 390
137 42
83 403
265 291
486 329
475 394
360 119
382 480
332 364
80 456
438 256
76 352
347 221
245 471
106 159
401 147
41 99
354 39
330 124
453 119
366 317
288 280
112 78
294 23
479 445
201 375
79 269
490 277
100 426
438 235
234 59
158 339
230 275
400 365
336 413
82 205
338 54
133 222
245 450
247 279
6 76
197 301
78 85
12 187
274 31
90 302
493 8
284 100
465 224
137 36
93 302
208 71
293 283
86 193
473 391
467 333
134 479
65 17
204 65
448 429
83 331
339 390
490 76
300 475
363 308
462 289
212 457
92 170
364 6
397 178
364 337
316 216
233 350
267 233
14 290
121 215
105 97
174 312
288 96
256 326
468 3
460 218
388 180
186 405
83 252
441 435
152 299
150 258
343 237
27 417
133 358
455 0
313 90
38 481
308 453
456 294
12 276
456 269
174 253
5 495
430 109
409 447
57 434
172 59
328 400
110 51
52 461
404 66
399 217
170 442
89 207
483 478
247 101
354 292
287 273
383 212
11 69
356 292
203 68
320 380
431 31
345 283
201 335
404 249
43 100
308 426
405 132
86 143
287 4
278 292
4 426
496 13
305 15
435 352
232 360
391 108
391 15
203 88
189 444
44 107
34 233
217 204
348 291
295 303
448 487
414 425
438 452
320 262
466 243
455 107
67 50
65 199
287 310
254 120
228 477
62 151
355 114
405 131
287 55
43 52
478 235
39 309
71 416
12 211
319 37
87 467
166 238
401 4
125 306
283 155
158 205
171 197
328 14
421 76
480 115
350 464
125 458
375 390
453 196
85 387
206 124
363 24
29 373
179 264
271 6
63 314
11 282
296 234
162 339
307 69
386 142
101 157
399 11
208 328
67 353
477 145
170 273
146 192
308 199
57 177
491 432
214 120
206 354
46 362
431 220
362 353
362 317
329 315
143 114
319 389
34 210
336 148
341 56
107 482
12 1
433 164
136 3
210 147
9 342
414 256
461 293
110 277
444 175
289 291
32 440
150 108
109 419
475 486
321 302
303 83
247 333
188 237
236 236
430 250
6 98
391 345
474 319
495 353
145 418
358 284
245 177
448 361
199 354
8 424
7 20
205 311
400 106
342 246
496 137
235 125
470 355
174 126
479 444
214 21
158 476
6 73
434 403
109 454
378 133
6 117
280 237
344 63
161 181
318 38
15 158
365 405
383 485
281 391
413 214
191 496
69 71
326 197
3 355
340 435
404 382
471 198
262 184
365 167
206 275
285 35
440 221
59 150
42 323
38 192
188 455
378 81
130 109
464 204
491 133
367 157
355 395
431 339
6 469
245 149
184 64
138 30
33 477
152 197
389 75
382 190
271 430
39 112
316 253
387 356
13 307
54 254
445 220
190 337
486 304
368 287
169 23
352 6
55 202
129 4
47 297
227 363
475 318
72 118
326 291
450 311
417 191
412 4
194 363
167 454
93 180
55 387
246 262
317 259
264 301
450 446
162 311
481 29
0 137
281 405
216 326
18 231
88 486
349 282
88 282
314 368
255 181
443 370
129 1
155 112
59 245
56 457
487 221
210 390
295 487
165 491
223 364
350 183
317 163
445 199
419 405
86 259
481 26
380 382
494 463
60 35
492 405
478 117
7 331
318 189
180 154
18 484
19 255
418 368
419 189
94 215
327 190
217 181
415 308
123 97
484 409
315 184
153 476
160 293
334 12
166 330
166 367
474 37
257 186
375 245
460 29
219 321
354 287
448 436
385 269
179 71
255 369
198 346
491 408
420 358
188 326
193 439
476 355
393 19
264 85
114 120
441 225
12 334
122 296
65 460
384 8
377 96
442 139
400 75
285 286
112 172
111 474
181 157
176 439
25 74
194 441
18 139
325 487
283 382
343 448
308 201
149 79
218 185
113 444
230 470
143 250
76 194
203 106
398 257
331 231
24 423
414 377
365 42
425 240
40 0
53 120
199 348
385 203
147 269
240 350
101 377
71 235
193 177
435 126
357 91
366 118
348 382
424 281
373 65
417 201
321 413
113 471
174 372
142 498
349 173
50 234
321 302
479 473
99 14
458 266
385 456
190 324
457 85
150 115
316 182
447 67
38 490
362 60
411 64
237 4
90 112
414 139
464 263
278 245
12 63
372 88
264 249
334 62
29 222
256 484
403 198
188 204
264 294
358 50
407 27
139 448
87 349
113 53
299 404
467 391
331 163
412 191
106 95
169 246
82 135
333 426
130 485
279 373
424 246
274 490
438 331
180 413
319 377
281 293
36 470
133 101
144 219
315 45
143 250
238 484
410 225
62 423
297 40
139 342
332 221
404 413
178 122
499 436
82 497
467 133
234 470
190 452
349 378
129 5
341 492
69 219
142 252
144 132
326 439
12 283
48 10
132 416
205 227
224 131
264 287
257 44
348 350
229 299
304 198
42 210
429 498
250 464
448 71
363 246
382 274
284 375
144 430
157 416
399 349
136 234
130 16
366 245
45 478
28 447
157 201
199 71
387 438
362 301
400 335
109 225
452 282
212 245
161 96
445 222
456 412
280 433
31 86
416 147
446 428
481 445
16 456
394 33
334 255
90 108
185 234
368 199
444 490
86 81
155 457
221 384
169 111
49 2
1 200
480 465
410 447
403 462
495 278
33 150
110 181
268 123
174 296
286 136
69 470
427 224
460 224
335 149
3 130
330 236
202 4
451 311
125 112
243 207
209 120
301 128
252 171
467 69
206 278
249 105
182 127
352 28
29 142
272 39
276 32
36 455
118 478
442 340
399 95
215 37
166 108
279 368
290 270
48 99
56 348
475 297
178 90
233 327
367 207
240 357
164 143
473 128
320 134
229 267
305 219
179 296
165 471
241 311
410 455
155 141
439 318
261 130
458 117
176 346
203 177
172 268
397 220
206 497
264 217
289 436
84 69
392 468
279 249
56 485
127 41
212 211
194 418
387 473
319 4
181 63
332 374
94 205
202 81
150 153
89 466
388 439
408 25
275 132
118 39
81 183
247 97
15 145
118 293
297 402
465 437
311 330
35 149
230 258
411 89
407 381
172 352
377 147
280 432
472 4
40 250
347 405
50 287
432 214
116 20
457 229
411 433
435 120
378 298
387 17
250 141
493 294
294 423
355 223
227 426
176 179
436 267
406 375
441 338
358 338
419 409
342 315
288 330
128 129
147 166
160 15
162 397
320 153
228 308
234 28
59 456
75 262
489 496
186 482
172 430
339 45
212 92
274 33
163 0
19 403
270 162
59 179
184 284
92 232
260 265
221 178
440 171
167 296
130 281
211 206
251 155
99 402
436 315
316 373
128 451
113 187
218 399
35 172
404 254
19 480
158 16
188 240
389 451
232 207
413 371
26 296
198 16
332 125
351 134
85 0
187 479
378 50
223 257
11 414
246 479
348 31
123 404
207 388
447 364
236 440
88 213
229 114
92 286
421 413
413 443
422 358
409 452
209 301
67 484
315 73
456 165
69 163
51 79
296 129
421 351
64 384
498 9
295 293
59 90
385 68
279 472
277 308
461 40
24 338
411 380
45 191
355 219
151 466
95 258
109 447
331 16
377 173
319 181
124 173
93 378
202 9
317 372
412 479
170 278
10 288
480 433
153 55
22 187
445 304
251 469
338 407
432 434
115 215
240 103
481 239
249 334
206 36
367 418
197 119
259 37
323 207
115 239
426 476
280 489
458 224
483 383
317 148
216 415
371 432
24 456
142 204
240 125
43 349
320 460
497 240
300 431
171 320
148 267
256 449
173 280
163 66
215 8
424 480
265 283
91 147
351 141
266 234
435 92
52 309
402 107
38 401
74 54
321 209
159 222
3 77
143 184
193 18
351 210
493 469
116 468
109 85