700
52 326
117 432
486 206
106 312
274 125
108 2
283 421
14 163
299 322
358 383
87 494
0 190
364 427
123 469
230 303
481 463
247 135
193 98
262 86
211 151
153 37
310 319
482 289
111 176
59 134
480 469
11 147
74 332
301 375
30 49
365 383
370 11
462 112
198 63
215 224
113 262
81 220
9 275
452 416
50 121
90 11
158 382
214 102
329 85
486 367
102 212
223 351
316 473
36 37
114 366
128 103
324 227
3 62
478 185
306 455
318 380
262 249
351 477
414 328
47 32
244 400
104 149
122 320
357 420
138 11
114 471
51 267
329 290
476 54
361 159
391 134
383 179
8 153
333 86
119 422
175 380
29 363
183 279
51 4
15 393
216 189
308 481
124 267
173 489
148 452
86 34
214 39
44 470
56 222
497 229
109 27
391 172
303 491
495 426
171 206
247 362
195 240
7 56
45 319
271 33
67 46
85 210
32 133
208 482
211 88
468 57
229 321
164 211
137 384
442 159
373 161
401 189
97 68
388 260
145 143
189 11
221 213
198 126
108 253
194 406
463 320
493 162
373 44
280 157
316 362
375 74
264 41
109 128
241 361
356 349
213 386
99 45
24 286
392 150
408 132
452 86
100 224
120 445
102 325
39 401
475 270
163 415
395 91
305 273
474 136
23 161
59 187
474 474
124 83
67 218
156 33
257 20
317 256
433 377
130 272
394 324
239 458
49 58
183 487
123 206
368 9
197 146
473 427
362 23
93 97
482 429
301 249
357 91
321 471
95 290
114 451
261 489
399 206
193 311
17 434
444 168
167 237
16 493
368 140
237 230
160 461
210 72
163 313
284 67
209 484
288 231
221 323
381 49
212 472
407 426
95 82
319 203
196 262
402 188
418 416
377 491
63 78
244 439
6 227
211 380
112 215
390 499
49 185
157 272
198 261
343 416
471 145
407 15
203 167
435 309
301 121
52 312
251 216
443 296
28 109
176 7
6 140
325 419
191 407
21 335
103 241
239 216
231 75
94 146
308 286
260 30
194 461
177 312
460 298
407 473
480 488
481 436
355 486
246 158
493 398
491 267
483 97
24 230
377 67
353 118
0 37
350 465
277 195
493 27
0 89
430 252
188 480
319 263
421 43
293 65
332 415
364 285
15 167
234 388
358 244
281 440
405 359
54 483
11 35
476 399
151 363
196 258
21 192
87 15
432 443
210 381
166 116
283 426
166 33
278 370
162 24
383 411
395 419
306 289
188 258
121 283
393 192
384 169
184 415
210 471
352 468
84 420
346 370
404 368
90 12
388 34
297 252
171 124
413 192
302 330
113 454
146 276
445 6
273 30
353 482
450 483
403 58
280 35
255 101
465 184
70 345
449 354
478 368
412 472
302 391
197 215
343 267
126 343
225 288
270 399
383 431
489 221
108 138
92 269
306 363
60 57
411 228
96 361
333 241
485 361
428 136
255 182
378 271
411 381
133 103
386 182
255 368
358 227
497 363
78 450
8 155
383 490
351 271
13 332
45 184
172 498
32 473
96 280
161 410
366 7
41 146
14 252
480 296
11 373
175 329
484 441
431 35
159 219
403 134
319 24
374 448
273 343
123 406
317 369
229 137
135 183
287 270
419 150
375 267
448 282
224 402
438 432
4 7
142 97
121 407
208 313
8 495
253 481
203 484
121 70
105 284
54 108
258 245
12 325
108 485
388 461
245 184
43 326
275 101
361 185
350 248
95 69
402 211
195 348
271 105
241 168
276 228
473 148
473 387
372 338
151 433
469 260
438 248
350 13
50 65
165 211
132 401
464 112
461 34
492 159
327 84
164 233
381 455
342 490
180 207
492 67
179 331
431 462
475 118
35 281
344 25
278 53
165 476
363 242
253 478
414 355
440 432
388 79
421 174
381 230
149 101
284 373
335 329
299 215
349 310
188 334
387 45
22 466
61 405
383 237
92 314
247 298
377 384
58 487
69 298
251 439
165 219
48 35
250 0
163 347
181 451
497 203
21 421
326 371
108 82
249 61
359 52
436 348
335 88
238 495
286 404
123 489
24 451
304 171
18 127
78 319
22 52
325 75
446 43
478 3
64 54
106 79
427 424
12 395
390 262
166 251
240 176
480 142
313 117
244 284
455 184
88 174
250 477
372 413
268 196
103 202
281 332
256 61
456 60
322 121
224 198
227 341
483 316
433 59
195 148
332 29
204 150
479 420
185 454
2 203
258 453
286 457
19 39
452 394
367 327
378 274
467 91
408 105
164 450
99 193
223 211
361 283
56 279
85 340
43 241
195 439
397 301
193 333
79 268
447 497
271 299
390 325
282 91
41 150
196 298
9 492
276 271
50 370
62 332
425 487
426 458
111 472
305 175
443 156
153 237
36 243
68 277
368 278
281 203
1 409
254 477
100 363
85 30
214 2
489 0
458 139
464 415
91 69
78 121
358 386
129 231
8 246
377 50
253 228
490 158
487 106
321 244
126 87
441 407
407 192
183 430
197 217
138 147
269 140
27 216
448 479
226 156
58 308
37 103
113 311
270 27
123 100
39 91
498 249
441 480
262 257
474 124
124 459
100 113
329 393
372 479
487 129
290 98
53 46
209 327
206 18
118 479
71 329
430 9
341 421
31 223
199 455
415 357
470 323
216 367
346 152
133 441
391 333
231 423
102 445
463 441
420 160
341 434
295 343
117 123
346 489
444 148
5 46
369 211
430 328
332 438
379 128
314 465
241 270
67 45
486 195
208 31
317 259
102 49
173 464
453 219
367 371
417 250
313 225
53 139
429 244
224 385
202 308
430 38
84 295
491 498
381 70
329 199
100 50
14 284
3 125
497 320
70 223
448 266
257 235
331 353
90 186
346 56
94 144
440 277
127 178
101 283
334 360
410 282
66 434
60 424
96 422
145 409
27 166
254 445
150 285
323 85
141 92
236 170
299 236
266 176
311 278
138 367
2 145
80 48
324 68
342 492
253 421
439 339
136 280
65 193
279 286
378 389
411 420
8 467
495 62
340 275
494 307
452 478
378 496
417 384
228 54
475 259
99 481
262 267
460 235
22 179
420 91
364 252
71 331
245 372
499 67
374 85
415 494
490 178
415 293
200 259
19 143
125 27
294 118
205 239
270 107
198 79
332 191
374 62
287 403
322 120
205 286
280 48
227 121