7200
344 491
357 18
359 472
66 104
343 31
56 16
232 404
104 6
80 244
482 53
407 327
368 99
218 44
297 268
206 230
221 304
322 402
227 430
34 33
64 293
309 229
133 120
126 394
138 89
142 58
385 472
423 50
446 254
374 493
223 244
48 433
335 444
374 222
108 62
208 260
489 172
145 17
263 122
211 123
34 253
225 206
108 271
377 1
494 54
150 252
185 218
162 50
125 372
287 389
1 233
405 495
364 491
465 402
378 128
381 29
235 412
183 459
460 343
249 413
165 306
24 400
302 202
426 39
280 427
160 213
60 281
272 418
172 425
405 90
119 50
462 286
97 354
49 498
411 409
216 150
402 428
482 92
131 205
484 408
474 263
45 497
415 34
311 169
259 87
490 216
355 230
436 304
302 452
214 337
488 65
345 282
374 242
447 327
88 358
121 284
281 414
448 18
40 196
135 112
328 151
382 477
282 183
488 170
8 84
2 202
336 348
90 347
175 210
420 390
174 115
29 394
264 455
3 477
441 304
308 490
468 270
305 190
212 250
186 293
347 220
68 188
36 183
246 159
49 63
178 18
412 75
30 207
36 177
333 33
375 478
100 141
183 343
445 405
51 396
116 132
320 398
434 37
48 208
123 180
198 449
24 153
212 463
140 406
291 249
79 325
467 166
10 31
436 150
46 455
439 339
238 15
404 112
172 24
204 452
253 296
449 254
69 277
35 162
263 61
387 326
492 194
225 354
4 354
162 13
353 403
270 101
65 443
467 174
126 238
386 23
129 379
8 335
349 199
260 43
369 464
158 147
1 213
420 235
249 358
261 82
35 454
397 383
57 453
191 216
239 35
414 77
264 368
67 274
169 114
430 328
327 390
103 89
176 329
39 375
457 425
231 152
35 345
298 480
196 92
127 341
270 435
156 393
19 34
0 223
403 188
78 431
372 231
412 33
409 48
326 451
103 218
415 57
390 490
82 65
406 86
374 61
454 176
63 30
105 473
13 63
346 361
92 443
476 218
267 356
307 237
456 93
2 262
252 223
289 392
479 186
247 47
224 205
87 53
378 139
54 192
405 391
334 401
119 349
205 162
400 386
331 364
478 208
431 334
226 82
268 220
268 57
262 367
420 344
335 349
394 150
393 389
290 299
149 227
242 410
148 354
71 142
350 480
314 49
132 133
354 392
450 252
120 474
170 212
414 392
43 5
394 308
459 436
16 185
447 460
167 258
252 95
427 238
287 454
87 93
338 271
24 293
267 288
352 496
388 289
294 118
278 283
72 189
226 238
198 440
50 25
472 365
455 302
108 400
345 243
366 195
341 183
323 390
386 108
250 176
294 127
262 44
85 73
163 186
126 163
188 213
431 176
330 161
413 386
481 438
486 258
294 348
238 327
287 117
293 477
456 37
434 440
365 218
405 19
35 28
241 31
60 223
384 172
411 242
33 297
408 392
240 19
198 202
319 331
160 485
375 465
257 116
334 309
180 122
2 91
475 215
439 95
120 387
129 175
325 31
423 14
385 233
287 16
199 83
421 458
423 211
327 296
457 32
154 13
105 137
205 8
104 432
319 144
171 224
107 448
315 348
81 382
250 200
284 220
179 449
160 205
353 454
487 339
353 310
447 493
354 310
242 4
0 458
34 61
361 172
20 493
375 176
377 454
26 126
427 13
70 205
12 440
279 423
233 351
196 484
146 32
37 50
8 388
301 37
61 394
387 15
43 82
388 115
241 420
285 414
472 20
460 355
278 484
187 92
428 363
248 383
434 75
315 285
174 294
189 469
484 236
170 428
43 27
300 410
324 284
157 437
293 148
484 469
413 423
139 171
55 342
269 387
24 341
135 436
257 198
434 324
253 241
121 456
366 296
433 273
210 43
191 90
411 355
131 176
199 325
167 270
157 106
447 288
76 181
379 83
407 334
427 166
474 12
161 48
173 341
384 94
36 236
91 427
455 447
272 222
344 155
113 291
431 1
34 61
144 8
194 266
284 403
268 121
22 258
451 429
375 195
283 187
115 263
210 375
449 422
429 335
478 294
147 43
104 262
122 34
300 100
3 316
289 84
194 271
200 311
359 146
333 427
190 142
369 300
223 253
88 319
465 152
195 418
180 112
146 299
399 154
470 298
234 255
26 112
423 429
427 79
6 134
129 260
413 49
302 498
169 136
288 390
160 134
99 484
135 193
347 97
396 387
142 170
282 482
263 20
451 57
44 190
303 310
359 173
171 216
352 161
403 193
327 492
328 63
108 278
376 316
203 308
478 124
458 197
217 112
21 222
412 169
479 65
238 67
135 190
351 262
455 339
332 254
169 134
413 12
328 130
438 141
117 31
228 268
232 75
149 298
467 253
171 414
481 298
488 261
23 117
456 191
297 330
465 140
153 466
448 230
371 481
365 386
6 340
267 93
391 238
492 417
331 210
360 15
276 164
281 200
391 300
482 90
82 188
7 447
29 87
69 455
194 252
92 286
379 200
439 360
129 123
185 283
298 460
124 46
246 74
226 258
200 490
30 209
156 134
222 37
345 186
438 143
429 39
239 383
95 308
283 30
313 224
184 469
367 463
38 160
270 465
455 264
325 322
457 486
375 482
20 179
322 220
111 310
45 103
263 351
233 140
364 47
368 399
362 400
413 87
52 400
17 183
6 360
198 342
176 315
494 73
146 48
211 168
123 257
460 256
249 386
433 194
93 113
366 153
240 307
208 131
314 145
5 77
271 172
339 55
480 448
348 185
205 126
236 59
168 328
215 48
94 417
382 0
154 39
347 248
379 246
391 55
484 46
70 248
303 255
55 262
447 284
262 404
463 153
481 350
399 131
48 196
197 345
385 283
383 203
449 232
139 115
13 193
441 123
230 83
197 245
381 286
190 145
298 495
198 5
137 131
328 449
294 37
320 377
432 179
411 204
171 381
426 50
25 184
267 368
465 256
394 465
462 198
45 84
89 112
243 243
192 78
468 423
152 487
18 288
344 84
318 430
332 15
51 244
112 210
318 171
488 429
127 212
296 450
62 173
268 237
316 305
229 461
300 284
424 233
318 318
100 121
488 488
232 285
495 40
211 197
126 165
377 199
1 106
279 25
262 63
220 399
360 430
66 301
35 12
183 343
316 353
193 283
420 156
196 425
474 415
432 259
310 101
59 309
334 311
374 190
89 449
231 95
248 302
314 150
493 283
488 497
133 161
317 181
107 53
321 14
125 433
386 253
415 436
247 445
135 249
50 474
421 225
27 134
284 169
453 193
191 129
290 293
475 176
229 107
473 434
367 402
156 99
387 254
199 71
172 486
460 187
264 75
209 233
403 143
336 345
474 208
1 379
55 264
223 328
262 137
39 197
148 482
88 47
470 35
373 139
326 495
70 334
419 90
85 279
124 322
382 422
153 450
214 236
64 61
198 289
486 179
13 89
489 486
21 101
92 459
454 247
81 419
361 24
155 352
27 447
221 131
433 409
497 374
435 147
437 414
445 485
427 275
262 458
411 416
375 135
382 3
274 182
58 315
168 136
435 66
49 195
456 8
234 483
482 454
368 22
7 271
47 313
123 286
202 161
148 34
389 430
112 383
198 164
300 22
88 218
265 87
95 138
473 74
28 329
203 455
227 248
413 211
497 126
287 36
422 52
482 287
170 311
475 446
468 221
439 127
66 409
399 57
131 13
195 372
327 11
259 398
461 406
32 24
412 459
363 319
107 334
497 345
143 129
350 325
304 463
224 142
199 371
236 123
347 330
193 431
330 175
81 452
328 143
454 466
285 240
426 317
14 244
374 423
100 157
121 76
218 405
128 345
321 417
99 364
296 168
195 292
96 478
121 129
95 424
16 76
245 232
329 442
218 260
417 55
131 318
75 390
88 350
267 203
68 409
429 219
363 216
194 125
254 460
236 167
95 201
433 253
47 341
101 262
317 117
288 370
261 449
151 363
67 349
110 270
489 135
351 39
16 353
165 397
416 122
323 401
6 12
205 257
19 406
23 306
176 189
490 311
175 289
138 141
411 94
229 100
492 253
106 432
181 8
131 271
24 97
461 454
211 383
289 166
472 83
124 164
328 1
290 114
255 355
449 281
381 18
271 30
314 373
234 229
352 495
444 365
171 377
112 406
72 235
170 401
417 397
398 294
260 97
452 40
321 15
385 253
283 55
280 9
238 449
444 14
231 91
320 241
147 255
490 432
185 71
468 160
306 102
200 218
259 66
433 4
258 80
135 318
327 41
491 416
282 418
9 287
28 14
121 329
261 27
99 111
123 446
400 67
286 429
495 452
457 45
477 428
246 215
108 465
381 426
344 451
91 15
381 205
34 119
499 2
113 147
445 98
17 236
165 345
298 155
52 12
440 107
322 30
495 39
465 282
234 228
95 161
366 325
296 477
479 252
399 295
245 445
33 196
41 115
270 51
63 191
298 323
205 4
43 472
255 52
132 360
21 341
18 227
204 239
491 314
462 36
333 242
438 59
174 218
269 331
375 297
120 333
189 25
498 177
229 84
444 105
298 361
440 317
56 316
482 497
33 399
141 296
356 218
436 431
262 382
179 206
391 137
163 151
328 432
16 13
470 57
270 312
129 268
84 211
208 37
436 66
215 93
163 429
360 71
305 99
157 122
112 485
488 400
332 127
140 317
226 200
12 462
230 497
60 493
382 314
232 120
213 318
99 447
370 228
327 459
434 176
13 337
89 46
173 1
170 422
474 165
127 397
246 339
332 357
23 306
278 215
385 107
55 343
71 337
296 277
305 250
87 230
276 318
172 177
451 301
318 342
91 277
116 445
154 337
495 301
368 177
137 273
116 105
442 44
321 39
290 239
321 127
297 229
258 450
251 321
164 61
339 70
367 107
445 307
108 22
51 292
418 476
434 188
232 386
426 376
115 406
385 216
297 289
239 182
356 56
117 490
412 20
479 308
116 280
154 424
69 76
405 205
246 487
373 339
215 330
236 299
367 183
472 473
156 165
73 211
53 12
384 42
203 466
98 363
140 319
247 252
309 209
196 152
491 407
238 421
221 207
242 326
300 88
105 214
425 308
172 30
73 330
296 408
123 276
447 246
350 115
176 194
347 160
419 224
146 190
397 9
336 367
307 139
205 488
148 265
295 482
313 172
432 220
496 109
208 407
375 295
342 58
70 51
128 189
379 490
499 274
493 129
120 187
27 152
417 178
160 27
51 65
285 473
435 483
243 134
281 143
201 118
21 123
312 272
114 149
275 44
25 113
153 268
273 497
175 180
60 190
107 336
309 111
447 245
231 96
239 42
160 12
136 293
417 33
35 300
196 31
496 310
79 221
71 149
182 352
394 246
434 94
205 354
99 96
192 4
46 330
342 284
77 58
92 330
131 494
25 127
289 327
401 373
23 368
72 324
422 57
151 319
173 357
453 208
213 124
454 497
281 111
170 148
479 210
204 114
93 462
141 81
455 382
103 394
218 330
239 27
346 141
350 390
450 371
347 303
152 163
275 153
302 286
496 297
411 133
447 201
134 4
238 88
335 89
271 341
369 53
46 10
252 67
291 396
51 203
366 138
292 204
490 493
290 446
431 338
39 53
409 378
318 26
115 148
489 153
59 239
249 210
130 105
2 2
205 421
59 53
109 423
417 203
149 451
290 59
113 80
310 181
207 22
22 129
134 323
62 364
74 193
299 163
165 56
477 301
206 370
146 389
92 316
267 63
122 94
174 57
239 87
462 337
466 446
121 484
348 100
146 35
199 275
331 445
98 216
87 161
50 304
120 85
148 494
88 240
297 122
62 115
452 388
187 24
360 270
222 308
344 209
336 368
165 395
111 19
32 263
68 50
135 82
429 40
280 135
258 369
336 430
170 320
196 288
410 357
166 56
117 485
353 362
257 305
325 371
134 220
271 357
292 54
95 258
394 73
442 227
9 152
324 279
419 180
37 372
428 182
167 55
417 398
203 372
243 26
247 28
238 378
432 370
128 382
455 379
459 22
26 397
176 468
148 202
74 448
130 38
93 355
253 297
169 11
389 456
337 265
143 488
358 75
457 427
159 339
213 412
161 118
438 92
294 190
138 439
477 221
76 120
417 70
433 329
285 438
203 175
163 122
49 198
478 374
213 358
122 137
107 278
370 284
474 45
336 165
238 464
436 313
236 314
143 353
143 21
196 428
403 199
249 212
86 304
163 227
216 151
429 285
69 175
73 300
317 395
211 409
223 55
221 147
352 311
332 364
144 496
47 381
93 399
204 296
24 31
182 367
152 92
268 463
115 74
469 341
102 284
339 33
180 325
488 412
276 385
233 173
54 421
172 280
76 499
382 376
243 452
397 64
27 248
322 165
358 495
279 143
176 460
138 471
383 209
94 478
151 160
433 179
459 57
408 105
482 387
192 290
206 77
325 89
106 86
81 147
291 316
128 360
331 319
28 118
97 215
375 474
153 100
158 160
117 464
204 418
209 99
29 396
337 415
1 354
354 295
463 82
443 497
316 91
62 274
341 197
23 159
259 68
228 29
493 269
188 346
297 197
445 397
164 326
33 134
429 166
100 387
384 244
188 395
22 52
249 250
409 363
432 125
154 20
290 12
358 147
197 478
227 8
186 494
129 391
409 219
458 410
155 362
257 194
247 195
445 279
495 348
473 206
226 279
291 127
127 16
346 2
10 176
170 425
169 196
268 151
62 78
292 78
273 69
264 50
181 372
72 61
267 28
307 46
25 493
362 99
101 4
180 208
486 463
11 203
354 155
85 131
210 268
337 378
280 335
207 453
14 461
342 279
177 281
127 149
248 203
59 489
49 201
16 240
295 35
42 28
159 149
418 128
6 369
204 107
413 138
451 263
43 279
413 293
443 72
275 40
381 43
245 187
427 282
170 261
141 74
223 212
192 301
22 493
453 50
188 79
342 218
497 140
433 237
310 410
302 376
420 437
124 35
318 17
130 403
329 488
52 272
425 53
398 245
147 299
230 203
421 336
476 425
162 271
181 261
490 324
114 336
223 410
279 90
346 41
381 261
385 175
80 286
383 310
462 331
34 30
366 192
117 308
79 194
308 132
308 112
448 298
60 274
217 172
65 339
452 63
90 299
85 338
0 23
354 320
350 462
155 240
48 69
115 124
108 127
240 423
221 269
43 40
64 133
472 260
175 482
281 277
115 266
141 218
38 115
78 495
87 240
309 85
61 136
115 425
200 170
439 355
396 274
407 334
447 312
294 232
9 122
240 427
145 124
239 381
228 35
276 169
254 316
452 85
362 168
338 67
275 63
337 129
315 23
335 244
328 262
385 482
409 337
461 477
359 55
90 53
222 87
403 366
304 329
497 207
127 18
81 187
168 402
277 270
367 483
98 464
446 195
385 335
312 356
263 346
251 171
111 353
72 474
155 366
74 228
246 4
43 53
307 180
302 211
46 84
48 169
217 144
331 347
203 102
300 144
315 466
171 52
378 278
145 95
323 385
389 71
124 422
102 432
495 283
219 404
426 41
38 119
466 495
449 369
365 169
135 101
153 181
311 159
254 383
120 456
27 78
352 361
293 3
138 454
210 140
34 357
477 488
335 72
293 443
465 284
386 159
192 452
111 391
127 3
312 366
296 247
109 191
47 148
454 254
395 185
43 16
5 429
353 372
315 192
477 498
9 280
233 215
458 53
409 344
62 85
185 221
264 210
358 294
400 311
497 164
181 147
76 392
264 38
230 281
280 79
212 59
126 141
195 445
141 85
170 104
177 56
266 355
1 441
253 477
141 254
401 102
494 174
212 330
111 258
189 295
206 243
385 401
198 333
418 432
388 192
248 440
148 65
358 366
343 1
255 463
65 337
363 157
487 59
169 76
223 450
194 359
260 429
114 431
215 311
3 32
325 103
20 103
469 473
474 378
342 165
354 230
239 259
319 217
145 226
176 340
199 368
150 222
5 312
123 116
149 220
323 478
81 474
299 343
74 402
67 273
3 416
175 273
491 94
320 346
187 136
357 349
423 238
50 359
475 429
1 25
355 476
302 177
372 436
339 101
227 446
214 258
32 82
177 242
440 375
11 349
198 479
218 220
431 474
255 120
498 259
235 256
285 353
290 390
343 158
104 481
239 70
153 171
413 123
498 330
31 353
333 362
434 82
56 403
23 366
125 163
271 21
375 212
102 57
215 17
350 298
368 171
342 89
65 373
55 255
461 415
277 87
169 294
197 212
430 225
240 72
446 407
119 11
68 173
190 74
372 283
455 40
481 92
466 297
405 398
314 21
460 366
160 91
155 129
206 209
133 85
492 446
458 79
252 464
390 378
162 294
186 262
206 469
118 168
418 172
46 23
389 232
324 6
136 401
462 331
417 194
141 96
27 261
225 451
329 132
426 115
229 343
312 113
133 288
460 431
306 51
284 358
217 196
449 460
291 205
399 412
360 60
322 392
343 387
19 399
15 25
368 298
411 96
384 33
316 396
299 197
407 122
170 435
247 124
329 120
384 39
451 81
473 244
131 273
173 169
46 3
301 40
488 414
299 64
460 225
274 115
90 111
47 181
158 260
232 294
185 487
420 116
360 137
410 394
415 344
347 435
327 461
227 148
212 316
41 379
346 24
135 167
348 436
49 34
329 6
346 281
398 366
3 266
12 258
454 266
53 279
92 301
301 381
49 172
51 365
241 90
109 397
334 229
263 457
316 383
16 444
311 162
280 414
25 166
432 145
424 479
133 486
219 17
41 434
152 268
210 92
489 393
122 319
276 175
410 386
182 444
458 427
341 345
12 239
236 218
198 296
134 12
381 183
117 353
121 422
14 121
15 183
2 356
31 137
375 131
75 294
221 410
255 386
477 414
133 267
416 213
225 183
366 50
256 107
381 335
457 229
413 396
104 324
313 415
398 487
281 189
451 326
212 2
269 206
326 189
402 402
437 242
292 479
438 155
490 48
278 172
68 299
123 43
458 24
11 437
478 209
35 293
147 429
487 247
436 416
170 313
55 190
21 459
114 200
100 312
484 105
256 230
273 404
428 232
169 232
293 439
84 499
280 328
75 232
0 267
81 363
405 23
482 488
188 278
90 97
54 289
19 426
330 310
42 293
377 110
50 63
414 22
350 134
218 46
314 277
492 71
94 247
87 397
27 76
25 128
417 470
396 79
242 288
433 227
189 284
200 162
184 239
226 114
13 34
163 296
367 179
426 155
404 313
242 365
493 432
402 267
199 262
51 298
377 441
77 336
499 67
158 277
244 35
422 236
33 257
436 85
93 252
66 214
431 497
429 308
75 425
187 331
482 274
67 90
427 359
278 145
274 278
313 289
25 370
127 87
25 58
163 415
481 118
115 229
37 413
190 45
228 464
91 377
320 210
422 158
155 247
377 52
341 430
300 190
130 367
277 280
47 155
273 440
169 381
294 388
285 58
375 336
65 14
224 466
476 385
132 498
51 132
62 9
52 392
259 214
494 34
189 389
329 42
275 314
54 351
261 421
257 340
354 136
454 322
208 430
281 431
415 192
54 332
224 477
43 458
492 336
77 38
432 33
347 406
109 207
128 401
93 371
359 237
59 299
82 314
97 119
312 363
195 12
341 218
176 271
459 384
274 20
53 36
295 206
265 252
5 256
127 245
482 451
250 339
5 394
13 332
47 102
466 177
395 94
366 307
43 423
295 177
66 318
376 200
452 361
117 494
239 310
261 97
436 74
468 363
196 441
395 333
11 95
190 213
20 258
34 408
85 415
233 329
30 151
364 462
456 334
144 482
431 195
121 257
121 219
12 89
423 169
264 407
120 286
44 454
214 492
259 78
260 300
303 345
307 290
124 168
2 115
162 121
378 433
152 284
373 351
372 164
423 148
434 137
443 395
239 479
409 158
310 350
195 21
311 113
281 354
469 288
261 135
68 132
416 491
195 72
88 141
290 67
204 363
110 224
55 0
10 349
200 317
338 172
285 247
102 2
142 419
54 71
55 403
246 475
399 471
465 441
9 488
203 255
331 65
417 314
163 387
56 427
99 215
315 394
248 237
8 417
340 390
293 414
389 396
219 392
333 141
481 184
291 342
260 184
498 123
362 177
105 14
81 418
312 56
145 396
313 61
303 153
68 6
402 449
341 309
450 121
158 174
369 431
116 449
424 129
306 466
480 286
204 263
320 62
310 369
282 317
471 124
130 85
34 39
348 384
357 375
402 151
82 15
317 271
400 50
369 241
28 58
322 349
263 84
453 494
311 74
50 87
173 134
173 32
416 207
435 374
377 125
141 337
108 459
362 310
403 360
418 231
432 431
368 92
86 196
122 173
261 250
384 24
56 434
493 410
136 324
449 428
265 13
324 442
252 373
85 186
269 156
439 4
96 202
250 307
333 35
137 224
248 94
380 21
283 304
128 373
302 419
432 77
20 67
293 257
295 124
280 378
234 65
119 72
231 183
70 221
445 64
158 207
80 193
497 38
412 364
135 477
406 66
133 68
177 278
403 278
157 472
389 35
107 391
426 8
229 339
403 496
203 174
367 414
452 136
0 216
45 216
282 487
55 452
230 268
46 84
57 485
21 55
299 446
307 128
319 225
222 36
63 223
137 277
413 282
351 441
10 265
253 396
200 144
412 160
245 283
268 311
366 154
452 289
270 17
243 259
148 89
164 317
446 63
345 153
95 360
477 48
445 105
249 82
243 497
280 14
325 340
494 49
190 43
61 446
58 312
254 156
325 58
121 418
72 271
131 318
367 19
476 461
43 164
161 225
91 286
478 294
343 268
164 472
271 385
50 225
233 329
387 304
74 58
329 360
178 146
165 313
274 45
209 141
219 317
456 223
17 162
431 434
259 212
449 95
172 30
211 499
155 257
315 450
310 230
376 144
309 488
34 394
387 83
253 95
170 458
121 61
495 187
399 404
351 106
136 349
200 23
280 199
149 356
86 447
443 311
300 314
60 253
188 186
133 448
406 293
354 304
491 379
283 202
308 243
444 134
9 297
348 144
352 141
88 498
309 438
105 384
137 461
147 165
465 177
471 133
437 372
251 177
379 428
23 387
21 40
189 467
464 383
24 37
387 316
107 465
349 197
10 64
229 338
15 10
143 47
419 338
16 80
360 22
261 247
139 384
203 283
166 328
366 19
188 42
7 105
302 147
211 356
46 165
175 292
339 62
400 318
250 110
485 268
16 110
346 246
381 155
336 402
421 399
442 54
159 461
108 301
10 314
479 171
464 56
118 154
324 155
266 371
139 74
36 103
349 7
15 383
137 231
482 351
405 410
372 424
78 64
378 480
152 88
144 209
363 468
123 263
486 187
113 241
196 477
485 150
385 46
129 352
203 22
432 111
388 460
376 156
137 318
406 107
316 141
461 50
165 180
219 436
178 151
481 333
335 374
272 466
170 220
242 253
217 373
185 26
183 457
275 61
168 172
313 181
83 485
17 126
62 249
252 88
273 92
319 233
51 108
328 91
197 221
446 422
449 414
223 131
45 484
156 498
31 213
50 321
447 114
363 419
8 9
102 116
201 281
390 421
364 253
474 70
493 61
327 421
404 294
130 50
400 449
163 286
459 431
46 65
485 406
267 261
377 493
274 221
494 79
332 16
87 211
124 158
431 432
78 452
354 336
285 208
346 107
38 300
366 305
63 84
346 351
196 182
256 75
6 322
339 250
313 190
349 278
62 438
242 280
116 492
200 96
203 254
54 398
55 94
30 420
123 470
4 228
304 171
494 260
363 162
353 185
315 176
114 54
186 229
221 356
305 155
409 273
171 360
454 463
236 78
48 337
65 211
235 52
165 369
32 81
266 28
204 237
291 433
162 319
27 329
484 235
8 332
45 393
209 31
461 351
188 297
360 9
413 254
475 95
176 430
458 7
96 294
79 163
334 239
69 93
328 213
46 53
299 336
219 443
294 360
9 180
41 483
237 369
317 307
237 64
72 345
492 48
63 20
260 71
165 397
110 329
234 345
34 8
303 33
245 253
286 98
433 254
476 179
486 22
86 293
490 76
124 10
31 334
406 39
288 291
472 423
268 250
259 206
92 154
408 62
12 337
92 46
225 445
319 68
213 64
140 406
416 55
390 116
155 447
90 148
423 443
193 414
473 43
198 304
219 65
254 458
4 83
381 198
118 229
145 200
106 183
239 285
253 23
322 481
129 260
55 265
179 404
447 249
405 4
69 497
455 476
60 176
374 311
393 441
141 493
176 38
324 100
475 267
248 429
190 297
414 229
133 245
346 446
450 81
430 104
80 372
48 386
197 492
285 422
415 90
481 279
379 444
211 305
86 354
3 312
41 276
374 270
216 175
108 220
324 18
390 38
424 257
101 438
361 474
416 387
166 128
424 397
54 397
251 488
300 141
269 106
376 341
16 143
216 92
111 124
163 392
149 1
292 439
265 103
490 5
133 34
431 8
405 410
398 338
331 156
262 198
39 100
96 491
83 56
32 312
56 46
400 47
339 58
161 192
197 104
138 151
159 182
92 422
260 416
72 490
40 91
43 186
177 80
488 139
303 113
159 20
420 212
270 411
455 259
363 431
434 152
187 354
276 445
361 131
474 36
479 285
323 14
446 22
14 1
466 434
307 169
381 477
389 227
486 3
434 344
349 349
203 220
17 388
19 331
219 230
15 493
360 198
73 191
44 306
241 87
108 10
487 48
275 490
493 228
425 113
314 280
352 274
14 370
201 370
452 33
379 421
119 468
159 239
45 192
131 203
65 286
186 240
82 404
133 313
426 427
207 58
184 241
111 412
134 198
231 164
85 86
406 462
201 57
101 417
120 247
33 233
473 37
442 72
385 407
334 75
485 164
405 394
306 21
219 368
32 440
378 302
265 470
27 285
202 466
213 128
361 175
212 99
23 186
445 6
81 408
72 280
174 418
439 329
49 332
124 10
313 82
404 2
139 430
248 431
59 342
369 314
265 273
311 433
440 288
196 257
389 373
292 121
302 63
247 231
94 352
286 371
373 407
189 190
121 365
207 437
251 32
157 428
361 16
304 321
430 301
175 353
326 319
234 319
402 128
332 481
352 496
403 118
160 77
442 444
382 133
18 1
429 485
354 175
348 143
444 10
363 278
97 471
290 41
22 331
164 193
189 354
325 368
298 445
389 485
119 92
94 123
109 137
164 375
18 463
473 13
291 315
286 189
230 241
72 77
270 252
459 89
457 459
256 284
269 255
200 146
269 240
229 146
21 378
193 394
407 392
59 19
208 50
291 345
274 290
395 216
305 44
356 206
490 114
222 112
110 111
204 422
68 380
110 433
327 441
185 156
175 86
137 244
442 235
377 428
144 216
261 272
330 301
416 469
433 320
284 490
412 396
276 488
421 332
273 238
246 101
187 311
55 421
8 176
457 497
214 386
10 101
255 327
148 341
13 23
13 433
329 297
137 425
257 457
196 59
12 382
193 442
216 199
228 101
98 224
462 185
138 164
343 325
166 393
416 491
277 31
329 281
206 106
64 466
377 315
50 112
54 389
441 95
196 122
199 169
354 147
163 161
338 492
238 7
350 4
36 6
288 127
234 217
35 346
14 150
262 265
154 64
11 168
291 447
116 60
207 342
355 322
315 222
229 194
198 53
59 432
59 86
155 199
46 145
295 43
308 60
476 57
78 314
262 487
47 369
211 378
201 106
329 66
260 368
273 410
194 311
249 184
384 254
251 257
300 430
342 399
308 460
274 318
157 386
255 36
267 57
15 318
237 320
188 196
107 349
12 461
497 301
407 114
371 381
163 11
410 23
483 5
175 218
105 257
146 333
242 212
383 413
233 257
454 120
321 273
234 413
66 334
448 231
465 326
337 171
194 128
486 247
317 177
286 161
346 274
487 284
197 88
198 370
342 282
55 152
417 163
349 141
225 483
309 297
468 42
170 146
245 14
43 8
22 415
189 330
466 368
309 28
250 16
298 359
363 444
108 206
199 280
263 457
107 276
318 73
71 427
442 341
349 169
84 485
167 371
92 125
6 134
150 253
112 256
201 300
6 475
107 161
470 58
334 370
295 77
5 153
494 219
388 299
284 195
419 324
449 304
438 11
116 455
64 440
240 228
55 117
278 99
9 162
384 248
178 343
348 32
251 35
334 194
390 139
315 118
422 309
172 264
72 212
152 288
368 488
105 245
196 275
289 235
335 205
48 25
57 13
400 249
443 308
299 234
205 333
494 114
231 127
192 18
306 155
143 196
441 26
153 100
335 489
194 294
320 22
388 95
344 377
38 288
23 287
473 337
304 228
207 467
486 35
42 251
448 144
23 37
137 389
231 28
323 324
346 425
20 143
372 86
375 216
4 410
100 250
478 329
148 404
291 37
289 486
483 333
370 237
478 6
34 359
35 209
487 209
352 233
320 359
76 225
135 47
297 432
261 235
491 275
164 261
248 282
467 453
42 231
89 189
400 21
82 475
185 435
21 69
281 389
114 341
388 357
141 102
189 185
312 254
15 33
315 476
282 263
494 135
324 324
197 83
411 77
12 132
53 96
485 385
226 334
43 452
406 466
3 184
438 95
128 315
144 454
217 296
283 426
102 64
499 107
36 300
284 410
358 49
434 337
172 344
148 13
331 215
252 54
149 335
2 190
144 130
278 146
424 214
278 61
20 27
179 129
40 57
458 463
152 398
94 244
109 176
244 242
296 441
276 496
186 298
280 130
129 183
249 410
471 53
432 379
8 343
252 463
278 48
299 210
307 431
107 393
488 416
357 351
199 284
434 485
468 238
421 214
124 97
2 22
401 447
291 435
250 409
310 43
106 29
312 109
354 413
329 419
123 342
127 39
376 174
412 61
128 344
441 185
207 104
52 444
231 108
18 195
238 481
362 328
289 196
109 174
446 143
486 291
182 421
95 465
378 58
255 8
45 6
463 48
492 253
213 15
210 75
409 231
411 300
349 271
446 52
196 458
101 392
313 182
499 283
194 408
268 377
236 449
497 314
419 199
66 342
417 132
216 128
428 326
450 479
32 129
88 396
288 228
262 41
325 453
213 113
490 19
320 482
148 78
277 317
11 419
403 343
471 429
107 119
451 252
381 57
305 483
63 321
363 93
398 177
290 40
59 112
94 132
211 231
48 94
365 340
184 60
341 268
388 7
111 300
210 191
174 345
166 15
461 89
118 381
421 359
471 408
392 332
63 417
363 103
444 464
376 228
497 480
339 217
369 237
428 451
148 79
447 454
395 166
48 260
471 13
273 321
6 443
212 165
121 421
237 428
156 417
249 113
182 5
94 88
391 52
483 374
180 39
206 282
42 75
440 106
279 14
309 213
379 137
59 373
301 352
269 148
262 310
167 18
458 444
348 262
488 350
241 332
114 21
96 299
257 157
23 37
102 389
26 332
205 481
185 437
86 359
169 454
324 348
144 336
450 283
485 493
325 439
312 78
378 291
300 408
297 487
376 323
7 400
233 403
192 65
424 419
225 278
478 445
281 50
185 123
468 84
375 22
100 145
436 187
95 330
170 237
412 245
497 46
301 420
485 230
1 494
124 261
206 227
129 103
78 339
423 166
40 398
43 298
485 492
323 479
68 433
30 345
391 481
401 27
257 193
39 238
499 111
190 163
118 57
248 319
337 48
446 172
322 377
369 489
469 160
93 44
389 37
18 123
2 133
178 271
361 111
222 217
380 360
269 412
83 351
399 18
42 420
149 346
335 364
376 371
415 156
46 469
444 157
142 416
188 298
410 320
37 49
262 132
397 269
120 383
253 480
401 20
366 147
364 402
273 53
62 240
62 41
198 108
24 358
157 192
12 64
466 67
51 401
170 80
463 448
429 143
163 69
216 182
84 381
286 80
321 358
399 348
456 383
241 449
141 333
249 398
317 5
406 215
295 369
317 76
71 111
32 246
428 234
467 248
329 13
223 106
454 2
237 122
71 263
448 478
229 64
69 197
265 46
415 475
403 412
23 85
331 475
61 407
156 112
477 381
487 337
191 200
322 293
408 428
258 245
161 356
406 487
386 230
57 171
83 153
238 312
139 107
366 422
34 53
286 22
211 11
211 125
418 402
330 385
482 179
387 441
428 143
225 293
464 166
320 282
446 48
7 410
332 438
491 373
248 218
81 129
254 459
214 292
29 24
203 396
337 11
154 91
384 118
284 379
13 201
249 456
367 312
250 256
481 51
270 93
222 229
41 351
496 476
352 255
3 377
389 56
499 341
459 395
127 235
436 95
52 492
304 185
293 271
322 406
351 275
356 444
296 425
401 397
4 144
21 106
162 8
349 410
158 13
248 160
255 137
129 185
222 159
430 286
44 16
143 105
49 396
321 499
397 197
341 75
181 253
261 363
125 195
208 462
122 135
272 308
493 230
241 402
40 68
84 24
129 84
332 79
78 178
376 154
81 327
81 69
432 114
161 194
157 410
45 369
29 279
361 318
72 23
91 103
127 112
196 27
106 256
286 381
387 36
216 14
84 468
434 297
343 368
130 95
316 0
280 28
346 345
368 493
96 270
382 311
190 75
183 430
311 148
185 322
336 198
18 253
402 272
493 452
399 245
246 475
3 215
61 378
371 201
471 281
445 320
395 353
136 135
136 431
253 299
350 173
426 441
66 368
173 328
73 411
386 72
288 319
49 390
91 349
482 421
93 415
120 427
415 488
271 256
408 51
224 376
318 258
126 150
330 236
499 151
224 403
75 385
127 12
213 124
397 71
486 195
475 490
331 458
215 390
441 102
331 475
233 17
19 149
237 211
363 349
252 236
473 87
451 179
156 101
24 164
211 405
396 362
320 38
428 79
181 387
362 221
238 12
13 95
159 257
458 102
338 22
109 63
242 164
117 412
428 250
156 141
355 139
30 404
483 27
415 458
32 16
381 129
77 122
232 394
349 236
258 190
253 39
203 219
131 348
98 320
313 59
50 106
10 20
48 80
391 493
10 463
444 275
397 391
137 21
257 481
24 486
26 367
86 277
477 81
402 69
480 428
34 67
88 31
463 45
390 136
451 206
333 400
143 247
269 83
64 281
119 378
246 88
218 497
79 184
106 195
123 333
252 86
469 10
407 340
328 285
491 297
50 131
379 325
408 193
326 148
378 324
413 446
443 476
161 483
178 374
207 119
205 154
164 460
152 175
460 71
220 481
112 303
480 270
464 491
491 240
65 290
236 370
346 330
313 32
406 359
478 343
497 466
426 184
211 13
84 430
263 23
326 305
75 376
219 159
399 391
34 63
433 464
294 122
154 131
343 459
303 413
379 321
357 152
166 157
87 420
443 250
407 351
79 122
281 335
78 150
213 180
497 112
235 498
482 143
103 389
302 325
498 258
410 33
190 208
128 76
179 130
481 424
398 438
273 412
62 179
211 204
316 128
126 208
352 403
293 108
285 307
65 447
333 136
344 475
404 23
153 324
248 435
373 486
250 146
177 499
203 313
441 389
97 19
423 419
380 301
108 68
367 17
153 25
353 52
76 497
322 257
192 81
420 70
69 417
416 170
335 246
135 119
491 128
48 85
238 266
186 280
297 199
224 405
458 451
448 429
38 386
467 122
45 82
0 239
410 114
360 416
388 245
226 348
285 231
497 274
54 23
222 35
440 203
154 299
228 398
284 455
77 119
201 104
343 122
88 201
470 105
203 449
149 358
89 429
55 434
309 438
473 109
164 32
183 413
164 319
126 263
382 300
404 203
178 84
137 100
57 266
67 107
317 260
189 216
2 406
196 244
205 312
196 169
435 222
41 379
494 99
251 19
222 377
313 8
108 252
19 450
58 165
278 86
155 375
134 319
416 157
321 330
352 473
195 17
248 139
90 88
107 243
472 341
349 182
434 285
235 457
475 453
392 145
373 253
72 47
56 7
189 340
314 378
247 393
32 9
98 348
443 122
464 205
387 415
52 313
123 322
127 139
137 450
55 19
418 10
369 479
320 327
57 410
304 134
143 304
4 188
311 93
151 447
214 127
292 38
212 118
110 267
217 192
63 247
257 124
104 482
309 478
240 424
410 366
22 44
85 53
499 27
326 396
375 150
40 393
11 167
435 105
297 121
368 4
481 360
194 477
307 85
361 355
221 48
444 271
176 96
475 29
277 175
177 153
46 152
172 218
323 410
31 459
315 472
332 252
81 296
381 27
234 241
289 94
365 308
404 85
115 394
421 231
384 244
249 99
169 283
193 421
232 492
464 224
328 47
344 148
27 410
151 77
172 262
70 292
377 389
135 326
57 344
89 57
8 293
76 338
111 177
169 269
346 343
242 485
485 174
436 86
16 13
127 439
83 40
429 197
23 461
157 65
474 432
225 98
288 482
159 302
71 399
94 180
17 417
444 337
275 2
367 232
172 291
331 494
191 255
68 113
30 66
498 78
176 4
338 76
378 465
216 497
29 301
71 311
0 46
400 367
99 275
419 268
262 123
379 250
215 306
224 299
229 245
101 75
151 406
223 291
140 381
34 439
102 169
67 105
324 454
230 468
88 424
47 149
251 202
360 278
430 319
416 437
12 159
65 18
161 15
248 140
80 302
323 282
240 34
489 391
211 64
488 71
220 151
353 388
166 323
142 214
3 96
256 59
429 15
382 173
314 90
244 130
264 246
132 68
459 4
421 121
192 22
173 261
149 264
440 378
92 168
264 434
493 447
462 372
398 274
217 196
326 212
310 461
29 91
447 442
64 340
214 368
130 108
225 387
266 131
299 165
99 210
158 64
288 445
71 472
169 186
250 288
102 347
438 60
3 483
176 238
106 419
27 390
130 88
220 104
121 396
458 371
435 221
18 468
293 76
262 89
230 462
309 13
425 332
167 100
190 428
347 343
234 148
237 227
183 364
112 309
180 305
378 422
391 468
396 396
337 36
498 10
375 419
103 159
111 301
81 271
114 301
450 429
8 200
64 39
200 191
348 28
451 232
52 226
122 194
230 448
459 312
231 80
239 334
487 187
458 203
4 69
498 72
273 306
197 358
401 189
218 397
482 250
476 21
67 34
335 451
115 149
229 294
480 198
385 320
23 468
37 343
268 380
38 387
97 393
434 236
133 498
100 4
25 467
2 429
232 444
93 337
483 347
45 322
495 463
283 283
126 18
250 320
207 246
491 289
25 156
155 426
430 10
478 107
388 308
252 332
169 120
467 346
20 4
467 365
148 15
386 251
423 126
225 488
277 483
139 216
142 154
17 146
254 73
233 347
31 142
263 485
183 200
56 82
447 204
71 23
126 447
74 309
298 50
33 299
367 427
434 172
319 10
435 451
150 425
419 168
5 181
233 34
117 41
97 289
164 416
216 168
330 291
193 290
441 128
407 78
102 160
170 341
292 421
198 457
477 294
475 118
4 335
376 208
349 121
390 473
493 14
157 106
248 323
303 202
280 41
201 211
52 382
156 224
181 197
491 354
324 11
346 319
379 329
302 222
47 229
95 192
298 40
364 252
306 398
439 167
378 86
468 141
365 283
480 124
331 398
409 323
142 155
336 107
181 22
103 139
183 228
269 198
302 334
232 485
152 108
194 172
313 383
166 14
491 30
428 146
469 322
329 190
297 464
486 166
157 479
59 89
287 340
174 328
313 441
49 407
431 318
201 95
109 96
126 219
365 100
274 406
448 186
150 104
122 98
77 488
77 279
119 488
317 216
157 146
405 482
152 58
153 336
432 353
72 115
67 410
168 289
328 342
298 117
215 478
467 420
199 144
132 396
113 170
168 301
136 122
181 73
409 288
142 186
153 193
103 66
356 221
415 124
241 36
14 213
133 456
452 333
82 332
354 84
238 195
169 23
96 374
162 202
389 358
51 304
223 42
115 7
483 431
467 30
243 224
32 333
167 376
60 484
420 101
148 267
290 158
32 317
20 238
448 47
203 261
155 352
359 426
357 271
301 342
418 324
10 397
273 450
286 177
130 186
453 58
69 278
95 95
185 101
0 467
228 134
486 204
130 384
155 197
39 340
164 308
57 309
111 174
203 183
369 249
307 185
463 174
269 376
330 59
26 454
88 330
34 107
491 426
123 165
5 498
158 14
323 21
48 216
399 434
183 103
289 120
294 343
219 104
163 415
369 401
232 42
149 310
236 118
135 492
342 212
226 492
366 0
68 50
336 266
221 467
439 372
215 10
115 233
148 286
40 130
24 370
32 124
242 25
17 120
332 230
222 359
212 59
461 440
206 280
100 297
169 428
290 39
125 236
375 257
388 125
495 415
39 264
290 379
352 133
363 307
19 184
95 438
378 231
363 56
206 437
365 315
355 227
464 7
265 480
457 339
106 5
269 453
184 497
130 59
219 36
73 346
136 238
321 168
77 14
303 36
352 283
362 20
28 207
39 326
17 145
150 496
301 123
472 271
331 338
374 103
449 402
140 299
320 437
451 313
349 249
384 107
127 201
260 246
73 7
152 151
148 442
418 154
426 301
139 390
493 109
11 366
17 294
231 3
316 337
86 35
494 17
219 470
69 121
481 331
483 142
436 485
140 131
284 354
245 418
27 276
494 90
237 390
245 11
201 320
355 61
430 139
462 201
175 149
481 31
173 156
141 464
447 461
316 133
51 83
359 61
3 430
172 205
217 240
61 417
478 270
409 268
322 261
262 371
402 497
153 243
59 427
389 146
280 358
294 57
470 331
114 5
211 473
66 286
204 280
50 479
99 34
295 311
183 421
418 58
153 437
217 423
70 65
275 106
15 350
33 69
75 485
458 147
434 138
270 376
355 490
24 320
131 307
228 172
230 166
456 499
422 235
300 173
279 492
194 76
497 146
131 228
227 424
62 441
318 13
3 332
4 25
332 380
52 488
6 413
264 134
369 462
135 186
31 22
450 266
412 77
305 447
224 395
337 385
398 286
471 7
32 254
134 327
167 217
482 186
172 174
488 246
284 41
415 124
242 167
245 365
313 7
402 402
287 37
175 239
246 38
292 498
178 131
200 426
464 345
371 34
280 488
29 212
188 416
84 445
162 430
437 329
83 475
364 340
431 371
409 392
242 30
161 53
479 420
118 213
247 295
283 341
53 379
295 164
461 241
24 231
412 124
451 461
153 496
367 168
60 85
115 128
181 154
427 128
341 12
159 45
238 440
319 442
458 144
385 466
198 420
44 409
223 110
458 347
15 376
313 325
305 427
82 280
408 338
202 9
406 101
41 361
155 144
288 360
327 114
386 26
287 377
339 282
129 10
239 298
475 145
72 52
185 281
471 6
15 93
195 174
35 421
418 236
449 43
157 206
232 128
5 43
325 20
382 196
494 454
451 121
26 470
103 376
382 211
156 426
100 398
171 351
440 488
31 89
148 389
17 40
83 380
252 374
422 260
66 487
108 417
239 18
246 486
49 194
120 128
378 206
409 221
61 50
139 349
90 444
484 287
20 459
185 419
179 124
111 108
25 97
115 72
410 116
310 361
342 460
18 430
3 220
270 279
481 64
360 262
401 71
383 344
263 273
398 68
28 294
392 361
433 405
21 359
73 344
156 331
262 415
135 26
305 117
34 258
372 286
210 394
239 125
399 445
13 354
1 149
10 42
447 393
104 296
492 321
152 177
92 0
378 266
384 80
190 183
322 418
312 62
187 384
329 403
110 86
87 194
88 111
356 450
98 388
209 460
138 442
442 361
128 82
14 320
355 364
134 204
266 29
413 446
202 306
244 94
289 312
275 332
134 377
117 131
443 232
174 326
188 433
368 116
288 168
384 382
87 143
25 18
316 205
11 438
33 370
34 256
88 174
403 309
292 222
306 21
347 88
21 480
448 387
407 389
272 236
231 291
161 211
416 256
47 478
200 280
36 432
106 235
44 476
50 361
382 189
277 356
336 82
469 298
40 284
372 229
372 164
227 103
360 386
364 143
275 259
191 416
151 311
287 297
10 48
237 189
45 393
475 14
164 381
17 296
377 56
220 389
345 250
136 447
443 57
316 352
120 70
382 7
156 272
320 21
211 166
411 57
423 108
342 386
35 439
348 359
101 264
366 420
368 298
355 354
58 163
233 171
30 179
451 467
341 186
204 271
180 404
12 116
354 455
246 354
66 389
6 94
15 167
317 372
227 235
250 172
195 285
464 335
303 225
263 415
38 144
48 467
83 70
25 412
267 438
179 272
218 333
352 185
58 85
320 21
193 137
422 70
406 388
465 239
154 61
57 228
47 45
115 457
369 131
69 493
117 136
321 100
286 335
421 25
46 196
333 93
16 91
331 107
346 422
335 296
376 353
398 392
349 424
55 365
358 70
59 476
76 475
163 232
110 214
410 436
29 156
100 95
203 45
319 431
80 49
402 154
398 456
380 300
18 99
170 287
263 376
204 229
461 192
258 367
155 71
80 169
116 184
82 180
463 319
369 401
408 43
0 271
424 306
406 232
20 442
170 76
157 135
179 226
93 118
42 438
459 100
285 474
6 75
395 367
120 469
365 116
239 28
335 217
449 15
457 93
169 321
309 480
206 178
148 488
278 152
252 190
16 237
165 389
108 22
492 412
28 229
257 209
426 267
283 444
37 227
49 92
424 58
236 210
198 483
135 385
427 329
418 239
481 444
318 83
495 89
318 162
371 375
495 428
372 297
377 278
222 410
468 278
488 147
130 57
294 38
367 117
208 221
17 286
221 189
279 188
350 69
444 449
377 222
371 439
69 250
12 248
26 292
291 332
389 366
405 273
242 183
257 124
410 450
140 126
314 484
53 271
220 165
239 497
437 450
52 110
211 358
150 64
396 89
308 293
66 138
321 213
337 308
111 78
205 100
84 251
374 19
36 489
486 94
396 275
238 275
486 448
364 301
390 136
430 113
251 198
263 348
9 424
3 453
53 120
223 60
79 489
330 97
43 116
243 168
296 292
240 481
282 282
418 457
422 25
75 200
401 173
97 191
144 410
382 452
12 49
390 457
54 444
412 220
388 449
241 155
489 184
466 334
143 123
148 237
289 65
90 76
267 190
452 187
492 263
312 186
143 4
300 202
274 197
499 212
220 162
199 240
426 209
184 165
254 69
134 185
261 44
86 224
264 380
143 39
225 256
112 455
9 369
418 413
477 283
297 417
10 49
258 496
14 436
358 295
480 120
164 492
217 241
473 251
142 333
89 116
423 219
88 53
318 432
67 359
128 296
197 364
213 490
427 456
103 79
199 285
129 83
324 364
467 198
31 149
265 109
328 120
26 40
324 269
480 344
492 391
107 108
99 190
498 320
251 378
15 101
184 451
315 144
343 360
9 134
243 374
347 126
18 423
44 373
69 342
85 24
133 62
252 192
365 84
462 102
203 116
419 329
473 239
451 234
368 168
395 312
438 463
239 242
467 308
150 283
160 36
98 235
279 145
229 202
156 496
465 43
372 211
450 384
471 197
218 253
65 191
7 113
207 355
163 246
381 174
62 313
400 41
38 13
215 32
380 267
162 224
435 345
82 386
436 238
343 53
244 154
267 409
264 103
349 474
0 428
93 83
476 62
75 346
230 15
134 143
367 110
308 297
35 154
244 390
443 471
125 88
497 39
495 244
70 113
393 344
279 70
485 339
185 256
271 60
55 415
377 257
406 274
281 185
75 442
413 25
465 370
262 391
135 314
428 257
453 206
128 321
12 233
341 113
26 197
464 464
221 433
208 194
379 128
70 489
366 307
177 335
226 332
146 291
400 214
420 426
100 354
439 400
366 112
162 132
96 244
177 478
172 169
297 237
78 404
211 219
407 445
129 240
384 133
347 127
406 284
138 119
372 6
470 429
61 238
482 484
463 9
179 11
249 487
391 476
48 327
124 454
47 455
440 105
233 431
215 140
111 491
497 206
135 483
73 319
304 49
58 407
419 119
106 237
66 168
347 350
156 114
421 472
77 203
134 361
1 162
5 350
56 113
448 2
174 43
92 22
429 478
97 3
92 348
368 55
405 158
124 216
40 62
265 45
259 469
484 252
102 112
77 489
344 10
405 26
400 18
348 350
353 181
382 445
352 445
456 250
318 258
172 80
478 210
180 289
41 89
201 164
5 495
357 131
9 349
367 263
113 409
442 67
364 318
115 324
427 217
475 423
356 245
308 499
288 186
275 488
4 330
177 328
459 9
211 35
298 320
81 430
498 263
433 24
348 362
79 400
324 127
373 406
405 180
366 181
21 194
376 493
321 377
386 53
88 133
305 449
380 238
353 387
263 378
240 138
39 463
91 172
78 215
395 316
497 484
178 113
458 370
247 54
459 131
116 485
435 48
138 422
161 167
45 492
130 424
387 137
309 21
236 478
294 388
372 483
96 143
13 402
308 406
38 112
450 267
167 154
76 385
404 158
2 237
13 449
438 484
6 401
379 248
488 242
226 26
169 212
114 174
81 35
147 274
393 471
125 449
186 413
71 54
143 90
39 425
409 157
410 478
78 415
10 289
167 66
130 88
114 337
224 96
370 47
18 223
173 115
28 496
50 359
450 451
376 45
202 341
171 286
53 464
254 249
167 415
3 273
110 297
393 118
165 186
410 115
231 36
32 83
294 111
415 434
479 244
86 291
429 34
498 257
359 335
250 104
378 26
176 106
224 340
27 421
37 241
129 289
224 120
83 161
95 18
263 498
142 427
461 201
310 423
258 311
416 169
48 361
467 146
486 76
497 43
136 365
154 386
358 266
279 378
397 442
292 227
154 12
65 434
210 467
278 375
397 468
181 46
192 297
373 148
43 31
396 222
109 180
446 403
281 467
261 77
304 30
394 54
340 458
277 459
187 50
371 408
454 84
381 52
53 499
30 106
328 448
128 278
181 289
109 426
4 315
345 370
276 308
119 92
51 117
167 396
304 238
174 390
295 111
110 407
13 348
296 492
270 194
483 277
203 452
267 92
315 59
368 464
56 91
208 339
235 460
50 228
470 392
3 225
484 265
465 113
105 498
44 114
391 227
179 379
472 446
6 298
115 139
230 226
65 23
483 291
371 152
44 386
111 341
107 47
12 95
445 424
38 469
197 341
221 429
376 228
379 45
184 234
460 346
369 266
409 377
29 205
91 280
474 74
473 54
1 433
357 486
307 299
140 396
325 4
85 361
406 53
139 316
162 442
209 99
476 31
88 118
251 358
432 31
85 225
158 405
243 439
238 367
263 51
407 378
92 441
346 492
160 350
293 486
437 322
206 2
472 266
124 294
326 223
300 56
313 263
202 310
178 57
108 292
171 441
234 15
360 115
465 81
67 20
343 258
112 4
270 401
47 437
160 246
302 225
489 313
123 116
173 43
336 301
95 133
148 359
326 329
410 8
381 291
402 329
186 76
477 14
451 308
55 24
102 464
129 357
325 91
486 252
406 350
335 174
33 1
182 484
344 359
3 445
126 77
153 405
271 312
121 130
7 223
39 176
385 461
404 168
272 63
265 390
65 178
31 101
437 450
310 66
11 133
211 165
70 489
302 364
347 341
416 275
303 206
167 455
475 40
455 71
461 248
278 221
174 378
329 310
376 111
244 491
156 239
228 307
172 226
419 382
157 371
77 336
143 460
353 244
167 471
219 308
29 480
359 497
159 55
166 40
31 387
126 263
70 39
117 207
89 94
465 36
372 247
59 394
490 368
339 412
221 157
138 410
259 102
158 349
389 419
306 176
439 272
163 285
492 362
308 280
316 433
180 126
20 41
261 92
356 11
168 100
10 77
180 158
359 121
40 190
366 100
224 199
484 158
372 387
167 328
261 180
306 484
377 294
386 179
190 138
90 242
172 210
369 452
73 204
394 228
181 114
165 112
270 405
293 1
329 494
27 460
296 90
236 333
364 25
163 122
217 54
265 105
57 241
445 486
66 131
97 191
303 247
153 114
115 426
420 446
258 444
386 447
133 55
80 123
97 497
52 96
201 166
407 169
155 259
242 352
395 221
469 191
305 199
125 474
420 420
216 397
345 178
85 102
77 330
327 18
114 27
193 231
252 167
278 453
157 407
481 20
63 53
252 302
276 368
140 229
126 196
226 356
311 323
153 164
182 240
267 333
64 148
315 313
266 317
76 94
466 423
476 57
359 30
250 80
309 487
35 391
99 436
111 262
278 262
3 265
98 312
460 122
435 14
183 275
221 53
477 260
169 188
70 305
386 381
220 320
63 47
335 256
370 15
277 447
212 148
460 132
255 162
176 420
47 42
96 360
472 269
309 425
230 493
226 379
199 468
368 447
203 115
130 203
150 73
73 259
392 214
376 33
305 499
41 405
117 204
473 489
414 89
434 282
13 497
317 161
460 213
180 185
241 163
88 310
421 391
458 161
46 313
164 186
443 203
407 58
47 60
1 381
15 314
163 436
449 29
94 332
18 409
424 274
436 259
2 364
25 357
23 312
499 423
126 187
245 442
355 33
266 145
311 356
292 282
163 326
158 93
354 257
31 176
287 278
142 319
176 142
454 19
294 199
239 305
100 420
306 336
481 455
163 72
206 144
470 456
401 369
126 129
157 256
386 9
328 445
439 29
400 357
408 393
51 47
467 147
484 151
458 125
198 317
462 121
429 404
274 284
413 331
439 252
114 423
220 325
206 294
151 159
52 107
154 412
59 455
106 473
99 395
213 64
38 149
53 27
311 467
298 179
284 77
0 237
415 250
44 220
231 121
80 48
460 135
91 234
60 19
267 197
114 11
160 480
359 152
471 65
97 170
99 122
211 381
131 451
23 126
248 27
75 254
390 328
415 387
259 481
30 327
338 26
6 144
148 350
415 365
387 472
94 12
245 339
290 305
284 228
256 314
68 32
212 183
71 458
291 479
306 330
356 322
318 496
346 214
431 467
291 262
126 318
9 385
42 372
452 300
466 326
210 208
244 386
345 275
254 315
145 136
458 413
409 353
67 129
448 108
222 498
168 239
476 200
72 178
330 18
197 377
85 296
182 259
386 329
496 379
368 141
406 493
346 178
307 167
275 413
263 255
494 349
50 432
462 470
341 474
351 292
440 390
149 289
470 122
354 36
29 467
312 222
400 287
454 159
424 60
315 82
283 40
472 162
484 333
308 286
78 325
215 11
152 370
344 217
105 123
442 198
272 486
125 254
265 25
85 431
13 190
230 400
414 149
482 54
340 399
76 142
6 270
140 144
361 158
281 484
35 318
156 223
330 307
332 281
212 95
137 417
170 78
227 219
273 436
335 61
204 465
87 412
56 210
220 79
416 269
439 2
77 451
258 95
228 259
355 443
212 440
18 344
64 234
171 97
159 189
7 6
270 215
277 94
26 326
447 497
351 442
393 386
333 281
40 3
298 61
354 247
92 11
245 224
322 156
197 416
275 333
48 204
151 45
372 325
174 177
119 171
410 26
159 364
219 95
9 199
299 18
381 363
439 391
399 126
395 113
446 96
301 170
215 346
23 452
129 439
111 198
76 100
316 21
468 235
286 35
53 477
340 85
328 286
413 280
245 227
324 308
330 192
38 477
281 45
485 414
112 410
362 448
321 40
275 178
213 289
267 413
499 119
405 459
239 327
407 170
330 337
29 83
60 160
58 419
333 341
103 43
343 297
337 317
495 164
453 464
230 60
31 220
180 229
408 289
459 271
108 167
250 142
154 489
261 162
3 212
107 94
244 458
275 450
114 81
398 122
183 68
140 128
209 66
355 320
444 469
137 315
309 404
394 239
402 463
176 155
101 257
68 283
234 345
279 343
318 348
268 29
157 353
419 409
81 218
39 275
442 25
430 176
268 251
66 176
331 170
427 242
378 284
130 347
191 112
312 409
438 361
214 81
342 447
17 485
112 423
301 56
233 54
157 83
259 353
23 76
318 442
226 302
150 196
160 208
117 193
406 325
258 407
206 120
457 100
375 223
280 70
476 28
111 365
218 486
62 222
164 93
395 232
281 243
451 397
442 293
118 421
328 348
320 376
328 387
110 278
200 204
232 390
107 176
14 196
418 325
418 76
309 435
178 166
63 442
235 129
50 358
206 354
82 231
118 27
157 411
467 228
471 357
385 51
247 78
256 400
476 18
453 26
192 137
79 131
260 108
466 315
21 163
394 172
51 103
14 12
92 208
417 481
33 63
494 303
55 132
150 250
276 31
21 103
234 469
429 452
119 347
10 395
419 140
244 404
268 323
383 110
444 360
424 301
456 329
461 418
20 11
394 464
67 296
117 415
220 154
353 398
145 339
480 363
119 65
240 76
186 387
99 123
276 130
459 23
293 232
243 273
237 165
314 490
257 304
310 283
182 477
169 163
378 327
244 149
77 497
236 484
108 115
246 336
211 384
469 57
182 357
22 64
54 419
76 336
120 312
141 386
402 154
481 310
311 280
130 226
62 388
4 366
54 22
407 102
11 266
475 228
292 194
113 497
186 199
11 41
428 158
312 4
315 182
462 145
371 478
219 444
311 286
308 223
177 217
335 67
295 188
234 310
160 88
287 348
389 346
356 150
6 169
203 168
313 173
152 18
462 37
323 371
446 125
343 483
51 123
163 178
341 346
286 398
98 1
347 425
75 339
361 203
223 434
107 64
434 388
425 259
482 397
22 100
436 428
403 217
248 487
185 67
317 89
90 472
397 267
458 289
344 325
259 319
236 67
455 366
478 22
419 233
185 460
241 294
363 121
460 144
63 111
52 146
118 232
499 142
431 367
192 458
129 275
194 303
170 217
240 150
235 0
312 11
157 272
246 53
198 21
484 206
352 261
346 37
31 322
190 345
155 463
90 382
186 137
206 285
287 208
60 298
310 374
146 372
426 319
192 392
451 476
89 177
66 303
126 435
281 97
412 316
50 288
425 355
140 88
148 484
282 279
153 208
81 444
264 151
44 359
335 456
485 495
150 424
360 403
353 128
296 493
133 265
120 347
287 411
395 112
391 436
144 177
474 396
48 77
436 238
46 444
291 271
48 384
139 293
422 260
105 492
110 218
417 238
1 230
195 205
141 396
426 438
187 137
215 252
490 235
31 151
275 388
124 174
467 175
435 264
108 389
460 392
482 218
301 377
82 484
232 496
286 75
213 10
262 473
60 280
283 104
345 443
117 58
85 469
85 437
326 20
412 194
412 138
16 247
231 213
61 450
26 315
326 200
173 91
371 440
45 86
29 154
65 390
211 499
436 150
171 297
343 114
253 435
182 107
321 269
71 265
81 234
434 97
188 259
199 460
398 411
66 244
486 279
278 131
281 198
347 66
181 304
92 190
297 286
407 126
392 470
57 478
428 325
84 343
155 116
380 283
380 53
333 446
77 366
416 463
382 210
15 263
305 63
201 459
85 455
277 108
86 329
154 334
30 14
483 90
226 185
91 215
161 106
324 424
239 90
300 241
356 121
36 167
126 14
469 237
197 64
393 246
433 136
2 400
490 315
0 337
52 216
322 91
367 213
155 499
240 459
80 456
475 96
462 469
58 454
18 431
30 256
392 263
163 315
130 246
84 154
222 482
74 136
350 397
396 293
252 5
313 136
84 333
154 141
447 399
330 212
320 317
80 212
379 64
311 96
102 9
492 395
31 324
221 418
211 233
91 469
457 464
149 256
249 394
293 303
367 196
13 123
188 188
252 446
42 67
429 415
162 144
320 421
339 194
279 394
363 402
366 222
331 321
215 15
318 80
129 8
483 186
226 142
440 23
91 478
246 482
478 20
293 408
454 299
193 484
386 86
308 56
229 253
120 139
72 444
304 439
477 201
195 140
163 203
33 136
470 106
478 131
40 449
100 271
107 494
80 145
201 494
99 241
232 283
79 219
10 304
5 384
376 487
42 53
189 39
498 428
59 159
460 476
100 451
446 60
205 207
201 378
119 259
394 300
372 204
8 473
209 382
222 366
419 85
477 264
44 460
471 475
451 456
407 432
344 51
259 353
84 402
13 312
113 55
259 407
380 485
219 120
486 90
175 441
58 257
217 4
479 102
58 188
472 283
334 466
171 317
71 445
258 107
15 84
491 223
60 274
246 223
165 131
73 232
341 193
197 131
85 58
247 177
460 496
314 219
388 146
444 337
445 459
395 54
129 460
86 238
462 189
320 333
417 479
172 245
228 259
169 370
399 314
310 268
340 211
209 476
313 228
40 153
207 258
70 435
174 336
377 9
194 488
467 50
295 111
222 140
362 24
190 392
160 113
324 0
328 0
229 33
39 141
252 121
56 98
287 322
183 230
70 164
66 377
489 38
30 214
238 63
455 244
357 428
280 116
116 181
66 108
101 197
318 457
56 353
28 227
309 343
359 211
441 380
418 426
140 430
493 300
44 230
10 301
417 401
434 142
102 385
83 352
310 203
409 253
480 218
413 437
0 290
170 272
50 441
223 440
92 42
124 69
370 136
389 486
128 139
24 175
379 82
286 459
213 41
259 47
484 45
187 24
297 484
278 209
149 199
94 1
70 93
81 70
57 292
431 322
497 185
120 456
415 229
122 258
305 480
378 382
258 289
125 65
275 407
107 403
257 276
370 53
123 179
472 451
274 180
218 403
359 123
204 338
96 127
459 327
61 253
394 189
255 319
227 371
127 382
158 186
239 384
63 380
332 214
247 35
291 458
433 465
155 150
129 138
465 103
356 441
130 378
197 250
121 237
119 424
462 248
484 130
10 53
268 48
435 194
4 15
332 226
229 438
428 487
90 210
151 393
271 298
400 134
223 320
97 373
474 343
473 59
113 458
358 335
30 233
248 146
224 34
324 80
419 453
16 252
497 361
159 19
153 120
441 411
136 377
72 38
449 110
421 397
232 62
147 131
277 114
1 395
327 354
307 325
430 246
107 323
343 427
48 118
381 348
77 489
379 18
128 149
398 328
243 401
33 131
97 390
286 162
16 450
276 465
212 176
351 206
485 171
290 46
395 33
22 23
41 324
474 253
82 170
71 372
355 177
67 456
119 305
255 205
171 135
311 383
441 235
406 163
209 427
312 48
72 456
281 335
440 113
135 107
331 22
51 59
15 39
344 119
176 134
122 451
335 347
434 433
448 128
407 193
93 10
318 220
407 17
483 99
58 347
222 118
177 390
429 273
392 45
179 273
76 69
268 153
439 263
392 203
248 387
249 151
371 341
359 68
19 278
478 342
312 78
468 200
473 342
387 397
22 218
139 418
72 450
214 259
462 11
250 458
109 62
404 0
420 481
111 263
457 439
17 89
289 269
111 337
234 115
185 498
417 108
59 324
83 341
204 273
231 398
460 454
306 192
173 364
479 226
18 137
226 436
206 35
225 368
483 169
168 459
420 20
344 437
278 479
104 279
29 482
288 187
379 490
206 95
173 405
42 38
326 191
79 120
488 32
202 304
115 323
343 222
11 35
366 39
171 141
475 322
361 200
42 263
210 93
498 249
139 384
427 392
364 465
350 358
162 353
28 404
126 130
17 224
115 137
278 236
58 286
487 253
368 272
365 381
482 79
315 215
107 121
87 242
453 471
176 437
341 467
97 57
281 319
308 467
203 396
35 86
191 113
385 374
255 59
490 102
317 238
211 305
400 276
100 298
87 205
172 128
185 280
451 270
89 318
67 259
197 292
257 102
328 240
152 143
97 83
173 142
300 415
43 385
35 52
257 143
124 475
107 429
51 309
480 59
170 140
284 47
149 368
460 42
37 477
412 112
255 134
401 86
323 407
459 445
440 358
333 216
497 64
226 293
352 49
41 206
253 374
94 326
220 254
83 55
167 257
243 347
433 274
181 145
442 108
467 140
208 382
299 152
445 206
107 377
83 149
376 0
178 188
294 470
25 398
7 377
224 45
319 251
248 10
118 1
493 190
424 437
442 54
260 75
452 387
389 219
219 35
75 265
235 250
148 369
246 113
158 8
259 323
185 329
182 359
401 155
93 176
230 325
401 35
274 342
413 205
93 15
280 132
382 168
38 368
333 383
391 136
311 343
172 2
213 496
152 355
383 114
439 97
132 113
307 192
398 258
274 220
204 491
11 406
274 439
174 49
38 459
302 417
271 201
198 475
182 484
98 202
299 65
30 389
434 283
41 337
409 184
175 167
74 113
404 38
440 200
160 78
495 478
179 462
289 266
102 229
283 471
388 200
442 434
217 418
107 376
60 111
278 16
482 87
125 352
53 386
317 417
395 65
379 164
431 427
8 169
492 385
438 144
78 233
151 380
108 148
259 111
479 20
459 389
242 461
200 436
354 147
64 369
33 249
28 443
464 316
202 389
33 309
42 140
20 463
111 45
156 480
0 370
260 136
449 459
395 354
353 1
370 249
351 417
212 404
220 231
120 177
486 422
62 5
469 28
425 434
414 80
303 82
70 266
225 415
121 371
373 473
222 326
95 243
499 425
157 307
484 220
494 129
487 322
202 409
343 456
388 128
62 110
228 43
310 132
3 454
427 283
109 228
324 1
279 204
12 323
395 436
417 348
171 390
299 404
212 373
353 494
456 453
348 415
47 185
491 159
294 403
483 418
271 404
460 307
131 50
338 324
173 26
268 256
12 196
421 67
414 77
30 275
190 370
55 230
241 90
345 46
316 36
440 180
488 440
342 400
225 471
349 181
289 250
298 118
37 153
230 71