7500
273 50
49 397
279 367
411 96
386 334
153 466
107 351
328 167
345 195
170 479
410 251
105 302
384 493
329 99
471 427
477 465
362 245
112 26
474 493
179 23
341 212
64 332
352 300
495 392
223 49
300 18
320 133
479 405
356 57
484 160
126 327
72 313
191 340
186 37
60 166
378 365
50 402
202 294
39 402
451 50
420 262
248 103
360 92
1 79
239 68
395 485
150 217
410 320
357 342
360 96
461 269
171 238
385 11
265 226
128 424
38 68
171 400
492 286
217 383
451 494
331 309
26 199
19 334
176 436
384 228
497 36
126 346
209 169
247 11
435 327
395 227
127 474
112 419
302 471
317 330
491 254
453 149
483 17
306 324
52 11
399 190
388 49
70 25
37 98
277 317
44 324
150 172
91 23
495 263
445 394
0 312
313 436
305 453
277 148
11 463
154 181
230 410
288 394
492 301
470 325
1 269
294 367
390 152
415 385
131 237
402 212
0 131
436 67
216 305
121 213
394 79
490 275
169 477
278 278
455 14
135 248
467 456
460 281
167 358
447 375
439 150
282 349
417 439
97 218
284 485
64 218
345 30
359 406
184 366
232 137
238 491
448 220
1 57
415 260
488 20
171 215
64 427
219 453
23 333
318 316
386 159
42 235
141 83
449 401
391 326
169 182
254 129
186 469
230 255
276 454
169 218
145 447
252 85
419 364
32 127
287 89
324 270
353 329
82 466
144 303
337 473
102 313
135 91
198 141
447 365
83 474
273 468
405 80
297 25
5 176
266 329
100 292
473 442
260 453
108 55
29 256
422 297
388 483
476 57
422 87
413 423
243 357
437 187
64 149
325 234
416 69
213 443
238 16
321 38
94 498
107 282
79 475
310 29
438 320
259 287
62 212
69 172
211 306
307 6
93 276
197 484
428 9
377 263
301 166
16 50
332 247
222 475
4 264
84 33
172 294
6 343
367 234
392 75
434 79
207 199
184 27
388 404
19 464
482 265
315 321
68 350
326 0
264 143
28 182
477 200
395 200
286 483
411 114
193 179
230 345
224 252
9 414
230 112
229 28
349 212
415 44
396 270
413 241
423 12
212 441
141 252
236 459
74 279
458 147
344 119
372 189
455 68
32 381
261 186
250 261
157 111
381 165
258 54
66 146
87 182
286 131
90 80
359 22
21 16
136 170
359 217
137 360
93 314
352 169
430 354
465 103
120 440
494 198
344 379
413 412
43 283
215 199
74 486
354 75
245 95
165 490
202 456
122 302
472 295
150 475
430 254
194 467
18 50
281 40
453 214
498 194
246 348
186 213
140 320
267 41
383 237
193 432
235 86
233 316
143 59
165 235
203 73
475 360
252 221
435 257
303 57
258 285
351 49
221 444
337 491
229 489
273 73
11 422
90 360
271 244
480 233
158 437
149 35
108 134
391 401
459 395
181 46
96 69
365 32
23 317
158 203
128 104
379 284
144 139
383 321
55 416
353 215
250 213
199 2
255 358
254 90
489 66
135 287
171 85
254 1
56 46
151 413
197 184
323 382
203 193
461 58
274 258
324 314
168 376
235 23
466 424
490 341
480 455
392 126
479 151
197 146
411 35
219 348
230 460
154 394
452 434
44 115
282 78
455 220
244 302
226 42
383 62
369 69
47 363
366 261
259 26
413 63
264 171
483 132
26 494
280 489
105 330
409 177
397 239
41 364
406 493
55 120
41 141
356 276
37 88
466 222
137 149
172 231
363 401
396 155
145 241
423 28
205 102
341 332
48 103
448 234
354 306
447 4
132 395
335 155
229 22
171 153
384 367
268 343
498 99
192 16
397 495
97 116
448 102
57 438
25 349
155 6
362 379
127 103
110 494
368 314
468 340
59 39
382 204
156 327
196 233
228 348
464 93
195 326
116 265
114 105
463 141
373 269
224 177
23 352
166 187
27 392
431 486
191 86
265 166
399 347
47 461
54 479
305 12
129 102
59 274
415 243
12 22
199 140
492 89
276 74
466 159
497 155
93 250
416 40
239 358
172 167
146 287
151 226
180 304
430 280
23 239
261 197
338 387
328 312
387 330
341 104
111 205
455 339
379 204
63 371
390 471
258 87
313 389
193 409
189 346
85 123
320 212
451 347
11 10
341 280
236 398
456 34
225 348
52 411
135 105
76 467
54 25
414 186
95 220
66 459
82 136
200 151
350 255
117 151
283 214
464 458
345 20
368 420
332 70
27 272
240 467
492 455
141 146
366 259
218 88
224 432
436 153
260 424
428 138
352 377
188 63
83 317
237 33
103 303
76 421
388 483
438 316
462 233
492 432
20 181
465 62
215 97
373 401
392 475
205 153
217 244
61 393
426 300
456 151
72 381
216 32
200 313
46 7
439 162
195 390
452 311
260 161
414 168
495 486
139 306
51 52
445 356
9 464
467 223
457 317
349 40
353 173
180 49
63 251
141 471
283 259
420 93
113 395
381 186
493 461
13 21
229 44
360 459
34 90
407 328
220 491
17 256
157 73
176 49
21 221
332 317
262 156
51 104
290 228
189 433
306 283
179 54
365 387
478 40
220 400
243 237
346 440
365 260
310 3
76 41
210 183
339 260
216 472
200 390
175 7
142 241
296 481
221 322
214 161
413 199
288 286
226 157
417 134
490 443
484 79
262 418
31 194
18 101
344 247
254 71
312 371
205 397
71 108
122 426
477 137
275 35
192 265
252 1
444 462
393 94
12 280
326 156
109 43
291 196
267 305
177 397
146 80
188 382
160 69
58 162
198 137
254 333
186 390
204 358
452 482
262 98
106 317
212 440
137 215
373 355
253 256
336 50
284 251
321 377
39 296
433 379
65 237
480 39
398 251
234 184
134 202
19 348
289 240
308 232
87 278
34 181
83 192
444 223
100 219
15 117
348 139
229 300
339 413
17 209
245 89
292 251
99 380
472 311
395 240
370 280
461 335
27 257
480 396
115 323
292 80
71 130
430 141
406 300
361 122
211 423
26 459
191 3
167 478
70 163
444 62
397 441
198 405
302 277
452 178
110 269
400 245
238 181
334 182
156 496
272 47
6 368
223 298
128 197
213 390
453 199
140 157
414 202
479 190
220 68
338 284
29 330
363 90
124 119
115 197
97 281
149 387
38 455
5 372
115 166
365 218
375 68
122 357
399 289
210 454
238 119
449 48
138 119
238 313
362 262
395 205
445 311
267 44
269 335
1 124
342 384
304 219
428 69
358 426
232 328
447 68
468 470
441 249
414 458
73 31
89 276
440 468
13 34
369 207
331 134
370 222
293 25
94 174
452 222
402 304
225 185
7 349
450 193
4 301
332 364
493 77
45 273
307 433
492 410
44 28
251 323
200 414
440 44
118 294
450 393
430 20
222 175
221 289
442 172
37 225
302 127
400 382
315 199
110 60
88 307
482 6
273 339
236 182
328 213
458 354
375 278
454 240
382 97
121 27
252 324
303 158
392 406
105 204
264 207
14 67
74 352
44 348
30 199
412 280
486 358
137 223
463 361
310 443
470 345
22 432
442 74
480 325
381 335
394 437
357 497
350 261
109 283
482 246
378 492
350 394
117 364
78 339
134 433
130 388
172 456
30 152
330 115
302 362
300 211
209 196
457 9
292 411
9 67
59 274
168 239
103 261
453 138
71 33
274 87
396 53
206 446
413 426
289 388
451 215
412 441
450 12
275 221
140 242
368 284
23 51
313 388
26 479
12 118
57 449
3 138
85 453
380 61
301 498
66 21
314 252
265 330
51 116
210 40
177 192
243 78
466 52
31 408
26 345
146 396
34 436
389 1
62 471
470 121
142 363
468 388
218 308
424 233
125 269
313 134
212 154
207 409
317 31
376 90
338 196
132 374
376 225
196 373
495 438
154 18
406 489
298 122
207 124
246 74
209 332
339 59
468 273
156 46
136 138
186 384
259 327
52 170
43 135
425 100
119 390
380 431
53 377
2 30
104 112
297 248
159 165
291 136
182 128
118 447
332 170
497 304
474 91
226 401
2 17
408 3
435 473
350 140
22 340
453 204
304 126
144 250
386 464
444 435
382 420
90 414
218 66
157 440
193 44
61 235
91 195
20 321
313 26
366 223
427 335
314 171
421 232
48 458
245 159
79 344
258 479
46 22
462 476
372 55
143 7
55 285
107 234
260 75
298 272
108 478
150 78
162 274
232 71
83 210
406 477
308 162
184 164
492 354
262 498
6 364
149 405
139 61
136 108
381 399
229 287
365 341
115 379
303 27
89 199
28 386
48 495
159 336
43 85
83 3
367 305
210 89
2 368
329 349
100 491
278 210
403 329
61 495
374 370
421 364
102 463
310 449
137 150
87 321
324 180
337 171
112 43
411 47
248 467
458 92
154 348
30 88
83 57
279 443
307 457
272 200
149 409
411 82
403 139
319 499
22 227
122 157
56 486
453 385
478 305
5 411
499 132
190 387
330 434
391 321
22 137
398 163
245 23
162 162
13 0
79 482
491 35
21 201
87 47
204 327
238 65
197 210
97 90
24 239
61 280
417 268
431 435
458 168
330 29
381 121
455 195
230 461
162 298
197 103
430 249
166 402
464 21
463 216
307 413
193 487
255 368
155 463
131 39
420 114
87 313
8 301
262 394
192 90
193 277
26 389
143 476
349 45
261 107
21 312
299 68
289 214
177 407
298 296
410 160
325 218
371 349
243 333
275 486
263 287
177 469
297 141
38 172
280 146
310 299
220 301
367 109
368 361
157 45
57 166
236 420
269 383
216 460
446 365
152 492
313 61
54 181
354 462
460 93
244 134
287 270
231 464
177 154
51 100
118 335
255 109
492 207
167 376
241 60
404 465
378 246
427 69
383 432
377 133
119 343
113 122
438 406
413 197
297 116
303 464
425 267
474 410
286 417
330 493
310 380
478 234
156 188
473 405
391 39
235 350
324 10
269 200
397 263
231 182
498 46
314 386
296 424
193 140
134 434
166 23
110 444
485 144
402 266
157 458
160 293
155 392
93 485
100 424
458 490
389 183
69 457
381 203
343 217
3 426
450 329
126 22
166 60
178 111
421 420
65 187
432 81
66 221
497 377
219 166
201 308
117 108
311 270
339 350
276 7
188 343
365 226
138 314
277 383
304 168
208 198
280 221
294 140
17 198
217 292
452 236
197 418
41 69
419 8
367 380
75 195
274 56
370 292
28 412
433 0
198 184
405 141
133 330
381 200
344 2
238 98
368 296
365 287
296 409
142 136
331 15
71 69
362 105
370 294
294 390
74 303
296 344
27 331
31 429
431 408
358 375
171 21
309 78
488 388
24 457
472 482
51 208
313 396
42 413
155 35
190 188
32 81
413 486
267 411
171 296
172 198
72 29
108 195
436 233
42 448
282 312
20 366
262 333
99 186
221 304
492 106
188 412
250 377
140 453
249 18
68 312
193 421
469 492
225 153
453 405
217 267
134 235
69 90
276 248
405 20
126 349
261 249
478 166
119 364
382 119
283 369
142 302
295 476
482 463
220 372
492 435
23 290
380 478
226 444
464 8
357 483
233 442
109 471
335 211
330 228
449 69
371 465
442 444
259 18
391 276
63 480
270 383
213 86
30 2
10 291
275 346
289 367
338 8
219 398
478 25
94 402
367 280
76 466
336 161
437 335
167 227
462 1
439 289
291 175
467 322
168 301
21 242
102 309
207 211
237 321
75 38
318 331
149 443
456 394
81 486
65 394
247 249
38 28
55 38
360 330
483 374
468 29
190 356
68 70
244 398
288 305
136 171
114 458
352 286
124 71
317 285
34 189
69 416
454 425
255 125
351 315
196 90
447 172
94 386
136 15
320 338
10 276
234 308
446 476
399 438
224 70
112 68
484 110
35 181
306 291
458 142
233 10
182 154
392 32
399 276
467 381
157 219
379 329
305 392
330 178
248 57
125 406
17 360
42 462
253 52
195 200
62 211
217 280
312 244
373 461
342 211
282 340
169 352
96 13
191 326
383 278
185 292
152 361
175 202
106 46
99 428
491 301
433 161
258 60
373 245
308 131
323 68
420 442
456 344
170 16
146 499
291 406
119 331
385 444
342 294
74 492
145 293
455 417
329 79
176 65
196 202
270 337
279 371
215 190
58 87
87 237
495 205
388 378
174 466
112 274
118 369
162 186
455 115
46 117
182 284
487 75
412 230
453 109
152 43
131 168
258 210
267 70
300 105
72 8
134 475
344 184
223 252
219 6
476 178
315 266
341 10
93 154
263 105
148 46
67 415
478 131
53 325
430 97
105 354
329 354
39 239
343 25
383 114
292 63
181 359
370 459
113 22
479 315
361 377
144 127
111 428
105 122
220 164
18 388
242 325
417 199
76 133
247 260
323 460
319 392
351 4
378 41
208 465
194 357
337 70
350 338
313 448
464 308
196 385
62 483
34 290
276 479
240 111
71 375
267 415
420 242
136 471
436 150
360 344
266 482
172 197
497 117
425 485
222 461
296 473
115 285
264 183
294 391
267 356
272 217
311 34
5 44
194 299
144 293
127 54
251 262
231 300
137 100
62 8
481 360
145 210
393 449
340 261
118 39
108 107
494 390
434 420
219 351
497 480
35 215
478 124
276 138
239 61
70 414
126 153
215 403
352 271
384 461
0 193
152 2
244 109
29 498
202 30
11 100
168 199
175 398
388 146
59 304
218 479
132 129
33 344
467 200
161 385
78 203
206 161
122 83
81 302
333 151
104 135
186 196
94 272
270 214
18 482
462 329
311 88
284 446
146 344
229 251
454 159
321 160
95 12
315 443
447 28
164 0
48 403
27 350
64 142
476 297
478 434
22 290
89 289
133 306
409 87
247 215
227 364
228 420
215 322
202 395
247 14
417 366
69 295
289 444
93 485
420 266
408 424
213 442
101 497
85 199
414 10
226 332
252 493
167 455
202 319
334 369
236 450
97 251
48 305
290 387
5 493
417 62
5 413
263 131
330 106
468 348
32 96
441 195
2 136
455 108
477 204
6 289
393 65
370 104
491 441
434 13
427 348
113 204
335 432
390 376
76 17
465 359
406 108
244 406
14 408
112 52
341 343
409 119
75 86
27 131
144 418
266 314
370 424
356 379
256 205
74 99
310 332
293 39
445 216
476 389
441 311
154 88
59 283
221 415
47 486
404 249
415 43
467 170
402 285
342 176
275 10
194 416
307 437
5 487
377 104
415 481
421 170
305 421
337 481
467 27
276 236
279 224
394 43
180 247
423 148
158 374
142 50
339 353
192 449
53 344
325 69
240 320
93 246
79 45
424 282
18 399
123 52
95 298
397 369
18 127
353 320
222 176
381 495
444 61
405 74
495 349
21 82
180 87
485 115
397 112
11 409
462 268
66 486
355 409
389 315
135 225
254 242
238 209
270 135
209 34
236 27
109 57
144 257
372 289
401 481
391 122
390 264
250 205
114 308
123 458
183 3
246 110
319 289
425 336
370 441
468 486
43 106
216 77
218 40
21 88
62 472
88 264
469 452
112 339
149 436
439 87
49 184
474 37
373 220
161 251
237 96
54 481
410 133
25 270
211 129
453 398
163 273
78 41
232 484
420 190
130 233
418 212
249 179
400 244
495 123
71 413
395 232
217 477
248 157
286 242
493 311
84 91
485 8
492 162
205 217
451 265
477 187
218 221
465 226
201 118
384 460
44 124
102 131
288 114
356 350
161 427
18 201
209 97
112 3
73 202
467 169
356 376
97 296
22 74
45 62
374 76
200 281
412 270
384 302
4 52
479 93
294 17
115 350
205 4
58 227
248 278
6 377
173 104
30 103
17 47
123 427
208 243
14 324
126 472
25 250
343 131
148 356
206 490
346 115
194 264
394 404
133 442
398 401
4 158
205 281
208 374
117 329
5 417
241 483
234 131
114 266
123 429
419 115
230 181
445 265
21 277
219 340
93 6
164 470
251 449
323 222
403 459
228 293
276 408
391 470
88 10
440 358
473 63
245 211
329 55
332 42
234 202
209 404
374 327
129 225
447 477
436 452
245 202
110 17
339 374
236 354
212 427
343 28
240 37
444 440
482 421
123 277
33 69
248 184
410 259
236 377
182 209
412 172
41 279
153 374
228 380
308 242
270 292
329 3
443 10
283 274
403 277
346 407
443 288
47 447
324 205
415 283
307 358
138 179
405 349
81 143
385 486
278 241
244 156
18 460
234 187
465 302
61 489
277 163
110 4
210 324
459 435
293 477
8 118
467 283
279 413
251 401
142 164
172 30
342 387
74 43
197 428
417 391
55 258
114 194
370 165
452 176
153 181
299 98
381 13
279 119
20 160
177 30
412 162
49 349
392 254
182 476
219 89
199 451
497 274
292 314
342 367
400 244
342 496
9 200
319 76
88 140
171 339
1 117
467 435
42 403
231 211
153 224
28 450
225 352
18 25
245 17
113 361
209 145
345 308
384 70
211 164
355 324
442 234
169 357
112 261
472 211
288 343
293 477
182 316
341 370
239 52
413 438
84 205
13 474
397 429
446 397
73 108
194 301
158 15
276 215
279 122
465 101
78 67
235 111
333 260
313 428
367 425
130 78
405 451
232 143
40 302
262 178
480 113
481 456
23 490
113 257
358 302
221 430
41 289
401 308
237 227
152 214
145 456
259 282
425 50
204 491
22 317
282 466
274 2
492 263
373 297
452 457
388 83
372 173
482 281
8 274
340 71
379 160
442 485
387 138
481 219
36 91
409 3
357 319
434 183
333 350
159 307
391 285
458 47
181 263
389 292
215 189
350 230
67 94
84 144
364 307
398 418
421 252
423 160
343 279
481 358
165 28
313 140
40 56
172 124
268 221
262 413
143 484
430 464
461 63
370 367
285 325
429 120
280 58
337 353
211 476
4 170
163 376
285 170
294 55
128 309
222 62
398 390
355 218
281 181
48 168
493 3
123 185
243 422
127 256
232 433
103 338
67 88
258 118
173 204
13 52
467 153
44 87
157 365
398 251
419 290
293 446
131 264
38 269
25 227
160 166
356 109
197 115
86 423
127 308
212 111
265 492
80 179
397 309
412 237
380 295
94 183
299 173
294 77
304 337
355 319
280 464
432 212
487 330
138 18
129 115
459 350
382 394
55 39
129 279
426 319
354 361
34 20
98 153
343 329
0 402
219 198
262 281
463 3
21 250
217 101
451 2
249 176
68 333
464 156
476 49
410 391
411 182
336 296
477 361
264 179
229 330
463 335
338 344
94 426
27 211
213 163
191 330
16 314
471 259
160 332
223 299
481 422
71 487
348 317
348 400
230 464
151 430
274 193
471 489
200 368
383 350
181 266
80 74
186 49
381 403
202 198
121 457
296 184
353 44
444 496
313 202
132 175
220 464
454 406
126 192
42 6
124 9
435 75
124 57
460 121
320 358
167 163
347 293
337 463
311 52
106 281
456 124
89 90
348 29
221 395
253 474
335 263
191 378
435 123
244 315
25 395
58 416
209 44
7 257
162 46
180 319
443 268
359 488
17 384
279 207
34 238
354 33
411 221
344 45
212 198
445 89
357 90
134 4
113 67
465 142
313 127
396 145
134 108
493 107
314 3
242 124
157 200
422 448
493 420
118 266
207 57
147 64
420 65
132 282
424 385
13 449
447 89
49 261
368 81
84 42
19 182
235 178
126 176
449 157
423 471
29 67
483 131
48 176
458 255
493 32
481 234
175 358
119 428
361 225
119 487
21 298
476 138
315 256
413 455
426 264
183 189
172 307
484 19
126 220
104 294
29 119
477 85
366 204
429 96
435 227
377 49
39 309
65 206
13 354
470 331
20 439
99 6
25 44
116 83
229 151
123 220
157 258
315 100
49 23
103 96
497 484
293 480
38 37
243 211
42 51
343 214
72 414
310 442
377 97
100 426
498 106
217 223
176 155
179 32
128 225
209 134
466 126
15 355
66 5
56 258
324 460
226 399
193 396
493 36
314 70
177 446
169 312
467 394
278 345
422 498
132 406
384 484
339 99
456 399
10 257
69 12
264 334
231 295
183 457
28 76
22 349
161 57
303 44
241 480
479 81
339 164
148 463
414 76
327 339
96 370
235 337
172 17
164 499
308 255
331 347
48 336
245 354
250 209
41 48
129 491
155 20
336 321
397 155
494 102
325 224
62 442
459 60
411 86
341 123
322 219
408 172
378 370
431 153
202 480
472 473
345 183
4 479
135 33
136 401
126 129
72 461
373 40
126 383
7 284
355 319
343 181
404 263
417 222
54 335
308 471
6 26
358 6
39 11
264 493
474 175
488 242
282 398
282 361
497 260
79 141
322 353
468 423
497 226
414 237
208 51
430 74
80 215
78 288
133 472
147 342
85 459
358 488
201 219
332 492
133 51
256 263
38 307
386 224
462 387
439 300
226 170
237 221
361 307
279 315
10 494
453 278
118 447
166 163
155 320
371 350
114 140
448 127
203 152
40 186
338 165
188 331
52 64
371 425
93 265
111 2
133 455
402 416
80 251
423 420
271 87
228 294
273 385
37 28
214 477
494 77
260 52
468 182
460 164
429 192
194 405
360 40
309 327
431 262
182 241
328 354
149 453
190 56
436 274
103 228
157 2
54 98
132 418
434 375
67 92
349 364
256 261
441 209
323 417
158 372
226 6
311 487
395 227
2 2
82 332
334 457
55 239
9 241
116 188
132 444
160 183
296 482
191 268
186 237
109 15
373 344
183 188
415 184
38 79
411 269
79 120
212 97
338 134
174 73
369 306
489 307
141 29
150 138
375 184
51 336
32 337
377 424
461 216
147 144
266 351
472 58
7 345
331 36
109 198
4 6
165 479
360 346
484 306
342 10
198 211
400 394
318 83
151 277
422 131
483 298
208 188
33 455
343 215
413 216
222 452
283 270
468 239
45 144
6 304
15 388
134 57
140 268
45 452
84 291
89 319
7 419
226 149
364 392
109 69
21 130
400 183
423 305
301 220
24 320
60 307
216 39
159 194
499 356
499 205
24 435
354 440
89 384
128 80
1 306
436 89
273 22
179 188
408 48
368 480
140 432
323 281
327 208
417 483
188 326
261 416
209 64
448 467
399 150
456 429
18 400
275 244
432 291
191 454
287 340
272 60
193 279
487 448
431 20
347 404
173 471
387 460
280 382
384 188
117 179
80 341
85 135
279 355
161 370
210 470
382 448
79 335
283 75
448 67
323 66
37 147
459 496
230 276
464 239
271 115
308 81
217 351
58 245
115 348
318 71
372 326
13 53
480 451
370 148
214 428
75 194
190 103
379 387
126 273
388 344
277 397
100 196
293 494
194 10
82 409
87 13
66 454
405 100
248 398
327 128
322 314
417 254
141 364
137 148
344 120
369 377
73 122
468 322
332 219
128 163
176 414
220 215
167 94
492 478
106 267
81 171
278 428
144 350
498 419
391 282
159 343
317 261
83 85
304 285
448 267
34 284
499 476
70 254
84 18
285 415
438 190
470 366
68 216
488 467
249 66
261 379
492 260
197 78
216 75
195 353
137 164
141 229
335 488
6 63
330 420
462 291
9 269
485 433
400 77
496 473
353 1
113 109
40 345
273 311
164 256
420 320
49 302
290 413
477 384
304 149
440 307
76 267
52 302
231 414
387 304
157 227
337 92
290 270
81 377
485 415
235 98
400 257
171 284
20 42
43 0
307 325
444 336
138 236
2 496
152 369
449 389
334 309
431 286
15 124
391 365
463 352
109 126
262 215
109 280
280 282
459 153
489 440
28 403
251 127
348 382
271 255
416 297
435 457
433 348
213 302
154 324
302 28
243 264
44 416
199 204
357 177
469 10
414 198
177 349
231 17
125 26
175 354
312 41
389 111
413 97
274 454
482 420
184 76
493 77
134 80
257 44
54 491
42 78
427 320
190 219
97 10
365 315
356 125
88 29
126 98
52 353
273 400
329 387
316 457
38 322
218 450
294 147
226 124
297 336
407 5
16 339
154 5
482 381
410 362
312 70
423 388
289 217
104 197
154 118
292 420
223 192
192 362
486 17
205 418
423 135
474 112
469 439
172 480
195 451
373 82
471 7
224 297
494 112
82 180
453 148
193 374
236 176
45 385
155 74
62 250
214 430
370 388
369 36
339 394
329 416
423 213
10 152
264 0
180 356
356 346
72 133
161 49
286 308
234 206
308 293
224 148
37 23
411 446
340 258
174 250
463 169
321 449
301 325
181 85
283 482
467 38
439 355
15 129
187 78
223 102
250 496
371 447
393 287
45 282
32 86
255 71
373 348
173 77
14 174
8 207
97 150
5 476
457 388
466 21
123 496
492 190
489 373
13 363
497 383
469 410
482 30
230 76
5 355
29 255
462 20
22 38
366 411
300 27
400 175
171 118
308 23
249 16
379 150
33 262
24 229
259 354
282 6
213 341
96 288
160 95
485 59
470 182
61 351
378 122
241 462
485 49
65 49
51 86
200 297
26 436
142 225
83 137
478 425
213 297
244 426
337 225
259 229
432 308
282 320
282 310
211 23
425 120
206 277
426 476
413 259
484 304
441 55
480 419
216 271
197 45
122 312
393 35
195 381
202 325
487 477
1 484
456 51
180 278
254 163
422 106
410 167
75 258
177 203
326 55
453 246
58 23
410 75
309 452
129 457
435 11
347 469
20 288
418 304
319 52
158 172
192 93
351 420
475 267
174 28
126 301
324 127
55 185
489 87
44 364
375 470
291 331
471 74
230 311
363 389
414 49
142 373
145 106
225 345
226 120
421 399
27 352
389 98
185 434
298 378
201 81
413 25
99 492
156 236
478 182
231 371
97 392
350 226
423 242
363 75
474 149
2 284
234 353
287 391
122 419
353 437
462 323
167 118
354 414
96 323
47 332
76 179
257 144
386 426
1 181
330 101
386 476
181 184
428 120
392 469
406 50
225 245
215 221
135 244
68 69
254 83
262 467
111 182
109 372
53 349
451 462
290 235
420 189
161 472
293 348
250 405
2 199
272 475
219 217
139 407
342 139
106 245
427 457
329 69
271 36
499 234
469 222
263 289
113 241
89 424
330 406
458 339
166 184
402 230
490 238
229 41
286 332
289 188
109 213
102 470
204 380
102 453
94 174
415 217
142 208
114 357
48 324
8 424
155 67
305 262
155 145
329 386
74 441
7 471
441 184
64 461
414 498
172 19
88 360
68 439
296 230
406 35
459 197
264 267
381 466
463 421
307 37
330 293
116 382
418 189
150 409
407 334
205 416
277 79
371 294
376 197
84 19
216 135
402 396
214 480
401 135
172 178
323 209
443 3
192 439
200 213
47 195
111 108
39 105
399 240
290 410
430 127
262 226
122 146
127 16
152 337
367 380
89 176
179 190
481 384
97 224
271 181
289 497
102 234
475 329
91 353
480 117
343 21
168 243
259 318
7 147
27 263
440 374
416 469
353 471
195 397
430 303
300 318
53 220
401 402
255 380
497 492
366 87
330 192
362 34
33 442
205 369
243 412
381 497
469 11
408 87
390 16
335 339
411 190
444 388
120 164
8 51
138 117
161 374
260 469
263 24
393 145
58 320
318 489
0 439
26 139
155 261
452 268
458 490
230 215
231 402
305 350
319 239
466 444
265 333
357 78
224 28
200 102
443 282
73 18
157 444
57 452
220 165
155 9
76 179
433 238
440 307
46 239
183 112
445 364
443 300
328 154
108 167
301 28
399 52
348 374
326 408
73 405
266 399
78 81
171 342
149 363
454 111
75 47
412 489
289 20
26 207
374 469
498 135
187 27
401 249
157 35
292 80
479 231
164 58
400 409
124 335
446 401
448 79
68 22
394 212
419 358
179 421
56 145
172 29
278 95
482 426
358 288
19 274
184 189
98 35
370 436
337 74
153 316
190 137
202 74
284 437
210 121
119 463
493 118
213 291
69 271
59 195
321 427
116 430
465 5
441 66
141 187
4 130
267 146
220 46
483 469
443 4
468 45
163 62
205 461
84 376
423 275
202 496
278 244
101 171
237 96
283 42
172 230
377 139
186 292
113 97
102 21
67 408
470 422
235 230
459 176
303 319
315 382
479 5
28 94
42 80
475 118
348 325
465 499
291 77
27 151
24 257
165 481
403 443
26 488
164 138
457 485
219 319
324 125
71 50
483 205
323 113
438 458
457 23
453 255
258 101
358 480
461 283
78 375
363 364
354 104
441 379
198 163
288 13
63 375
80 211
176 398
356 255
130 467
222 166
267 83
63 481
116 477
204 376
240 194
151 68
447 446
110 444
457 146
373 250
462 373
271 453
60 490
457 480
146 190
126 180
13 265
94 41
418 129
175 298
366 158
457 326
123 166
164 67
317 80
305 37
342 279
270 429
261 254
296 79
259 259
24 422
464 124
253 118
268 382
392 429
107 135
153 349
416 230
163 317
206 234
365 320
101 400
154 487
419 362
121 450
373 178
155 497
467 337
71 408
189 236
223 463
165 149
231 376
45 81
167 246
419 251
151 385
224 20
235 305
107 143
174 208
206 480
169 329
237 173
261 240
56 279
428 484
360 221
154 11
258 405
8 174
59 177
49 11
316 283
427 284
493 424
256 101
282 51
76 426
18 19
150 338
322 74
147 78
442 183
440 302
476 200
229 301
312 387
22 278
415 481
257 449
402 260
311 13
291 184
56 387
225 310
236 206
137 400
435 236
390 431
131 227
28 366
105 212
342 341
174 127
429 257
369 431
444 183
220 32
272 236
398 276
334 349
249 134
370 323
254 184
412 260
478 237
301 292
485 435
63 144
253 159
90 344
27 123
7 387
475 247
375 279
129 373
359 62
237 230
267 82
194 344
433 31
323 25
460 235
379 161
320 375
219 132
107 263
150 99
198 115
246 125
498 426
340 227
458 209
291 77
273 77
108 486
11 207
442 283
444 323
51 173
305 265
28 270
221 265
232 30
155 420
198 478
206 5
66 38
467 16
93 358
196 241
448 201
484 59
382 242
415 429
46 433
56 72
337 426
456 129
401 421
400 463
320 99
137 106
122 238
96 457
198 67
268 144
203 146
240 104
385 438
223 155
79 431
209 131
261 269
190 17
332 14
114 90
48 4
243 103
60 22
89 339
336 110
256 209
314 39
329 348
3 199
483 53
36 435
204 192
62 149
164 394
337 394
399 278
233 237
260 142
333 146
256 349
59 169
61 13
213 225
424 390
295 69
4 259
452 332
481 60
454 366
260 497
275 143
381 159
301 361
7 493
342 135
156 263
276 253
478 217
460 342
411 255
14 255
439 415
475 318
184 273
270 281
277 297
456 398
259 10
3 110
245 266
29 197
451 401
471 158
0 281
388 431
38 263
30 255
425 330
455 5
138 462
259 77
475 267
277 215
325 86
204 280
478 422
176 234
244 281
414 147
430 96
359 303
410 320
150 389
246 335
297 457
35 236
4 56
124 362
449 281
62 301
224 5
91 392
173 252
251 335
283 87
242 181
353 142
383 152
488 356
313 129
366 137
194 348
63 222
3 170
471 364
369 417
309 47
299 461
296 482
422 50
83 80
74 164
169 437
293 458
439 157
146 106
307 157
379 340
362 370
234 235
152 334
381 103
416 462
296 33
83 213
145 70
235 167
456 71
29 256
265 249
207 321
330 411
252 366
236 210
297 466
300 322
278 449
263 34
67 194
259 412
482 2
21 256
328 69
325 477
78 209
382 90
2 138
4 213
275 106
72 93
267 72
373 225
111 45
92 137
49 30
32 203
460 31
101 54
383 140
349 278
369 314
452 232
297 371
329 308
253 72
144 401
478 21
418 369
6 89
119 362
66 407
291 4
58 378
18 244
22 293
107 367
451 391
114 411
220 248
172 295
197 473
346 316
38 27
117 265
127 44
304 88
92 45
423 447
191 2
296 441
161 213
457 255
167 464
65 423
219 387
212 237
406 268
147 59
176 444
340 116
205 155
201 496
443 149
4 476
270 134
200 300
407 283
247 9
284 74
313 164
402 3
123 378
437 308
104 271
239 465
120 444
441 444
446 173
2 384
371 450
102 272
55 71
432 9
436 154
319 216
72 249
127 73
233 47
318 416
233 337
133 410
206 354
379 74
311 152
454 381
5 34
105 56
418 412
67 389
105 354
455 238
311 177
225 435
351 44
233 395
305 85
291 366
293 364
16 22
256 104
138 471
379 113
26 95
336 149
3 445
35 441
471 311
246 346
242 48
295 449
386 475
193 453
317 29
52 486
442 185
8 160
273 432
379 388
37 299
96 215
9 393
204 131
329 480
380 302
251 71
398 175
128 490
19 92
430 445
483 423
435 373
305 491
379 209
360 185
252 269
14 457
440 261
93 70
224 270
193 473
149 327
317 92
36 129
427 189
112 318
191 410
401 48
109 349
386 133
254 321
278 138
252 120
190 71
341 345
319 414
241 34
478 320
301 411
100 366
185 228
138 64
464 228
77 392
377 73
395 315
306 131
251 25
96 58
403 293
59 437
324 74
246 300
63 302
21 48
276 163
228 58
286 267
11 192
118 216
31 388
371 13
390 189
247 474
267 487
276 3
429 178
330 452
107 176
76 394
57 128
186 352
471 285
330 324
40 482
222 448
313 424
113 445
419 203
42 213
216 38
216 319
123 497
173 47
441 230
210 101
454 498
136 396
221 277
112 318
266 113
37 186
132 79
282 3
216 51
90 325
496 284
281 158
205 119
202 307
408 498
349 412
309 214
344 485
155 382
347 456
142 421
352 237
240 126
178 486
163 308
92 120
278 159
131 225
384 336
334 333
97 145
211 183
20 258
140 55
363 175
448 488
225 358
484 152
139 317
125 14
134 302
314 69
146 265
453 297
482 383
380 287
323 79
338 91
499 195
371 330
170 214
424 171
324 247
64 409
275 315
469 41
110 410
27 283
432 109
492 480
119 414
494 372
463 442
490 184
14 314
381 361
384 185
432 305
214 60
375 349
390 490
252 345
480 353
462 131
463 413
179 454
326 82
377 25
209 141
308 367
80 224
261 189
494 316
377 45
394 61
403 104
449 285
138 7
138 282
195 452
406 453
35 374
252 84
77 264
483 461
37 385
426 415
232 298
344 421
334 109
213 90
227 237
96 15
297 365
169 86
39 344
70 75
159 426
43 322
284 89
474 26
442 321
472 401
174 174
135 168
258 360
449 200
215 338
55 45
131 364
208 225
300 22
448 279
101 312
401 491
370 237
411 227
480 312
338 383
403 6
366 325
25 13
351 315
212 93
457 407
132 195
217 166
297 284
448 18
361 398
488 201
429 231
395 399
134 261
268 85
410 37
50 486
154 436
29 254
13 218
414 486
4 145
281 483
353 301
52 230
431 215
298 40
439 212
474 194
279 425
462 94
80 190
478 364
470 86
305 7
345 483
128 71
54 350
3 262
492 408
475 407
447 423
136 273
319 238
163 462
56 451
493 477
194 488
75 471
330 164
148 380
303 175
377 276
38 357
117 233
140 382
158 92
218 440
178 146
108 37
340 194
171 164
4 333
304 365
382 79
311 486
162 30
158 114
324 391
476 49
431 441
386 117
57 89
235 456
345 87
281 195
211 186
19 305
22 216
147 176
162 404
434 311
425 176
420 445
494 101
395 396
13 425
367 281
237 422
10 454
150 434
120 143
300 361
77 492
168 175
431 225
36 182
359 218
163 313
267 279
175 157
434 162
295 41
315 301
256 384
318 177
173 406
119 439
431 473
0 197
274 451
133 432
150 162
475 492
123 313
322 242
256 151
192 256
58 51
435 359
37 166
424 254
45 210
35 43
92 476
427 36
468 366
28 60
405 470
283 356
450 28
179 105
213 207
110 223
83 271
289 46
152 120
182 213
109 197
173 217
105 201
420 452
364 425
395 300
156 269
150 30
135 459
18 329
405 349
472 128
26 488
460 114
179 178
375 494
63 288
342 400
352 169
94 262
414 69
190 342
372 71
382 340
22 360
61 252
380 427
267 33
499 259
437 79
73 179
319 165
65 136
157 13
127 270
339 252
94 42
465 29
222 318
178 347
99 244
171 239
125 331
90 438
17 124
155 380
45 442
78 475
488 110
232 88
340 116
10 71
453 286
104 475
322 175
419 135
374 273
456 442
232 499
476 47
279 101
43 131
106 324
286 473
61 447
415 19
90 253
391 425
400 395
70 348
483 74
199 341
283 209
209 155
202 367
468 185
316 481
157 11
337 275
74 444
463 250
4 341
266 405
301 247
95 18
444 223
417 430
140 143
298 52
420 201
238 353
186 388
252 406
33 344
288 89
339 107
448 103
8 195
295 66
84 161
237 390
173 28
171 154
206 165
366 470
175 478
367 104
362 361
205 471
412 396
3 345
300 103
299 304
370 161
322 94
336 455
335 411
417 361
26 359
181 476
454 392
348 356
217 173
144 211
107 275
472 56
160 462
266 273
434 311
405 489
296 108
20 93
455 131
342 437
265 481
226 23
379 220
393 426
489 449
76 390
446 448
411 48
321 458
269 29
18 255
364 26
120 314
298 236
25 427
260 140
16 291
363 486
265 247
48 108
498 254
203 124
173 297
255 466
347 346
454 377
403 218
32 170
406 375
154 182
175 283
74 415
253 191
438 289
398 18
125 487
463 248
45 180
498 488
335 153
382 345
63 289
459 137
365 448
482 217
0 19
286 157
200 427
216 40
410 139
478 114
363 387
67 441
430 260
265 65
263 117
258 147
285 326
126 217
286 150
21 109
266 286
213 308
200 467
458 430
396 462
350 288
81 111
372 269
187 363
480 137
137 450
128 238
307 422
424 255
364 93
232 445
253 482
301 445
227 453
416 259
399 124
235 118
239 481
344 459
449 426
228 177
415 86
8 357
464 75
168 432
377 180
14 400
198 483
288 316
427 425
401 204
174 327
308 489
448 414
192 152
329 397
483 421
130 97
172 343
127 94
126 192
445 357
340 140
456 143
420 128
185 384
211 322
311 211
477 19
23 111
361 170
443 205
154 344
40 73
19 326
370 19
376 145
285 315
310 68
49 242
478 231
405 86
149 189
60 68
179 127
149 435
492 392
89 92
17 146
324 129
0 36
33 195
362 229
149 318
412 173
256 50
136 242
283 13
81 138
117 195
131 112
5 118
210 123
122 94
75 79
467 446
141 75
304 0
170 4
29 454
356 435
177 285
298 345
483 461
156 231
195 100
218 287
263 200
146 280
211 237
183 221
149 178
30 177
33 305
111 200
135 62
199 468
313 313
126 349
80 296
248 282
70 275
328 318
450 185
422 474
48 13
43 457
134 49
354 73
125 19
433 466
286 113
278 132
481 99
247 404
186 413
41 347
165 108
145 221
47 467
480 67
377 95
144 23
448 363
383 351
169 73
38 316
301 455
54 316
220 134
48 301
0 407
15 441
162 165
484 161
80 209
157 316
191 309
173 153
4 139
64 408
224 173
128 103
419 25
160 34
187 140
399 60
1 187
204 266
279 15
224 188
356 212
21 381
35 47
186 46
454 391
417 103
206 31
408 397
432 477
469 68
480 471
159 220
487 333
348 215
256 118
330 425
158 112
160 204
250 193
437 198
153 57
88 354
251 359
189 496
417 35
7 158
379 249
83 18
233 218
336 283
208 489
102 19
223 367
412 114
164 325
382 349
55 318
177 322
171 307
342 218
377 88
189 201
219 108
178 272
56 453
442 14
33 116
483 396
10 256
434 396
97 175
493 316
139 153
312 22
93 310
250 6
208 322
430 439
64 427
380 108
474 472
88 175
71 8
116 72
320 434
461 50
219 269
422 306
180 358
20 86
93 273
95 122
61 301
228 377
485 477
449 461
136 460
320 38
462 59
345 288
339 282
51 306
112 58
268 326
412 145
418 140
262 357
158 14
391 175
5 387
200 229
41 454
492 336
247 213
1 454
88 93
251 192
102 492
170 216
361 370
362 434
292 279
145 476
4 450
189 389
118 9
463 389
77 11
224 308
114 177
270 225
418 203
47 21
237 20
243 217
151 98
230 457
434 295
98 375
264 438
299 287
29 234
245 262
70 458
135 469
47 185
240 257
279 317
189 139
356 368
467 432
242 359
7 49
424 176
466 105
244 41
127 265
379 273
84 373
194 302
339 71
329 241
410 79
218 460
328 100
32 426
137 147
196 126
302 144
249 473
366 120
385 494
119 493
218 117
419 55
127 265
358 258
189 308
268 269
369 259
185 96
244 253
380 174
319 292
117 34
155 420
266 483
329 392
9 386
441 47
312 280
38 420
228 171
440 79
338 496
445 161
414 375
50 41
333 146
181 221
141 451
286 336
228 408
146 115
163 90
370 439
360 327
498 261
340 88
437 290
303 31
406 382
423 218
364 456
29 108
411 397
233 171
431 198
313 314
256 77
16 476
156 478
239 376
317 6
297 432
463 106
488 452
170 221
178 263
371 387
136 207
230 283
333 370
36 161
238 146
475 292
122 107
335 131
137 362
146 4
110 286
239 461
182 450
213 261
148 212
272 437
72 285
7 2
16 405
51 395
187 106
213 378
9 309
23 49
405 147
433 21
482 16
466 172
434 165
377 180
469 434
71 1
4 393
298 430
325 20
126 201
80 364
26 192
93 89
88 49
423 498
14 374
46 405
422 333
365 332
119 152
153 334
227 190
121 9
29 377
78 298
163 8
52 10
452 189
90 145
495 40
414 13
271 362
195 313
145 193
197 60
246 264
307 351
360 473
350 280
78 242
102 280
291 241
430 154
151 243
135 373
386 498
360 402
215 9
203 55
467 212
329 252
103 213
186 488
268 316
58 388
21 346
440 160
166 312
407 222
95 317
315 394
296 334
343 28
435 363
76 398
151 403
116 257
245 106
422 155
395 13
211 480
492 416
80 3
226 158
327 339
86 173
359 495
23 382
98 203
453 458
213 26
283 456
63 330
337 28
393 485
466 84
1 456
312 310
469 433
273 38
63 296
291 359
93 423
478 166
477 43
69 431
388 190
372 352
232 303
288 209
146 477
286 106
417 147
432 98
488 386
34 57
268 51
326 178
344 362
257 304
88 321
364 327
31 328
131 236
298 116
93 419
26 444
443 231
329 295
181 375
433 317
221 67
245 201
415 47
204 442
115 173
352 144
472 479
216 383
499 455
374 14
310 445
176 252
399 253
128 6
175 80
148 61
115 248
296 245
187 382
55 352
496 303
134 407
143 468
275 202
68 142
87 1
254 378
131 264
122 5
86 112
25 149
398 86
331 140
23 46
398 371
26 430
190 394
214 160
363 333
327 489
490 431
162 415
31 96
102 293
405 5
154 40
478 283
423 404
450 161
32 298
81 200
94 58
71 271
104 160
1 286
69 283
198 344
440 231
377 81
86 394
286 134
417 93
349 264
426 193
491 300
0 458
369 72
195 447
459 292
78 151
435 461
305 499
83 133
67 97
344 460
94 153
98 130
395 364
57 448
100 173
483 400
473 452
251 352
496 168
320 211
24 426
426 255
240 181
130 9
321 307
313 474
105 267
131 263
211 352
25 40
441 163
116 8
213 414
434 367
430 61
488 254
361 454
135 414
275 454
261 266
92 96
215 426
190 49
401 347
387 253
417 278
139 328
94 385
104 204
265 29
135 35
489 253
19 349
303 477
95 146
94 64
343 187
237 310
9 33
138 490
121 396
77 407
292 260
316 23
52 397
284 81
187 40
389 273
102 58
205 192
108 197
237 151
461 451
336 474
464 470
219 475
234 437
197 148
171 27
276 13
447 76
116 60
185 134
192 357
49 140
337 249
401 9
313 74
400 214
185 149
476 217
154 256
404 211
90 352
217 427
3 218
130 16
150 119
476 315
307 195
296 377
239 145
71 197
264 52
53 472
41 301
57 382
445 195
399 313
240 35
105 469
485 244
363 235
402 136
183 192
421 210
207 479
29 160
212 278
102 293
94 118
0 143
339 151
316 445
332 238
207 56
300 437
172 193
181 16
60 426
136 216
195 481
142 343
474 224
369 206
324 76
220 463
466 324
121 411
1 282
191 453
390 61
106 343
359 414
193 287
3 271
253 329
25 50
127 247
453 351
427 496
312 130
306 499
262 130
413 428
381 264
325 104
299 124
390 431
70 159
430 83
265 425
327 35
282 290
493 454
303 88
70 420
272 115
245 376
304 34
150 10
466 186
162 475
258 266
277 52
136 180
457 59
95 253
395 285
239 229
169 388
308 394
361 239
468 432
319 459
469 272
310 469
297 288
406 472
377 55
88 183
242 365
118 45
330 189
271 13
401 422
168 292
384 61
494 30
489 352
124 313
134 310
98 287
111 431
487 4
39 488
353 427
472 134
323 323
336 155
429 446
91 89
3 97
127 475
179 497
162 116
279 155
442 296
228 377
234 406
394 67
346 273
407 100
275 318
325 83
381 464
53 254
352 324
151 56
405 479
448 330
338 419
216 79
456 132
38 296
215 42
168 433
385 61
231 75
10 160
124 57
311 244
68 30
86 15
495 220
402 344
263 295
374 240
373 331
127 182
77 411
196 194
107 245
172 433
94 339
248 183
279 70
100 411
427 347
419 187
31 274
421 322
414 146
478 147
329 287
51 105
152 406
151 99
33 259
450 324
359 127
49 50
462 138
337 150
189 241
15 257
431 72
218 288
435 345
485 196
154 116
23 388
487 306
417 26
202 372
351 220
270 413
403 401
51 232
325 241
350 240
312 340
480 281
478 30
227 415
32 315
55 233
39 407
285 395
267 308
28 340
253 119
20 299
383 157
250 423
163 209
401 100
233 475
357 234
149 63
231 436
169 33
440 286
33 60
369 78
418 301
272 249
400 23
180 292
67 136
197 430
382 230
57 450
184 115
31 414
203 334
219 262
400 372
285 12
90 434
235 6
255 360
383 359
3 8
144 416
346 70
300 341
143 81
196 209
123 328
14 79
341 178
51 233
97 242
28 336
194 187
399 263
474 449
309 283
199 477
47 453
146 397
478 347
56 290
470 27
106 31
62 484
69 300
394 113
301 167
206 422
37 495
296 106
389 11
488 106
411 440
189 387
234 410
52 168
47 142
25 22
358 5
157 87
52 427
446 51
325 205
52 153
259 214
225 349
307 0
292 65
452 70
480 481
1 38
32 32
54 400
406 58
497 412
192 63
467 402
107 138
291 144
359 160
361 402
254 84
2 20
90 46
28 306
345 423
455 381
282 377
287 362
126 40
455 137
39 170
309 422
67 146
158 452
207 426
362 19
39 461
8 216
23 482
405 388
269 368
97 212
426 403
443 385
374 53
223 399
321 413
59 384
189 240
18 218
89 396
357 233
449 481
463 217
105 472
192 220
432 227
130 290
27 359
264 74
473 401
166 339
224 146
387 225
295 413
309 257
490 385
218 18
236 292
264 181
253 341
68 309
451 185
396 199
125 330
83 160
0 98
244 249
326 76
341 483
241 122
359 150
168 83
375 429
110 404
98 492
301 363
400 18
217 104
434 297
309 194
292 17
266 161
89 389
372 92
66 430
80 465
49 277
206 101
357 276
268 168
383 455
474 421
25 136
433 43
238 311
328 94
108 382
271 446
391 197
128 496
461 309
439 60
161 362
139 145
166 371
326 407
181 401
37 152
48 206
370 322
417 138
20 198
497 25
74 144
140 388
197 202
263 453
316 488
486 276
147 455
214 152
53 326
478 395
454 91
413 378
16 324
22 182
59 389
33 371
259 134
336 25
330 309
297 451
228 146
453 283
287 375
53 168
415 193
136 32
262 369
193 401
436 279
20 68
439 495
481 405
430 51
212 170
121 112
259 9
145 201
429 64
232 284
477 482
366 148
369 465
367 129
260 63
483 303
150 280
185 274
325 132
302 467
79 37
399 275
477 190
255 396
180 406
240 339
339 10
475 107
236 209
124 194
349 496
128 107
381 0
484 313
132 59
96 138
265 63
254 347
243 94
0 361
200 276
286 93
200 392
101 113
160 436
284 225
184 9
361 264
429 65
476 197
335 61
476 73
272 453
47 230
443 16
292 400
493 496
388 430
395 193
481 489
66 55
65 117
381 250
167 278
476 310
223 144
69 163
116 199
282 341
209 16
416 225
73 353
283 409
454 461
450 179
234 287
404 16
118 151
282 137
299 286
282 110
273 374
73 351
44 242
110 207
285 254
107 26
287 358
320 243
274 93
380 122
491 360
12 136
125 461
247 146
256 424
150 381
232 381
475 75
283 277
383 85
463 420
278 342
85 250
195 450
425 359
220 75
63 268
229 84
82 188
464 477
358 338
71 114
190 443
72 47
484 325
245 455
149 448
50 375
178 235
446 246
173 103
371 18
454 237
277 100
429 36
226 94
208 140
435 150
197 250
427 7
314 33
481 172
400 463
50 384
130 78
33 349
219 155
392 404
356 174
62 22
116 138
278 141
291 176
279 213
72 340
373 206
231 386
201 355
239 131
209 104
453 221
376 242
498 172
198 121
143 206
344 261
254 111
287 122
187 45
385 418
125 259
497 258
465 356
487 51
7 204
277 48
142 460
484 154
127 492
198 35
148 122
233 43
17 402
447 372
291 205
316 184
294 416
124 166
69 260
316 111
11 76
388 94
100 153
145 224
259 79
201 343
238 407
161 434
158 256
461 460
144 301
217 129
147 439
51 193
156 216
292 367
313 167
172 32
257 413
492 317
13 16
276 45
479 251
359 437
398 490
291 320
302 42
333 361
54 449
18 384
104 211
378 310
195 417
183 51
220 452
468 175
221 85
189 96
34 52
394 48
221 432
326 186
47 23
324 12
248 453
16 342
5 352
270 395
298 200
152 453
480 370
456 472
69 53
458 497
45 455
239 352
38 266
289 417
429 437
391 466
308 178
382 407
154 165
365 152
457 304
27 369
342 438
343 335
332 263
218 301
154 377
144 457
226 192
482 285
251 156
186 225
132 412
77 420
73 139
295 295
164 382
172 322
157 358
121 16
317 489
367 191
0 471
16 363
148 227
383 498
223 252
16 421
341 207
198 93
240 266
149 494
316 405
263 321
337 326
167 237
428 7
478 386
249 429
156 494
344 250
354 391
164 67
127 370
315 5
124 325
319 56
461 125
446 488
314 76
313 136
143 481
368 242
23 473
320 469
219 179
422 164
84 425
295 86
443 211
36 111
167 67
192 208
196 480
56 491
479 362
195 222
316 474
447 415
385 339
370 119
136 456
382 292
230 220
283 29
140 173
93 171
379 159
139 285
128 427
289 48
270 107
81 485
252 86
425 381
0 137
446 147
439 136
208 180
209 169
194 491
15 350
361 287
425 394
174 1
401 53
161 463
300 171
109 242
123 53
42 34
181 476
112 340
20 472
493 173
16 82
284 187
327 31
278 145
498 252
305 452
267 399
70 466
61 420
325 179
65 184
12 367
60 98
422 477
150 432
14 415
455 166
50 298
444 282
34 328
132 442
194 339
158 399
319 264
296 219
403 496
216 213
312 268
245 276
208 86
2 395
413 75
373 309
91 463
143 169
464 477
316 275
175 158
274 326
45 346
195 70
284 449
217 411
187 448
34 314
209 247
322 388
49 122
438 48
217 140
469 81
357 181
191 138
464 384
82 466
36 10
311 277
188 172
472 380
194 227
327 359
99 403
377 1
49 149
289 315
249 267
300 111
249 106
490 492
458 213
223 424
202 346
371 34
414 242
322 343
54 108
363 1
2 154
303 241
408 52
319 444
55 157
115 471
315 304
18 457
382 273
472 241
128 436
30 195
38 42
3 204
205 445
99 366
459 208
260 254
198 368
377 431
402 254
410 493
450 218
343 428
22 184
120 167
362 150
44 3
207 253
198 47
414 413
121 149
403 373
93 233
164 101
207 471
316 418
488 118
398 118
303 184
351 272
274 275
278 66
171 319
366 486
399 369
18 280
6 20
253 273
374 451
422 269
39 434
404 90
209 28
64 154
427 12
139 267
185 201
372 418
404 356
225 239
371 303
175 95
368 229
181 280
401 95
381 455
46 440
320 285
439 107
471 384
4 218
420 110
28 189
46 292
383 432
87 123
71 255
484 262
394 291
238 17
473 295
236 119
404 19
478 408
145 196
414 449
59 149
190 186
331 88
372 88
212 214
321 460
74 283
74 158
175 469
116 313
284 148
19 352
113 41
237 497
298 258
259 3
190 358
298 301
390 373
87 22
482 102
237 261
419 57
378 163
328 94
95 494
199 113
154 466
316 164
422 243
246 114
324 33
186 288
161 122
145 76
30 101
362 479
388 267
283 133
79 266
113 111
224 174
141 164
328 230
473 457
423 102
135 72
212 248
370 321
250 226
327 367
347 280
400 41
26 87
206 183
294 105
280 319
483 371
101 273
82 311
265 427
351 5
253 400
73 63
289 476
343 175
456 468
361 42
130 356
39 387
493 336
7 185
56 125
250 342
153 10
437 332
189 270
22 140
203 295
271 95
123 345
165 466
361 79
287 27
266 491
179 178
363 259
236 186
380 272
134 486
170 385
155 71
63 360
7 177
124 266
463 278
96 247
178 129
156 457
300 465
495 422
34 331
369 211
483 270
109 249
134 117
40 279
491 289
466 103
221 498
128 91
190 185
166 225
34 369
334 174
448 335
166 182
393 482
105 36
285 228
197 214
345 420
61 89
44 337
187 28
471 265
302 316
41 161
30 320
494 75
262 217
399 443
425 281
317 144
372 382
96 454
226 69
10 442
131 288
168 54
171 318
486 139
152 474
294 27
455 183
400 289
84 69
350 151
295 9
244 19
474 19
88 340
134 200
340 98
4 117
288 8
499 175
1 274
154 152
187 296
437 109
30 439
90 21
382 381
400 237
256 126
319 226
279 196
146 305
275 119
480 150
325 63
337 331
335 327
475 491
452 22
461 264
137 483
364 403
492 371
350 116
343 248
296 21
326 122
93 442
444 101
164 425
257 122
301 354
345 92
467 276
392 298
281 428
184 29
252 497
113 176
277 102
123 308
282 73
368 302
255 376
153 312
434 272
126 262
355 235
363 323
121 174
454 255
136 254
251 138
167 241
343 217
377 444
369 319
473 160
388 237
50 80
352 41
304 336
424 330
154 11
185 139
247 275
382 491
130 235
476 133
202 149
93 320
491 80
240 462
52 316
396 480
373 454
142 249
431 177
40 66
58 85
213 77
69 305
40 95
80 51
200 17
189 283
215 145
459 32
348 307
287 11
317 244
345 12
190 460
26 277
214 82
160 84
241 279
226 81
132 282
151 307
442 184
329 340
372 9
316 140
4 72
316 455
467 321
281 162
291 9
92 308
244 357
137 104
37 486
120 363
22 21
205 271
463 464
325 386
378 335
407 141
448 382
204 75
89 416
277 485
145 380
90 369
325 242
80 227
90 214
235 200
471 465
281 292
178 434
121 107
248 409
291 380
307 49
465 495
333 397
129 242
464 330
72 219
446 141
356 152
352 389
206 443
236 175
461 487
94 414
175 82
314 195
244 467
314 122
371 61
155 147
478 0
72 471
465 402
55 370
259 321
264 259
435 317
305 0
267 396
331 399
446 442
261 145
119 190
103 76
75 490
491 259
82 405
308 415
285 47
220 363
122 397
214 485
337 409
306 19
419 456
251 489
134 365
408 364
440 106
96 11
122 368
273 439
354 205
252 81
296 140
37 473
310 271
180 103
123 499
308 486
475 394
111 59
275 462
420 19
383 216
436 368
308 5
210 209
143 14
6 315
288 439
210 395
499 450
449 391
229 474
368 257
168 57
371 479
499 444
12 291
159 234
239 448
157 319
186 302
117 152
92 192
440 257
207 154
397 291
265 156
266 127
36 133
112 434
230 407
198 463
197 242
190 209
29 289
91 200
352 215
259 60
317 296
451 51
342 24
32 200
327 459
92 298
85 363
270 57
372 315
58 320
30 422
211 100
152 411
478 154
214 357
5 89
141 31
55 308
9 335
295 87
238 336
52 239
296 323
138 174
495 21
443 48
1 377
288 154
308 5
362 118
207 22
405 368
28 200
388 460
399 37
374 35
274 489
312 278
452 423
444 303
203 447
176 387
393 56
62 316
434 201
75 276
496 494
194 480
292 25
62 434
469 43
33 288
66 244
19 197
0 19
318 463
202 56
112 495
311 95
148 26
303 98
92 75
407 151
176 138
73 199
94 91
379 394
138 479
177 298
317 9
472 29
85 135
482 174
121 50
76 146
244 269
344 231
383 188
178 251
302 411
2 103
498 397
228 234
32 488
498 405
435 201
188 322
349 372
422 171
169 470
92 499
230 265
305 436
40 465
377 483
439 342
91 231
317 289
277 320
77 201
402 127
302 12
385 91
114 151
473 159
158 135
400 65
2 241
206 205
40 394
88 435
167 479
268 180
352 336
38 398
377 429
294 440
383 179
182 31
190 349
336 156
73 201
442 236
293 427
321 0
436 334
313 410
442 455
291 434
184 294
75 329
122 61
93 369
252 357
59 127
283 443
144 395
484 209
136 438
438 277
111 458
368 374
329 277
63 310
456 473
302 247
308 31
253 276
486 253
381 5
300 45
292 16
225 444
382 276
54 362
172 173
47 17
294 40
202 229
202 357
104 10
393 356
133 265
370 146
4 471
368 251
120 304
101 160
437 345
59 335
8 343
360 231
123 408
137 7
364 177
187 191
47 321
438 81
79 32
3 308
412 83
240 371
384 32
377 193
380 173
16 437
20 241
1 228
235 144
321 138
181 452
273 9
442 228
113 63
371 21
105 468
192 135
167 197
242 76
249 397
334 122
363 117
345 206
202 364
354 433
385 24
385 35
116 10
73 179
200 81
49 296
432 157
354 241
169 99
496 96
71 270
387 182
241 286
3 85
18 443
319 209
97 403
265 204
235 213
146 338
486 436
93 195
289 418
370 300
248 458
229 218
253 319
106 468
405 494
289 461
170 423
178 109
165 267
332 295
133 401
337 478
26 120
390 282
82 315
273 112
331 331
2 354
323 436
282 460
421 80
356 71
180 444
211 34
330 346
99 396
226 315
287 288
70 252
67 30
142 153
336 193
399 325
261 190
151 74
155 43
115 424
368 11
397 147
345 432
328 79
395 444
232 406
159 34
64 303
308 78
123 207
32 496
186 23
97 146
189 337
262 252
263 156
304 482
414 161
240 149
94 94
1 487
374 178
333 160
90 438
497 493
489 214
237 382
28 28
365 334
87 69
226 479
314 202
363 30
31 228
323 456
295 477
156 324
336 169
108 489
483 426
140 457
339 324
352 229
64 219
289 70
401 3
205 15
397 215
444 69
377 428
406 119
295 172
194 62
403 483
409 154
111 238
63 402
131 303
22 415
485 47
50 311
326 387
454 256
177 223
4 250
369 406
430 410
324 16
499 124
278 227
466 261
15 242
45 29
296 146
46 67
379 134
21 96
204 57
133 327
78 381
139 137
47 299
316 70
194 371
450 167
428 325
67 268
149 295
294 464
31 446
80 340
436 262
320 453
280 493
226 305
442 210
10 366
436 341
64 178
197 482
307 14
283 478
273 226
190 432
230 67
407 74
188 162
115 196
189 8
165 248
310 415
281 107
448 320
350 69
52 12
379 400
378 359
438 14
298 151
71 128
54 29
191 478
26 243
103 159
407 67
483 269
228 217
390 116
186 177
41 92
492 238
449 272
286 222
374 387
368 85
466 445
275 422
165 157
168 302
369 121
390 75
145 204
173 118
147 387
479 359
449 41
313 324
46 398
138 452
37 272
69 6
428 355
364 345
499 446
67 33
460 220
277 309
279 105
344 450
161 279
320 176
0 462
360 485
437 398
171 498
356 326
181 240
437 285
83 46
79 288
361 2
311 39
497 138
440 90
369 341
17 453
415 41
27 369
268 127
478 464
291 291
383 334
471 324
370 321
461 54
56 301
341 322
312 219
162 190
31 252
57 31
425 401
122 472
100 452
268 242
33 78
264 411
236 417
90 236
290 458
260 51
374 199
418 453
143 186
291 80
464 26
279 348
173 389
193 402
144 125
55 461
225 30
447 319
55 461
271 389
440 346
45 31
336 314
353 315
396 479
358 496
196 360
249 137
391 369
494 442
255 388
418 401
221 480
293 217
106 276
474 65
448 46
213 371
187 285
116 418
414 83
443 474
464 462
332 44
338 355
243 178
80 93
426 13
230 153
429 219
136 188
87 256
127 85
222 152
70 314
249 338
165 336
298 192
88 129
336 482
161 426
372 80
445 93
246 298
369 28
216 27
283 358
443 155
307 411
77 17
355 229
65 327
371 20
1 364
346 460
238 338
270 359
304 110
260 215
243 402
430 482
340 312
319 213
476 283
300 127
208 54
233 7
380 274
490 104
64 381
219 188
48 303
265 489
205 204
107 26
8 300
464 37
102 348
483 284
263 79
485 135
494 471
97 218
322 374
256 87
128 239
394 475
317 176
232 159
185 22
174 339
376 45
245 491
275 331
410 228
215 390
213 395
465 210
436 311
250 287
378 192
20 378
406 272
432 337
211 139
330 469
15 237
228 59
390 260
341 3
245 300
47 408
118 459
122 12
151 407
99 224
455 30
302 471
308 213
204 86
56 371
109 35
94 71
183 337
193 484
136 24
433 438
249 183
47 403
310 223
448 50
432 262
233 403
468 87
173 394
265 173
208 229
152 374
64 302
138 336
212 257
47 274
309 145
401 297
20 208
110 63
177 320
75 43
130 411
157 44
217 155
385 274
1 277
79 37
373 65
174 69
343 438
435 221
18 4
64 336
252 391
63 174
217 429
192 139
35 199
355 349
124 252
381 92
129 477
42 460
381 355
293 216
437 76
80 228
417 308
51 144
170 169
450 114
105 240
439 143
344 492
96 146
238 320
297 477
289 220
427 339
407 170
246 72
152 197
357 178
322 69
90 408
374 345
85 393
36 332
324 376
23 232
53 421
398 113
185 350
42 40
210 112
36 301
498 457
135 189
110 355
115 310
155 201
446 490
174 92
468 482
214 498
271 343
309 119
470 22
62 494
459 364
165 272
81 495
184 164
371 69
379 147
200 487
477 386
330 146
128 3
1 298
494 194
314 125
499 155
1 136
352 61
185 460
308 17
33 119
188 344
491 405
392 419
157 191
337 221
224 487
137 317
364 77
202 131
286 30
166 53
114 140
100 370
387 152
271 408
105 273
178 311
230 96
140 422
143 387
374 477
147 219
296 11
495 11
41 351
404 133
273 59
429 371
375 226
486 168
441 146
309 91
40 471
393 39
278 180
157 388
107 152
15 156
167 256
107 362
348 208
119 363
234 121
199 400
69 109
107 186
129 362
334 416
307 169
349 227
116 85
89 359
15 75
331 457
319 183
243 438
154 19
493 215
115 240
350 192
378 184
47 309
78 360
29 381
460 385
323 231
90 428
4 412
221 457
492 335
126 393
412 236
451 280
372 405
98 418
103 74
384 328
188 2
235 462
199 70
301 47
476 22
287 243
200 480
167 8
401 193
281 145
277 166
71 84
2 150
224 21
202 457
459 108
422 242
312 46
94 474
496 113
208 422
254 135
144 409
102 421
419 397
63 383
319 196
346 487
360 321
279 71
31 62
305 90
489 306
280 117
83 435
357 128
264 291
52 463
236 260
9 6
389 155
352 425
264 60
382 50
473 124
187 13
455 357
163 344
313 444
379 295
423 248
392 88
51 39
151 444
451 288
295 13
438 192
253 147
50 54
178 487
0 23
380 217
61 455
252 395
190 375
475 131
72 466
357 367
312 475
263 361
374 115
307 411
58 164
218 412
399 108
484 248
466 399
207 364
260 379
106 459
442 302
120 82
301 14
490 478
339 113
80 105
16 213
229 388
300 427
387 447
47 52
451 371
236 13
245 158
117 348
2 351
285 412
426 123
453 87
52 268
226 292
357 133
373 242
21 86
385 173
225 409
280 284
150 29
39 368
68 395
98 9
421 71
46 384
323 347
468 499
143 375
8 194
436 0
438 233
407 310
219 175
459 484
365 499
220 109
356 405
266 288
211 455
191 187
386 257
256 14
389 354
48 399
251 250
483 337
147 41
216 242
79 366
217 28
489 296
53 437
78 346
301 319
6 289
399 492
6 393
99 7
259 247
349 148
485 10
404 333
427 132
350 120
0 358
155 67
357 490
336 208
28 435
76 489
481 386
131 475
483 339
86 231
379 242
104 288
473 216
200 8
481 400
111 50
469 481
323 266
326 178
465 159
148 206
93 42
369 481
320 224
455 204
446 259
399 186
402 403
411 372
124 102
152 244
226 235
353 474
152 49
61 180
386 118
12 61
43 331
56 381
86 215
326 363
50 384
139 225
97 452
407 403
147 74
309 59
385 225
127 163
195 38
8 40
101 433
265 20
253 496
64 321
36 191
428 390
468 86
391 67
470 417
491 298
209 470
195 153
168 95
485 174
214 363
296 493
365 316
164 61
234 470
162 228
471 271
209 90
9 439
208 452
250 332
302 200
205 460
407 349
24 373
236 392
237 90
258 32
446 454
424 423
151 32
155 86
28 474
413 365
317 38
222 474
26 420
232 376
225 231
104 139
383 101
44 340
224 472
426 302
225 22
55 202
289 229
203 210
427 169
59 469
443 97
17 281
157 469
200 249
240 235
188 304
496 475
447 232
35 72
447 225
427 260
489 2
64 68
238 45
14 344
441 297
431 457
426 310
411 440
27 478
134 3
478 216
300 482
54 277
2 335
448 353
207 429
350 289
334 272
468 88
237 348
157 261
71 20
461 435
413 334
337 488
56 399
381 315
444 357
44 288
141 446
227 492
134 349
473 77
17 320
21 441
202 255
275 178
114 125
459 88
77 379
279 296
463 485
342 160
300 407
205 387
231 442
291 432
362 217
38 264
57 379
134 59
237 259
384 262
350 203
435 195
491 279
265 214
226 306
65 459
198 27
469 122
54 282
499 112
228 416
148 37
96 285
396 282
396 186
389 280
327 247
378 324
390 170
476 495
307 469
348 393
15 357
139 169
281 421
190 491
28 9
146 338
120 477
163 42
174 369
468 404
81 1
171 346
194 323
292 147
392 1
358 140
309 407
328 350
341 442
303 370
208 369
198 449
491 181
50 361
118 165
166 18
216 199
374 337
336 410
263 167
159 228
487 122
324 321
115 168
38 165
386 419
368 99
280 85
298 212
377 330
200 268
319 396
85 416
327 194
213 422
2 90
64 224
45 342
10 388
405 161
432 400
499 292
229 300
12 279
461 27
296 242
138 161
430 115
161 223
497 257
199 374
99 352
194 116
356 496
9 56
456 262
406 441
242 456
87 135
14 106
348 49
62 162
278 338
414 492
101 291
166 263
115 153
269 117
113 161
217 477
239 123
64 174
482 497
132 158
265 421
322 147
309 465
156 385
229 439
231 70
333 331
336 249
218 301
462 457
434 331
306 180
206 26
23 223
381 188
461 156
155 498
464 284
169 316
256 120
42 398
81 339
440 227
28 417
374 158
341 343
375 161
187 148
371 81
121 210
218 252
103 82
366 225
42 67
39 387
138 150
341 81
160 219
489 281
291 41
384 215
376 132
280 111
192 63
126 3
108 165
99 196
422 211
130 466
205 316
466 169
102 343
415 159
440 262
155 404
119 231
215 391
2 348
411 348
351 46
211 389
438 311
22 163
481 360
28 152
173 186
30 346
5 275
390 297
201 445
28 45
437 172
20 95
443 291
338 284
25 147
458 401
64 463
175 481
485 45
232 203
49 159
286 114
411 54
351 28
426 464
136 231
327 215
6 9
145 270
269 344
246 170
486 228
209 162
208 161
217 46
205 440
406 266
173 344
372 317
133 376
108 150
365 121
130 287
409 372
68 127
150 179
407 166
329 136
149 468
14 37
329 366
485 72