7400
339 211
232 88
480 56
386 201
217 213
209 329
137 192
125 123
339 271
142 29
178 208
308 198
175 6
300 85
220 494
57 68
8 412
320 289
342 340
53 206
387 59
103 114
238 25
296 80
109 77
285 291
341 139
145 446
31 16
362 298
366 103
15 419
60 226
67 335
393 403
314 472
87 281
158 270
350 325
254 454
97 312
303 40
486 290
159 449
247 369
472 21
293 465
43 340
27 353
108 110
435 421
54 275
45 22
199 212
18 247
411 453
493 468
258 215
16 331
200 417
291 115
432 25
365 84
437 475
438 244
165 398
173 373
395 219
283 70
169 94
47 302
270 81
148 393
224 380
150 164
131 277
154 441
25 63
38 371
115 314
212 476
349 281
352 237
159 96
190 488
290 329
262 90
483 412
292 262
278 59
336 442
235 409
472 342
213 260
75 10
339 329
462 139
229 40
137 314
302 388
69 179
121 444
208 331
93 456
16 353
147 371
132 204
47 383
143 104
467 260
441 70
62 306
198 403
70 291
179 187
219 372
169 249
432 340
149 377
230 378
101 165
221 378
113 234
338 120
233 256
179 305
463 174
78 241
32 14
201 148
372 63
164 420
113 393
271 97
475 262
279 353
83 76
162 352
473 196
305 1
158 206
232 336
77 122
136 162
162 461
24 189
462 35
280 41
138 75
189 403
257 465
393 320
172 192
241 56
409 497
55 46
234 67
41 288
450 311
124 29
219 113
0 0
41 181
108 280
36 31
496 297
469 293
337 242
150 141
491 78
476 59
126 46
186 210
373 168
49 137
102 497
350 268
301 454
86 391
423 409
58 122
267 271
13 27
21 457
35 15
74 12
410 364
426 201
221 97
86 300
149 270
391 40
494 499
243 192
454 432
407 18
289 364
244 174
131 155
170 265
129 19
383 245
298 39
488 161
313 371
493 74
114 463
314 236
281 460
393 57
427 235
451 300
326 217
224 195
312 458
329 246
343 441
333 64
225 141
364 321
248 39
354 358
446 362
175 168
78 227
462 68
220 5
74 414
461 46
356 150
397 274
215 185
101 240
234 400
74 327
218 98
308 174
388 72
92 255
482 63
131 22
380 297
63 203
250 454
457 24
298 458
496 354
94 366
118 97
276 328
279 44
218 494
418 87
194 107
170 11
385 177
326 154
357 265
72 389
413 459
418 29
383 64
430 414
363 329
10 400
445 140
486 289
228 163
270 405
268 423
452 293
447 153
419 278
167 304
264 343
372 432
496 182
448 107
288 278
179 311
303 298
439 476
139 142
47 168
443 262
55 167
172 395
173 354
158 443
286 192
124 274
308 10
117 121
251 256
420 258
56 282
258 75
217 348
368 250
364 116
135 311
58 419
125 308
251 83
275 283
410 38
48 399
372 218
327 18
276 124
258 99
174 184
384 17
119 244
212 252
415 483
254 200
8 325
408 379
14 111
149 183
435 424
143 50
420 159
135 322
421 48
84 394
263 447
43 321
73 382
365 256
456 341
18 119
350 316
427 427
462 364
289 429
331 249
409 284
106 251
151 44
438 379
326 87
408 201
435 370
126 334
175 300
271 434
250 193
472 473
338 29
458 287
36 479
263 289
392 445
490 221
100 43
131 280
334 426
296 391
225 269
422 274
60 252
446 45
19 162
192 270
57 209
188 150
440 94
391 303
24 332
228 233
14 476
402 211
102 200
321 51
177 328
432 95
141 90
252 230
1 12
221 444
447 410
4 261
64 387
71 396
129 440
416 151
214 495
195 170
73 317
497 369
464 251
341 429
12 457
321 93
390 13
423 394
155 337
76 280
28 71
11 499
151 9
357 279
450 365
34 404
273 23
126 383
165 238
47 467
413 177
42 369
263 155
492 465
97 271
342 420
419 125
487 206
485 422
288 344
248 287
311 174
410 22
112 289
109 75
104 159
380 22
29 146
463 496
267 373
293 61
38 461
19 64
487 25
369 357
144 127
301 118
492 307
97 63
138 456
115 206
80 94
240 348
344 109
334 204
265 463
276 127
191 303
181 148
5 30
157 50
20 1
309 311
374 12
468 258
316 365
459 436
136 396
357 200
256 332
147 191
170 21
176 423
423 213
244 209
260 428
430 253
64 132
497 91
349 439
304 465
253 165
413 263
315 241
73 122
165 71
444 220
496 335
400 473
182 419
200 496
102 294
427 482
73 166
457 424
241 274
291 113
229 347
88 204
326 44
468 162
234 491
178 264
237 82
2 430
279 272
66 54
36 381
399 345
121 109
235 357
322 363
62 26
230 51
448 150
164 408
251 416
180 251
333 281
63 270
42 187
241 342
75 460
306 129
238 475
184 427
142 325
351 6
410 204
207 433
341 358
126 223
474 444
77 306
76 308
347 141
335 470
431 89
218 263
90 89
368 309
134 274
132 11
67 486
271 42
252 126
350 113
409 378
185 176
484 487
128 113
436 332
273 315
78 367
308 343
4 168
294 176
39 139
477 279
173 459
85 248
213 426
304 287
464 123
462 341
307 300
132 442
257 243
462 257
101 188
208 270
446 105
96 3
282 486
445 425
174 455
381 382
170 239
214 38
379 486
286 28
470 38
281 271
28 80
268 243
365 481
87 476
331 312
150 35
461 113
421 95
329 487
78 154
192 351
337 293
321 424
462 124
395 144
224 96
191 275
257 344
320 57
369 196
231 152
117 371
318 192
31 390
45 147
499 110
255 89
13 336
312 76
220 328
276 59
335 296
140 467
24 444
140 313
465 245
116 223
268 434
325 434
434 299
409 222
311 433
121 16
93 177
5 434
493 165
314 281
100 180
124 454
267 477
222 116
340 84
371 191
477 108
259 48
270 411
344 21
37 81
110 318
252 482
148 115
248 97
278 314
268 201
178 402
19 388
324 400
443 211
319 195
243 421
184 430
451 365
447 381
199 489
471 57
25 303
400 471
285 125
326 178
433 54
294 356
109 304
15 118
166 52
325 186
116 409
127 362
243 68
409 74
483 294
97 380
352 360
338 497
176 489
395 16
373 109
265 189
160 482
386 280
466 326
87 212
74 434
2 214
140 169
463 263
144 476
336 60
57 348
337 26
43 85
46 233
274 268
250 311
91 434
260 488
52 409
196 200
414 126
147 50
314 55
383 110
22 458
158 219
246 80
165 495
80 141
409 64
375 207
141 11
499 319
228 254
454 52
30 424
327 220
127 178
140 141
99 10
82 163
95 257
104 180
321 112
176 37
244 82
93 52
223 385
491 444
348 303
80 297
18 231
261 407
48 497
360 401
416 147
256 442
122 363
476 212
249 295
377 4
408 345
231 322
118 131
435 74
372 467
50 15
422 242
91 311
64 470
469 451
393 333
196 77
141 15
162 24
29 391
236 39
213 437
421 319
246 332
151 208
223 118
212 201
364 497
319 303
107 428
261 140
69 0
368 310
334 210
453 30
422 363
153 190
361 135
319 426
134 107
77 322
23 209
206 141
297 239
168 377
17 404
256 281
91 86
148 124
7 426
141 102
144 429
416 146
72 5
465 88
410 58
267 394
388 434
25 325
202 185
441 193
327 71
9 197
322 418
196 158
112 181
110 190
336 256
113 378
466 261
171 78
325 377
163 439
116 213
250 188
234 319
242 191
388 61
479 104
262 62
243 28
218 374
482 205
436 406
19 95
26 402
131 191
130 351
416 294
335 246
417 18
209 69
482 12
116 449
364 313
341 230
456 459
165 411
318 438
33 453
355 337
28 59
262 339
485 10
109 178
196 320
241 378
390 257
59 223
37 358
88 423
382 230
142 44
482 399
352 312
149 368
427 60
399 30
392 190
220 384
57 1
232 269
26 298
374 122
333 85
360 411
493 421
318 243
494 135
447 300
168 199
259 449
331 448
490 10
394 223
77 62
331 303
102 161
283 210
147 328
91 116
390 8
103 84
220 208
360 449
148 19
320 381
329 407
269 151
227 171
233 164
467 156
317 417
127 421
249 452
421 274
134 340
277 311
371 89
39 349
368 231
112 187
447 41
44 293
464 216
232 271
279 50
467 52
325 96
401 94
220 75
267 322
485 207
296 44
393 356
87 335
375 114
7 52
345 174
242 51
175 162
212 475
379 454
403 179
125 204
131 304
478 197
404 251
147 463
319 201
388 393
7 258
162 115
289 14
417 8
22 384
359 92
399 234
265 90
294 302
458 242
439 426
29 436
251 344
397 176
69 422
180 285
253 428
294 195
203 394
278 212
156 77
311 489
79 55
209 428
170 374
152 19
455 109
453 181
209 58
480 202
488 279
207 13
208 241
135 354
66 263
340 266
255 222
130 3
431 335
209 191
211 453
62 213
246 18
77 368
70 455
234 57
70 410
3 294
148 130
393 491
257 66
140 233
88 12
347 270
314 19
472 408
121 25
43 387
107 219
175 120
30 29
292 261
55 452
83 295
286 55
121 476
62 395
408 262
384 150
22 107
16 198
75 346
85 489
209 119
91 192
74 384
145 473
426 366
161 53
108 9
337 300
195 82
196 251
254 455
63 80
131 276
474 431
272 58
29 60
104 481
217 121
446 178
44 215
120 372
233 58
210 80
162 423
174 257
213 358
291 280
408 128
411 274
332 383
443 183
17 362
335 399
78 86
301 281
6 474
384 273
354 239
14 94
352 16
227 189
321 417
397 18
292 230
113 308
343 476
190 408
307 360
447 25
159 237
212 100
374 165
256 96
43 80
96 271
312 247
16 323
193 133
215 413
73 337
166 328
88 416
129 356
234 248
485 428
380 393
410 49
146 106
186 166
289 41
288 135
310 101
87 304
69 356
193 302
483 142
410 211
68 71
171 391
171 302
47 157
206 404
10 457
475 204
97 49
36 265
366 385
41 346
202 453
256 462
104 248
459 239
162 367
110 379
181 334
343 134
38 80
37 401
458 48
449 365
130 55
293 485
332 348
154 334
297 386
486 262
353 253
472 298
177 15
201 435
69 359
439 44
446 107
7 329
194 256
311 309
294 176
24 104
291 478
217 30
292 88
193 203
1 145
13 18
453 179
390 214
111 22
481 181
362 409
165 340
149 56
84 476
433 444
422 109
491 224
164 139
195 284
429 209
227 196
227 294
361 180
54 117
151 472
233 35
228 13
422 250
78 377
321 6
467 11
87 96
87 459
243 251
461 134
331 24
171 40
221 410
380 32
356 127
163 31
396 441
191 243
120 318
177 269
133 294
390 496
455 220
324 329
464 50
427 137
177 147
57 98
482 250
378 289
172 338
131 393
136 69
239 322
443 256
50 416
413 428
1 292
122 220
123 325
314 438
85 50
0 343
94 494
284 334
24 472
217 456
377 155
477 353
461 117
385 272
201 364
156 150
223 202
379 130
68 346
248 45
388 5
0 100
434 482
306 136
444 458
113 23
228 322
439 442
66 190
54 176
327 267
321 62
193 50
248 200
97 113
119 496
96 486
320 471
459 382
340 127
2 403
225 305
247 231
273 16
193 313
433 179
241 372
274 254
307 434
400 22
370 404
242 19
342 318
200 63
42 301
204 40
197 44
127 282
150 296
109 252
431 195
67 394
1 173
459 341
215 308
64 359
230 85
403 307
222 72
225 103
495 264
160 282
64 192
488 140
244 66
262 450
196 176
201 329
23 197
357 12
372 90
176 274
433 454
379 431
387 155
271 104
386 234
427 431
423 302
369 267
69 168
344 131
312 266
315 397
409 335
278 173
447 133
88 306
237 380
387 467
71 476
211 158
441 310
112 490
257 365
33 333
316 179
445 229
126 129
316 112
285 387
21 94
400 84
316 109
428 490
466 203
361 351
161 177
167 303
20 126
311 277
456 53
282 128
257 253
365 260
147 73
20 3
87 168
129 420
262 404
459 57
409 229
406 173
476 422
400 426
203 496
401 212
340 159
264 35
295 449
374 129
132 442
463 246
19 72
476 92
2 281
10 287
460 411
185 269
195 288
136 86
150 398
409 37
72 342
143 173
154 367
162 17
264 139
211 125
217 283
416 39
326 219
482 427
196 287
75 20
458 243
141 212
101 108
302 402
75 174
393 445
314 81
220 55
32 430
65 283
322 102
321 482
261 1
140 156
176 457
200 67
131 134
94 193
95 233
259 396
193 22
103 4
412 359
290 176
459 444
46 355
189 134
487 220
376 450
259 127
194 404
38 459
4 178
411 484
232 451
473 22
26 425
284 429
105 438
235 426
282 416
50 133
353 471
274 37
16 229
485 33
345 63
241 23
359 349
301 152
26 91
16 126
55 52
343 153
79 12
429 430
63 213
37 331
221 417
498 311
344 237
300 484
359 189
391 41
45 219
310 192
318 71
476 179
184 226
238 171
101 115
329 167
351 16
433 218
29 72
161 284
120 225
267 314
355 479
50 158
202 253
176 213
244 20
246 4
175 428
43 337
356 128
145 224
294 207
131 430
66 175
401 293
107 186
166 168
178 314
419 68
281 380
400 96
452 25
305 499
188 480
108 201
277 44
252 105
388 72
247 383
28 454
141 0
168 135
302 159
227 346
226 221
169 361
386 479
330 122
102 192
245 18
62 62
168 22
94 166
402 408
362 342
342 430
66 3
14 363
61 220
441 94
455 140
471 111
85 193
237 301
171 187
101 482
5 85
252 269
177 99
293 154
436 392
247 488
203 2
74 262
356 264
256 16
479 163
356 227
380 64
103 94
76 51
489 204
326 433
385 93
99 355
247 178
18 35
390 495
109 221
338 464
480 465
480 94
174 311
375 336
282 406
458 330
35 211
144 299
392 213
68 29
60 491
26 316
163 78
152 416
381 272
89 490
436 213
25 69
405 462
369 252
435 40
251 179
478 470
35 247
277 222
213 103
271 337
267 91
8 434
206 419
261 241
306 295
364 50
364 183
288 122
162 233
264 223
45 265
12 94
316 80
35 289
478 29
121 307
93 98
369 481
74 300
447 483
33 232
416 164
138 397
483 204
427 152
417 247
342 472
404 281
423 10
40 439
246 253
351 13
346 340
492 221
204 272
4 291
307 89
338 272
476 445
449 173
421 255
79 366
0 115
125 483
423 423
176 17
382 21
213 28
101 228
0 57
349 157
246 357
129 8
306 436
110 458
213 255
474 383
498 293
128 474
397 475
345 403
425 73
453 79
308 490
48 54
211 160
369 249
109 309
246 499
457 415
171 356
239 22
167 145
119 89
416 296
199 16
89 113
193 476
319 43
449 353
13 367
468 161
322 383
234 77
493 68
276 43
65 164
161 15
456 233
381 280
148 373
338 432
409 89
484 31
384 80
299 434
447 250
485 267
196 269
190 219
262 189
205 466
482 179
412 218
498 290
15 145
78 146
236 354
385 339
419 220
6 122
372 218
337 453
75 209
428 33
75 265
231 42
73 132
351 65
356 338
483 201
348 223
77 61
400 436
8 315
289 171
389 367
320 161
222 226
112 395
160 2
44 187
319 244
309 469
307 22
224 17
241 291
204 424
212 318
485 457
128 220
439 274
287 370
448 260
7 9
11 60
99 20
264 407
377 271
293 425
443 36
327 17
293 184
354 32
341 5
78 192
466 469
191 17
129 254
115 140
52 137
9 127
386 152
423 273
50 115
152 68
86 493
29 479
363 231
237 236
428 204
26 315
184 246
0 217
209 314
451 468
95 262
266 312
85 333
449 41
109 487
481 101
432 47
279 362
450 296
352 16
183 378
125 230
300 367
181 477
445 9
123 484
296 392
226 389
430 233
221 175
276 40
439 54
416 60
208 218
86 367
97 61
143 269
489 74
52 443
305 170
7 497
242 428
318 303
389 468
495 100
492 110
16 123
183 432
150 432
151 392
305 89
358 101
175 448
244 347
370 227
77 49
477 377
32 171
139 147
248 421
383 134
257 92
24 399
184 292
184 27
116 187
288 489
290 326
174 316
395 34
83 396
125 324
495 412
412 157
431 134
120 160
104 166
66 229
22 129
8 102
289 206
48 124
450 430
246 338
224 476
372 493
318 159
423 497
7 313
448 335
347 438
104 420
150 452
81 22
476 172
230 89
65 118
400 278
468 367
344 146
491 44
203 216
66 309
123 479
314 73
363 423
343 162
114 319
194 493
17 47
488 170
140 248
378 53
420 40
38 199
243 116
185 30
339 299
278 251
176 462
237 92
106 391
62 81
426 220
267 256
279 296
44 107
160 419
460 274
473 433
401 350
380 69
220 86
189 220
34 498
442 365
108 272
205 49
121 171
427 131
427 389
496 58
330 323
450 9
294 290
140 423
344 195
282 373
93 64
414 323
41 479
103 357
258 149
320 308
292 379
120 100
10 71
247 469
330 340
482 197
472 124
171 123
348 317
381 305
129 293
272 296
5 170
319 376
36 263
142 492
92 180
252 115
84 102
295 499
48 414
390 277
252 20
337 413
219 100
393 219
367 348
18 18
246 372
135 189
181 282
463 129
96 125
80 67
418 180
446 227
4 466
486 188
102 257
357 176
247 321
21 251
269 114
486 391
432 367
149 473
454 466
443 464
31 51
83 375
102 449
267 382
70 107
364 106
282 24
197 221
324 29
143 70
461 445
312 481
454 394
212 314
278 260
311 155
31 162
111 247
129 133
240 231
337 51
428 104
178 119
0 125
48 354
300 143
124 9
255 464
278 430
42 467
123 409
71 354
453 6
139 34
265 82
485 380
336 454
73 413
391 366
221 73
68 439
300 373
337 44
326 408
227 468
377 369
75 202
208 300
334 28
462 348
80 452
406 447
213 268
135 332
405 456
247 208
81 326
370 399
307 270
90 197
418 387
89 319
119 493
373 298
498 306
258 335
134 430
50 16
348 199
155 37
245 106
432 254
154 178
301 154
351 313
200 243
63 121
114 142
292 34
192 339
174 142
72 302
319 161
360 474
12 167
273 368
122 109
140 57
212 128
442 441
184 415
37 494
136 99
486 3
343 280
422 178
481 17
30 346
321 300
319 391
259 185
294 445
2 233
362 434
227 214
130 156
150 264
215 167
22 139
271 201
380 365
235 194
392 213
365 265
156 213
250 184
129 267
1 45
331 484
198 215
371 411
175 328
347 373
364 390
444 222
87 136
182 176
389 174
440 74
140 254
290 448
68 390
287 272
256 69
136 471
382 454
135 7
232 409
151 334
56 97
85 95
271 496
170 267
193 12
118 462
263 333
224 409
33 331
252 363
334 289
95 388
247 216
477 82
269 479
428 129
76 177
173 13
132 200
212 196
158 326
11 183
92 421
104 87
451 125
266 356
96 285
354 361
296 343
175 331
312 65
242 103
469 241
441 268
464 453
131 5
40 474
248 143
230 132
109 352
209 33
319 227
441 157
1 25
208 237
302 176
131 21
114 396
164 100
406 55
412 128
455 37
32 453
437 203
55 115
148 399
126 116
274 319
344 419
156 275
303 53
426 310
207 434
387 40
447 223
204 145
34 211
16 159
362 67
34 306
205 269
386 34
206 183
103 160
287 50
455 111
422 90
376 233
125 481
56 115
260 424
136 260
271 295
214 152
310 485
255 100
134 15
51 141
153 340
243 154
265 440
382 50
284 39
372 110
78 261
186 429
41 338
485 322
326 313
298 51
151 137
4 405
46 286
478 55
61 51
343 221
272 179
218 77
188 408
169 443
372 266
456 207
381 265
78 294
345 60
197 229
134 349
487 53
461 33
84 465
187 22
201 280
357 311
71 272
67 45
163 92
300 439
56 472
118 181
241 487
216 315
164 290
196 202
87 151
117 157
31 172
452 156
319 233
357 309
207 242
186 424
215 222
46 486
20 271
258 164
480 113
256 326
29 496
148 452
461 116
140 117
125 492
77 444
106 296
390 434
210 165
387 76
63 425
49 286
302 435
400 307
486 282
131 156
460 15
483 131
100 421
414 476
420 77
373 491
278 378
43 263
339 488
266 283
69 254
189 315
474 371
6 90
98 460
327 137
120 59
480 163
139 220
297 246
90 411
290 170
285 220
208 333
116 476
231 326
141 185
409 272
214 468
280 415
404 313
224 108
123 24
244 56
155 262
25 41
63 245
465 315
1 200
176 25
352 469
7 259
384 345
313 416
331 98
263 446
54 235
111 339
396 177
291 355
248 51
148 168
336 163
215 113
490 337
306 243
3 342
40 313
229 387
337 205
151 412
499 453
292 205
234 110
317 188
91 377
46 417
432 239
352 382
71 147
391 195
37 229
43 246
133 77
135 124
389 322
275 286
344 240
203 420
108 78
308 20
290 52
291 206
440 222
370 496
191 11
92 113
359 80
10 135
112 344
166 145
431 353
93 294
214 275
354 296
169 174
226 14
220 459
33 370
366 12
375 403
368 57
489 467
103 227
71 499
144 67
272 90
384 76
351 365
14 450
476 57
71 35
346 203
425 143
155 379
135 291
200 30
498 3
231 189
189 453
372 154
244 333
409 144
361 128
430 113
170 227
262 407
462 94
89 108
340 387
30 245
127 475
330 230
271 477
282 61
216 312
146 154
150 312
293 407
372 12
91 223
482 43
489 354
314 444
183 78
323 154
481 213
295 303
280 312
225 419
231 415
69 441
106 377
137 72
436 399
122 9
404 27
381 105
401 393
472 48
202 437
150 147
450 184
348 298
217 83
498 73
367 448
178 419
491 473
372 167
176 427
455 346
451 433
326 188
236 205
142 150
298 291
475 144
442 100
183 175
248 159
460 33
453 115
88 138
157 444
224 312
159 185
118 31
219 462
167 297
447 308
99 161
306 245
346 426
101 248
260 381
415 349
317 72
210 220
164 257
70 219
404 240
271 229
191 23
320 343
3 211
372 119
365 102
380 178
279 63
296 333
34 391
463 211
431 351
109 25
244 448
40 31
260 148
23 312
7 303
14 343
463 10
464 387
417 180
95 196
29 196
87 391
455 63
267 402
427 238
38 228
259 171
172 79
243 371
174 195
391 250
112 41
428 354
386 428
124 197
246 333
224 5
420 333
88 31
270 187
267 15
39 308
239 26
249 211
406 482
232 424
465 297
3 196
124 245
294 241
74 100
105 40
226 299
182 26
65 314
329 452
113 333
211 368
431 352
335 461
237 338
487 419
116 54
299 491
232 92
193 445
486 307
458 298
176 212
26 140
445 94
279 207
76 58
262 490
303 359
197 449
369 40
94 185
28 337
429 245
43 260
419 474
125 29
241 229
370 301
247 119
326 315
225 26
369 254
114 339
289 24
417 163
200 10
347 363
461 228
341 128
103 4
33 260
490 228
381 126
245 212
379 481
7 423
178 456
295 228
253 144
307 436
446 170
385 8
88 145
274 346
350 429
42 229
309 383
9 32
96 42
23 106
30 475
431 383
111 60
56 78
15 216
238 363
223 461
107 124
470 312
93 233
462 321
56 135
19 123
165 418
24 115
442 189
72 406
318 225
304 35
104 374
90 171
132 194
170 165
477 91
176 493
166 423
58 138
261 222
492 78
45 279
468 369
275 340
65 392
279 446
320 221
392 235
430 262
428 377
320 452
445 257
180 497
487 111
186 91
21 249
380 178
47 66
406 348
92 175
473 324
45 371
107 293
408 438
167 389
341 336
93 487
484 139
250 126
217 472
73 288
319 238
156 453
153 218
393 63
239 245
116 218
364 284
74 75
316 272
108 241
229 158
297 53
179 65
37 399
40 248
486 462
415 359
77 143
58 68
165 323
41 297
81 282
209 405
177 8
249 26
36 137
43 330
396 185
436 74
323 285
248 476
335 309
304 163
84 413
88 362
159 249
383 129
387 93
101 445
323 64
54 202
33 359
396 97
23 281
66 332
309 346
156 314
330 496
409 312
175 414
15 497
479 186
279 251
196 366
282 232
287 19
230 336
285 320
453 126
458 161
7 19
334 119
116 15
328 16
282 377
227 3
189 297
400 206
72 321
405 448
467 206
395 192
364 49
175 32
193 317
337 486
105 201
216 23
39 73
451 396
399 321
470 178
384 441
114 371
171 308
366 19
64 139
188 261
294 428
246 216
202 487
188 435
458 159
233 257
153 349
22 184
214 405
198 344
67 450
258 164
35 239
378 124
238 99
28 418
486 32
19 126
413 40
200 60
317 223
72 285
321 322
227 446
290 35
485 277
441 358
97 95
71 477
76 327
97 309
341 456
434 84
476 213
273 347
422 28
313 90
412 346
292 134
169 492
269 83
293 6
101 211
188 242
69 173
334 116
425 166
102 28
241 359
59 79
459 14
456 481
328 273
259 220
212 472
407 281
287 334
45 200
442 241
266 85
53 363
382 100
128 478
338 484
415 369
235 249
230 375
0 191
412 410
235 259
40 476
310 142
195 180
421 207
292 489
353 187
287 346
176 87
423 268
137 14
263 339
66 225
416 346
108 418
177 180
9 343
338 70
250 319
27 385
374 171
358 171
369 79
166 497
265 46
412 90
281 255
480 28
226 199
117 248
281 334
30 294
216 290
109 220
105 466
137 488
12 331
411 347
345 381
279 429
19 462
217 192
72 152
351 49
298 298
484 468
115 79
369 366
86 331
298 330
171 43
375 287
135 183
416 286
215 332
294 48
92 87
239 12
61 164
462 91
411 211
290 298
165 26
358 11
194 103
147 8
295 365
400 22
160 282
114 168
216 227
314 261
125 308
472 406
349 38
250 286
437 260
139 392
256 102
205 349
357 450
167 204
226 4
139 419
87 386
466 105
366 156
464 132
38 343
382 289
427 239
352 132
376 364
318 491
340 132
434 376
80 49
405 453
372 159
45 44
2 312
468 363
496 220
64 284
425 34
274 446
430 353
69 126
469 306
439 240
116 161
210 225
179 48
207 467
12 403
215 105
468 366
86 35
172 464
499 150
96 97
302 125
103 26
185 372
112 424
85 124
201 80
128 147
114 380
284 336
441 478
344 351
387 409
374 431
81 411
8 225
202 30
408 311
35 157
81 93
69 499
79 18
165 271
151 207
395 279
258 287
139 336
98 102
33 378
289 472
49 467
349 149
460 103
260 257
351 347
346 193
211 272
43 425
485 376
155 47
334 380
217 265
368 325
55 315
139 253
72 196
346 40
143 421
179 158
6 403
448 382
154 352
130 159
387 198
97 467
347 394
160 431
109 416
83 28
133 164
361 74
114 206
127 59
217 257
12 158
40 223
428 312
471 195
245 410
377 210
105 342
125 76
493 265
145 86
251 428
3 278
336 464
23 469
79 464
474 240
316 91
256 15
62 96
6 227
438 307
1 383
459 395
160 478
65 304
233 305
435 316
132 88
57 124
88 7
99 136
80 414
429 415
11 336
415 491
150 17
252 205
100 3
482 64
368 112
269 47
215 453
41 205
329 347
354 451
439 269
183 453
221 19
207 465
308 84
102 123
180 459
462 206
270 281
393 444
343 491
296 163
220 58
405 190
141 401
22 111
417 80
452 57
22 490
74 159
282 331
142 176
235 463
96 456
253 357
348 341
356 96
155 145
187 428
329 60
24 328
260 351
261 441
431 212
372 283
466 357
34 6
321 108
65 121
478 269
111 318
414 327
324 467
396 421
482 11
191 77
281 358
151 451
16 42
177 434
291 388
246 144
104 177
298 68
337 169
339 277
456 300
120 106
27 132
495 16
445 361
219 186
489 226
120 222
156 5
245 298
442 448
125 492
412 46
68 276
53 249
402 259
217 361
345 22
390 245
458 340
378 335
414 30
252 219
225 34
332 409
209 322
314 126
173 334
110 226
328 93
204 15
228 230
104 422
19 73
265 494
329 477
7 143
363 243
130 112
21 440
262 462
441 230
416 429
155 466
59 379
246 335
417 263
185 327
400 21
15 204
34 18
161 197
292 393
5 376
168 422
237 26
108 283
212 178
144 377
108 219
55 55
318 206
33 324
346 356
412 434
452 361
410 446
340 465
194 203
125 197
76 362
145 214
244 184
413 209
429 388
443 373
80 336
160 114
322 113
399 6
220 234
33 203
21 130
333 225
422 215
429 311
25 498
35 75
136 270
10 448
174 65
401 306
272 254
367 62
420 94
180 119
322 140
123 213
438 343
58 308
119 361
211 340
267 497
119 246
47 403
469 481
287 221
475 222
284 59
5 194
313 57
49 186
399 488
331 172
481 190
51 242
82 452
301 114
361 349
252 420
402 260
481 73
296 41
453 308
354 432
489 458
144 20
8 391
415 396
86 191
433 396
201 489
103 367
68 2
275 316
76 173
246 29
70 409
69 42
475 23
334 424
296 316
207 478
226 304
495 123
371 312
301 281
0 424
427 405
73 69
242 54
83 150
411 488
383 5
381 481
257 358
26 215
45 53
357 234
209 272
436 204
337 80
5 238
495 338
259 284
190 68
70 353
341 273
130 482
463 76
434 11
78 220
125 461
47 124
248 334
390 256
188 184
274 228
418 45
181 269
190 29
382 371
496 112
94 75
152 127
138 409
481 86
399 217
193 106
440 298
54 293
329 331
411 95
140 104
225 329
358 174
45 415
28 240
315 42
21 474
384 467
406 11
228 365
324 157
456 273
418 264
95 362
457 248
352 6
187 450
124 429
197 397
489 21
415 225
51 305
124 436
448 435
153 382
40 28
154 477
93 348
210 72
320 41
399 20
322 24
454 87
484 446
467 151
228 326
131 383
171 131
67 107
342 119
148 72
401 234
82 302
226 494
35 144
16 47
423 435
374 338
136 229
380 210
36 456
191 460
92 19
127 362
482 11
435 321
55 482
284 336
182 489
485 10
409 218
5 2
192 333
414 379
89 329
137 295
107 126
145 328
190 199
62 124
445 24
6 497
333 352
341 142
5 16
86 179
181 414
99 91
470 225
406 14
161 411
37 43
371 268
320 35
159 62
438 382
232 457
309 445
87 417
285 3
182 92
359 371
314 215
440 310
324 136
48 347
242 337
458 85
472 114
28 278
12 132
89 466
263 244
162 250
253 351
295 447
171 435
2 154
465 485
122 443
142 141
479 170
107 236
350 289
67 432
64 230
49 431
28 5
107 312
15 42
489 361
148 311
465 12
498 3
446 282
424 472
494 440
176 255
44 101
33 379
461 463
394 449
306 10
323 274
316 414
127 338
1 306
170 127
130 467
101 168
492 428
368 25
132 486
440 397
276 176
491 325
275 89
100 238
12 433
347 275
465 329
487 474
454 467
286 157
178 84
13 387
265 170
9 381
130 397
426 449
274 258
348 417
155 401
335 448
75 20
349 34
9 40
7 188
197 315
399 293
181 375
398 412
146 446
343 407
356 276
387 121
39 482
384 235
35 46
418 219
253 110
150 119
307 114
429 10
303 5
232 181
93 336
282 482
241 91
220 478
99 449
432 107
194 490
389 168
387 229
191 307
427 492
459 193
203 86
443 240
421 7
343 28
10 15
106 478
456 104
53 178
285 407
250 337
5 479
60 139
446 244
237 103
297 225
312 196
436 0
7 255
283 210
225 203
181 146
250 183
362 137
396 155
493 499
331 146
285 498
243 243
347 84
161 332
380 144
144 473
81 168
378 152
207 216
362 455
139 388
377 464
120 353
204 273
272 465
315 35
279 409
493 58
242 126
122 155
480 122
291 266
270 413
130 169
125 477
365 344
161 116
321 94
368 281
98 25
413 492
401 413
324 44
22 247
402 66
189 144
262 234
148 480
1 33
10 130
474 126
94 228
322 135
268 415
293 42
34 366
280 58
102 436
183 104
170 476
472 437
23 211
191 234
267 171
301 193
171 130
358 128
263 266
181 180
223 384
250 326
384 257
45 382
338 338
314 228
17 361
72 138
373 41
64 116
161 140
270 218
346 332
98 480
161 461
345 132
458 236
493 448
330 195
33 391
471 21
382 200
338 489
382 306
422 211
204 298
16 83
268 326
307 214
28 218
350 320
56 373
321 161
356 401
292 4
25 241
441 264
105 259
65 280
491 487
137 340
275 47
374 154
220 395
114 33
353 248
474 316
329 409
162 147
151 185
427 455
71 28
139 220
0 176
15 57
249 492
391 152
158 24
420 265
298 379
127 386
202 3
264 453
101 32
69 427
382 104
133 348
69 453
481 124
181 421
265 496
148 282
307 157
422 307
38 79
317 73
76 17
471 19
403 193
120 72
176 325
25 354
159 161
138 446
368 140
136 319
454 133
290 136
443 261
192 65
490 333
351 9
380 418
111 322
246 136
313 231
437 422
436 190
137 96
236 74
245 357
342 372
361 199
312 485
50 304
490 4
365 392
310 341
163 98
234 422
5 409
183 399
89 443
39 119
45 78
435 128
0 291
490 278
115 361
18 303
159 17
409 8
201 377
475 219
493 364
125 61
460 351
146 160
280 49
128 185
165 325
468 415
45 18
231 459
114 160
177 249
109 273
150 86
158 162
378 477
38 3
354 3
16 498
400 0
38 296
473 380
295 203
221 294
253 193
353 453
54 219
344 383
321 16
178 495
324 479
483 57
412 363
213 337
190 428
76 113
345 228
283 402
196 493
186 357
310 301
372 391
274 216
232 216
63 96
427 263
172 388
251 410
100 436
365 464
430 142
222 293
47 275
268 5
362 243
396 306
198 24
241 268
337 324
420 325
440 400
288 200
110 112
401 39
356 62
204 118
411 138
265 426
284 459
54 386
192 146
23 303
423 242
67 116
441 260
161 339
39 234
198 449
341 2
416 99
217 49
187 473
399 129
440 452
338 35
34 494
149 383
125 57
173 73
333 192
32 466
200 494
296 423
277 399
498 489
38 194
167 216
197 77
381 418
454 137
483 72
455 488
45 485
58 80
125 218
184 243
238 9
432 237
136 386
375 210
256 134
202 265
194 423
341 251
240 75
147 295
135 224
61 102
35 180
250 119
362 160
169 287
376 452
190 101
163 12
498 65
182 419
194 201
452 376
304 36
183 193
269 451
54 171
203 330
301 441
101 454
93 15
468 270
223 469
333 158
76 239
10 331
384 110
487 205
93 189
234 291
94 276
447 3
185 0
441 151
457 338
353 42
164 402
223 321
332 388
127 56
239 260
370 489
194 124
313 209
352 287
416 47
402 447
299 215
218 439
277 241
135 27
281 130
304 300
40 4
412 136
396 19
8 152
128 266
328 203
490 441
340 180
127 258
474 242
181 427
20 44
72 310
440 155
455 353
358 244
232 347
366 122
126 480
99 375
78 254
195 427
107 420
179 387
129 87
366 5
49 162
472 386
393 121
327 265
361 201
48 37
159 94
426 415
290 286
40 25
452 220
492 88
475 412
499 23
28 457
119 365
103 430
403 444
209 496
197 230
267 422
16 246
13 279
417 443
468 155
375 309
397 273
185 219
243 225
34 184
401 123
53 153
449 4
352 457
39 10
433 50
148 159
438 301
244 13
168 207
16 65
190 395
114 266
343 375
411 209
333 377
382 164
168 386
195 332
194 372
422 235
394 127
429 422
435 184
243 25
442 455
350 111
377 132
359 317
26 72
449 270
434 359
98 184
16 454
327 293
380 210
190 101
376 274
310 119
496 311
119 405
17 439
71 469
138 394
319 283
405 165
376 268
452 192
146 474
268 320
383 325
279 0
127 425
44 155
318 437
343 392
331 437
407 212
458 255
38 45
62 277
398 295
487 439
265 202
23 486
311 385
386 258
183 90
97 13
302 79
471 416
353 497
209 155
262 112
10 168
445 152
447 424
363 343
46 435
421 481
366 421
179 84
27 252
117 214
145 124
392 420
417 468
123 246
210 127
295 385
389 220
145 240
436 337
272 360
341 482
255 45
129 208
312 286
0 8
133 430
202 145
465 25
123 119
246 89
326 334
406 393
134 216
405 51
264 422
404 29
74 105
165 159
297 55
64 330
112 297
294 197
74 314
433 259
200 198
384 32
425 27
95 290
194 411
333 0
29 310
267 89
100 455
10 433
115 397
46 426
475 227
393 192
452 50
100 178
62 4
383 336
478 340
103 478
330 172
482 289
378 211
166 250
35 331
228 29
455 2
81 127
319 431
333 474
4 271
128 285
121 67
407 11
342 99
124 10
151 172
384 106
208 30
361 402
283 95
97 441
68 239
22 30
4 388
11 355
140 361
428 491
3 113
212 187
49 345
369 336
295 201
83 253
8 355
451 296
237 291
382 400
431 158
398 404
111 287
148 261
253 103
216 428
467 256
453 429
117 17
70 322
428 412
268 153
449 288
79 71
323 38
48 314
70 106
394 298
60 34
137 394
175 165
273 206
135 142
11 226
400 104
17 81
86 328
116 137
60 35
426 48
214 383
490 474
125 284
318 236
482 37
202 308
14 157
300 327
405 1
105 163
245 305
486 474
111 331
219 102
2 23
407 497
323 216
353 249
337 448
485 171
479 319
477 39
366 345
346 129
292 123
429 452
426 389
73 415
369 390
413 144
141 224
440 172
421 464
413 293
317 258
430 250
290 148
494 407
388 8
132 192
144 32
274 413
180 423
313 347
491 49
125 78
251 484
448 66
211 24
135 213
316 380
381 65
324 458
466 375
419 212
96 450
363 64
487 370
69 43
445 152
230 412
396 70
488 333
358 197
262 52
432 345
410 78
36 313
40 86
298 3
305 460
376 246
117 169
64 215
367 38
451 361
432 449
135 199
396 272
324 493
190 159
237 109
422 100
186 126
481 315
275 336
434 286
307 3
218 403
442 372
233 437
238 245
444 17
142 373
218 341
352 466
75 408
8 441
67 350
165 46
234 48
335 292
295 169
72 142
366 365
302 14
259 452
321 40
266 204
397 463
282 484
393 101
42 357
59 401
300 462
10 76
368 34
203 197
192 15
380 276
142 410
362 34
427 254
310 36
499 193
177 207
160 281
491 70
324 202
164 402
479 124
10 27
224 199
215 66
194 268
179 447
482 336
442 41
77 261
454 252
311 429
62 483
406 471
26 405
308 230
206 42
69 139
338 68
134 146
414 405
353 328
17 93
135 187
448 459
64 64
345 254
237 375
199 408
165 495
225 225
267 325
464 283
352 189
335 303
60 338
167 249
343 413
452 36
495 330
394 400
6 59
287 92
0 96
91 486
63 17
343 169
452 330
19 307
462 156
495 354
456 23
288 14
50 299
129 241
493 397
457 375
467 0
448 96
82 319
337 39
208 145
327 180
339 13
169 199
53 154
29 16
30 9
160 317
410 80
478 141
17 256
108 287
383 336
156 56
447 317
462 345
377 8
21 141
340 68
222 42
59 246
107 103
273 89
170 268
409 183
439 0
287 278
115 399
455 22
339 123
468 403
411 153
294 197
265 284
326 135
381 340
443 385
475 488
108 216
252 497
497 370
148 43
443 136
158 263
238 398
153 497
150 58
255 416
52 296
431 21
213 379
264 164
5 156
373 91
440 113
483 125
168 437
425 484
99 111
362 83
432 338
396 367
136 434
231 4
377 188
67 14
179 90
246 184
127 36
1 471
96 68
357 337
321 117
80 283
366 420
110 294
162 151
85 359
363 150
338 316
331 240
182 258
442 362
398 428
400 421
489 399
88 348
465 347
482 409
182 398
192 200
351 292
151 206
356 437
253 14
106 195
453 436
298 140
69 247
168 48
300 321
21 10
357 388
298 339
237 339
39 332
124 429
488 391
180 276
142 344
391 285
222 101
241 344
443 372
421 162
335 464
474 73
461 357
48 183
22 111
443 285
66 413
156 420
196 54
399 336
474 190
143 290
487 196
68 237
251 282
246 341
414 87
296 72
255 376
339 344
481 129
395 135
55 47
454 51
240 103
145 205
347 66
262 289
378 334
469 182
24 129
68 67
140 290
18 216
412 247
377 358
493 393
293 272
175 48
151 99
304 267
333 296
437 151
338 447
130 167
297 307
374 6
296 217
434 14
262 315
25 198
92 491
115 18
418 237
336 142
262 421
69 492
143 95
395 359
26 333
140 377
235 175
393 367
233 31
198 179
377 495
338 75
93 321
410 453
448 363
136 246
90 210
157 206
417 234
419 52
281 443
471 60
427 16
48 364
395 160
8 98
174 272
446 198
4 119
335 356
455 452
162 471
29 45
131 319
224 446
242 51
111 5
22 213
429 390
402 422
20 324
448 410
109 46
166 394
103 465
417 353
324 58
103 431
250 206
4 235
138 326
332 98
163 101
491 206
128 92
268 393
156 0
399 217
463 117
82 417
270 66
124 499
430 446
152 80
167 32
211 157
107 305
406 43
101 271
363 249
142 81
81 484
53 150
267 480
397 16
435 201
52 167
466 411
343 334
367 118
127 10
315 430
325 235
6 73
322 426
7 221
57 317
467 440
421 110
479 87
288 170
190 266
177 341
27 156
126 21
383 246
176 254
341 51
124 1
427 199
420 299
116 434
227 330
440 435
22 148
170 419
185 163
356 360
368 215
88 383
130 495
101 323
374 306
308 442
141 351
150 235
22 413
243 118
53 249
249 184
455 428
91 271
132 493
60 447
330 352
347 0
323 312
119 448
242 50
401 427
14 383
297 403
21 388
489 392
428 426
354 90
362 236
229 297
96 346
198 141
141 279
91 398
198 316
366 210
489 441
324 267
170 356
96 473
218 43
470 438
28 146
382 176
474 242
88 463
104 70
349 139
37 97
414 293
3 235
176 280
400 345
53 353
178 422
466 149
439 396
43 288
464 468
210 277
241 290
213 151
290 197
295 414
207 327
414 61
341 63
260 443
296 93
16 313
314 474
371 334
474 254
74 266
43 290
81 136
287 284
482 146
60 77
256 129
190 268
183 171
114 383
477 443
256 262
236 345
31 422
176 459
225 5
295 102
239 121
405 228
226 26
456 239
368 287
407 212
235 410
294 90
385 201
463 271
468 493
415 52
11 499
356 444
46 89
210 151
232 285
164 467
59 458
97 120
184 427
338 4
446 272
473 484
107 183
176 289
341 75
426 444
388 204
145 282
433 286
72 355
175 17
328 88
208 234
13 425
282 244
16 203
187 80
264 490
279 294
369 292
236 472
176 295
429 476
263 322
29 215
232 335
275 56
290 412
338 483
227 156
359 472
52 96
86 47
193 168
313 217
189 415
62 49
26 217
39 492
207 141
328 421
477 291
204 103
86 120
276 394
366 165
113 135
34 270
439 51
268 228
495 252
153 309
379 57
401 31
172 270
191 108
252 0
103 21
141 456
350 41
207 417
404 216
338 320
224 439
19 277
381 492
154 14
423 35
66 33
303 325
285 239
91 347
368 389
345 195
236 9
278 47
115 295
468 182
121 454
83 192
36 492
358 465
352 190
75 282
459 418
9 231
78 96
486 101
148 298
159 183
83 384
32 437
471 198
4 0
192 445
437 88
53 80
123 296
430 405
175 50
281 241
337 37
490 211
361 175
211 138
374 20
309 294
344 406
258 281
226 349
437 302
383 163
311 342
99 6
56 241
482 126
163 190
401 172
199 153
143 263
135 410
56 18
276 445
226 401
102 35
337 452
467 391
85 220
78 279
372 184
310 487
177 207
379 326
331 430
45 78
341 475
345 181
126 397
150 473
8 204
8 104
495 198
418 475
106 80
116 349
336 479
186 279
105 365
295 417
347 288
115 193
374 188
438 460
286 352
56 440
45 294
344 64
391 392
473 263
464 350
329 441
220 152
17 367
136 325
466 164
357 483
24 81
394 231
435 462
254 180
326 491
407 299
44 171
286 151
1 17
310 250
402 182
49 31
208 271
287 37
20 174
256 145
228 44
358 150
182 164
7 465
116 8
179 267
418 160
29 317
67 419
101 340
371 321
444 2
39 431
106 232
377 411
308 214
216 457
121 18
483 398
258 481
248 100
260 290
107 166
437 290
482 175
348 390
392 353
136 293
25 283
46 242
308 254
211 354
373 24
274 185
166 356
308 33
323 266
432 69
211 430
457 221
111 193
398 158
451 355
490 34
129 328
82 36
391 437
314 145
330 116
324 88
473 348
114 133
54 148
431 398
119 265
310 240
398 82
437 208
242 201
29 427
316 371
161 463
109 207
175 475
415 291
140 499
132 241
389 254
5 186
303 172
413 124
207 113
321 311
13 496
424 416
139 394
358 92
151 152
127 319
110 326
325 395
488 102
209 310
348 377
402 214
190 152
117 315
478 397
246 291
207 491
238 22
114 198
351 96
267 265
91 330
225 229
332 268
430 213
443 393
107 279
283 345
12 149
399 400
191 490
334 145
167 250
449 72
20 281
46 300
130 287
368 489
109 208
273 200
445 40
319 216
413 52
54 454
354 425
268 453
98 398
148 102
174 117
398 449
249 46
333 296
137 232
440 201
254 246
286 213
282 199
104 457
411 195
473 158
463 118
16 241
343 61
30 16
466 369
415 280
428 215
299 100
153 65
163 239
305 407
459 450
259 87
282 415
73 171
289 107
348 388
301 157
173 43
412 331
111 491
59 327
427 39
456 358
98 433
340 119
421 403
342 151
66 181
204 476
84 491
379 345
2 432
476 180
363 27
19 240
68 474
365 78
288 347
132 321
441 386
141 473
476 362
395 335
312 43
386 99
444 396
180 266
298 446
326 8
249 14
488 345
275 169
368 206
27 63
302 1
326 320
35 295
131 302
197 430
30 443
191 84
202 474
273 371
380 0
14 99
296 129
150 355
61 71
486 18
19 440
261 288
436 345
0 148
78 67
362 197
281 108
435 53
424 483
336 208
159 156
285 202
57 455
378 287
306 470
263 216
357 177
375 376
24 293
212 375
72 102
63 74
127 354
189 498
58 51
60 25
228 69
376 345
485 137
108 254
322 291
468 371
247 179
324 195
70 271
225 36
110 143
349 288
138 89
493 38
64 196
265 53
250 144
281 141
247 235
378 389
112 422
101 199
394 211
334 278
314 465
108 60
200 277
366 309
347 339
387 359
264 263
407 5
498 15
250 189
430 246
20 129
328 43
254 121
399 74
39 441
1 66
343 499
308 201
392 61
421 156
271 280
285 185
52 179
220 283
381 303
284 150
45 401
375 464
38 300
93 126
192 430
429 94
147 387
449 238
246 40
172 222
259 369
48 457
92 312
467 268
271 474
227 103
419 316
468 102
229 457
239 61
7 273
13 169
259 155
47 462
36 5
374 71
28 147
311 275
395 472
298 278
233 166
483 26
128 152
462 303
365 209
335 201
222 372
379 348
162 481
338 278
349 198
197 213
340 229
202 9
139 235
254 0
26 373
377 89
392 7
68 339
393 109
334 255
103 115
97 213
344 117
167 435
0 193
423 365
374 192
280 477
477 13
386 34
475 356
215 116
455 219
329 135
391 200
168 163
228 346
316 117
52 72
118 483
348 405
449 41
370 222
236 229
115 347
55 474
90 90
162 122
110 398
450 491
6 353
199 118
235 86
11 15
351 140
397 129
22 199
274 346
76 392
91 10
336 191
134 499
121 427
177 296
139 83
436 127
246 497
83 488
355 333
473 446
75 206
258 370
69 97
489 32
42 145
188 81
432 230
9 174
322 53
489 186
166 313
310 425
413 264
97 246
192 121
327 423
145 120
217 85
117 214
359 59
492 11
94 400
426 424
329 103
142 249
62 318
96 308
72 225
323 361
482 21
444 367
487 162
99 90
304 57
468 69
432 16
268 460
236 26
482 194
443 65
236 124
284 358
435 332
193 208
229 110
477 28
190 26
468 317
226 141
210 124
140 194
6 495
21 408
455 242
159 3
479 250
460 247
79 263
471 395
357 125
5 201
79 187
4 47
188 47
171 82
276 251
246 164
424 134
228 119
475 379
130 387
135 454
218 90
338 66
43 41
94 47
234 400
447 173
220 238
172 488
239 244
408 448
434 337
308 332
212 162
402 135
90 194
136 37
455 160
201 326
374 351
251 296
321 108
199 199
187 42
286 371
172 278
467 46
378 106
269 275
411 442
136 171
60 353
365 125
451 367
218 418
66 325
286 322
373 388
282 485
356 412
190 420
466 28
487 9
136 344
139 256
279 399
252 275
400 191
58 469
388 204
29 129
303 454
194 315
152 176
88 476
396 9
389 130
139 214
411 376
484 127
27 50
325 263
454 131
101 78
282 365
346 341
147 163
331 149
325 342
318 483
492 265
395 67
281 234
110 386
13 192
242 95
210 40
24 420
350 17
234 125
318 132
147 80
229 465
307 478
462 406
171 478
45 306
40 418
304 178
371 151
98 317
210 465
385 160
177 234
211 235
219 263
343 29
346 367
345 424
330 154
132 159
466 353
271 29
207 358
361 75
245 430
396 459
472 307
393 281
369 149
413 456
337 88
455 108
33 183
337 153
312 215
69 321
202 130
489 340
268 410
192 350
162 13
172 88
370 134
135 65
21 239
327 400
361 358
393 135
288 394
109 231
404 452
435 30
371 459
221 276
478 139
4 413
2 140
126 176
93 224
463 114
366 466
176 142
129 227
121 69
152 269
222 83
465 409
368 9
285 336
327 89
2 263
256 183
211 356
80 382
348 304
122 395
38 215
442 298
220 19
289 416
351 372
133 363
372 316
5 1
442 9
272 332
368 297
153 28
263 79
236 234
129 463
178 358
9 19
39 473
241 229
453 180
43 92
260 87
440 267
276 265
450 235
32 48
429 318
249 185
271 44
7 485
196 253
124 38
11 205
286 163
343 252
196 91
30 238
5 456
74 323
58 281
182 376
46 90
127 463
7 295
133 399
4 366
404 329
386 128
144 267
371 24
115 339
78 67
376 498
321 435
217 302
178 379
321 251
214 224
371 448
199 221
87 4
333 203
332 344
111 71
95 328
167 483
402 63
61 245
33 130
284 234
465 250
353 314
390 286
86 67
140 262
266 286
341 79
423 452
23 25
353 387
222 471
34 21
118 124
107 447
181 151
253 391
58 146
284 106
173 448
210 370
156 165
245 329
133 498
375 168
55 156
127 229
102 277
254 13
460 220
224 213
456 493
139 477
84 14
463 423
146 109
127 25
206 302
152 372
392 339
496 28
109 300
429 475
341 211
431 35
248 301
295 155
485 57
71 286
62 421
30 386
264 208
362 157
381 470
310 367
395 274
74 158
133 356
67 355
391 326
480 350
358 139
196 127
413 343
264 120
6 327
35 146
156 122
93 250
117 37
163 403
61 364
220 89
445 46
373 139
489 336
327 353
480 347
190 376
496 245
73 306
453 354
477 460
62 109
498 70
325 179
43 162
103 386
432 115
254 48
236 157
10 96
443 64
440 342
88 486
144 288
494 13
325 97
58 471
393 388
419 57
71 218
104 463
430 174
223 389
46 37
133 311
375 409
251 428
266 167
307 191
56 411
360 302
125 234
122 419
328 19
89 41
356 399
425 194
435 139
176 0
312 333
242 161
441 39
59 346
389 208
471 366
20 298
32 331
102 146
165 154
47 282
33 254
300 404
43 459
311 87
421 71
232 123
15 15
361 173
233 74
292 103
401 56
240 313
459 433
439 342
477 476
230 338
94 10
321 383
470 489
60 133
256 243
259 144
170 271
197 472
75 403
460 490
303 328
113 200
394 262
238 404
243 371
234 320
203 337
327 55
188 26
121 387
384 445
68 380
353 54
457 266
108 280
109 269
469 411
173 74
479 216
87 263
83 222
59 321
229 139
17 386
126 417
214 138
371 10
64 283
401 224
356 373
143 9
272 317
392 464
180 297
60 371
445 120
293 495
486 4
243 22
292 3
494 221
83 6
141 365
441 147
372 42
403 149
467 15
332 175
472 211
434 364
484 384
380 379
235 130
4 218
74 330
51 296
303 68
285 134
133 296
339 78
79 6
373 94
122 46
109 205
70 446
331 43
422 406
388 63
281 158
488 393
41 355
275 392
378 196
493 412
342 12
18 184
278 422
320 391
449 252
199 430
473 19
277 382
445 396
406 166
411 78
286 246
490 452
149 413
326 369
381 494
178 20
442 251
494 308
61 263
193 443
314 112
494 166
414 444
110 439
369 172
419 21
325 155
69 409
278 326
320 247
119 11
262 498
159 62
177 257
52 220
332 222
240 219
163 326
117 155
327 273
146 338
494 98
8 323
150 415
14 138
150 322
173 133
47 264
21 332
404 224
298 426
145 236
414 39
194 308
433 383
221 373
472 431
254 67
334 480
470 256
79 348
334 120
385 252
84 233
458 258
184 488
76 256
147 181
489 342
77 341
215 274
205 150
70 187
19 460
216 404
105 489
462 147
399 439
172 199
457 335
175 482
91 494
175 103
445 238
432 17
143 374
377 499
186 349
161 447
351 57
398 229
377 456
247 212
411 276
112 420
254 369
215 139
243 197
436 390
259 188
415 220
219 403
104 292
239 257
314 265
494 90
399 64
277 223
0 146
418 188
409 464
103 173
222 124
367 346
387 158
230 126
381 154
446 449
206 337
102 37
479 372
289 449
172 378
25 66
106 24
340 443
468 368
492 296
494 191
201 359
338 233
387 432
233 71
409 185
222 440
164 363
164 202
80 453
371 189
213 457
253 330
198 406
54 221
264 42
254 48
282 318
102 92
15 21
207 335
127 276
140 429
131 144
97 156
345 64
21 321
151 411
169 274
348 349
391 223
271 464
134 145
89 405
427 236
424 457
233 134
63 403
47 225
382 47
463 145
466 79
490 484
111 469
318 159
382 311
127 61
59 6
411 262
350 148
457 190
324 274
178 43
268 240
139 225
222 2
82 102
438 40
9 424
436 401
64 179
241 318
176 192
306 300
300 440
130 156
283 258
301 307
47 313
390 421
276 38
140 113
5 210
134 430
332 15
194 70
241 396
440 287
87 417
209 246
255 388
498 340
147 38
351 151
72 46
84 241
206 348
58 76
6 212
79 45
467 190
439 273
61 208
478 379
478 0
240 187
379 233
123 90
241 26
72 474
67 166
366 8
84 126
190 425
322 443
133 269
394 289
498 72
304 307
160 328
367 282
367 400
343 247
273 490
316 84
250 198
206 383
361 117
394 143
86 403
24 68
357 71
496 419
78 207
35 300
82 90
343 403
150 449
291 186
270 275
325 107
342 373
342 32
27 204
107 88
156 465
36 132
403 13
221 32
332 333
424 108
363 266
67 267
453 13
141 210
317 75
448 466
350 160
364 142
230 377
194 323
307 386
400 231
115 62
396 473
81 300
418 172
439 445
310 338
48 244
319 303
122 366
26 120
262 472
202 242
417 345
231 396
127 225
287 483
456 95
395 35
207 390
187 313
151 498
94 349
153 200
66 414
386 275
99 444
186 0
345 301
50 103
180 429
412 177
124 468
355 369
111 19
333 415
413 298
499 484
36 8
274 4
131 102
46 12
12 231
384 84
188 210
139 434
464 368
188 51
272 88
108 396
311 383
33 441
277 224
84 385
389 314
268 358
222 21
252 315
251 235
297 136
423 439
160 436
339 387
475 200
96 112
347 435
228 259
336 233
118 6
172 420
131 7
28 440
107 353
440 132
121 359
150 237
173 44
283 162
363 13
477 258
46 311
71 176
409 274
280 407
179 27
387 304
97 310
16 267
400 204
415 456
194 373
269 418
80 219
84 52
162 295
459 61
238 208
483 382
141 499
27 115
272 320
483 414
33 369
425 499
455 433
306 193
111 1
221 75
479 43
191 157
219 142
202 150
32 309
308 185
153 25
345 187
453 425
294 328
179 487
420 71
264 487
488 79
6 375
271 61
219 338
480 462
112 290
99 182
220 496
21 259
447 225
150 218
399 400
239 296
367 78
417 12
443 484
359 406
319 301
139 482
444 390
180 119
154 408
256 131
391 226
451 129
348 190
442 453
249 99
29 182
46 468
452 447
205 489
290 164
146 24
267 430
401 443
351 447
431 407
133 460
89 174
364 436
389 289
388 158
192 490
459 418
217 238
227 263
427 422
298 18
300 426
369 65
365 201
109 72
32 296
470 94
31 122
411 186
344 420
411 152
70 389
127 222
485 139
61 355
225 265
43 211
277 377
78 412
336 142
290 39
134 221
343 260
298 17
437 106
110 142
31 200
274 32
171 11
218 112
377 232
444 295
172 420
184 73
67 250
142 372
93 357
469 276
145 436
395 267
261 434
135 5
38 145
156 261
373 61
294 226
21 102
374 90
15 193
443 58
431 82
439 85
213 24
313 260
379 358
293 60
417 140
137 280
393 307
369 293
371 267
369 15
457 392
85 244
154 472
54 381
318 437
314 345
457 384
242 127
39 336
476 387
19 308
116 114
259 413
32 337
352 131
23 253
349 309
281 461
342 4
293 187
384 160
44 107
86 341
177 139
378 125
434 153
119 398
163 402
239 231
214 195
448 91
252 89
50 298
154 385
424 244
405 447
407 308
149 301
292 493
471 326
331 171
421 257
159 303
34 436
131 250
193 100
189 431
81 445
182 240
484 87
387 106
414 241
395 294
139 415
93 187
210 110
219 276
79 483
271 378
480 465
65 402
186 173
470 255
347 119
207 152
110 183
425 446
240 376
291 172
211 231
342 236
13 422
257 61
292 92
410 29
283 124
298 475
82 321
441 120
125 429
113 0
446 235
464 390
62 38
269 107
344 273
47 463
377 357
301 157
186 21
145 211
187 321
143 295
416 121
51 436
288 393
128 16
406 86
124 444
52 320
93 245
209 396
253 493
150 86
459 54
266 188
9 104
252 305
426 4
292 168
61 329
345 80
166 41
338 103
423 142
388 390
286 369
214 449
387 391
297 364
404 346
302 415
220 413
270 54
74 499
328 414
495 487
381 26
129 13
8 219
109 405
126 396
197 247
138 340
56 84
282 287
203 460
225 84
491 275
126 495
410 65
405 455
333 257
270 286
5 314
71 130
26 466
213 197
389 223
159 203
490 445
405 441
378 45
321 131
478 369
286 447
254 240
497 191
477 87
254 120
250 334
300 325
375 129
204 13
216 264
210 216
157 59
104 467
450 387
108 277
225 429
21 395
438 331
271 19
491 268
102 25
202 93
222 255
268 77
194 279
495 337
248 256
223 4
392 352
130 26
307 0
247 207
38 328
199 186
454 309
186 190
284 408
163 389
318 358
137 284
473 12
120 484
489 221
425 344
370 381
233 55
114 177
357 481
19 5
166 57
247 473
233 353
94 383
94 397
181 264
129 83
68 6
227 249
445 57
290 152
60 167
196 23
356 26
31 54
111 375
348 198
403 210
94 434
331 349
465 188
123 364
370 94
344 191
100 449
101 141
309 390
266 13
40 5
59 122
498 423
121 170
381 198
132 376
77 327
367 315
31 43
137 490
34 253
202 333
475 134
25 156
21 284
289 143
265 61
337 201
223 115
166 458
187 104
283 298
466 264
159 150
493 497
251 297
482 27
161 305
313 309
93 38
181 335
248 235
288 447
414 85
396 11
468 80
231 83
199 251
254 197
46 359
8 247
274 149
455 490
300 435
326 268
455 245
332 7
306 204
289 120
132 221
153 185
268 100
203 384
81 320
179 457
204 480
129 187
29 330
266 436
57 329
427 444
451 12
216 259
232 258
331 6
191 216
168 484
221 312
132 371
329 302
134 163
350 385
216 264
200 379
61 482
426 109
122 340
451 229
339 338
196 183
399 22
7 240
52 67
291 80
382 36
199 120
5 369
133 49
280 221
55 185
295 193
33 333
63 417
107 485
20 254
277 304
44 272
191 136
216 448
484 482
102 450
319 183
84 460
181 452
490 364
410 89
422 285
54 443
280 337
92 13
169 153
425 221
357 213
13 116
451 73
375 497
32 405
365 195
499 116
333 399
488 489
126 243
186 262
452 32
46 319
472 396
117 215
281 249
217 326
399 146
144 168
74 126
321 28
145 439
190 173
162 478
221 178
293 141
173 259
78 245
141 71
139 402
3 110
436 420
66 221
241 187
313 62
91 315
107 487
160 88
66 149
328 322
315 139
398 473
218 341
412 329
83 211
321 51
323 87
160 257
296 242
156 401
69 109
96 99
187 28
177 256
431 105
244 357
330 246
439 495
324 48
111 352
255 259
198 432
41 431
173 358
112 189
299 329
429 181
61 247
356 468
74 238
96 139
237 318
165 278
179 177
381 341
101 290
75 136
67 299
10 468
158 92
274 122
155 309
408 55
23 216
306 264
403 449
268 254
33 141
170 285
127 64
354 51
39 228
379 429
250 459
51 389
363 408
69 177
232 18
86 477
94 108
57 245
499 349
342 177
463 384
448 12
63 90
170 303
84 455
414 49
291 186
446 465
495 154
25 15
345 79
187 111
356 439
140 97
126 208
92 483
347 441
383 41
196 263
218 53
455 132
319 132
449 246
252 117
133 444
24 277
389 330
121 63
12 97
305 261
244 139
432 250
291 444
207 316
221 339
323 425
57 176
274 494
112 358
303 27
156 97
427 179
94 45
495 48
309 107
98 300
402 406
350 30
198 193
384 57
334 420
448 60
54 243
101 75
454 166
263 256
435 110
8 190
90 382
489 3
155 400
158 439
469 58
103 8
417 20
440 340
400 251
494 240
315 454
473 447
204 121
232 88
131 491
373 240
95 221
473 362
301 102
12 131
139 123
143 116
308 408
11 435
175 208
14 357
305 343
464 339
428 9
0 48
140 411
132 374
88 87
190 106
89 390
365 202
170 229
489 8
295 478
38 1
358 470
165 53
392 163
24 482
30 172
83 25
251 23
110 68
174 339
81 300
355 263
344 298
158 25
4 186
187 453
276 42
447 397
413 441
423 192
364 437
314 306
329 300
368 417
257 439
240 394
9 190
489 447
472 206
392 147
453 328
223 431
328 229
170 170
214 93
31 446
252 431
231 197
115 433
372 451
345 224
266 464
411 354
412 107
107 236
64 304
235 60
289 287
458 416
9 311
257 172
455 392
90 361
294 186
137 57
281 19
335 334
41 47
7 99
335 453
258 114
174 399
187 345
261 315
126 497
21 123
15 236
97 477
15 105
162 244
263 5
339 295
195 450
49 232
186 202
316 384
136 296
493 342
157 323
172 255
378 135
371 193
22 245
351 469
65 38
43 365
161 328
130 234
467 356
410 180
416 153
301 226
420 52
227 294
401 429
64 399
445 131
377 436
257 467
5 228
445 322
2 400
135 106
314 132
312 102
107 224
302 81
133 408
202 222
151 361
260 456
87 216
4 205
25 464
44 261
83 30
283 490
96 85
217 418
372 263
487 382
463 479
387 290
364 448
309 441
397 16
84 422
479 337
301 88
201 4
387 198
188 284
369 170
440 136
399 438
320 312
291 387
29 135
84 30
471 393
261 245
19 221
58 197
285 499
355 211
409 338
122 242
264 449
438 343
282 204
16 337
76 454
442 159
189 105
351 26
123 13
234 112
310 143
494 144
207 447
286 349
444 469
270 260
104 60
117 208
46 238
192 133
145 474
80 486
12 334
347 431
395 488
483 433
429 205
153 477
178 137
458 291
51 474
35 228
437 155
245 4
489 335
309 290
276 134
469 241
24 141
129 316
102 420
125 112
441 31
20 130
421 119
446 330
59 325
332 333
337 348
183 78
368 326
461 344
86 144
285 430
98 110
30 266
378 200
84 8
490 171
143 456
287 412
237 89
422 198
46 69
499 259
437 81
425 367
364 398
180 363
326 1
268 279
331 208
216 498
170 267
224 207
471 313
402 11
209 60
481 176
287 107
188 481
200 224
475 465
181 64
66 155
434 7
215 186
184 118
385 284
343 354
19 461
472 166
78 273
449 33
492 59
392 88
313 32
498 93
9 288
443 31
38 427
113 230
200 105
241 150
356 437
399 436
102 376
149 223
257 180
92 451
39 101
134 484
429 204
492 484
15 291
70 288
18 405
362 36
186 70
7 104
392 42
418 406
130 495
27 420
223 239
340 471
308 262
467 474
310 89
380 311
99 325
230 303
339 469
39 93
49 25
67 47
305 441
288 338
110 435
26 316
139 333
447 367
193 447
37 266
430 4
181 269
72 29
351 412
357 411
288 390
289 406
199 208
46 95
382 488
156 8
193 409
128 295
243 492
111 321
177 280
401 41
422 359
123 474
237 273
16 480
238 26
234 157
252 437
425 132
140 487
396 81
377 185
177 24
197 472
104 288
181 375
234 5
479 104
377 357
189 69
95 393
51 427
216 329
461 155
142 142
75 453
138 390
414 304
276 167
308 464
339 380
386 489
93 425
134 217
286 471
216 323
102 233
62 119
127 318
312 375
180 121
12 388
192 318
338 278
242 321
201 146
135 433
358 439
9 229
52 492
167 147
381 120
240 121
292 295
171 219
340 104
344 351
22 204
483 389
210 360
358 77
11 263
203 493
74 369
214 212
211 478
99 381
3 92
240 191
410 147
251 411
114 102
307 448
337 488
200 290
219 47
162 58
404 230
452 365
429 330
309 166
399 141
85 408
451 254
401 325
88 213
315 153
453 55
43 474
116 290
189 96
6 336
66 351
69 410
241 18
36 498
491 402
162 436
190 429
254 113
178 92
97 195
250 493
468 50
192 145
93 84
272 233
84 100
362 339
209 5
356 103
357 246
182 347
128 19
132 224
316 235
430 162
156 265
167 32
29 476
412 359
92 123
223 185
376 29
34 85
41 85
331 390
90 398
418 365
90 218
453 402
65 258
24 235
267 73
401 43
403 297
420 313
498 347
228 495
432 226
312 115
357 473
224 495
361 447
18 142
396 303
61 323
411 313
238 437
333 178
327 139
453 88
435 99
446 303
30 16
131 379
352 194
189 488
288 76
70 50
205 158
333 319
132 119
56 244
423 371
362 241
329 102
54 315
471 265
133 0
379 353
47 264
252 232
160 236
139 392
50 83
402 344
463 384
128 386
109 372
113 403
358 472
139 443
60 412
412 110
463 193
309 292
376 362
99 413
306 388
471 238
434 356
92 225
112 250
474 73
328 73
45 439
234 186
98 185
147 294
339 11
155 463
325 148
414 31
419 424
14 220
428 243
468 301
51 21
446 80
6 25
316 274
461 51
88 51
345 411
274 236
51 37
37 429
312 376
153 451
171 232
475 19
320 452
325 295
228 223
100 271
45 234
285 417
468 6
270 226
314 165
202 44
474 365
93 92
43 286
370 246
266 67
19 197
493 438
162 344
467 221
307 262
179 12
371 92
170 499
165 141
185 484
201 219
311 11
298 295
41 355
274 20
218 159
98 145
341 63
284 260
374 308
320 91
35 406
405 43
36 58
42 422
142 222
85 244
391 453
160 235
256 432
92 286
431 474
389 42
302 272
432 173
116 28
434 253
148 3
61 192
114 185
259 456
52 256
62 344
80 443
227 222
9 336
162 319
213 440
65 51
76 367
396 497
102 44
399 182
374 251
288 461
269 341
449 47
391 321
264 11
234 323
11 491
163 95
387 173
76 376
244 304
302 4
48 492
174 256
359 300
261 401
94 147
46 382
203 43
55 290
113 319
162 141
236 125
150 177
406 475
280 79
83 2
494 82
190 484
284 20