7700
97 439
340 167
486 440
356 273
406 221
264 78
399 131
202 306
174 383
427 389
462 4
414 483
60 38
50 379
359 476
267 35
54 456
397 107
380 393
466 105
184 139
122 230
388 435
318 325
66 62
418 245
80 28
67 333
64 141
117 117
5 424
232 384
343 411
156 481
87 76
215 122
204 271
206 189
366 93
155 376
473 432
313 74
259 54
195 380
349 323
99 164
400 206
470 332
313 243
319 126
101 252
23 386
76 305
398 81
309 294
227 406
332 283
189 40
272 443
266 236
400 473
32 218
402 152
395 354
480 67
320 67
453 433
239 195
277 381
176 489
395 86
221 255
147 227
170 410
146 271
244 289
359 398
50 128
482 261
328 298
365 315
248 0
196 170
52 339
329 473
411 80
335 224
304 485
395 482
105 326
115 394
144 349
330 326
87 47
345 312
479 268
268 62
232 80
419 316
141 284
216 248
325 53
38 51
385 129
455 285
31 490
192 423
249 176
223 374
38 189
457 420
482 18
98 77
394 214
351 17
118 35
440 67
471 443
72 330
468 208
51 379
302 499
27 95
469 404
93 102
22 7
377 402
331 356
71 327
197 77
465 274
341 315
258 405
88 164
373 182
61 56
407 276
371 216
472 287
389 192
51 65
319 264
472 429
108 150
228 43
169 305
120 45
450 363
27 230
412 390
298 252
28 326
394 58
345 251
443 366
283 86
202 347
128 454
456 175
70 236
42 184
229 240
103 14
245 32
274 482
235 9
187 73
131 115
219 81
299 476
414 14
361 434
388 117
292 489
78 345
381 362
454 120
134 463
347 57
40 379
241 121
46 127
94 428
362 177
5 165
180 13
448 420
389 393
235 188
385 181
395 313
433 119
82 350
259 419
151 281
254 151
130 392
320 301
330 225
242 34
48 336
108 274
168 348
36 497
30 255
68 422
41 277
479 353
124 475
108 239
390 275
167 362
163 21
98 340
226 494
182 340
115 274
122 142
491 135
390 11
433 21
150 310
15 326
153 130
369 139
267 261
475 111
132 286
478 491
485 230
423 205
479 19
161 38
25 454
465 152
25 415
77 250
428 175
157 92
83 81
194 26
138 350
137 169
12 122
205 115
320 497
368 128
18 152
106 381
33 43
310 423
173 410
438 387
331 101
34 95
474 414
265 228
249 112
86 254
221 262
111 291
419 394
46 480
213 437
332 4
427 99
9 142
381 100
201 299
395 212
127 235
315 221
185 244
498 416
178 271
63 219
113 142
474 482
272 11
15 187
286 456
99 294
394 148
447 332
45 447
34 194
415 172
416 349
266 100
372 266
337 296
438 287
269 303
166 264
452 393
202 182
476 238
238 153
485 223
170 186
232 30
202 57
406 148
100 470
88 24
173 324
111 278
81 111
376 233
478 247
281 180
270 180
333 110
185 9
47 319
349 207
264 279
279 404
226 23
47 232
56 167
445 220
184 168
253 378
125 412
92 231
412 259
221 214
223 245
416 406
113 122
402 266
22 230
253 33
265 100
267 152
373 174
342 212
90 409
173 447
178 68
179 265
331 90
188 252
158 55
177 104
222 123
353 431
317 244
197 458
111 82
256 464
29 336
245 450
397 471
391 418
35 76
18 422
174 366
273 206
311 184
308 303
86 33
130 13
324 403
486 179
143 435
271 94
45 24
496 368
138 294
222 239
162 173
391 241
447 336
21 17
320 110
496 181
46 406
310 478
157 370
157 148
242 152
177 428
148 139
434 25
264 286
311 156
249 278
467 203
220 197
159 488
21 392
298 155
133 419
142 460
108 142
295 299
80 203
342 472
349 228
367 128
285 113
392 178
233 34
83 211
199 305
197 243
250 72
491 496
308 236
378 133
285 417
120 173
497 365
445 314
443 346
312 312
343 80
466 56
267 76
382 402
497 318
390 79
427 247
335 233
219 236
5 214
239 4
221 477
291 237
435 18
331 86
18 247
303 174
102 485
387 70
388 484
416 236
483 130
216 195
283 171
385 435
291 140
117 476
213 364
382 261
199 1
248 65
91 218
55 404
474 194
30 294
30 215
197 298
494 365
36 413
200 277
270 273
250 491
207 387
0 315
316 442
7 200
270 417
321 99
145 325
471 147
214 175
474 1
366 412
325 320
449 255
28 26
369 219
459 278
94 429
371 459
11 410
179 378
329 133
458 0
148 474
150 429
282 362
126 476
296 1
256 304
182 245
465 284
63 51
332 424
235 9
419 203
434 99
232 451
451 263
90 43
324 451
166 240
68 107
108 292
96 216
461 216
0 278
182 278
54 63
72 366
422 142
241 344
295 356
471 325
368 98
402 61
153 45
4 68
212 221
437 464
180 161
291 251
381 180
96 325
192 436
430 20
364 114
322 171
348 11
462 293
355 69
114 364
284 8
230 118
82 496
9 19
270 114
294 301
478 152
440 242
263 170
136 370
393 479
343 458
252 241
310 305
21 107
467 424
394 305
153 197
69 328
442 163
316 339
343 89
331 294
317 283
153 446
278 453
264 398
140 121
278 16
475 302
79 151
308 442
492 473
302 461
476 413
252 96
37 144
291 448
231 221
167 108
413 237
135 445
418 177
193 127
430 196
347 20
315 9
334 155
469 159
72 488
85 297
294 324
272 474
195 85
193 356
93 363
160 106
284 80
208 79
127 329
202 490
351 327
482 17
176 185
174 303
453 248
424 111
85 247
332 197
405 281
496 377
483 350
430 8
87 119
301 490
332 215
394 3
20 183
369 228
32 196
296 395
358 337
84 220
269 295
428 416
145 174
24 276
285 128
100 307
297 224
439 401
404 130
313 185
414 276
472 34
281 446
135 120
340 491
287 219
487 110
284 67
344 132
112 161
468 129
353 212
465 265
247 145
330 221
497 413
299 244
42 321
441 81
424 177
248 282
392 63
131 235
219 28
189 475
456 332
396 157
275 161
158 362
83 22
435 489
85 81
254 235
168 480
9 196
478 444
8 258
345 222
102 139
466 65
249 292
301 274
435 145
7 76
99 446
435 443
24 386
473 372
204 278
326 493
438 214
324 156
378 446
437 21
86 333
125 255
381 335
333 426
355 168
114 340
283 454
192 401
126 159
290 166
159 330
396 116
273 449
247 220
242 3
336 36
143 180
368 313
92 24
193 201
393 447
253 159
61 177
188 445
463 187
17 478
447 475
424 266
486 72
427 24
60 80
113 116
281 204
228 481
182 373
320 273
433 75
104 425
371 346
33 145
475 186
161 402
168 274
346 438
462 7
439 126
242 374
78 52
33 375
249 159
284 67
495 421
347 217
63 451
96 70
108 448
203 72
198 122
60 371
230 45
23 374
248 170
222 117
492 179
338 256
175 241
15 122
192 170
122 214
136 107
56 70
494 244
366 259
482 193
238 426
152 213
383 113
230 253
432 105
213 222
464 270
244 389
411 331
45 436
396 33
456 181
425 452
63 450
143 292
70 397
110 233
346 75
328 345
451 76
299 260
382 16
257 115
446 126
415 169
54 343
24 311
115 10
461 301
445 30
427 456
190 16
443 390
235 388
465 271
383 38
407 116
83 265
243 164
185 29
372 10
173 240
102 248
49 140
170 415
372 495
363 450
340 414
302 306
429 427
466 119
235 312
429 225
389 318
199 172
183 75
167 423
23 208
349 269
185 73
68 19
321 57
323 283
89 161
441 125
245 370
182 259
484 332
3 463
135 373
300 54
330 170
379 467
89 353
426 80
99 274
183 346
129 273
286 6
483 70
440 227
486 80
265 474
437 470
196 268
174 425
447 496
316 4
210 178
258 405
31 136
335 210
483 214
72 464
387 269
497 55
488 179
154 335
158 253
373 443
368 354
202 47
404 316
494 370
275 114
102 105
315 158
372 437
254 298
67 296
204 141
172 416
104 192
445 326
122 262
468 318
217 490
158 170
41 473
439 5
110 168
327 42
331 425
75 51
200 85
78 494
263 404
448 251
429 367
129 393
63 51
394 449
119 132
458 404
409 12
33 397
439 371
148 212
115 123
208 223
70 315
71 139
242 333
200 19
412 171
75 181
130 327
312 469
373 101
114 270
167 135
6 499
211 459
82 7
230 326
494 142
281 300
485 65
437 23
47 185
366 349
29 122
443 348
450 341
463 316
303 64
415 130
441 162
169 478
156 23
166 251
404 150
68 299
175 389
75 5
206 222
344 293
142 87
428 287
455 92
8 243
374 259
273 275
253 167
191 442
193 409
60 209
360 449
339 480
485 35
257 266
59 43
131 453
92 53
145 411
155 48
159 5
280 381
48 432
226 33
295 91
152 271
221 355
187 13
48 60
326 172
215 158
463 237
291 346
110 56
456 288
146 265
146 115
399 278
164 46
138 125
396 459
166 290
303 469
381 353
25 204
214 207
297 92
291 177
233 440
228 401
18 189
156 226
5 164
210 55
32 169
128 200
491 429
250 294
147 146
350 132
191 24
468 64
94 488
428 111
12 327
17 9
235 382
46 173
81 92
261 109
161 113
394 241
387 152
151 145
277 386
262 353
418 320
309 231
342 12
191 89
450 207
89 60
86 38
130 488
449 167
280 244
337 110
115 27
172 77
463 266
119 301
121 226
309 389
253 282
224 3
210 445
5 26
64 152
140 91
110 47
143 441
51 243
270 480
57 166
432 442
95 373
451 404
293 68
351 260
263 47
492 427
453 326
478 349
293 370
417 470
411 403
146 60
392 314
481 268
62 302
27 265
169 157
226 478
238 463
362 429
208 353
179 354
55 161
31 9
331 348
104 300
212 242
409 102
371 105
259 390
7 285
443 286
264 29
492 21
302 354
207 354
60 362
23 239
100 467
168 407
59 432
174 272
226 272
229 83
325 449
235 488
126 185
214 30
403 242
448 58
412 205
67 7
246 324
291 442
201 347
279 459
83 261
385 305
241 162
111 114
454 418
103 198
228 80
174 317
227 131
188 122
129 139
315 107
50 228
75 459
270 103
216 206
363 206
368 101
215 456
375 479
30 169
101 330
0 258
390 275
249 227
219 430
38 379
107 386
345 88
43 34
92 116
322 260
361 455
264 190
21 429
98 491
321 51
162 52
179 173
253 404
334 429
308 472
358 372
312 267
301 56
172 356
116 393
200 346
388 329
258 316
307 261
165 209
261 481
154 327
83 440
369 259
231 417
290 29
296 442
498 102
458 449
194 22
220 426
256 395
63 108
221 14
223 371
352 386
65 336
277 358
118 148
418 498
28 201
495 208
162 176
126 493
367 473
399 320
67 87
47 7
22 131
354 121
359 97
434 58
268 425
425 63
413 238
440 343
403 293
470 435
281 66
39 448
120 0
88 438
446 188
171 487
108 320
269 377
435 468
245 55
118 203
442 22
218 32
177 234
21 121
187 147
447 302
303 226
17 68
108 243
82 315
487 131
8 43
363 256
164 443
498 460
482 282
166 292
26 200
322 344
343 48
202 361
88 291
211 357
452 457
124 319
450 35
430 111
219 458
253 293
253 383
18 103
396 87
288 36
232 422
322 462
323 428
219 377
234 263
72 282
101 39
426 196
159 403
213 356
149 379
114 318
421 254
341 132
21 317
92 481
295 253
181 414
143 471
86 252
34 378
269 159
207 487
242 195
51 367
98 455
273 52
158 212
345 195
364 351
185 366
471 456
223 480
451 153
257 366
96 390
49 292
131 365
412 108
475 374
181 315
367 425
138 307
354 377
229 335
53 218
27 414
246 24
29 250
468 50
440 287
431 65
282 341
449 414
140 195
10 277
202 322
129 230
107 192
27 483
53 188
454 80
457 80
330 201
103 486
125 299
216 395
236 408
323 498
45 37
166 463
137 408
138 221
413 266
101 97
138 441
373 155
235 92
145 182
21 418
217 248
143 146
407 433
283 231
121 230
45 329
89 287
8 183
301 227
176 274
67 403
410 314
407 440
123 145
63 404
153 144
142 132
417 148
232 49
131 201
382 353
140 29
64 471
50 1
275 365
120 226
41 342
134 30
176 300
204 109
105 91
224 209
210 100
1 141
194 442
295 485
14 76
399 287
140 78
443 449
176 267
461 416
446 69
221 96
57 122
66 425
135 15
115 290
283 345
139 116
101 478
54 434
73 467
45 306
255 214
333 341
257 283
204 295
243 55
178 425
351 152
167 96
386 338
35 282
251 169
499 174
460 204
172 54
212 33
99 69
262 467
103 433
80 371
427 307
233 323
475 457
53 84
274 495
277 439
460 309
335 380
85 460
366 295
180 109
178 78
397 132
417 293
164 0
308 497
172 91
48 41
477 499
494 453
244 251
412 272
4 205
17 247
42 89
198 383
313 74
206 229
22 210
63 123
120 186
130 223
116 144
144 30
484 93
196 138
262 228
433 460
207 267
208 302
37 101
175 407
488 350
413 234
357 10
196 328
51 330
474 178
209 167
112 470
109 193
421 160
120 223
342 207
361 327
280 51
310 399
249 307
41 298
308 14
342 251
433 356
387 393
60 259
230 96
289 24
184 191
414 62
121 304
483 257
160 483
382 115
423 470
268 483
498 316
67 428
136 340
86 352
112 23
119 498
23 342
385 260
175 207
364 299
408 296
131 347
463 68
390 13
349 238
54 10
290 347
39 474
178 427
302 125
124 290
484 274
34 499
58 369
21 61
210 422
122 429
350 341
207 437
175 92
103 56
255 81
407 393
172 294
420 86
376 475
249 396
395 213
82 135
197 305
228 103
385 407
100 202
139 87
179 307
215 166
247 134
28 470
265 7
93 52
27 37
433 321
34 128
264 180
485 117
72 313
72 65
267 309
396 172
332 258
424 428
62 47
18 24
31 442
495 135
172 124
445 22
151 457
489 480
449 267
432 326
392 373
183 4
28 11
270 79
359 360
260 46
70 422
364 130
265 453
77 359
234 289
246 375
207 385
4 87
413 8
381 436
292 157
169 64
496 320
33 291
337 355
129 293
423 260
213 494
205 40
329 143
370 439
176 427
14 429
437 180
468 427
85 170
87 260
81 106
397 83
290 114
259 86
198 420
266 34
74 264
259 471
411 255
182 481
410 439
472 196
475 199
369 440
53 412
18 308
391 134
100 267
354 34
454 359
393 404
168 72
43 319
74 427
408 306
246 108
304 170
221 218
10 131
44 91
251 63
49 414
182 143
29 149
360 388
292 483
407 105
424 461
240 450
109 350
458 1
23 355
425 114
246 245
188 435
499 142
56 439
434 48
50 238
126 463
298 262
368 271
84 205
8 144
495 324
177 117
472 305
420 201
298 397
184 18
160 486
277 35
436 216
307 212
175 486
248 285
408 474
31 468
465 492
169 39
156 460
265 346
399 480
229 37
55 197
35 414
449 215
284 313
377 385
223 443
80 52
378 324
144 489
481 262
301 109
421 150
349 310
290 39
76 100
150 20
434 132
199 37
350 235
473 335
130 79
484 48
372 211
200 214
476 369
478 33
36 130
440 400
291 237
337 230
102 367
351 487
25 36
124 403
238 227
159 449
497 369
432 143
357 222
91 484
17 334
464 421
173 405
142 256
486 464
332 332
319 89
477 35
438 196
276 453
402 29
250 435
78 252
474 182
166 287
121 417
338 35
441 437
45 12
328 435
267 32
473 160
48 439
487 302
108 486
367 263
50 10
262 117
299 480
268 88
5 317
353 389
179 196
60 146
433 224
108 388
401 201
492 433
88 301
287 479
95 196
206 155
124 145
126 321
261 424
93 394
135 119
167 298
444 314
391 227
467 378
431 351
285 220
21 423
254 373
69 161
168 349
495 127
300 292
68 121
367 414
33 162
460 2
169 200
279 257
135 412
263 246
319 418
193 400
273 340
1 447
297 194
174 169
462 144
117 326
240 30
44 484
486 125
325 5
262 7
419 456
203 249
19 183
83 22
214 212
11 209
255 216
237 160
304 281
108 51
434 421
257 200
326 478
483 244
103 3
460 97
346 23
58 15
389 365
429 493
202 103
171 441
101 310
443 409
312 258
31 51
104 246
225 289
385 282
137 208
158 488
363 449
464 4
222 421
415 205
161 151
444 469
131 184
445 398
8 75
126 258
4 39
180 82
364 229
290 65
406 354
303 448
304 269
191 268
325 26
30 106
427 486
23 474
224 59
134 468
226 232
272 112
195 231
460 452
370 411
265 102
50 276
45 421
41 355
233 236
194 366
205 263
90 474
33 228
196 314
47 19
131 423
6 171
123 178
442 318
421 493
121 59
480 471
178 167
255 21
240 412
175 302
276 445
173 117
432 161
180 221
496 479
150 163
342 2
321 125
471 284
195 94
65 92
259 176
49 96
8 367
169 289
234 35
153 297
458 259
333 437
268 490
153 329
184 270
395 347
483 357
451 218
311 179
355 368
464 422
289 404
194 324
212 310
107 280
40 217
154 417
259 373
54 274
44 413
112 238
447 291
10 96
275 398
119 321
95 482
238 435
260 385
47 432
65 324
393 155
424 105
330 399
173 184
449 236
475 217
8 61
157 274
173 370
43 284
266 144
79 139
376 5
289 191
15 423
430 354
311 260
159 355
391 141
378 332
401 340
253 205
479 262
132 411
195 4
0 176
167 314
319 80
123 43
466 108
315 491
251 397
104 126
268 411
243 495
187 498
55 145
407 440
203 386
243 391
419 399
65 243
175 86
129 384
344 299
290 448
197 159
138 41
452 153
148 258
256 48
45 335
127 163
49 304
195 331
82 292
36 115
201 147
383 211
362 183
483 79
91 152
194 32
185 229
487 498
46 185
372 95
258 443
247 499
330 307
452 443
58 412
411 340
403 111
146 146
226 266
418 481
13 317
398 464
315 198
383 385
480 213
157 255
255 90
397 404
347 437
202 201
41 257
221 465
112 445
63 219
201 338
7 481
298 214
413 405
142 465
178 148
404 474
64 335
92 11
300 313
15 291
401 2
468 408
353 122
193 80
270 268
102 394
461 277
34 400
365 226
374 176
150 395
231 130
493 66
379 175
466 294
148 246
155 367
341 468
400 360
129 35
281 170
299 231
483 242
468 185
361 200
95 195
177 363
429 178
353 171
317 309
55 320
39 465
286 62
423 381
268 186
209 52
135 49
144 360
46 118
170 464
159 259
475 265
296 189
360 404
65 149
321 177
494 473
35 361
94 280
319 310
214 362
263 380
240 349
319 259
224 138
250 489
107 235
424 225
481 403
404 136
313 47
372 226
439 160
440 259
70 33
395 111
491 136
486 10
270 84
74 157
499 346
81 176
401 458
361 358
494 235
134 265
343 160
320 6
117 282
315 260
224 187
176 62
425 67
151 162
171 195
41 78
254 22
480 474
332 8
243 193
311 179
339 377
235 154
289 159
271 352
392 104
19 495
63 68
82 444
491 66
496 105
128 384
358 251
111 108
154 43
222 354
83 465
471 61
72 170
22 260
217 343
339 266
334 88
32 254
172 268
374 375
259 169
272 2
462 117
12 383
89 116
81 234
147 24
194 405
165 219
63 68
335 234
322 254
360 21
290 206
81 32
201 164
166 340
310 325
208 128
97 322
409 149
25 178
83 56
128 219
288 101
335 43
297 475
496 10
216 157
41 286
450 298
490 95
420 116
97 300
475 481
482 194
224 384
292 8
227 160
261 420
463 367
342 448
458 112
121 191
477 27
325 163
258 428
396 167
320 30
363 493
39 295
31 346
354 264
424 323
96 433
153 37
337 411
376 495
38 148
175 497
160 16
444 352
371 270
153 192
38 191
486 16
362 77
193 17
193 216
2 469
6 141
404 155
2 196
196 280
278 41
57 223
75 290
61 353
45 446
138 66
82 435
13 476
346 445
13 206
176 391
32 367
22 34
82 436
217 25
418 278
1 347
137 475
180 428
227 50
116 77
13 217
193 199
496 378
436 391
282 361
229 464
499 166
103 103
480 433
64 172
19 398
225 417
346 8
59 405
483 425
142 27
78 348
226 187
79 426
288 14
479 361
28 369
472 330
263 483
7 453
203 327
97 378
386 429
334 443
368 297
177 169
369 362
49 255
34 95
110 128
342 322
43 441
271 370
205 367
172 34
214 212
442 376
305 311
106 328
478 139
161 326
188 155
262 30
478 237
366 296
470 440
381 60
430 13
233 152
38 487
51 405
281 252
415 493
173 86
78 21
199 151
306 239
121 387
125 421
217 99
39 343
255 40
53 420
424 185
24 138
44 463
67 75
68 325
264 483
356 241
245 194
433 56
295 403
324 406
6 272
467 394
434 45
318 222
259 339
478 94
57 283
358 22
199 125
460 278
372 315
9 168
224 117
20 294
201 20
292 345
239 59
104 260
334 25
364 274
221 94
377 342
216 278
255 88
366 416
83 67
236 238
207 93
239 312
184 228
425 440
499 329
441 16
41 456
82 275
369 405
100 303
434 247
335 316
84 189
109 53
144 168
113 345
157 351
431 352
145 342
23 356
372 144
452 464
239 265
23 387
190 109
356 123
439 476
18 43
96 24
44 127
472 240
92 157
9 481
175 23
232 154
151 198
162 456
222 455
342 402
363 245
368 385
361 219
262 159
35 379
6 210
451 79
236 330
164 395
270 98
104 191
242 2
459 255
63 256
10 33
278 405
290 373
92 498
157 4
383 206
417 193
272 242
72 368
115 361
311 88
280 385
388 415
23 22
130 199
232 86
343 141
14 10
8 134
490 107
165 17
62 373
115 82
302 335
48 40
480 417
155 359
126 112
486 43
242 149
87 117
258 474
336 431
417 272
231 196
213 407
132 397
331 276
463 100
492 134
403 363
74 472
437 58
453 200
202 423
40 47
373 289
72 150
423 209
257 341
248 154
403 471
99 233
333 235
221 414
129 177
149 476
387 203
255 438
362 340
240 457
99 254
405 113
175 23
365 328
334 432
255 465
198 238
325 206
472 383
60 46
374 101
304 62
0 261
454 412
221 362
117 46
159 320
196 374
202 186
119 61
26 388
478 226
433 77
460 303
201 405
7 373
435 76
189 163
75 435
150 495
41 297
469 119
493 201
239 165
78 47
287 358
437 457
386 266
69 370
127 198
71 271
199 486
2 6
294 240
236 429
78 296
267 277
330 48
65 112
11 70
280 496
453 298
64 217
439 191
389 134
257 67
405 461
319 308
48 407
337 465
113 284
62 415
315 380
344 392
314 233
229 355
154 95
312 34
225 70
204 104
171 114
427 313
473 428
336 247
64 22
158 25
440 178
58 72
317 108
341 403
110 131
226 422
308 264
187 391
495 385
351 243
57 18
446 279
378 382
256 134
159 442
472 415
487 452
60 31
286 156
288 253
27 248
365 366
257 335
220 52
295 104
122 423
202 204
87 421
55 432
227 343
110 67
371 199
82 450
106 283
36 220
469 394
261 415
250 334
386 370
475 322
245 33
238 449
222 300
232 177
20 130
197 459
11 131
81 68
351 93
314 187
434 239
154 283
469 47
417 256
430 207
240 244
46 27
179 478
7 268
398 412
223 28
11 447
367 234
328 444
483 218
309 494
277 417
316 315
423 246
453 234
330 353
233 45
376 228
497 412
176 383
411 247
195 252
338 274
218 414
485 18
12 202
471 294
462 289
387 288
374 385
239 192
238 56
285 324
236 114
497 134
381 413
165 261
35 428
343 3
22 106
160 328
474 34
176 483
271 436
322 63
108 497
54 413
237 346
460 191
325 473
238 309
70 206
487 255
111 458
64 182
10 133
19 224
59 336
273 47
463 183
180 447
360 71
417 86
129 449
274 229
38 454
13 13
268 109
419 0
182 379
364 483
59 44
232 236
283 118
301 5
304 98
169 334
272 164
465 86
167 402
208 240
253 206
167 221
73 373
105 86
421 107
3 321
57 480
450 236
93 193
291 104
290 398
414 461
399 62
316 380
120 67
125 25
98 225
98 144
230 172
279 203
25 3
483 135
371 434
127 285
241 464
362 419
232 31
446 277
157 131
50 114
139 129
354 175
171 90
262 452
8 401
404 393
28 385
171 239
377 251
216 299
70 118
2 430
59 302
285 300
414 68
197 336
363 406
496 51
356 35
288 110
3 216
101 45
284 384
135 124
423 13
484 203
486 493
147 486
138 45
466 433
269 52
310 163
67 484
371 158
268 275
491 160
205 124
8 444
68 341
207 495
51 344
337 191
29 37
434 337
270 167
71 400
416 391
375 382
40 335
110 247
259 161
285 453
397 316
157 145
140 317
161 364
407 191
80 351
188 436
455 15
267 310
201 27
261 183
18 428
175 153
314 128
81 286
102 451
96 330
0 112
328 89
132 161
364 236
24 213
80 404
214 480
359 347
31 415
344 472
125 49
30 371
10 292
243 463
146 112
224 192
281 146
159 53
141 413
478 24
428 165
497 58
406 495
410 356
180 289
338 106
330 306
450 220
36 340
452 45
237 182
180 29
434 370
136 339
363 75
92 114
173 144
139 442
150 431
220 401
8 331
489 410
483 190
30 439
336 19
53 482
363 74
296 233
72 297
224 432
399 288
284 169
111 424
355 423
176 113
444 75
337 36
226 433
224 320
339 256
91 61
135 244
477 454
104 283
216 50
190 180
349 467
391 474
249 312
426 246
173 425
462 370
156 362
183 40
297 380
441 374
119 388
194 428
212 448
350 298
479 280
247 40
14 180
493 138
236 115
41 271
141 261
123 355
395 149
30 158
33 44
432 471
400 4
452 479
129 112
244 303
195 108
141 491
481 210
177 134
405 69
330 218
425 398
48 305
464 321
365 430
401 349
353 150
481 153
117 157
312 110
71 361
204 8
70 212
346 185
254 247
318 103
353 436
242 243
416 253
183 58
407 134
136 85
238 112
269 117
79 356
69 434
294 150
362 274
311 364
463 60
163 66
354 133
377 369
122 448
6 145
279 306
243 413
377 415
384 481
189 499
433 464
114 111
385 227
443 329
389 196
114 258
392 405
274 469
269 269
414 248
54 276
41 46
313 297
131 419
418 198
14 172
283 203
282 480
309 168
217 225
335 199
456 331
152 227
348 230
478 422
50 115
161 385
34 91
362 474
24 165
190 132
335 38
19 473
494 117
194 180
231 211
394 382
109 187
269 399
321 310
425 100
485 371
314 438
264 19
37 177
161 141
179 227
52 497
466 50
231 398
461 13
395 314
2 356
255 356
166 271
371 428
151 443
233 208
80 465
494 498
139 117
196 8
5 170
73 100
499 323
188 156
470 460
168 435
144 472
244 275
203 162
106 467
28 206
24 339
189 108
225 370
378 180
351 273
373 235
59 424
80 224
185 99
35 50
375 205
481 31
193 471
438 36
243 151
343 466
426 267
137 32
213 3
276 16
251 64
340 2
226 162
114 272
322 263
321 1
32 49
20 302
190 225
377 311
129 433
52 220
104 56
59 42
410 317
233 336
190 13
176 425
197 416
32 142
143 372
421 353
7 175
252 442
253 197
483 129
201 382
438 387
429 306
475 350
186 339
205 209
134 228
144 233
375 332
204 28
381 18
45 477
419 388
438 297
279 24
407 421
160 480
138 197
47 90
281 114
175 85
313 486
219 161
345 310
338 446
464 401
379 72
312 9
159 298
323 250
23 438
418 82
279 184
126 57
23 179
264 407
246 198
211 78
240 317
264 57
458 78
2 228
90 337
488 315
417 249
187 163
245 441
477 457
366 376
55 103
10 241
291 320
250 108
426 3
60 342
272 190
270 18
208 275
90 360
461 196
359 7
300 0
458 104
480 277
380 176
418 388
60 243
351 209
212 310
4 277
319 124
143 276
51 90
450 351
399 141
1 264
264 258
214 301
79 74
103 46
286 311
54 21
82 346
8 406
35 147
271 12
289 355
297 266
469 340
334 247
363 368
478 335
136 480
54 44
91 67
379 9
382 229
76 433
191 465
464 84
97 79
286 235
2 386
78 83
182 471
192 412
99 46
26 170
215 88
155 432
294 158
387 386
172 176
493 463
400 363
294 457
193 497
235 80
15 47
370 165
430 198
96 62
233 29
469 474
258 300
310 477
363 52
229 49
365 35
251 222
180 265
114 45
478 225
272 201
366 493
191 142
57 148
30 287
261 142
294 499
476 20
424 104
153 340
227 153
376 18
135 478
24 408
133 249
302 2
347 257
251 169
169 39
178 308
302 199
199 292
164 96
200 27
367 88
242 206
76 95
425 470
378 212
313 449
303 363
120 116
137 151
42 223
32 306
358 220
12 334
283 57
84 28
117 483
41 304
251 359
181 470
34 176
478 59
274 347
315 133
284 394
117 304
463 178
399 1
188 321
230 263
292 471
306 314
470 261
120 348
170 73
250 301
212 204
51 80
213 486
232 219
375 350
28 349
203 338
159 279
395 391
214 389
56 39
300 20
220 378
452 272
425 390
94 54
134 137
475 498
69 199
49 207
408 444
135 430
209 111
354 294
36 104
495 420
441 444
322 295
67 13
404 274
328 344
481 350
200 314
14 308
15 269
66 415
345 276
387 201
347 55
11 94
14 383
179 359
154 307
321 2
128 74
418 77
279 309
123 252
60 480
101 489
257 428
204 167
368 102
9 443
389 68
451 373
232 404
63 483
485 238
312 384
313 113
274 83
187 93
425 398
239 99
27 26
46 496
451 231
27 266
334 460
185 416
172 138
121 417
156 236
472 458
71 320
255 286
231 198
448 442
42 156
34 187
36 69
153 80
199 487
299 32
448 33
23 485
254 121
209 144
102 410
83 181
319 26
224 338
281 402
410 172
211 175
96 445
377 99
86 101
133 76
462 238
223 82
55 485
482 477
240 264
297 436
314 323
13 117
371 38
62 146
321 282
227 126
225 418
19 456
385 164
402 153
87 347
184 477
454 494
258 166
455 46
221 407
376 269
160 235
381 248
30 74
200 55
473 257
65 278
442 344
497 450
297 196
173 436
430 334
0 479
26 40
448 307
77 99
186 324
72 89
163 68
475 454
63 216
494 448
144 129
79 288
484 142
430 377
211 157
136 361
253 63
223 14
466 201
378 300
389 152
72 302
257 52
120 47
347 320
449 114
402 492
486 29
258 386
395 416
129 321
236 384
250 383
436 459
259 216
369 314
117 0
405 293
341 226
398 25
140 188
32 348
229 394
133 18
287 487
308 28
264 416
151 44
4 15
231 88
402 115
468 452
246 371
449 373
250 439
479 348
196 390
137 12
30 277
264 270
150 317
86 424
320 415
282 237
325 176
144 365
318 80
303 112
337 416
355 253
453 87
330 334
346 1
278 467
89 229
398 394
170 239
6 484
222 490
19 140
6 399
479 163
127 324
92 135
240 464
51 299
133 193
194 381
200 332
61 324
218 289
381 311
296 388
230 239
380 18
269 249
264 386
62 101
236 391
355 6
305 328
21 259
492 438
122 67
391 193
334 35
347 109
349 215
307 143
13 79
329 39
425 134
235 445
337 339
345 323
151 44
303 150
440 172
239 296
341 415
450 482
443 175
243 149
144 292
372 50
89 9
144 53
498 366
57 379
203 187
232 402
404 206
379 35
183 196
111 470
305 24
200 414
63 248
41 443
345 208
69 265
318 286
152 213
445 168
356 209
463 0
206 88
475 219
415 85
408 159
183 379
293 213
313 383
178 208
268 354
471 375
161 338
51 141
310 165
226 496
496 18
106 41
260 203
140 433
92 176
55 400
465 276
11 200
408 279
485 42
417 177
15 457
98 431
96 418
415 260
278 323
364 263
318 236
170 125
153 311
211 114
242 60
260 29
308 254
148 168
197 145
102 417
348 212
131 53
313 445
120 398
13 92
180 336
313 332
143 350
317 466
26 206
235 59
165 138
159 395
41 313
231 356
69 143
48 79
376 52
450 362
306 496
333 463
147 486
189 146
465 290
497 358
417 343
482 84
480 83
248 141
497 21
16 479
411 418
470 65
279 287
136 272
88 85
423 469
467 235
378 464
322 432
276 227
311 240
175 110
103 291
164 423
255 452
371 181
98 18
305 193
318 377
314 441
262 258
493 237
54 82
14 223
450 376
468 142
104 114
257 495
271 207
12 422
455 26
44 383
428 53
282 201
495 98
356 96
185 109
191 202
425 239
468 206
200 228
342 288
136 157
364 451
373 407
285 376
111 180
85 329
382 392
490 219
315 377
487 199
401 353
92 178
236 326
406 412
53 289
446 100
52 189
96 162
391 277
458 381
62 354
246 395
115 444
174 89
288 282
135 161
191 41
367 80
492 280
69 126
226 397
86 15
29 278
56 34
267 420
275 366
261 329
126 21
462 228
11 300
313 102
143 146
78 356
136 363
489 71
320 57
72 215
494 407
441 102
374 50
268 61
390 149
23 29
110 368
20 485
88 121
119 333
42 231
94 198
121 178
236 83
299 441
200 160
114 145
47 494
55 489
490 315
196 297
166 13
499 306
279 186
372 439
170 251
301 414
444 117
52 422
215 32
193 203
348 416
410 159
0 247
62 317
114 491
4 111
269 280
319 355
294 49
152 191
457 317
286 453
227 253
286 338
394 442
210 331
490 242
342 472
289 343
186 404
367 404
36 42
398 137
38 355
398 44
213 190
495 207
461 499
190 222
164 247
78 84
178 227
199 420
263 20
277 489
245 301
344 144
133 133
489 242
138 23
213 239
447 352
203 208
282 408
7 393
329 447
174 85
357 8
28 225
66 473
274 157
302 311
445 118
212 287
311 286
377 351
55 24
85 324
84 258
4 367
166 91
28 333
341 192
270 238
211 222
379 336
0 337
456 33
321 297
435 20
223 132
8 312
137 278
37 445
165 73
17 393
226 183
376 397
135 420
142 146
334 198
36 373
407 334
483 344
216 80
64 418
231 440
218 72
370 220
293 107
0 35
70 162
60 227
499 446
444 47
98 141
366 131
317 486
182 273
205 301
219 398
338 269
342 450
170 409
16 64
451 316
330 369
448 21
320 242
290 447
440 116
247 240
226 306
432 65
366 408
306 137
407 85
388 497
406 101
165 410
78 274
143 116
137 409
151 443
390 457
74 293
385 330
489 173
238 111
371 421
410 456
42 30
27 317
270 282
192 285
411 435
403 271
32 407
350 393
202 35
329 93
275 128
302 214
178 264
37 392
349 49
79 448
117 243
25 458
95 388
175 217
340 7
414 431
176 372
408 116
209 378
7 89
155 337
101 161
53 333
235 491
291 254
497 166
125 408
148 22
92 220
79 176
459 432
157 345
314 135
13 417
6 23
212 372
385 13
347 166
157 439
193 434
100 448
208 43
65 77
150 209
237 9
294 229
427 196
183 451
368 241
116 48
273 226
239 329
495 158
449 438
372 4
452 143
38 325
402 12
73 455
465 404
486 310
358 259
62 413
6 41
90 282
8 122
451 363
373 99
38 298
302 323
318 262
439 106
471 356
311 194
98 44
355 276
387 84
349 65
107 449
83 355
478 49
264 443
43 281
432 137
312 433
47 234
193 130
486 487
33 164
208 298
426 131
68 415
481 314
115 269
125 440
341 199
142 455
88 105
94 37
470 20
107 407
37 370
209 300
316 24
174 242
373 24
292 100
266 293
63 273
65 382
433 40
495 406
11 427
465 83
456 457
216 287
157 63
215 254
130 366
108 383
407 156
108 334
479 51
176 375
109 42
434 241
147 42
469 429
365 10
468 434
222 321
236 36
290 231
98 303
186 272
428 58
244 445
497 37
264 224
118 25
267 373
415 53
334 414
277 236
171 199
372 97
133 245
328 460
115 276
48 278
337 301
99 329
218 433
157 448
473 482
207 128
181 240
7 122
358 15
67 284
381 381
478 291
252 366
142 307
85 367
21 43
372 274
208 472
420 442
276 217
345 245
486 483
105 26
394 345
481 315
49 313
104 214
80 27
334 208
76 223
266 272
46 449
421 490
432 254
324 193
438 208
191 169
48 276
121 148
463 442
107 102
316 364
392 211
420 249
472 226
350 348
297 90
80 397
3 70
263 12
72 327
497 53
330 263
263 45
339 303
258 78
443 446
9 426
175 335
413 281
129 147
237 264
13 278
348 169
181 16
196 463
369 105
368 193
90 199
354 483
62 281
79 112
39 5
192 440
222 214
214 105
221 351
482 451
121 234
251 182
498 154
260 447
492 367
66 480
464 434
67 272
385 378
383 498
438 424
490 427
32 160
364 204
8 254
488 346
380 481
135 91
390 378
245 247
80 382
168 163
436 396
274 235
233 321
97 9
436 24
184 87
144 320
426 400
98 152
133 267
358 479
357 120
368 249
483 103
266 300
196 4
239 202
375 470
479 325
349 472
412 267
439 385
138 56
208 366
133 236
215 193
313 491
92 73
28 33
333 428
432 294
349 29
499 23
200 224
49 330
449 49
287 461
369 389
255 425
161 429
122 240
83 229
154 435
321 28
456 182
476 154
184 388
263 177
402 35
218 464
365 303
116 19
408 152
429 485
266 15
255 443
24 388
175 191
219 178
360 496
151 175
415 188
366 187
222 178
494 120
423 292
312 360
364 39
376 72
440 146
89 142
382 195
386 113
143 57
406 457
132 3
43 57
96 47
78 409
381 170
463 72
284 304
195 127
199 149
147 71
65 139
187 236
201 447
357 425
383 344
199 263
172 367
267 242
4 268
438 197
269 385
42 253
232 406
407 237
161 432
423 54
142 226
26 462
240 343
39 383
498 475
342 90
184 22
290 461
158 40
426 80
186 280
186 320
57 418
202 93
499 70
149 126
440 141
336 175
410 32
7 227
317 260
282 202
15 353
394 424
4 174
454 172
492 190
461 492
437 401
472 163
141 436
429 473
0 82
466 265
492 262
22 326
380 161
14 156
80 395
69 260
284 436
479 375
367 276
30 440
103 156
92 354
327 245
179 21
138 179
441 497
323 130
143 463
119 203
451 10
270 51
487 20
248 55
183 466
406 467
124 65
419 362
459 216
90 98
277 138
135 228
211 218
33 311
366 206
216 4
55 317
190 339
246 395
213 438
405 281
347 120
334 29
98 118
69 293
283 40
120 346
417 418
81 331
390 302
307 448
265 458
297 214
461 307
245 395
177 175
147 3
384 376
346 481
126 482
374 415
114 409
179 495
178 31
185 261
209 68
27 344
59 326
134 176
72 372
47 231
234 101
477 46
379 471
305 175
91 5
414 180
175 205
88 94
355 353
274 273
118 416
94 301
477 29
401 228
312 401
2 301
347 398
369 331
7 79
84 175
355 98
155 499
445 382
235 243
16 152
420 9
162 486
15 14
95 492
393 269
70 407
305 396
79 269
348 27
202 86
36 285
136 409
291 191
286 81
85 378
240 155
141 5
19 402
394 9
278 466
373 288
36 200
321 31
58 467
406 22
307 112
21 442
486 443
24 164
42 124
279 461
466 282
185 273
282 337
304 431
71 412
112 177
60 459
427 433
455 470
82 333
127 262
57 455
119 465
90 433
394 14
296 369
142 360
198 333
117 276
188 2
31 188
0 300
86 444
414 279
112 393
8 349
304 91
57 65
499 276
290 499
220 393
106 438
272 215
491 304
158 241
429 180
332 41
485 281
60 270
164 252
101 24
116 172
89 405
181 25
24 88
334 323
262 96
311 440
96 34
127 303
335 106
499 56
190 167
438 485
89 250
275 454
126 190
447 243
268 215
156 481
304 144
240 342
134 66
452 52
207 82
188 79
488 42
209 187
24 178
428 499
453 465
155 55
298 431
499 455
436 418
62 155
349 92
159 155
59 483
65 463
395 266
308 105
144 383
413 369
221 21
486 193
249 174
458 494
449 399
318 457
464 237
329 380
387 313
296 340
304 446
64 213
170 199
434 372
94 166
187 199
392 315
341 26
372 493
393 299
256 321
410 211
443 220
33 239
80 183
129 181
246 236
287 194
418 268
435 221
272 12
179 474
0 164
10 21
172 372
45 403
466 429
1 455
47 261
444 387
420 479
215 74
120 19
287 2
75 38
403 74
49 347
363 434
307 401
126 373
128 480
261 23
331 446
208 262
1 378
357 152
78 422
441 424
278 198
89 80
155 353
52 344
278 204
457 267
493 86
418 83
107 121
420 179
293 438
316 128
280 295
69 25
301 211
409 362
442 79
284 350
46 449
5 336
455 325
263 463
46 448
422 33
212 153
91 342
322 357
152 259
136 454
165 73
435 437
368 427
129 230
179 152
340 176
1 185
148 296
96 116
149 194
200 18
212 213
70 143
255 34
341 75
148 243
181 6
433 436
166 401
54 63
239 197
382 394
42 92
60 382
429 491
9 209
274 129
124 74
460 344
419 379
123 301
160 420
356 156
57 93
8 374
71 463
210 99
43 454
336 252
95 103
164 265
246 105
31 438
135 371
102 343
145 54
326 77
233 305
250 182
56 143
106 111
210 128
434 168
273 106
61 122
240 368
325 226
16 338
209 356
200 151
58 164
241 197
354 384
419 327
470 104
215 327
307 428
449 278
236 241
216 222
90 297
23 456
146 416
124 392
43 356
20 176
373 101
338 113
440 79
184 257
436 262
43 251
381 244
337 492
214 117
415 53
361 156
424 290
182 8
216 49
77 78
31 88
53 303
382 369
478 494
108 66
170 415
11 151
143 403
21 348
254 209
218 288
430 467
327 142
43 113
43 43
483 121
424 74
296 37
383 306
225 274
41 491
143 247
150 52
253 138
200 171
311 7
474 418
60 242
207 302
197 104
225 250
324 33
70 1
307 472
247 453
444 384
131 140
45 439
430 282
305 298
305 130
48 117
359 131
285 460
416 418
168 335
368 141
494 344
317 290
243 302
186 416
408 39
331 170
452 453
251 261
243 109
226 408
392 291
103 437
355 177
364 20
13 375
72 232
22 8
310 241
157 117
9 348
370 417
371 340
453 174
284 474
383 196
339 362
300 127
304 442
462 7
235 169
253 476
336 307
48 276
245 498
198 57
474 254
446 69
243 345
172 399
95 27
390 55
182 434
229 42
401 338
359 43
19 136
443 465
93 207
205 343
400 338
93 404
473 375
72 39
291 216
96 244
151 238
173 338
380 185
376 254
297 281
270 235
200 169
376 213
57 145
484 82
486 309
184 429
320 459
27 109
353 111
350 475
313 357
42 375
129 45
327 418
6 278
447 449
162 58
204 324
406 71
381 188
469 244
55 417
378 289
401 82
58 232
441 103
330 223
269 483
254 311
89 448
397 112
170 37
213 411
335 226
266 119
215 216
485 235
25 270
204 364
448 278
233 114
338 241
224 63
374 107
55 330
442 463
352 304
215 465
191 65
36 50
118 458
193 251
373 456
172 70
348 78
192 472
213 433
496 30
489 289
120 222
186 396
200 414
379 390
456 268
170 71
29 492
96 289
97 222
293 469
399 269
241 493
427 92
474 454
243 275
498 464
212 215
130 184
74 413
33 9
80 382
227 203
492 461
184 323
144 89
210 329
174 44
488 451
257 101
377 462
278 353
68 227
411 491
256 198
60 337
72 289
492 492
454 299
474 337
278 490
319 118
162 489
292 493
447 150
465 50
255 176
403 243
234 323
374 166
355 490
131 286
278 279
78 124
461 232
222 52
23 239
228 393
239 37
40 21
423 38
66 5
100 178
353 321
487 187
29 227
365 194
474 161
285 144
376 404
309 246
485 451
344 332
369 66
439 435
473 409
266 362
392 39
360 367
54 97
325 199
246 83
244 42
186 72
476 29
127 415
366 285
117 113
31 62
498 487
248 470
184 323
215 15
382 76
173 75
127 436
371 350
393 373
445 116
497 431
346 421
59 125
238 64
479 176
15 269
91 329
152 264
131 275
203 367
295 13
301 228
431 422
295 24
140 176
107 240
13 138
263 306
370 72
101 353
474 349
178 116
232 65
192 183
402 363
228 395
475 197
119 381
406 406
82 266
358 398
388 42
348 372
296 3
356 70
272 397
366 182
99 302
485 98
314 291
38 388
85 42
276 14
272 57
323 34
432 207
249 182
406 321
324 449
19 202
100 33
67 291
94 466
416 167
310 431
319 230
125 201
67 257
166 401
435 339
46 489
23 219
40 147
96 429
132 217
102 116
259 84
402 169
188 205
137 318
49 351
52 308
417 26
279 471
162 83
425 66
285 209
208 448
378 178
395 305
273 362
446 497
18 384
90 200
18 207
58 227
387 419
445 462
433 305
388 76
142 95
156 313
114 428
106 365
22 492
206 353
202 295
179 4
204 220
427 121
348 74
494 485
299 88
393 291
368 232
180 133
447 10
290 336
201 61
405 396
101 75
370 111
467 303
24 402
23 171
245 303
289 224
312 91
383 440
173 205
338 103
113 353
41 137
50 256
4 95
170 455
418 106
409 41
295 385
408 285
89 318
394 6
97 230
170 206
263 332
435 195
400 454
91 401
157 442
37 494
449 161
119 207
100 220
457 29
166 395
66 218
224 107
189 460
19 321
6 360
407 282
236 441
194 308
250 180
174 351
365 287
346 475
47 484
365 447
194 5
223 32
491 260
73 447
120 181
41 92
226 126
420 448
256 463
495 114
466 358
145 169
144 183
167 344
291 192
49 33
417 337
450 124
71 408
89 23
467 43
22 482
283 193
8 442
56 391
250 3
172 374
409 247
91 169
213 77
110 234
72 114
238 27
287 22
397 161
204 377
211 364
409 78
20 494
238 418
421 429
155 488
87 446
467 65
494 179
413 32
146 104
483 485
359 384
397 122
499 256
120 453
32 63
409 30
300 52
333 147
135 221
19 341
406 223
254 486
18 400
356 167
5 16
252 191
313 364
473 149
103 165
228 93
475 135
39 137
137 127
201 373
214 272
347 220
59 472
224 453
121 429
446 432
475 478
194 198
348 288
305 167
113 451
438 385
375 440
68 477
202 12
136 269
489 268
92 484
289 48
478 168
100 262
240 276
474 75
216 435
454 174
477 373
259 67
8 415
245 134
146 76
345 299
68 282
118 186
87 12
181 408
22 417
193 281
209 263
50 19
194 277
150 4
424 23
439 409
395 432
360 36
335 41
176 205
391 255
268 146
406 330
247 449
82 429
44 440
460 143
420 446
450 6
29 423
332 226
158 320
208 228
121 18
75 44
299 149
148 319
149 419
368 54
335 397
189 303
446 379
325 1
359 219
142 128
354 241
61 474
54 365
235 270
166 28
29 311
482 317
237 177
232 483
232 457
260 67
299 422
275 59
278 124
104 135
376 420
246 459
176 289
411 153
33 411
74 77
247 62
240 56
40 336
145 324
391 124
46 406
317 42
167 174
161 447
367 271
82 389
178 465
118 258
22 442
371 3
66 96
5 118
306 306
130 397
21 452
210 373
416 420
94 27
474 435
58 255
496 193
158 493
103 174
116 129
132 125
222 340
458 198
356 227
476 265
217 338
64 497
417 427
306 332
267 363
470 280
325 177
170 466
493 483
464 274
399 461
301 449
499 473
52 260
377 356
46 28
26 446
225 110
442 295
159 31
163 61
239 129
448 488
323 261
35 441
402 288
89 287
112 204
316 88
296 165
45 45
491 343
305 423
219 216
99 100
161 230
359 262
250 252
14 307
100 425
213 401
40 3
207 302
243 153
170 375
420 39
234 215
491 411
479 40
140 62
292 78
192 153
406 3
163 294
219 272
173 263
266 285
87 214
219 325
200 182
222 389
456 120
383 456
348 299
361 362
292 488
142 153
157 484
278 400
172 320
83 350
135 345
411 202
27 74
257 130
371 228
200 479
287 180
479 84
298 136
124 341
346 91
427 118
370 3
175 58
408 42
240 111
313 43
469 3
486 192
272 226
57 357
389 473
409 345
481 221
414 207
150 457
428 260
116 78
136 298
193 143
254 396
291 433
436 419
112 260
487 422
132 236
209 44
241 373
94 470
178 222
32 8
121 328
258 460
110 237
380 246
142 303
236 487
406 285
46 25
299 370
459 385
281 431
157 168
139 23
97 251
112 169
349 129
441 233
322 108
354 52
355 54
41 497
134 444
469 300
22 180
417 268
52 481
2 51
426 209
312 493
162 375
5 424
9 11
471 298
350 331
238 326
175 58
2 131
431 309
490 471
91 306
287 259
162 143
204 141
134 88
464 17
293 148
12 321
119 303
486 483
309 322
380 224
356 484
294 234
57 139
445 136
247 148
144 85
226 410
498 348
365 213
361 314
135 159
314 225
209 107
281 300
377 370
355 13
247 85
224 1
489 304
304 22
459 236
498 448
149 185
250 497
163 366
377 464
189 151
258 191
344 250
121 391
404 221
158 328
181 151
307 382
256 170
258 111
412 215
253 257
106 61
427 355
319 269
420 157
348 9
111 30
421 192
265 84
412 177
180 423
158 445
115 487
451 266
482 374
483 215
128 87
442 89
210 55
212 262
123 131
13 413
457 86
171 287
464 75
350 435
381 145
484 360
127 348
74 287
2 461
48 57
146 130
38 342
456 357
340 102
15 431
18 205
492 325
400 41
476 309
306 250
111 357
58 142
430 90
51 132
190 284
415 451
293 188
397 305
407 102
33 237
295 275
100 403
444 287
448 352
454 273
482 106
249 417
7 40
173 179
463 410
361 215
403 230
35 7
109 301
390 443
70 494
398 185
325 170
374 194
467 125
232 328
246 302
342 481
12 105
16 15
230 327
58 377
236 486
287 93
388 345
192 29
67 458
480 442
136 392
369 354
35 456
258 101
434 133
238 452
320 298
126 106
336 50
388 184
129 72
270 27
57 370
180 462
404 476
220 161
367 392
200 89
43 402
35 310
263 477
276 126
232 83
485 402
438 68
141 374
401 419
141 411
373 310
286 322
335 129
21 6
448 202
105 74
384 491
468 492
118 147
230 96
350 351
419 68
442 140
412 60
323 195
358 53
375 48
177 496
355 210
413 51
125 303
294 370
362 9
9 114
63 481
184 91
159 413
406 103
16 453
1 318
371 339
240 211
207 99
309 269
320 414
217 74
296 297
159 363
330 11
344 20
111 245
158 28
483 123
76 416
234 499
191 429
140 458
57 283
52 200
114 218
145 225
22 184
47 441
304 33
53 229
474 148
176 17
140 485
401 160
11 216
498 488
446 54
337 138
190 355
73 390
115 305
489 218
12 489
375 388
118 316
317 428
297 92
77 493
5 437
6 331
319 369
423 4
494 117
472 261
3 185
490 45
116 470
459 479
219 480
148 186
115 337
282 465
311 412
202 359
42 316
37 208
212 213
330 461
74 58
243 302
200 429
399 85
64 168
148 210
397 136
473 296
262 364
276 255
467 73
241 330
38 9
223 279
92 102
161 405
208 18
447 404
490 260
428 346
56 406
42 76
224 305
169 368
123 338
263 298
128 442
452 5
136 167
269 27
284 80
98 282
39 344
104 45
243 29
287 32
460 299
105 182
50 185
23 126
424 25
468 139
496 53
220 272
151 132
212 341
476 435
280 310
207 15
44 384
269 450
101 183
365 229
266 58
185 267
293 142
281 109
14 261
385 277
261 86
428 36
323 325
487 404
419 103
340 194
496 315
350 461
190 97
8 216
335 309
451 45
154 128
241 232
361 169
107 126
14 122
447 35
291 338
293 434
480 62
229 133
94 476
425 80
148 137
446 433
478 483
464 249
333 485
6 205
184 194
168 113
1 50
388 115
401 292
207 182
167 381
209 436
368 114
103 134
68 16
352 49
150 398
383 316
373 483
177 389
355 409
460 345
312 356
0 348
382 213
446 207
496 402
16 155
289 364
233 119
20 209
108 85
253 170
5 491
233 126
36 182
379 88
444 348
48 191
256 296
4 283
185 202
357 0
216 53
172 146
208 449
386 44
66 316
307 139
118 71
105 392
480 6
354 484
175 276
73 402
37 431
485 429
281 222
275 342
340 497
299 299
195 48
364 37
177 261
184 24
416 147
153 289
273 249
377 359
113 300
83 450
379 151
373 68
262 160
10 1
300 103
3 161
198 496
109 220
96 227
374 294
83 12
113 379
238 209
361 491
293 352
3 445
365 25
37 376
229 128
83 47
60 30
378 86
158 259
338 487
281 254
119 213
92 217
278 232
75 183
35 139
436 369
394 38
266 302
282 431
331 496
378 365
303 391
2 256
243 462
216 341
54 377
94 335
420 498
181 224
215 495
364 216
106 152
306 258
42 225
73 88
305 373
264 451
59 108
70 267
460 302
31 139
326 14
364 477
201 246
242 398
114 417
421 106
217 73
150 79
167 111
484 223
26 324
432 100
219 85
239 355
494 179
45 271
248 172
419 262
160 302
219 161
119 126
199 492
71 188
299 201
424 90
414 135
88 302
239 198
53 159
191 479
102 399
72 88
350 350
4 343
4 10
137 223
67 475
16 188
242 138
80 167
155 18
321 494
45 243
254 60
39 98
350 297
386 493
344 274
117 88
451 348
424 473
448 440
480 343
334 464
484 222
241 414
261 139
382 62
474 306
256 488
138 366
359 458
232 376
464 55
256 201
174 267
207 180
375 475
291 188
262 209
124 275
414 3
417 237
395 148
137 392
110 151
110 275
151 469
25 194
396 467
235 281
313 70
397 294
482 188
250 189
464 97
100 226
463 379
379 370
114 358
361 368
143 224
45 323
18 146
466 422
203 266
336 53
347 368
409 86
275 182
279 159
385 91
322 379
101 200
410 202
70 215
291 271
95 66
64 337
259 465
231 30
83 315
35 419
5 283
465 444
455 132
224 244
475 340
40 46
100 77
144 302
74 23
89 436
273 21
486 153
36 384
199 217
136 471
254 235
31 142
274 219
315 487
327 350
249 291
368 220
22 349
372 12
300 448
469 313
319 73
310 455
172 207
178 9
96 161
303 285
356 128
115 429
280 172
463 294
366 381
230 183
47 389
189 455
268 348
273 159
114 87
294 83
445 139
300 325
462 41
21 455
236 318
490 136
431 368
249 453
488 297
38 480
287 36
384 228
239 55
495 9
445 353
344 141
318 390
283 144
451 280
99 305
441 188
56 441
247 224
374 306
138 235
271 264
492 425
332 7
369 231
437 327
321 314
204 281
278 139
420 339
144 229
417 371
312 86
162 474
280 59
147 36
153 418
195 270
278 145
229 27
355 499
313 18
299 28
167 369
208 429
159 439
162 205
143 76
402 475
386 305
194 182
452 33
304 347
344 147
175 434
285 425
443 382
410 98
319 95
24 429
221 379
84 183
112 383
210 227
385 14
49 97
482 431
278 1
1 138
424 122
48 28
262 209
307 343
438 24
453 478
210 463
498 26
410 294
374 110
125 120
69 111
42 26
379 52
190 320
294 380
260 115
176 194
38 22
46 336
314 328
291 352
378 24
171 290
400 288
261 397
8 377
403 330
234 50
222 283
15 425
392 368
63 276
150 420
256 453
133 197
49 71
447 425
67 279
420 470
219 319
49 181
11 227
129 452
87 246
23 203
72 103
231 267
187 487
292 381
430 444
367 425
202 331
111 166
489 269
441 31
212 208
288 490
294 75
173 417
473 382
337 196
315 45
384 420
153 355
299 176
453 84
415 18
184 156
277 378
261 173
234 70
60 325
401 22
291 207
89 426
123 264
161 278
50 290
145 45
73 203
287 296
314 27
35 55
285 351
376 164
235 47
372 110
132 147
354 273
200 424
40 295
73 175
317 202
247 475
179 463
111 173
52 318
225 426
129 87
251 11
58 5
468 338
486 430
56 452
228 340
136 108
135 269
471 61
37 452
267 70
243 68
386 379
157 295
234 464
475 138
495 338
176 385
167 463
416 14
355 75
183 496
265 343
404 170
123 88
11 441
361 242
473 254
402 100
64 482
120 488
326 391
128 116
431 355
221 295
371 199
196 76
419 406
77 461
402 324
117 52
294 413
19 479
79 268
250 273
262 495
386 223
339 440
147 14
161 270
470 369
297 32
291 18
331 217
393 368
420 233
146 362
193 214
334 18
291 124
119 437
160 53
346 357
223 499
121 493
214 385
269 443
461 12
81 412
280 293
378 474
188 52
119 377
395 382
358 453
390 186
92 478
187 50
401 438
283 263
0 375
318 498
10 121
34 132
277 443
417 314
219 155
384 457
339 338
291 279
318 198
28 34
436 410
200 67
330 190
65 335
333 330
452 383
367 195
138 486
152 144
152 407
365 371
61 36
168 56
106 353
239 486
248 486
54 175
365 300
135 236
419 282
18 321
368 223
61 385
382 359
266 213
437 34
422 483
40 498
203 90
428 498
485 442
470 28
328 391
127 187
470 464
137 46
269 340
225 5
364 330
396 459
493 131
466 185
183 268
358 358
357 239
33 139
167 342
85 355
43 496
312 212
111 365
57 449
454 380
63 282
242 171
302 311
496 87
355 120
479 31
122 66
57 336
30 156
11 224
72 115
179 406
123 236
185 290
23 180
315 492
163 438
249 409
348 317
437 97
128 204
122 268
104 251
259 179
255 486
453 122
29 328
64 133
423 4
37 102
446 298
236 352
261 109
278 337
434 109
165 67
336 415
18 139
318 440
279 129
251 74
254 232
365 132
137 170
272 141
291 174
378 218
179 380
217 491
452 309
377 4
419 118
109 213
5 289
418 428
354 284
369 169
302 460
130 234
227 291
317 255
325 371
251 195
186 5
314 320
324 138
108 43
256 95
236 218
498 262
398 154
176 352
312 267
354 330
473 294
49 433
304 290
485 375
232 55
228 23
161 398
442 404
0 122
340 50
164 88
95 338
42 63
330 271
453 206
352 184
118 426
68 402
129 274
182 53
428 361
111 410
314 441
63 405
456 166
255 255
93 120
183 202
473 487
45 366
402 278
56 398
300 20
147 124
29 281
142 329
239 457
398 105
11 405
72 462
217 319
439 179
381 163
2 475
341 206
336 48
446 243
116 392
16 98
379 263
444 45
354 373
330 183
88 252
66 341
160 12
43 136
151 452
279 276
482 153
53 120
215 318
62 351
449 183
298 78
475 180
53 242
277 329
434 236
77 218
230 0
136 90
394 274
50 139
293 173
145 385
55 346
198 212
396 118
48 499
180 46
141 24
205 85
321 418
136 139
492 251
193 367
493 480
120 439
112 395
132 265
111 109
321 188
158 161
13 69
116 206
82 45
482 257
27 140
279 156
259 164
383 271
104 452
243 376
123 224
489 355
316 256
444 452
466 137
207 454
160 479
376 175
284 95
235 358
14 311
327 14
138 273
77 210
438 242
318 320
27 414
170 307
111 343
333 466
420 77
408 392
67 432
27 136
495 203
366 262
277 361
487 46
256 267
361 416
237 47
461 179
338 116
312 483
449 301
379 145
37 221
153 139
276 456
11 181
443 123
336 377
423 72
339 323
240 32
431 200
231 329
445 392
227 421
223 257
254 176
249 454
445 291
247 402
83 73
196 258
488 27
99 33
208 263
147 291
343 448
277 78
322 75
348 75
184 49
77 71
377 439
82 326
229 323
396 330
440 164
191 445
330 280
396 143
434 390
339 43
122 129
56 468
395 296
198 405
328 80
371 275
454 206
381 453
135 35
51 129
426 428
208 95
238 256
147 104
0 24
153 338
158 122
270 210
467 54
486 468
96 295
1 357
310 402
437 234
364 298
226 488
83 290
399 286
391 173
49 398
236 391
365 55
265 246
300 487
456 232
379 138
495 404
306 381
115 158
456 95
435 331
122 34
320 371
396 21
419 63
306 446
1 7
253 23
11 118
202 406
44 319
223 81
314 392
50 29
476 282
113 358
244 411
134 235
108 64
480 31
477 379
386 286
310 330
448 492
398 321
140 2
83 294
186 215
96 250
32 236
446 72
335 145
233 190
107 470
353 193
73 87
373 182
12 459
303 35
208 312
314 201
496 348
415 249
499 34
123 11
83 383
29 69
112 271
93 114
307 71
158 446
128 232
44 383
271 492
156 347
401 479
180 322
423 249
283 95
107 423
306 406
476 42
313 187
153 440
363 406
204 313
45 21
256 184
176 89
437 379
359 184
6 190
439 39
134 430
205 222
129 93
136 363
403 457
249 301
60 56
221 112
485 264
449 267
208 241
473 477
162 145
335 332
223 168
450 126
349 209
303 155
19 478
287 291
92 422
330 36
148 152
269 52
171 133
226 70
47 379
377 199
383 209
230 64
191 106
316 180
188 40
370 471
262 207
481 157
45 206
211 163
67 45
178 480
50 238
470 256
308 449
159 347
263 191
150 241
421 454
346 318
289 461
168 68
77 403
109 1
17 122
167 320
152 84
175 197
306 54
4 145
344 114
157 15
256 107
414 159
477 29
491 112
181 118
21 11
13 258
233 483
303 382
466 400
450 308
362 493
490 256
222 218
233 186
146 231
391 489
19 60
24 220
339 10
373 205
316 212
195 238
120 49
301 351
159 439
432 103
359 373
92 275
461 433
165 325
167 107
19 408
128 186
48 44
101 319
32 421
160 417
318 227
78 280
71 120
75 89
463 356
131 287
220 407
84 92
200 237
145 251
437 71
115 126
445 337
259 217
486 477
57 271
403 305
277 135
77 475
331 352
139 392
299 314
406 212
449 383
135 458
30 447
73 424
114 497
66 18
348 225
496 53
210 405
392 251
78 487
191 469
361 261
75 331
395 12
396 482
292 344
291 383
159 322
172 216
235 273
350 238
291 435
340 346
450 1
340 232
54 28
290 32
215 415
280 365
347 110
306 28
263 492
314 98
166 422
48 486
77 401
336 398
97 368
222 28
113 47
75 62
446 167
434 365
83 161
271 214
242 282
274 78
28 5
280 441
427 194
448 180
430 356
225 136
17 27
74 299
213 130
149 2
219 160
173 83
150 302
85 297
375 244
102 211
152 255
301 234
414 432
288 101
90 344
224 365
164 107
237 298
152 230
390 386
321 372
26 63
360 323
68 111
175 87
194 22
256 327
259 348
301 22
366 48
413 391
498 90
241 430
160 87
473 245
117 402
317 147
322 144
107 30
469 242
264 282
462 16
364 372
394 221
269 165
57 113
55 35
465 407
495 148
394 477
379 320
467 363
7 196
226 290
384 467
101 48
64 149
373 63
285 428
445 268
233 406
441 354
262 140
289 258
235 257
77 183
46 114
163 45
187 406
225 241
289 71
72 178
242 353
133 446
66 379
285 79
433 299
291 79
337 195
452 80
115 425
39 382
279 14
272 54
296 466
389 497
175 85
291 314
112 269
148 424
355 178
329 286
217 289
336 120
53 406
331 141
23 168
182 223
277 302
120 454
303 73
11 361
27 479
100 302
78 139
169 249
387 434
223 498
471 104
10 411
404 24
44 342
417 427
81 79
385 194
120 53
415 189
20 131
285 442
82 120
221 363
297 103
102 108
212 372
136 425
301 75
269 40
320 345
276 186
232 401
455 162
351 352
335 222
164 223
343 120
336 98
202 65
25 485
358 156
433 238
165 346
386 234
431 434
120 206
460 60
222 352
205 267
489 425
148 392
13 5
104 491
408 201
186 158
166 434
24 396
242 99
185 189
123 481
39 468
28 95
447 499
266 250
175 4
249 107
113 323
167 114
315 217
227 427
213 1
398 393
344 89
278 492
473 29
497 253
348 13
364 26
128 148
4 483
90 304
479 253
219 203
420 498
278 34
388 499
392 491
81 138
130 236
117 211
317 456
469 467
493 17
17 185
168 473
129 374
127 259
462 461
459 347
233 235
234 89
433 121
259 479
67 366
77 242
198 185
152 246
264 167
204 497
470 281
155 373
132 100
61 135
334 94
329 372
462 67
41 416
395 247
113 300
42 462
499 42
289 92
111 3
0 53
186 316
189 323
275 194
329 321
267 188
60 15
434 449
365 374
121 475
128 112
426 86
129 22
115 426
429 418
323 78
394 282
457 9
203 83
256 232
420 384
251 24
325 332
59 186
13 190
302 32
119 493
368 228
6 248
166 335
413 288
422 341
350 308
391 379
463 406
142 0
376 383
67 394
432 201
391 126
159 445
291 45
125 278
26 159
494 484
272 44
385 407
215 46
425 87
345 459
311 240
123 340
234 187
388 42
169 18
315 131
28 328
458 106
265 5
489 336
380 111
19 113
159 117
56 86
397 436
176 402
94 208
395 151
194 180
198 135
118 215
395 13
120 146
4 353
189 237
349 493
459 421
390 220
306 470
407 446
200 204
264 435
439 146
326 12
147 485
52 24
38 118
264 447
152 10
247 268
114 193
466 448
168 73
43 356
154 327
31 302
90 207
353 147
159 29
366 180
204 159
277 418
365 94
456 393
162 17
62 56
4 128
201 28
384 25
352 96
251 390
97 235
382 341
222 303
483 394
53 88
6 39
486 330
223 223
92 442
350 237
217 154
182 207
232 270
367 418
160 84
171 118
311 258
61 53
447 33
121 396
435 352
182 479
202 273
68 258
347 146
300 418
125 417
187 334
104 209
145 406
376 264
374 316
370 187
220 435
183 169
22 341
320 471
244 56
166 374
20 312
83 366
283 172
6 208
270 470
377 462
227 415
232 253
293 453
241 454
475 13
207 424
395 497
406 27
254 140
304 424
290 274
447 387
96 73
396 305
120 218
133 125
230 199
152 365
171 23
37 393
318 147
496 96
123 65
205 254
179 229
356 10
249 321
247 155
460 197
415 143
120 432
131 49
266 350
226 284
177 438
437 115
211 347
413 433
188 186
416 470
332 219
40 272
427 82
279 287
282 239
172 195
244 402
253 303
87 362
300 331
446 117
464 89
23 157
343 377
348 63
282 259
31 180
262 174
462 310
50 394
89 244
499 222
377 185
47 104
435 465
82 200
289 381
38 398
276 164
227 381
493 476
8 361
388 376
187 271
17 202
446 237
311 106
291 297
401 188
5 190
390 336
217 439
338 32
196 255
489 466
442 276
489 482
358 450
73 229
431 397
486 90
48 230
27 149
338 191
382 429
265 195
135 124
8 483
90 473
291 57
185 431
265 233
35 174
404 476
373 109
51 187
417 360
9 100
291 445
374 199
395 25
150 491
326 382
207 158
215 269
200 498
231 400
427 466
442 118
227 183
370 167
379 131
231 140
85 241
440 374
400 311
302 187
421 402
412 129
398 128
126 128
380 450
416 209
328 159
194 210
230 407
390 417
57 109
350 473
348 142
305 291
330 100
2 107
88 252
232 414
394 338
289 359
420 127
138 57
120 100
360 333
102 350
459 250
76 159
153 162
305 424
376 458
417 135
239 378
144 6
196 472
183 391
18 337
395 455
408 156
341 367
217 268
370 443
454 28
190 446
222 107
417 495
483 98
328 335
193 74
46 473
364 241
79 81
37 234
242 474
193 445
65 84
379 262
142 287
86 334
293 185
180 308
259 211
398 15
90 87
412 443
184 488
70 128
362 263
89 459
256 105
189 282
44 173
460 420
254 39
224 46
207 400
111 256
272 466
405 361
304 214
202 170
298 488
252 124
435 161
266 341
476 191
364 307
227 372
411 325
223 334
234 135
392 282
248 197
410 16
230 6
176 214
202 284
261 474
135 306
0 196
388 253
412 328
200 252
429 492
326 112
99 5
287 412
461 343
359 388
394 371
437 441
226 422
396 139
298 487
183 384
489 150
478 423
28 402
394 178
142 309
314 72
336 94
437 102
342 297
20 297
238 88
10 457
448 316
155 258
494 246
248 191
114 484
238 226
405 142
452 132
204 399
493 118
72 40
189 431
80 414
2 209
18 170
339 364
123 466
65 494
185 469
453 313
40 152
146 191
175 297
48 98
69 231
123 394
325 141
408 312
373 257
279 262
127 243
210 118
113 102
71 127
440 150
302 25
68 332
481 449
399 96
327 382
276 320
462 451
115 453
210 222
484 341
84 489
108 111
213 146
125 73
75 285
162 66
250 378
179 82
178 84
466 430
251 358
309 242
195 65
287 276
469 257
246 271
383 406
404 206
131 448
85 30
448 207
437 247
182 198
134 468
398 360
218 100
342 149
214 379
8 389
146 353
125 477
235 245
303 360
308 140
170 435
494 394
493 118
168 283
251 175
388 303
255 149
151 458
338 450
339 217
71 198
27 486
83 48
408 263
403 386
321 68
314 425
395 167
450 160
187 415
218 201
203 75
34 474
424 206
275 224
422 115
453 198
246 449
64 36
423 6
427 319
244 96
264 241
253 491
407 66
268 441
16 125
451 323
381 402
126 227
195 156
207 400
202 148
185 305
312 266
86 460
56 91
184 182
174 172
239 438
379 81
58 359
34 247
2 362
441 415
423 480
381 136
137 130
436 83
201 322
134 100
191 287
322 42
67 375
313 496
429 158
17 44
292 487
201 403
318 146
126 143
131 241
224 7
442 268
442 160
112 144
283 76
471 303
30 105
453 38
196 196
240 382
222 65
468 384
30 423
418 138
231 157
16 50
318 455
467 311
307 113
41 79
234 90
48 12
402 117
313 1
236 98
15 405
142 458
381 335
473 24
181 300
202 205
12 50
361 20
485 332
411 20
110 27
391 498
115 10
364 294
244 280
37 100
58 260
95 179
204 291
91 421
126 237
287 293
166 490
322 0
20 3
30 86
84 483
345 422
68 51
183 209
161 312
72 220
252 219
11 168
89 456
45 454
248 67
409 185
185 266
269 232
318 58
393 152
74 254
157 238
300 142
306 192
264 461
33 379
399 16
324 44
350 340
259 222
407 450
216 168
252 444
354 338
490 422
28 247
338 416
410 185
229 138
451 216
447 494
362 484
380 346
186 39
261 231
181 297
466 168
464 398
88 218
141 319
66 78
346 169
207 404
394 256
324 288
282 346
330 272
118 497
388 211
294 157