8500
498 332
412 236
373 236
406 197
164 127
165 472
484 467
33 260
337 42
95 243
410 410
69 164
190 192
329 309
358 37
221 66
154 208
445 133
182 27
6 203
176 346
165 172
284 12
406 50
146 121
32 1
165 56
248 453
115 355
244 430
496 325
33 465
450 150
29 330
34 132
330 36
60 210
74 495
398 344
466 481
482 44
100 350
155 148
355 201
131 270
447 452
269 127
129 333
163 220
352 158
194 197
259 35
30 106
451 334
167 428
324 269
119 149
149 425
126 274
397 357
309 257
236 344
29 78
150 365
375 193
242 355
390 422
28 354
40 420
201 479
248 207
356 25
302 219
346 358
215 280
389 243
439 376
306 125
342 469
14 457
312 70
492 256
110 54
326 372
204 150
357 27
405 304
24 66
276 59
340 370
465 343
219 229
207 256
77 377
186 401
471 91
348 350
404 463
188 310
313 231
110 392
196 170
88 367
427 220
442 364
207 119
348 259
16 278
156 407
309 445
37 194
45 280
96 237
47 449
180 284
176 360
383 143
10 372
445 323
188 437
408 387
499 247
378 257
164 367
312 386
80 325
106 349
438 125
427 202
486 338
198 107
250 14
386 433
257 113
402 331
71 297
396 311
420 422
289 274
12 436
262 101
303 93
70 368
422 241
79 497
457 260
274 130
415 59
172 12
196 24
173 75
386 119
41 70
196 306
94 330
283 209
154 356
224 86
180 224
74 498
258 111
93 31
90 384
397 361
385 263
190 93
64 411
481 76
234 105
435 29
90 328
185 70
9 96
321 261
112 41
152 395
278 222
107 98
311 368
131 356
449 48
459 321
249 13
470 292
322 335
16 257
327 264
361 53
166 336
377 34
281 278
1 382
332 59
427 108
464 143
191 411
84 265
130 3
295 186
21 100
209 469
234 37
90 36
225 447
333 257
387 454
188 114
173 388
348 20
15 452
363 312
429 59
62 300
486 411
363 209
179 359
249 72
109 265
64 191
448 334
140 397
11 336
76 329
349 36
488 425
89 217
276 204
356 19
282 190
399 342
53 146
218 430
47 302
494 179
365 111
8 294
482 6
335 371
407 59
336 36
253 248
304 425
296 381
423 160
354 431
77 175
105 407
210 295
475 5
116 56
350 192
198 477
200 185
96 33
422 460
208 432
209 175
409 364
24 358
289 332
7 378
285 218
365 465
322 347
255 192
385 290
267 458
143 83
469 320
280 239
23 391
418 340
204 84
442 327
12 228
458 83
301 371
188 95
295 19
211 10
301 50
360 96
180 420
240 355
446 149
392 20
212 469
406 310
138 268
496 200
284 2
373 306
402 437
456 62
72 49
451 168
264 225
146 312
167 296
297 386
259 114
435 189
0 471
240 341
42 490
492 88
247 178
467 217
279 1
50 276
296 204
429 1
165 412
209 75
314 185
299 6
48 73
396 86
280 400
390 488
429 174
352 234
303 176
29 171
447 435
139 79
432 243
156 420
348 98
283 217
75 14
87 434
20 123
23 335
176 152
326 265
351 105
133 178
202 155
90 162
93 149
245 81
353 25
123 401
118 201
215 258
192 193
169 154
342 65
217 192
310 18
475 44
74 161
316 460
122 276
278 258
339 215
92 23
276 45
246 68
326 246
291 314
320 19
436 460
5 162
32 153
49 315
328 7
467 476
104 145
255 441
8 382
257 447
492 101
169 33
131 90
404 347
366 423
383 225
239 154
308 240
55 272
131 209
185 384
381 451
392 290
24 136
435 253
206 282
167 427
18 227
74 299
222 274
351 441
95 457
198 91
215 255
317 105
341 346
149 2
144 222
211 394
147 21
303 146
426 353
80 322
121 444
218 154
447 195
153 422
13 395
2 203
308 80
278 319
174 150
224 428
322 170
191 287
286 469
174 494
169 212
8 254
260 290
486 78
0 60
307 491
194 13
445 309
481 354
356 224
152 7
177 81
368 474
295 369
215 6
218 469
75 384
175 226
157 187
247 13
4 157
23 54
216 50
404 468
192 197
56 261
194 344
170 233
102 414
421 465
286 318
54 139
218 361
49 81
94 227
384 148
55 450
352 259
228 271
320 109
370 272
469 376
461 416
330 139
457 64
234 251
243 243
105 140
222 313
40 6
6 168
119 276
36 61
184 323
432 264
388 356
84 154
70 357
497 46
110 253
4 454
49 196
336 99
264 154
12 410
79 304
81 19
80 50
373 469
85 117
473 306
312 473
331 58
104 383
136 180
486 66
114 492
444 35
190 302
213 208
365 54
73 292
342 298
267 6
475 67
225 352
325 448
358 38
421 156
188 462
380 409
253 174
210 346
149 197
258 252
306 362
6 123
421 232
90 200
267 188
392 65
13 345
383 217
226 372
186 156
65 266
441 419
265 170
220 151
403 266
480 478
101 61
293 338
38 374
414 235
300 158
3 306
375 166
390 386
42 453
220 428
199 459
129 161
164 465
83 349
179 67
480 416
254 132
6 126
361 293
303 272
78 162
328 306
44 306
259 70
498 438
249 331
344 198
15 378
80 8
427 450
366 111
244 408
34 121
266 102
375 395
409 69
227 305
111 89
159 271
61 223
54 10
208 310
40 399
259 75
25 472
84 187
95 392
365 328
430 129
376 131
200 157
463 286
375 427
50 74
149 387
397 463
125 56
307 105
32 165
490 66
253 57
301 74
254 348
329 166
297 36
194 58
344 349
128 157
83 71
458 30
493 233
141 355
312 118
136 448
14 344
254 126
52 268
468 407
74 158
194 150
208 223
425 240
249 404
475 53
436 333
418 434
289 281
252 59
359 454
298 388
366 373
493 404
312 270
428 314
464 238
461 122
215 24
428 386
292 464
149 255
189 228
9 419
330 331
285 113
1 189
415 435
340 219
489 408
74 152
390 417
392 390
414 203
90 107
423 194
450 234
314 425
196 491
322 175
289 27
68 107
43 290
362 335
96 235
387 351
121 170
61 129
332 13
472 327
374 274
8 247
172 324
167 174
350 369
248 490
449 139
281 168
4 344
79 143
347 100
270 318
447 468
481 183
11 280
406 305
52 385
61 415
89 225
446 228
70 291
430 194
362 372
216 64
207 366
318 148
466 406
374 89
124 266
398 207
12 135
372 304
71 65
142 285
366 13
304 88
134 288
160 87
151 348
67 377
377 358
117 385
326 343
461 491
199 451
86 359
164 63
128 311
448 87
100 270
210 314
455 405
492 344
193 115
344 495
205 260
497 221
417 322
314 324
275 378
90 365
428 213
24 106
193 57
179 325
491 294
51 242
438 446
62 395
390 131
243 406
480 95
418 241
417 397
127 84
449 192
405 217
175 377
286 282
107 369
15 318
60 98
397 418
165 498
482 459
217 407
354 77
170 197
446 124
208 87
131 426
495 9
387 389
171 171
392 25
195 130
80 407
177 107
458 477
436 194
101 292
369 6
55 455
80 392
331 2
428 140
150 463
352 423
446 389
266 375
5 338
97 462
69 437
415 126
320 27
319 203
209 421
229 41
433 265
119 161
301 116
79 399
174 303
192 283
158 121
311 459
273 15
453 261
387 194
74 220
275 208
481 245
286 337
454 62
223 71
188 73
324 25
180 119
403 498
471 373
184 413
429 135
396 457
3 234
306 283
343 77
323 81
418 177
239 461
33 372
297 463
340 73
192 121
120 20
245 95
9 443
78 281
90 290
24 474
110 94
171 182
263 305
334 346
308 182
406 74
389 341
414 204
325 81
453 458
406 297
93 51
332 415
57 171
498 423
369 433
115 460
117 392
239 378
412 452
378 47
388 319
375 119
200 154
464 52
202 5
56 370
285 295
318 241
16 194
127 168
480 385
129 242
473 98
402 368
415 385
56 280
251 155
161 283
336 303
308 126
496 38
185 217
310 134
328 355
24 326
63 456
50 4
454 192
61 23
261 356
488 328
484 317
453 91
394 145
271 289
179 203
272 120
254 216
71 82
408 82
390 447
304 323
15 441
316 258
467 428
257 77
395 307
399 93
238 200
489 145
348 362
334 20
236 472
54 88
22 159
107 314
137 265
58 411
21 5
285 374
452 340
0 394
487 199
399 399
44 78
292 240
260 245
69 126
66 348
7 124
290 88
205 466
377 280
137 263
138 251
443 422
317 90
289 443
194 156
234 188
428 91
188 26
4 40
388 257
233 70
11 247
214 24
156 216
332 443
194 293
67 470
412 490
433 236
393 201
241 128
219 479
6 21
413 259
16 362
285 301
48 250
126 296
364 114
58 134
427 48
18 104
94 346
83 430
483 28
8 476
455 76
97 79
338 313
28 10
163 206
308 313
461 64
178 286
420 177
226 88
193 199
46 244
27 139
167 129
457 10
87 27
106 264
430 36
399 296
3 458
123 414
478 311
98 84
261 9
449 370
70 487
84 142
282 116
97 463
473 301
181 406
22 412
301 287
436 452
410 200
466 291
102 33
469 297
306 52
423 231
70 107
250 345
313 6
469 384
37 262
168 295
59 218
358 190
495 360
412 294
85 257
291 379
176 39
444 112
195 334
441 219
64 266
124 43
279 377
491 446
241 317
387 159
201 152
13 245
391 196
454 277
156 328
368 97
209 184
18 164
383 257
375 312
355 299
28 499
445 487
304 19
30 38
191 43
289 231
280 56
333 32
361 86
183 490
26 81
245 244
353 45
209 480
131 228
228 64
51 159
30 25
416 207
103 60
143 459
15 392
276 275
361 348
190 137
70 396
493 69
114 167
147 346
75 323
239 130
141 155
32 143
202 171
83 448
407 305
49 79
354 274
475 326
315 216
464 17
86 386
405 457
304 52
227 53
35 231
386 467
462 177
348 418
219 16
322 284
363 478
253 223
49 217
285 80
97 217
455 250
207 36
88 360
265 363
94 316
135 301
478 332
103 449
465 178
462 322
152 287
11 325
395 405
337 412
481 32
282 435
471 436
297 342
205 411
227 62
215 152
484 214
163 45
224 439
261 129
268 38
216 414
171 131
396 111
143 361
296 377
166 278
120 119
30 463
377 177
181 110
176 445
490 18
457 340
321 214
253 71
337 441
425 469
432 360
221 321
50 427
205 369
488 216
31 325
355 371
333 409
206 36
406 9
201 196
263 364
435 374
316 16
337 124
484 241
414 121
48 206
75 464
181 254
431 416
139 212
473 138
27 472
333 179
228 433
297 387
261 491
359 84
208 77
170 196
317 193
251 84
49 217
471 326
242 82
146 255
393 233
205 472
3 420
354 391
278 231
222 3
88 391
469 81
129 148
193 491
76 298
16 444
271 477
411 339
94 365
99 409
381 488
408 156
399 385
468 114
118 29
421 191
124 58
206 242
233 106
256 400
344 161
490 124
464 467
185 401
163 58
398 284
292 44
281 307
273 44
73 250
293 391
449 494
88 269
375 156
408 322
335 484
108 104
72 326
79 72
483 109
245 94
139 381
40 37
433 420
170 314
57 7
353 315
85 7
15 442
116 312
296 275
379 451
129 405
329 303
412 61
155 164
46 157
47 146
419 438
104 480
339 441
257 14
21 193
135 342
154 388
15 103
406 303
208 394
50 388
449 389
54 314
324 456
455 452
242 371
203 374
315 347
361 43
236 424
266 234
474 223
326 273
76 489
235 232
120 136
25 137
452 421
230 431
383 276
499 37
263 126
325 202
97 78
3 38
124 333
408 121
394 98
439 86
319 470
106 26
164 291
65 484
415 116
244 147
184 151
277 243
297 447
377 454
344 395
80 232
354 468
418 489
75 100
71 357
383 246
390 29
365 399
15 455
454 281
432 111
206 490
437 61
367 4
251 166
399 211
179 331
172 105
205 449
306 100
346 128
10 41
441 88
43 375
8 308
272 349
339 440
353 478
482 276
295 220
431 233
417 194
151 462
411 441
41 356
485 69
463 388
476 347
222 256
416 372
221 231
23 188
167 413
41 377
449 1
235 336
382 233
47 4
445 33
390 459
380 487
227 227
74 343
451 55
279 148
379 368
56 353
266 403
132 223
225 307
144 433
18 312
168 378
412 66
377 113
452 302
381 257
453 31
439 307
455 404
272 218
423 335
90 329
404 41
349 74
359 481
293 345
223 378
444 313
279 135
289 321
430 231
115 22
329 383
140 54
124 285
472 412
93 400
441 414
340 350
331 142
487 199
77 477
290 63
50 373
46 69
153 192
214 477
212 268
174 396
33 352
265 150
50 5
271 210
60 492
486 111
310 392
221 474
389 240
113 11
81 291
483 12
489 86
206 50
298 53
406 232
382 331
188 23
233 285
129 459
422 146
390 115
441 84
324 111
474 330
474 290
302 407
493 457
359 143
196 199
431 157
340 454
477 166
451 28
339 63
61 432
47 113
198 451
414 341
23 22
164 388
296 497
455 318
461 141
341 166
324 10
316 124
142 164
45 146
209 445
377 236
350 270
73 277
118 48
422 339
227 141
139 87
405 375
17 446
112 219
81 210
334 436
453 397
43 329
274 498
86 104
226 4
281 436
484 151
490 251
244 407
494 218
93 383
181 251
322 110
172 294
82 403
153 7
188 35
385 196
153 462
318 472
260 379
31 451
202 245
4 21
91 447
182 498
101 185
147 364
158 424
327 320
179 92
480 332
29 367
181 365
189 182
413 352
303 450
47 444
466 6
305 51
401 57
94 487
351 2
278 94
414 361
454 458
290 445
164 286
151 171
353 197
49 193
495 267
63 353
211 42
445 381
439 16
3 346
200 385
479 207
420 479
289 245
42 226
12 79
251 58
256 16
209 456
75 157
10 56
450 139
20 221
89 395
241 311
197 93
152 441
272 28
126 424
151 61
493 168
227 15
31 244
52 335
492 92
148 128
267 3
76 98
493 287
451 166
111 86
380 148
28 115
39 152
66 154
175 42
58 59
155 402
89 89
182 59
187 81
436 182
133 306
446 365
383 478
65 397
397 494
461 445
449 425
432 0
43 367
278 107
361 101
42 285
345 450
31 76
259 32
191 320
185 244
222 137
34 68
414 139
436 283
208 375
375 386
105 492
99 270
223 384
169 460
262 266
342 366
251 294
466 453
49 442
79 151
219 272
263 465
248 133
360 200
86 308
301 87
358 43
427 252
213 433
199 449
315 327
121 394
199 66
360 439
90 249
373 291
108 161
146 136
336 208
17 6
94 274
318 170
422 304
237 97
46 487
315 289
183 214
132 288
228 234
483 493
136 170
332 208
345 245
453 478
337 33
308 470
492 283
87 478
75 267
106 324
113 474
40 421
62 148
383 172
17 142
312 218
427 154
399 496
327 272
305 352
175 164
447 465
443 19
286 386
210 371
197 393
166 176
176 237
261 80
222 411
130 279
285 387
383 57
181 184
388 210
226 338
156 63
83 25
411 451
322 221
114 474
2 19
108 133
213 178
442 370
1 288
175 72
481 286
470 410
473 14
352 210
126 199
77 8
460 209
282 488
462 134
6 249
382 464
495 114
336 447
235 437
361 337
123 262
25 342
356 445
8 498
49 60
421 134
195 126
467 233
367 477
226 429
246 225
192 460
408 241
30 28
218 495
110 391
233 193
491 135
485 441
1 499
133 34
13 274
7 328
305 480
261 227
452 384
196 7
100 144
25 104
452 130
21 243
288 62
49 106
47 279
278 34
420 401
175 263
91 433
265 183
262 249
485 27
34 214
359 181
138 135
117 236
479 90
4 139
245 119
399 53
439 145
398 29
293 359
145 73
108 384
485 262
289 222
437 470
152 176
163 148
384 290
232 280
419 215
334 236
141 17
14 85
115 432
143 412
337 408
292 140
403 298
20 278
100 192
220 457
457 252
394 383
164 341
408 126
214 435
452 95
180 207
139 318
230 295
203 135
275 420
218 348
478 178
223 90
48 78
331 443
179 357
199 77
56 343
130 459
54 270
330 83
401 235
30 469
104 484
404 86
434 380
410 474
64 412
342 133
429 464
322 25
103 108
303 373
184 159
281 433
368 239
326 111
81 122
458 208
294 37
269 362
188 80
344 32
165 252
69 187
212 446
406 243
116 315
474 61
495 300
391 256
219 215
337 217
426 300
190 147
361 72
153 311
343 49
154 497
184 361
307 223
318 397
212 66
127 434
86 39
147 474
190 330
47 366
19 379
27 325
398 61
372 240
290 51
48 216
77 444
19 85
482 236
302 337
123 46
437 282
256 61
391 436
155 298
30 291
116 174
87 57
149 366
417 459
27 439
235 318
255 104
193 106
295 237
135 347
129 418
332 425
361 386
36 75
366 16
42 66
475 335
201 481
441 125
64 471
141 468
425 152
258 396
485 470
317 54
324 472
397 447
185 156
232 111
479 221
288 450
285 22
355 263
240 339
162 296
117 305
309 155
403 394
364 67
473 388
212 181
128 298
306 110
221 165
387 390
341 200
74 27
290 478
169 430
78 31
188 183
338 47
441 497
416 241
481 305
339 390
40 194
156 319
485 346
89 377
429 372
251 282
260 356
138 41
424 282
465 216
264 464
313 156
397 57
215 230
472 379
425 54
373 12
210 81
310 210
434 299
81 239
447 185
79 194
328 85
154 355
320 145
301 270
327 485
67 199
430 394
448 39
403 355
288 174
384 466
117 98
337 319
356 51
97 137
222 435
291 425
70 228
498 463
448 224
423 178
72 16
407 205
412 373
47 163
481 200
298 283
454 98
1 487
124 311
246 98
375 199
427 389
352 446
170 278
308 301
169 445
2 380
105 76
91 414
466 152
288 72
23 116
103 94
405 24
475 80
279 4
393 350
296 58
336 246
399 318
115 144
377 68
144 117
383 482
487 88
160 349
317 275
369 35
60 421
1 127
131 35
385 280
338 376
122 34
204 27
171 21
441 172
289 48
383 438
26 25
226 370
497 38
74 44
465 218
345 486
373 318
450 328
205 110
496 140
167 179
53 201
373 191
91 346
284 14
391 474
196 310
201 118
162 193
412 275
113 479
149 109
290 338
448 99
239 347
378 445
498 259
450 283
130 223
89 41
368 414
225 481
99 64
258 278
405 113
444 22
483 18
356 93
44 273
120 156
101 283
394 499
282 451
26 344
386 264
179 116
97 106
170 256
34 48
13 280
154 439
309 309
254 138
263 165
321 298
433 384
235 275
78 328
24 369
134 105
221 262
368 165
421 170
70 39
171 455
246 435
244 326
464 55
72 350
148 79
463 245
372 433
113 50
272 451
56 138
400 258
423 129
151 121
160 344
151 73
360 331
9 249
304 104
306 325
405 376
473 306
239 368
271 346
297 205
343 395
153 205
186 95
216 76
272 189
262 228
412 275
24 122
78 421
247 328
56 384
42 152
372 381
227 281
338 495
390 24
81 33
481 43
471 267
308 197
278 243
370 70
44 190
463 394
74 474
210 62
214 130
12 252
386 439
434 91
116 224
110 177
220 49
169 91
140 44
139 477
400 418
460 10
404 444
271 276
338 479
461 481
86 53
344 325
269 472
48 278
307 237
286 158
101 28
424 455
433 242
160 63
425 333
129 473
249 330
161 400
234 87
492 474
152 320
144 336
467 421
158 44
55 274
154 444
252 156
398 78
494 185
370 59
384 419
101 499
252 133
220 262
89 486
158 213
401 241
14 302
198 368
495 172
468 253
410 149
80 220
257 308
219 426
345 479
331 103
236 447
61 83
421 309
22 2
95 79
233 275
144 109
133 431
37 491
492 454
26 447
107 72
498 136
115 327
282 196
495 446
29 371
180 408
263 302
233 54
329 358
320 466
250 325
316 305
259 139
86 309
233 138
274 193
372 84
280 389
336 7
230 127
35 217
372 410
316 298
9 105
424 145
471 181
486 174
313 139
448 246
384 251
296 182
266 10
399 21
380 398
25 87
157 110
20 412
63 29
134 336
333 424
105 58
84 156
296 91
189 249
352 96
130 425
435 149
170 248
146 187
274 402
12 23
288 431
460 32
220 203
127 447
357 405
62 232
175 442
43 210
158 217
142 396
45 289
37 430
117 67
469 36
411 243
175 481
365 199
254 487
286 437
342 381
465 144
86 256
318 493
210 129
25 477
266 204
134 422
341 155
191 103
347 310
143 455
6 374
213 8
297 261
494 0
144 140
248 460
453 82
63 67
44 15
219 441
363 162
317 206
309 205
367 361
168 8
382 11
371 174
435 96
96 169
161 430
242 92
174 409
328 47
62 89
30 224
386 133
191 246
303 56
269 1
361 22
33 437
463 244
192 257
426 399
181 288
232 87
348 423
322 258
347 177
401 384
369 230
476 140
48 61
414 131
153 317
106 275
19 39
296 69
320 211
351 74
13 353
128 83
193 361
390 450
186 41
271 144
284 56
469 99
230 184
1 383
158 235
274 459
380 30
93 422
496 53
406 297
232 9
223 35
485 426
319 465
109 24
80 90
41 245
429 49
432 123
358 282
93 442
324 485
407 326
379 270
419 256
117 137
172 151
429 340
158 10
34 248
190 267
365 466
15 231
354 146
429 299
93 65
50 374
200 270
40 309
65 79
217 459
462 183
375 241
103 392
492 33
153 489
455 183
266 18
16 322
473 473
38 297
172 67
189 440
249 372
304 229
40 167
350 373
466 354
246 77
111 70
411 91
126 116
486 367
41 392
365 2
300 15
434 255
195 472
196 123
204 297
464 352
77 96
450 166
243 44
466 49
140 206
322 229
96 266
10 308
311 490
5 228
483 463
287 291
414 31
180 483
188 118
214 144
162 265
161 16
65 405
112 479
209 205
323 286
95 157
147 334
414 258
221 152
443 397
280 360
195 209
179 312
456 383
1 245
262 470
376 162
494 327
385 340
126 203
360 60
246 221
331 8
12 160
410 404
264 308
369 190
3 460
343 49
294 311
282 196
211 408
88 10
350 205
408 325
385 476
50 120
128 132
292 233
138 493
153 202
245 402
214 22
71 100
263 58
106 218
126 45
407 317
22 66
391 109
438 430
403 277
409 488
73 383
376 53
256 211
466 29
52 353
453 180
90 475
193 216
114 197
14 172
238 21
483 389
171 130
259 421
261 74
458 168
73 334
46 334
216 181
34 364
44 120
447 487
204 487
184 493
165 170
43 50
439 255
237 26
447 111
185 496
16 208
43 495
182 90
271 441
305 398
370 158
145 201
188 317
310 201
371 224
275 327
435 267
293 66
29 172
21 93
301 67
62 389
331 196
489 244
494 455
113 146
200 216
34 258
312 388
465 196
376 35
302 92
158 311
335 96
189 40
107 208
98 342
391 169
266 429
384 380
379 112
329 497
108 79
319 215
411 420
307 284
376 287
450 110
58 387
427 138
346 99
441 34
55 444
374 184
417 173
286 110
460 296
375 115
330 68
340 194
331 93
233 147
257 207
94 183
321 167
266 373
407 20
464 208
244 315
488 190
301 161
457 274
241 261
181 184
231 423
17 21
20 62
121 250
285 278
445 68
441 459
479 64
124 201
16 443
486 368
30 4
131 139
400 339
24 224
148 433
454 255
317 165
267 326
456 438
6 52
363 254
318 448
149 342
138 442
310 17
373 476
115 192
32 4
229 15
300 56
311 377
394 106
432 480
270 161
65 389
143 277
77 429
123 461
403 78
95 113
89 65
258 468
325 204
71 290
198 406
283 371
477 9
341 29
190 410
151 111
388 107
36 294
107 317
395 12
125 362
279 342
163 215
419 37
179 340
246 343
214 377
238 29
410 44
306 79
191 100
207 457
103 431
249 96
108 62
424 496
191 233
300 203
93 206
46 72
415 272
2 292
173 481
25 240
320 83
35 331
140 11
442 94
190 95
157 43
392 150
384 433
137 83
289 36
108 230
354 335
479 375
357 356
97 152
87 234
418 269
280 122
216 58
6 74
470 259
409 163
97 362
445 145
182 86
168 86
421 142
18 22
231 252
256 227
461 180
449 343
317 379
290 81
7 33
292 296
311 477
339 54
199 408
494 136
222 233
376 14
389 495
247 246
473 120
300 3
198 434
166 101
182 15
401 456
252 189
19 45
99 63
324 210
347 299
384 170
185 421
417 112
358 74
46 16
372 331
118 346
299 422
438 284
92 481
22 339
384 344
259 41
252 484
135 435
106 451
372 371
484 291
217 141
10 342
26 263
461 234
156 496
280 260
93 94
433 224
420 115
9 170
6 179
115 113
64 493
364 73
216 436
430 348
191 433
48 440
174 69
65 361
473 330
277 197
421 66
33 62
232 341
372 42
7 90
83 487
412 71
360 448
148 128
413 290
82 191
260 461
174 108
438 325
374 147
65 67
130 295
488 99
493 214
305 361
200 1
424 388
188 113
241 284
426 337
28 7
320 360
468 141
318 495
142 259
326 193
340 208
159 456
23 329
190 152
5 328
68 390
355 430
66 257
446 449
456 345
205 474
115 276
271 174
285 434
479 266
326 111
420 319
148 337
341 443
123 338
81 347
129 191
448 436
385 195
392 394
221 341
470 98
124 188
474 93
211 409
20 453
273 389
226 292
87 273
112 68
267 210
402 45
333 248
295 202
449 219
412 188
286 22
210 234
328 410
319 37
490 39
281 191
484 115
389 7
427 423
134 353
398 46
294 388
90 83
302 90
278 391
413 67
301 416
178 476
13 481
373 497
40 3
471 154
161 376
300 360
65 441
487 286
174 315
398 282
224 116
8 53
120 354
270 421
397 273
255 448
297 262
118 128
134 189
66 89
301 295
88 218
4 366
33 76
210 178
294 431
484 434
140 302
76 456
230 262
62 325
88 337
317 359
400 58
147 451
98 466
36 300
166 187
115 40
70 199
482 325
111 365
19 319
275 103
365 447
273 5
194 427
138 213
271 11
314 38
357 270
70 413
452 393
434 88
139 67
244 4
221 121
440 207
310 241
40 216
73 175
454 313
378 120
131 92
130 1
271 446
211 339
233 341
429 163
230 19
375 420
42 326
33 97
190 334
402 343
370 230
396 328
448 324
268 274
276 431
229 398
90 399
241 440
455 323
342 22
443 185
363 217
166 337
171 396
91 356
439 74
254 313
489 335
109 202
133 257
8 237
137 215
155 98
273 230
252 111
148 115
184 47
384 12
260 351
59 408
334 204
369 498
333 88
290 359
116 295
384 275
490 476
426 21
251 498
109 199
166 356
403 109
473 351
54 140
48 86
290 465
464 234
322 159
370 149
296 112
239 339
315 181
54 230
228 242
293 306
14 189
298 460
311 269
409 272
358 217
182 309
43 0
11 498
0 217
329 382
221 296
329 421
151 388
482 384
42 231
420 276
236 56
325 70
194 399
116 87
248 404
404 150
149 144
361 268
150 149
297 43
464 223
463 127
11 115
198 446
222 405
461 118
40 310
209 138
77 235
139 177
327 326
470 396
164 476
477 183
226 166
389 127
254 190
157 352
150 117
374 355
325 224
34 335
325 366
453 243
420 403
81 92
488 248
76 403
86 152
170 406
33 313
355 59
264 139
108 13
220 414
139 482
169 46
264 173
269 494
249 217
309 41
141 330
233 150
154 218
476 320
485 325
236 361
0 340
353 0
267 460
442 426
472 406
431 111
457 88
305 52
94 207
37 466
468 235
305 123
295 123
448 281
494 280
472 36
37 494
454 326
252 304
62 248
211 76
164 493
46 169
228 321
287 492
227 117
240 256
231 385
18 35
167 31
67 13
359 140
318 104
260 166
414 422
350 322
168 126
147 14
187 66
58 375
492 326
434 137
22 85
472 165
196 393
406 492
132 116
72 265
431 302
76 333
7 198
176 426
292 27
445 323
50 479
305 355
493 394
479 92
257 367
260 304
296 306
422 18
136 280
434 346
31 419
117 10
436 39
418 293
468 80
59 364
219 18
265 216
308 64
284 96
400 418
76 396
415 48
180 498
344 51
322 466
476 228
119 440
85 264
196 37
253 54
424 255
324 325
241 41
138 484
402 25
422 390
291 478
328 337
240 471
290 25
253 62
354 118
383 372
261 440
346 79
187 15
192 122
16 363
347 433
459 154
396 102
432 233
422 187
11 113
490 162
76 301
419 243
467 283
75 154
86 228
95 273
247 125
488 139
73 263
269 187
141 384
117 166
353 74
187 39
53 364
17 177
272 481
116 289
443 91
171 191
464 29
6 267
258 212
327 494
182 331
67 97
263 175
249 184
75 468
185 288
317 480
314 202
491 441
32 430
122 287
168 204
323 438
2 175
21 81
265 330
427 55
231 332
17 42
10 480
121 444
425 195
250 438
380 91
21 93
380 264
468 143
434 49
76 143
225 436
266 97
153 490
174 45
87 384
364 191
488 450
497 337
276 265
356 247
341 8
124 377
373 221
122 93
236 307
243 198
296 313
155 362
407 449
185 330
373 347
297 401
239 361
478 294
394 367
227 334
64 235
308 351
444 437
96 431
481 33
198 339
53 129
430 206
36 461
160 115
17 261
123 309
103 256
475 453
288 349
84 202
53 204
493 245
28 350
235 89
280 9
139 433
139 334
147 69
37 27
289 307
116 54
162 264
217 71
421 137
191 357
61 5
102 244
94 406
495 130
140 181
115 276
462 131
52 106
134 109
416 89
143 423
187 32
103 157
146 256
114 24
382 337
434 27
434 484
115 380
62 281
57 107
238 177
135 19
480 290
380 269
44 396
280 375
385 83
192 384
260 31
221 306
185 494
331 7
387 471
253 446
405 449
478 162
34 143
285 466
87 14
411 17
245 132
67 43
427 130
13 259
417 40
386 86
93 455
426 217
15 481
282 179
342 420
415 113
79 376
242 201
70 166
150 5
49 315
445 218
329 328
368 311
397 247
202 255
324 491
324 128
160 340
260 458
71 354
82 28
229 2
169 324
330 151
467 171
389 379
207 264
75 71
318 428
35 473
316 372
352 359
199 140
98 12
366 312
340 22
24 300
125 421
72 45
217 455
186 391
156 458
29 245
173 231
204 347
71 208
420 372
12 424
288 471
283 463
485 7
307 475
396 361
407 432
239 321
212 124
82 277
23 368
452 112
311 196
257 8
381 235
159 177
148 245
208 299
158 284
259 45
407 466
250 8
181 314
290 342
119 245
466 224
188 142
191 418
426 0
87 448
477 159
405 98
397 477
113 113
159 56
374 373
233 418
84 476
170 414
11 374
98 290
284 477
247 139
139 475
275 174
185 226
176 104
82 90
56 73
481 195
420 215
485 207
184 153
419 69
295 206
496 283
260 245
384 133
108 8
34 375
453 236
340 219
162 129
203 274
470 218
285 36
244 242
248 270
339 280
486 19
302 486
231 335
468 63
423 116
491 428
164 309
380 445
74 357
131 42
260 129
166 453
196 45
167 262
394 296
315 358
344 380
67 118
33 76
44 387
316 308
117 35
332 332
41 349
392 259
388 173
478 4
50 406
168 174
470 217
76 414
295 138
256 272
348 214
102 141
449 392
280 270
454 418
267 112
371 496
21 159
164 112
18 499
26 66
135 39
305 348
486 63
336 452
167 242
235 36
281 121
243 184
454 61
25 197
45 222
233 249
361 418
270 249
315 231
122 296
144 451
14 428
380 131
225 202
239 399
20 313
349 20
433 263
313 304
26 458
207 210
129 259
9 420
4 399
195 176
479 478
406 191
174 346
48 139
38 252
65 139
159 411
174 414
218 92
403 339
50 96
208 462
235 179
430 69
245 239
217 477
168 225
423 476
467 195
447 471
111 5
416 364
130 122
67 443
282 201
297 470
284 332
363 357
426 19
110 293
270 24
101 180
8 291
486 24
347 475
332 285
149 458
433 249
44 279
480 0
322 178
11 130
487 458
330 226
372 266
290 440
472 142
285 243
119 480
307 271
408 466
277 140
241 57
189 210
62 285
463 21
3 384
342 326
405 343
109 24
317 277
271 251
346 289
122 57
180 465
431 429
421 89
498 208
418 162
299 187
61 480
216 263
441 64
407 411
435 346
123 368
119 252
394 395
304 465
282 16
297 484
73 214
422 219
233 72
111 193
25 33
296 172
89 242
5 89
436 348
217 440
193 411
306 188
6 87
455 110
447 288
2 252
323 20
444 277
322 57
90 56
80 347
89 238
327 169
370 94
387 115
27 87
127 432
371 185
296 133
274 326
430 243
115 128
405 254
311 60
468 227
427 253
491 48
70 368
315 170
286 440
379 202
134 313
498 6
492 5
183 146
241 266
246 113
367 357
269 152
231 30
283 237
137 10
379 126
297 207
499 194
248 83
248 378
385 234
239 246
245 229
347 274
387 486
195 93
97 107
489 316
53 329
191 125
251 43
250 70
116 48
483 250
480 364
98 231
478 217
446 189
463 75
61 293
387 203
162 109
425 484
165 151
276 331
374 357
279 28
428 476
78 396
260 412
495 59
276 211
400 325
400 75
368 216
419 462
423 107
444 81
84 200
31 109
318 361
241 257
234 450
346 169
433 312
371 458
169 429
254 0
75 422
138 155
469 295
255 409
342 244
444 199
160 426
287 476
233 331
281 28
50 467
132 127
437 335
264 355
355 107
29 371
378 282
430 19
428 347
91 185
236 270
48 35
363 396
227 336
216 449
416 8
487 118
454 400
256 425
384 70
441 463
98 265
136 319
18 28
65 64
186 109
497 301
49 234
422 212
161 129
489 491
109 430
330 477
254 63
134 438
402 138
255 75
247 352
380 391
307 265
227 297
450 345
431 76
288 499
128 354
197 450
380 118
447 306
222 62
1 53
43 356
283 403
255 298
189 382
148 487
136 348
193 375
451 86
437 124
330 91
41 418
388 27
186 273
336 335
388 408
116 337
92 431
81 399
282 347
186 122
470 282
9 322
260 15
491 312
403 197
467 174
53 445
70 355
42 239
147 406
95 282
65 115
15 187
386 146
120 149
283 424
246 90
457 292
104 358
408 449
123 7
304 375
231 176
268 375
133 125
408 267
383 229
268 473
472 250
399 155
79 92
35 182
326 178
388 492
441 430
437 296
172 416
445 94
469 255
380 213
332 454
35 140
114 215
465 304
311 438
30 216
250 242
272 65
410 76
6 161
309 203
120 296
390 333
88 417
482 211
17 321
461 314
382 53
209 427
365 347
416 20
114 248
165 166
95 387
400 75
279 453
249 209
395 251
20 491
202 483
156 2
316 220
125 470
249 50
398 334
206 115
215 166
184 320
59 232
308 279
85 311
373 439
42 334
326 268
103 62
416 380
452 260
230 84
135 77
411 479
446 385
51 117
290 13
246 87
367 349
161 406
197 452
138 386
154 91
5 316
197 257
17 421
5 149
79 99
431 140
377 490
460 229
95 428
16 250
451 341
99 235
39 464
350 296
239 29
346 4
262 244
165 395
44 131
83 22
15 475
466 366
95 392
173 278
380 190
383 189
276 331
296 482
130 315
344 498
3 369
113 42
437 117
100 130
5 334
309 183
49 20
264 127
405 497
187 437
126 285
469 423
405 254
69 117
115 36
257 266
308 118
87 223
205 246
80 188
371 210
82 389
369 273
270 347
284 274
412 309
232 263
17 233
350 138
26 439
205 465
436 135
358 365
463 23
211 64
274 395
285 435
208 357
56 6
280 478
139 340
103 44
277 372
362 473
412 127
93 388
23 469
334 381
404 234
298 150
45 116
51 424
133 182
188 259
89 189
382 321
365 228
452 337
310 495
122 314
202 222
43 67
448 78
312 230
380 205
321 462
238 425
108 224
335 372
413 296
117 424
4 295
133 335
330 457
271 295
370 304
224 326
256 413
143 24
229 420
382 23
301 402
126 120
344 409
57 461
237 258
405 27
214 94
51 390
186 396
52 174
352 408
321 276
153 460
380 317
192 234
489 262
235 493
254 115
429 431
189 312
191 166
112 447
337 405
301 15
190 375
283 353
482 394
355 457
274 135
221 235
350 466
312 210
178 437
368 66
378 107
125 410
357 69
474 90
105 46
274 127
481 147
42 57
366 463
450 249
484 140
459 23
86 186
123 271
337 264
223 344
254 68
137 200
290 463
361 464
443 396
43 135
45 424
239 437
186 411
52 41
65 23
209 363
134 3
267 185
381 471
39 342
394 487
450 29
345 185
433 163
299 288
65 476
266 344
255 156
198 452
475 159
22 115
118 37
74 8
332 237
431 455
442 371
252 325
362 244
407 449
90 295
124 206
402 155
163 390
194 10
169 213
180 22
59 44
404 150
387 485
440 236
108 170
496 234
478 212
14 210
6 385
444 104
111 482
224 346
208 274
488 418
440 230
274 168
319 351
336 178
415 58
229 128
362 375
439 77
139 340
78 453
57 145
479 22
220 20
295 203
474 429
11 135
155 266
118 285
315 474
385 306
435 82
309 466
395 297
490 101
54 34
32 68
442 464
336 11
67 14
295 131
118 41
159 306
443 274
248 129
436 111
45 485
451 223
372 207
308 346
381 362
282 214
30 413
276 76
443 367
498 343
236 90
249 117
243 396
25 44
155 491
329 461
36 53
260 280
479 409
271 68
282 212
125 406
482 313
180 401
97 277
368 30
499 333
229 117
161 242
86 107
420 169
222 415
47 457
366 482
402 26
238 489
395 184
349 215
469 230
359 381
412 418
251 227
196 263
6 333
440 210
231 444
211 212
169 305
139 258
137 35
377 41
77 227
295 272
354 427
160 264
182 214
293 72
188 285
470 342
52 46
490 262
475 135
440 53
163 144
32 79
472 152
380 409
33 49
328 27
291 388
454 489
413 325
462 247
89 101
147 433
195 493
480 489
394 170
167 420
351 58
210 199
108 323
373 442
469 141
381 201
42 112
289 335
83 456
57 252
37 24
370 57
398 84
255 350
123 293
203 422
473 474
150 413
356 81
74 375
76 177
290 456
291 119
427 79
183 226
103 484
393 220
305 473
323 144
437 412
186 298
273 140
405 159
240 275
150 113
291 314
122 78
197 81
12 266
492 476
313 196
268 95
68 206
350 425
337 244
394 139
131 375
34 167
294 37
2 126
293 444
23 293
226 415
181 72
49 239
287 26
121 362
420 407
333 42
138 123
262 22
398 32
52 246
135 284
411 346
143 137
431 204
471 166
90 157
248 153
179 139
353 387
295 152
194 274
397 128
2 184
217 11
257 400
185 121
319 392
30 448
152 462
128 313
322 123
128 71
210 71
458 307
312 416
42 105
233 358
43 291
302 236
488 112
233 412
304 25
473 52
367 186
351 477
453 495
418 174
97 81
241 481
397 407
13 53
411 439
230 98
186 306
270 384
296 27
52 3
408 453
491 378
207 275
122 195
369 160
242 393
374 318
77 335
388 271
62 90
41 151
310 144
28 227
254 80
436 177
482 159
389 196
323 473
168 96
109 297
190 389
59 203
38 64
335 137
79 278
281 249
393 120
348 91
172 274
451 454
113 460
156 433
258 354
451 479
276 427
168 412
115 467
31 228
217 153
283 219
468 296
417 64
8 214
488 117
71 32
492 439
372 37
243 148
127 130
409 194
458 255
222 430
158 73
78 106
177 227
23 361
278 497
211 292
409 286
318 199
490 333
222 310
310 362
345 465
12 289
44 106
36 470
396 119
77 46
273 474
188 254
251 149
441 466
104 315
14 203
36 422
84 5
219 110
75 394
35 416
375 439
262 79
50 263
310 158
484 127
233 435
84 172
490 337
152 378
81 94
368 166
23 117
79 452
198 95
11 6
446 233
165 238
2 60
218 215
343 164
451 202
227 428
265 36
266 217
164 417
436 347
316 32
485 459
406 395
401 183
269 418
8 199
259 434
149 10
26 329
32 344
273 478
366 111
180 38
456 132
479 344
377 244
203 295
42 214
249 110
380 443
143 18
304 240
251 402
232 454
150 277
107 116
79 423
314 473
105 259
456 122
366 436
83 185
399 69
31 125
69 148
19 263
4 64
318 323
129 107
236 402
370 280
203 344
317 449
61 369
491 275
211 17
54 357
279 147
272 453
453 162
278 193
257 472
296 282
389 428
330 425
57 477
321 201
2 113
482 491
266 415
284 474
183 329
476 338
291 314
477 249
294 245
69 255
389 52
480 217
495 130
107 162
215 52
165 429
272 218
485 0
474 38
219 270
108 9
324 196
297 252
349 153
260 91
495 418
136 1
131 327
490 483
35 238
19 205
275 53
53 291
181 261
383 379
388 401
449 491
95 64
69 98
189 444
363 181
182 37
364 351
334 313
404 206
412 221
274 275
419 39
152 327
206 100
353 35
379 447
363 154
252 474
419 433
114 294
331 134
485 297
462 195
402 171
392 366
494 166
57 19
346 413
365 210
245 405
204 219
225 124
99 67
352 478
272 370
4 467
116 455
150 341
12 430
149 404
422 256
275 143
56 480
42 474
379 421
492 287
264 435
2 218
196 215
85 355
174 320
275 89
430 142
72 277
34 294
50 221
216 456
288 178
152 272
46 330
470 383
318 38
108 234
301 320
27 156
476 386
327 201
343 103
381 109
403 268
341 415
223 305
483 58
182 12
342 135
370 228
119 312
398 188
361 227
384 199
85 388
442 360
316 264
373 137
257 197
464 128
434 99
157 187
51 269
257 339
420 246
58 127
316 39
266 309
8 29
269 2
215 446
210 63
201 31
228 436
416 310
409 44
83 202
472 418
110 135
381 229
356 30
69 291
100 24
405 187
190 461
407 175
238 405
436 469
257 291
454 16
412 174
376 363
134 495
482 348
429 244
274 215
359 286
162 195
234 311
272 68
95 276
181 31
1 185
329 469
337 110
284 283
146 101
449 161
361 280
376 431
499 291
429 2
49 358
169 443
11 284
60 294
325 458
144 94
63 178
289 473
256 253
354 425
438 254
387 303
87 300
443 263
118 86
296 224
167 167
451 317
111 31
489 364
458 289
467 485
458 373
126 108
386 66
173 333
488 324
476 60
175 75
13 271
495 293
313 309
127 163
46 264
128 90
379 387
373 438
312 199
159 183
250 290
475 45
370 423
335 464
391 198
470 10
156 257
418 465
480 469
85 45
488 26
266 66
4 367
66 139
322 316
459 226
123 72
347 434
250 345
44 182
45 494
251 14
479 53
22 169
67 312
190 459
25 55
274 456
95 382
50 341
419 270
194 9
296 394
240 42
76 46
40 284
298 121
174 291
313 129
441 48
360 380
435 484
440 385
119 209
402 388
10 170
179 173
420 204
246 475
374 160
444 323
296 414
58 94
223 323
223 371
251 17
353 83
321 38
99 293
33 440
110 354
379 43
248 290
117 299
459 346
21 491
258 255
349 318
493 316
39 425
294 216
300 142
32 147
292 121
413 131
337 326
221 24
166 69
220 321
168 283
127 32
287 189
359 237
53 489
414 352
69 444
86 208
207 221
194 118
101 499
325 107
131 291
212 399
220 149
285 432
464 388
430 412
1 252
93 141
494 406
350 7
67 415
488 288
258 274
125 182
141 359
2 451
202 125
274 214
147 422
163 59
323 111
215 445
86 324
230 308
167 432
199 432
220 86
212 187
221 478
190 338
141 363
488 44
259 343
117 114
26 258
221 280
77 349
26 437
97 16
448 108
393 117
203 0
39 113
444 268
106 261
476 134
30 99
442 316
430 289
399 411
44 456
158 121
410 121
137 36
144 7
124 438
438 37
3 180
448 477
90 447
433 54
5 66
382 463
105 299
210 165
121 4
125 254
228 131
167 387
395 217
7 164
53 371
51 445
275 56
355 499
405 217
284 140
456 410
209 18
183 61
417 272
26 157
288 395
282 106
176 308
472 177
49 183
129 25
434 452
452 256
473 141
282 209
472 109
128 238
151 181
453 163
320 68
315 332
290 461
269 98
127 466
150 93
470 28
481 131
239 404
398 285
494 212
322 32
270 466
0 302
465 273
193 305
137 138
99 9
107 280
246 368
313 234
263 248
379 283
40 244
381 470
183 438
470 375
194 357
159 92
365 46
351 476
114 410
419 341
121 213
433 26
113 219
468 246
382 376
472 199
170 422
360 205
432 205
414 182
274 126
172 73
401 491
253 376
217 16
81 173
51 338
409 367
465 164
392 377
429 347
269 216
421 451
8 481
163 354
332 422
347 289
132 357
233 248
116 386
411 450
140 50
417 462
127 49
279 382
230 371
88 208
11 351
333 361
215 19
441 348
490 400
257 288
36 474
212 490
440 5
55 123
86 80
481 472
206 65
288 260
320 288
140 228
90 331
350 325
25 157
57 143
431 367
342 314
304 320
325 406
382 96
28 232
204 320
385 10
122 262
51 25
254 443
274 43
220 344
1 477
120 245
465 411
225 52
224 159
65 382
478 49
133 447
267 359
369 189
451 4
30 491
286 354
397 136
480 61
38 117
215 333
244 10
414 180
339 322
204 138
39 256
56 182
393 172
361 323
180 262
106 165
19 62
198 392
305 269
238 30
363 195
206 453
485 460
282 120
111 176
433 486
20 150
323 489
164 414
28 36
201 196
258 486
379 221
342 456
486 36
232 80
386 202
162 290
262 371
400 444
282 373
24 185
26 302
68 199
235 190
387 97
83 437
10 497
454 314
351 352
432 292
494 435
225 318
42 8
452 487
361 442
127 234
389 237
436 153
195 457
406 171
460 434
432 490
156 322
26 238
30 7
442 311
481 377
237 19
7 23
317 190
276 220
457 296
301 17
475 245
268 349
283 381
223 229
403 67
305 380
239 430
93 188
417 34
53 74
450 154
196 412
132 267
416 325
342 441
186 217
418 169
403 455
36 202
121 478
358 291
221 279
319 450
484 314
241 236
242 37
450 191
458 291
116 434
228 226
444 310
480 414
221 362
416 235
213 109
401 38
169 424
374 474
141 488
76 358
247 382
73 318
461 49
484 383
110 77
240 64
330 406
120 72
307 52
161 389
279 372
296 62
389 448
436 22
380 30
412 12
182 480
29 337
220 144
73 365
429 182
88 313
385 260
164 61
450 44
417 177
92 229
177 65
88 481
11 465
329 320
300 423
260 363
7 330
47 332
15 433
98 477
89 455
16 336
380 253
430 318
47 149
67 22
3 76
393 7
179 366
289 222
86 480
162 401
86 445
230 209
38 101
408 329
165 127
232 277
95 397
399 163
37 495
423 466
325 393
259 317
391 4
484 401
302 329
127 498
60 388
341 357
186 98
78 102
379 203
101 310
473 326
173 0
318 363
256 97
266 143
499 15
416 9
339 336
334 71
311 466
175 394
345 5
107 362
65 423
233 486
312 18
370 59
422 486
435 40
35 30
45 53
62 35
371 314
237 253
71 57
304 48
53 247
461 149
424 160
498 378
397 9
68 163
1 267
160 342
224 436
489 195
230 270
436 403
9 101
159 173
73 80
179 463
464 127
139 140
19 388
397 138
301 268
387 318
12 302
90 47
243 237
359 431
334 473
427 147
320 343
276 438
253 245
372 455
96 217
457 364
2 467
235 206
24 155
309 474
22 389
126 399
182 265
90 337
484 368
64 369
307 156
401 340
147 412
481 126
490 95
62 438
145 344
351 149
124 21
262 160
411 498
263 240
77 445
313 205
75 61
69 377
69 234
147 471
97 217
312 128
419 439
283 227
228 416
437 134
146 204
202 52
292 409
354 317
23 370
283 167
397 450
36 353
176 466
183 183
164 125
64 348
75 83
499 199
185 155
360 288
340 331
92 62
380 133
355 446
465 255
57 138
343 362
329 93
129 371
496 364
212 145
80 60
111 139
295 79
219 296
479 155
69 412
397 71
369 301
408 252
242 335
197 465
411 438
309 378
243 40
185 306
218 455
447 265
196 182
478 242
249 267
31 310
381 170
472 428
32 251
438 380
198 127
65 487
366 109
1 226
384 461
268 38
155 455
137 215
309 203
322 467
277 58
229 354
282 159
262 53
285 167
294 52
39 483
444 211
437 257
218 297
335 322
277 487
202 342
45 266
233 12
422 368
222 11
22 3
408 356
375 284
188 194
29 169
232 227
337 474
271 170
344 55
394 459
301 473
239 449
461 347
67 472
483 235
91 141
349 357
141 499
193 225
246 181
409 223
49 479
1 98
153 172
131 345
318 400
349 433
132 409
381 162
397 51
192 217
74 488
340 41
266 68
249 33
108 365
344 10
108 157
182 197
42 114
366 313
98 212
121 215
377 82
133 354
71 126
467 325
219 498
418 307
192 337
202 167
30 301
310 398
95 490
456 492
158 489
201 322
389 256
191 322
177 266
245 324
2 100
98 212
371 221
410 16
36 63
364 113
363 418
260 175
19 459
448 69
391 177
286 150
324 281
399 477
153 353
454 496
208 155
228 404
273 431
495 139
104 161
79 359
386 467
278 191
260 406
435 79
81 152
285 221
198 405
259 36
33 352
359 65
469 93
25 88
79 242
403 372
231 35
2 334
26 470
228 133
212 286
290 163
385 293
198 427
316 435
287 309
374 349
294 147
87 196
438 171
43 18
53 194
28 127
449 407
40 406
193 177
340 104
397 335
263 77
13 448
257 79
280 152
151 484
180 426
98 90
108 470
164 493
120 13
421 45
451 69
98 313
418 496
332 291
368 315
115 95
26 233
386 225
61 158
84 37
128 241
63 34
28 88
102 80
125 148
70 375
188 428
425 20
311 458
126 257
204 32
265 241
466 82
240 3
41 27
120 176
211 21
109 36
116 239
239 63
438 93
21 161
182 127
85 446
55 493
377 211
305 259
341 143
146 123
151 433
110 39
412 123
159 321
412 374
437 127
220 151
313 376
355 242
40 347
192 292
356 96
355 70
213 161
284 49
334 211
103 287
263 296
117 15
389 422
402 381
33 179
407 122
216 198
45 262
406 257
353 89
159 262
423 60
461 224
436 60
347 148
444 391
258 110
385 414
295 0
179 139
261 180
378 86
200 330
439 275
365 106
369 144
204 24
249 144
56 18
18 37
280 404
366 462
376 38
38 103
242 24
204 69
155 356
38 435
210 207
314 477
121 427
304 35
179 177
47 53
442 236
492 65
28 74
112 210
166 256
132 3
72 408
116 337
272 80
139 154
483 334
262 453
488 104
282 66
471 20
108 329
247 265
339 452
14 275
383 303
158 180
441 16
205 83
163 57
64 329
163 302
108 47
152 277
195 448
320 286
467 166
283 280
232 214
341 474
278 247
279 225
93 436
371 220
278 150
331 34
189 194
241 494
124 149
97 245
31 319
338 270
50 351
65 121
96 135
234 407
484 226
14 13
234 429
431 386
272 364
58 262
108 313
462 299
397 84
404 412
182 280
131 94
67 84
219 49
456 163
241 453
467 292
73 108
494 53
417 356
118 118
432 475
126 78
163 246
158 23
304 419
13 192
129 435
336 80
96 348
154 292
436 337
445 121
174 361
217 291
410 443
418 187
266 194
440 396
420 429
348 451
495 76
363 213
293 124
325 200
344 241
79 479
100 281
494 376
20 126
69 212
399 282
476 339
235 17
446 268
219 7
83 146
211 67
191 299
499 5
98 16
495 343
476 29
406 447
425 471
35 278
60 346
37 286
304 36
156 273
132 102
101 376
443 68
367 312
169 486
355 218
61 268
297 202
2 390
213 55
333 427
126 248
386 245
133 163
288 190
293 290
166 421
341 246
58 461
299 208
426 228
348 6
209 339
81 145
53 211
490 294
394 386
132 116
132 281
323 265
55 420
193 468
214 73
386 34
94 273
353 38
44 372
64 201
198 253
316 145
440 251
490 307
275 186
467 474
239 407
180 291
111 147
72 225
260 326
451 311
349 206
431 156
209 393
499 495
140 407
11 167
474 432
119 1
475 102
361 438
81 66
65 393
119 193
371 490
301 231
437 322
478 2
247 368
215 187
446 98
266 208
492 309
310 92
46 463
402 137
56 408
301 335
380 473
463 420
151 251
425 116
470 441
161 255
294 218
316 229
437 93
402 434
27 429
393 213
202 73
333 147
482 258
232 135
407 215
466 47
164 411
204 244
499 134
204 365
94 146
239 373
307 383
313 141
206 186
260 58
205 409
19 445
432 39
254 103
3 340
103 221
317 167
153 307
24 168
314 210
83 471
354 53
47 242
429 19
77 253
14 41
338 282
174 34
489 271
463 428
1 492
11 66
225 318
487 17
227 101
72 153
59 162
404 279
298 106
359 185
78 228
362 374
260 417
188 36
465 249
242 151
69 466
137 253
270 146
247 476
129 349
11 172
303 188
146 268
453 101
181 358
232 32
301 44
80 344
93 489
492 397
216 187
293 61
59 353
181 415
265 306
330 310
351 276
396 133
87 349
207 350
234 268
164 291
135 35
376 245
494 229
416 368
281 210
415 209
125 340
498 96
259 242
370 329
314 462
311 267
469 401
22 371
162 203
90 186
283 298
27 466
334 278
340 295
357 115
307 108
204 334
76 305
486 315
129 298
65 301
202 293
164 34
89 76
263 326
124 179
145 46
176 3
151 331
298 369
477 8
342 105
263 33
349 270
68 249
50 478
271 134
20 105
181 287
114 110
141 444
343 90
446 139
470 371
240 97
105 121
226 217
251 299
421 341
91 452
430 489
475 493
98 54
341 348
310 132
428 307
398 451
90 123
495 196
293 413
34 235
305 250
401 112
454 56
8 322
163 397
390 290
196 139
487 341
473 38
197 297
100 253
377 447
143 191
104 372
459 436
38 490
102 264
172 439
113 56
453 32
323 277
416 196
37 371
261 255
404 362
115 459
406 4
47 344
216 50
338 3
493 176
292 377
168 96
4 465
497 282
59 458
154 172
44 327
82 43
405 305
116 338
342 372
217 23
425 242
245 285
313 263
492 91
187 106
423 13
147 191
1 272
445 206
385 7
50 341
498 467
157 307
180 467
490 351
93 397
34 267
382 191
282 348
454 227
240 469
12 377
149 387
445 14
21 446
139 330
149 424
231 490
457 306
157 411
160 299
66 251
294 195
43 448
175 76
45 349
78 267
6 409
423 79
26 451
281 297
221 17
359 430
88 304
216 316
115 246
349 228
275 33
334 143
219 170
19 361
129 116
25 97
29 487
439 301
450 55
424 72
355 23
327 284
452 443
41 395
476 420
453 242
385 251
422 139
1 456
424 293
243 482
469 302
455 272
179 408
333 405
280 455
239 188
483 107
355 192
112 25
267 331
82 417
57 5
461 356
2 58
40 238
40 97
369 361
122 495
252 400
355 455
143 32
491 447
139 126
3 346
177 103
20 271
276 112
320 77
487 89
179 174
271 379
241 219
66 492
392 363
170 170
202 100
47 313
291 46
392 186
141 295
418 422
386 161
91 46
487 206
233 430
162 167
386 4
497 403
118 305
475 241
341 140
453 30
76 388
426 96
243 320
242 67
81 161
59 128
187 24
454 47
214 420
276 116
371 452
109 273
367 341
481 85
467 60
301 286
383 43
363 227
147 126
140 106
86 80
104 199
98 273
45 410
27 312
117 322
447 250
92 226
163 314
375 425
212 130
173 28
107 447
425 389
347 254
186 65
117 433
59 290
53 215
380 104
426 432
182 349
75 374
188 126
52 239
221 415
443 116
63 395
136 403
157 340
258 483
416 196
338 375
442 475
80 391
323 174
23 358
232 6
484 451
42 273
40 388
4 263
10 336
239 419
260 146
129 248
444 18
393 398
225 283
174 187
214 305
164 350
208 89
40 248
21 192
81 434
50 62
398 437
357 60
59 137
385 117
135 40
438 182
465 380
419 164
321 491
341 133
223 337
86 49
94 115
50 107
21 175
112 100
12 419
408 321
438 423
464 146
328 425
305 254
418 293
136 225
210 92
429 478
379 285
401 15
475 473
0 303
255 496
268 113
434 119
43 28
174 225
150 7
261 2
147 456
33 32
124 136
114 95
233 405
273 493
319 134
289 248
96 319
284 44
15 216
245 71
296 58
65 271
126 446
254 179
211 125
261 139
87 187
92 227
221 320
306 365
465 392
211 95
491 414
482 496
67 6
65 227
351 215
13 482
161 477
102 268
259 372
59 216
443 346
18 4
369 16
408 324
419 187
101 472
320 262
121 435
15 239
454 38
20 366
195 467
87 182
406 149
365 347
45 318
322 309
325 64
388 43
82 86
58 160
274 35
471 378
117 395
433 486
352 71
390 306
340 399
48 478
177 246
416 414
223 222
286 238
134 400
486 27
39 216
252 396
274 313
209 223
209 243
166 494
300 413
312 57
387 140
239 360
126 64
286 155
246 201
454 425
304 380
96 440
189 343
156 200
275 315
59 217
212 484
249 225
134 12
5 413
126 21
85 244
399 252
306 224
1 145
377 260
52 305
148 326
26 241
57 156
374 302
138 116
193 86
450 240
153 328
349 455
199 279
384 287
11 451
448 190
450 364
169 326
152 2
244 169
325 30
184 153
269 199
137 323
63 314
142 88
395 68
348 344
131 447
398 84
274 494
358 198
24 76
430 379
48 28
411 26
179 225
277 95
418 300
115 414
354 333
402 257
101 250
197 102
38 84
78 95
293 164
240 436
315 170
50 170
197 215
441 461
57 228
29 218
484 327
13 496
253 339
89 267
369 207
291 286
233 259
423 222
10 378
400 163
185 326
393 303
264 234
463 186
256 173
353 344
340 241
80 366
485 445
4 21
159 206
465 296
370 244
474 388
403 380
58 375
178 88
175 452
138 294
320 138
334 247
488 173
391 174
471 420
293 376
434 476
124 452
48 399
287 494
374 22
397 42
482 433
237 427
222 157
147 227
474 394
67 481
7 314
234 310
38 479
455 27
331 472
371 79
73 379
402 10
52 299
84 151
431 386
44 321
401 5
399 191
25 375
42 466
128 32
11 276
156 18
490 318
397 339
71 213
75 322
122 325
476 479
365 206
380 407
412 409
453 281
8 163
129 478
362 402
31 109
127 226
44 187
378 469
34 294
116 449
126 109
440 90
149 103
362 306
67 29
162 127
290 372
202 22
425 272
233 65
143 456
495 361
182 187
333 373
175 217
178 302
392 301
256 119
277 41
422 471
450 196
69 84
459 240
364 271
188 384
192 98
311 331
371 187
412 493
62 204
358 439
93 241
212 251
144 201
172 489
185 67
3 122
215 254
378 314
198 431
29 418
250 242
429 192
38 473
29 194
485 100
193 388
491 78
280 405
394 135
54 304
427 432
38 410
224 494
425 268
187 275
17 307
499 437
262 299
345 389
490 291
179 330
409 35
441 170
158 41
345 187
471 64
474 124
118 10
278 51
326 396
203 465
254 195
494 54
444 16
308 339
22 286
321 339
362 283
324 114
154 20
436 21
146 125
135 411
462 116
364 414
231 140
335 67
474 486
2 182
373 270
56 162
2 395
178 229
196 364
236 354
376 350
475 172
435 374
342 111
377 249
389 207
126 108
446 225
407 100
222 301
463 280
28 278
360 317
33 58
413 56
406 121
146 141
367 233
344 81
331 209
416 73
34 72
149 395
347 332
133 56
189 70
200 449
266 69
127 60
468 152
273 392
33 226
460 419
353 400
462 156
230 36
108 230
125 116
448 258
166 473
43 82
383 207
276 95
8 149
153 256
148 476
55 427
198 34
434 15
23 403
439 396
479 253
221 48
158 104
77 170
104 176
384 472
420 487
488 12
120 428
404 142
421 269
303 311
326 471
375 89
338 350
455 314
214 317
273 29
199 224
401 203
27 155
142 285
149 447
375 482
476 270
391 132
443 249
221 46
487 122
472 448
114 325
494 279
308 181
405 268
323 359
366 306
443 350
298 360
343 445
67 173
157 171
421 458
4 101
223 494
442 343
169 47
178 408
89 15
135 339
50 495
153 458
309 417
277 449
246 459
132 472
144 313
271 290
243 65
59 127
470 318
365 353
261 491
359 395
234 351
198 494
305 285
202 203
152 466
425 479
452 250
63 409
51 448
13 334
313 294
112 424
277 136
127 329
225 390
241 486
333 311
96 291
495 490
456 150
482 499
250 381
142 286
234 313
0 194
340 99
23 165
301 305
134 152
42 281
119 211
375 136
427 452
294 471
122 274
274 250
483 456
242 376
41 126
172 476
75 41
59 12
317 450
102 360
141 304
367 496
132 261
65 242
66 412
186 212
462 40
496 312
40 298
276 238
66 82
475 448
312 493
443 34
395 482
286 397
393 388
1 5
248 26
290 419
131 314
354 328
141 445
95 202
440 181
115 223
23 358
351 91
125 336
170 146
43 372
113 456
313 436
314 466
385 61
227 104
433 368
166 433
135 426
459 113
337 427
285 75
18 360
48 488
134 495
220 218
26 177
114 333
299 340
253 280
385 37
257 481
266 170
448 275
241 402
329 407
334 78
290 467
455 204
200 191
409 90
267 420
105 288
128 233
366 256
145 233
66 251
273 403
30 333
87 221
480 271
201 268
235 167
371 492
183 191
133 71
343 444
232 252
338 448
205 212
298 204
307 350
105 364
49 80
153 488
259 136
257 485
152 313
305 492
35 24
447 340
136 20
273 291
239 221
285 111
315 444
147 83
300 122
54 104
92 201
190 59
44 352
165 447
439 197
221 322
14 327
347 20
311 2
223 472
83 51
347 361
296 250
224 346
451 96
298 130
189 43
247 340
287 234
431 264
438 78
405 4
24 304
307 105
77 188
239 382
243 161
263 438
137 40
488 488
118 88
483 138
478 160
394 231
347 265
344 177
181 286
442 101
206 57
245 249
132 284
297 336
127 227
119 60
400 264
204 460
98 371
383 187
270 429
46 277
454 470
108 390
344 487
396 50
300 50
186 142
330 284
363 335
396 457
73 483
443 148
371 277
317 393
322 254
383 439
409 369
111 189
176 17
420 455
358 73
67 72
356 396
232 397
355 71
54 480
128 280
58 349
243 352
458 375
314 417
138 342
31 76
445 250
57 60
485 365
437 267
164 52
301 145
217 396
376 8
289 123
473 356
60 347
74 68
337 19
213 240
316 476
78 96
156 262
479 135
255 493
397 417
62 419
167 199
207 279
403 395
251 348
47 228
296 164
35 121
214 133
461 248
344 382
496 39
27 353
346 476
245 282
201 96
295 307
439 220
115 354
55 194
422 366
382 102
76 70
55 417
165 290
172 369
408 362
67 21
497 435
217 265
361 242
401 270
490 156
363 192
386 105
324 418
20 160
82 206
124 448
238 490
359 141
355 263
136 267
55 422
40 133
227 124
395 401
410 128
321 237
195 125
43 59
220 19
77 415
364 154
144 53
47 454
69 3
123 402
177 205
190 30
154 69
470 417
398 401
139 232
357 71
130 334
205 252
168 202
357 282
188 32
338 1
357 235
489 408
465 332
362 166
235 156
73 16
418 58
290 471
394 409
243 0
252 25
227 448
82 420
304 84
438 270
357 495
255 295
127 347
365 220
376 341
357 453
11 302
125 127
36 153
5 20
45 131
431 258
30 124
61 366
136 187
182 499
146 346
193 437
9 125
466 58
11 386
188 175
303 374
380 313
333 191
323 385
143 230
355 106
472 26
213 416
267 461
307 247
36 413
38 352
410 45
431 356
31 274
148 471
137 334
378 28
266 322
53 201
159 409
435 260
28 132
93 0
247 295
208 252
104 283
181 98
454 366
140 112
436 485
172 141
21 73
395 50
103 287
49 448
60 262
394 336
337 88
383 339
443 436
72 443
41 47
414 253
365 347
333 406
399 301
226 357
407 421
60 122
422 10
272 109
446 483
423 19
210 283
71 307
250 154
53 143
396 144
491 319
226 114
267 176
33 125
398 494
468 292
302 459
68 390
225 427
298 366
149 149
456 8
162 221
216 58
54 216
35 113
227 398
74 113
91 494
340 460
252 489
300 308
199 407
334 221
87 424
425 132
140 89
162 233
292 155
223 378
491 198
96 258
224 218
65 171
483 315
156 405
214 235
142 457
30 265
41 328
460 117
206 467
200 453
108 368
247 344
43 331
441 90
161 491
14 165
332 226
483 497
85 489
298 197
314 227
56 328
297 356
323 368
321 356
76 375
220 281
464 323
266 115
106 258
423 427
5 121
470 256
97 488
38 55
135 247
427 352
208 191
411 224
80 383
259 85
218 157
332 331
446 183
441 450
377 404
377 216
324 382
223 348
403 273
20 261
113 38
81 447
24 174
57 345
430 456
465 168
499 148
183 150
100 445
202 476
193 478
212 79
427 369
143 287
48 183
73 163
463 14
188 155
0 487
443 97
266 282
282 409
59 265
63 466
294 11
341 265
344 339
209 406
193 124
307 352
367 242
256 380
387 182
21 296
245 387
21 465
226 11
129 304
122 137
0 192
309 416
256 342
248 5
129 465
169 441
35 436
317 388
423 143
439 204
444 444
261 37
48 465
121 339
476 29
73 243
12 329
171 382
388 268
85 419
212 369
306 106
346 248
391 475
179 269
66 183
220 475
293 327
167 120
2 414
10 495
324 75
310 374
494 495
266 50
419 431
37 479
79 77
52 235
357 322
5 84
59 423
250 77
50 204
471 269
265 52
479 333
207 89
437 141
43 201
132 203
34 315
392 21
108 465
288 445
381 465
240 145
75 292
497 491
260 125
29 468
301 377
319 360
354 360
61 256
311 397
212 45
418 198
163 105
402 378
196 303
449 283
427 436
427 24
1 424
392 40
417 382
94 45
405 88
344 448
346 318
215 156
206 410
367 485
364 369
25 269
404 60
496 474
350 332
108 276
168 203
437 353
398 437
26 31
480 156
326 370
378 326
88 42
379 436
158 456
77 243
155 183
9 482
166 4
280 359
414 274
127 300
237 351
382 378
386 263
486 214
392 212
106 216
153 481
437 486
81 311
494 14
348 237
241 355
66 14
141 373
173 480
183 120
350 262
378 417
132 236
449 216
432 24
5 55
393 437
100 294
309 475
212 446
301 157
24 305
30 367
199 17
489 55
317 382
300 340
76 195
263 284
308 377
285 48
485 166
460 178
153 438
384 121
131 217
374 186
405 7
24 404
459 105
339 13
205 129
176 491
275 282
159 440
488 84
102 296
475 325
263 62
184 480
198 148
186 167
174 424
329 91
48 198
63 140
121 240
231 269
403 298
238 7
443 414
211 78
403 45
107 186
166 167
315 143
310 216
141 353
296 484
34 322
314 345
85 98
219 436
234 168
175 474
388 324
402 118
163 99
137 157
324 123
266 156
372 491
344 429
413 365
39 493
338 300
250 354
142 275
443 469
443 376
52 471
89 183
283 306
463 105
228 272
428 140
483 494
275 153
18 180
173 189
341 410
264 11
138 91
60 406
134 433
404 355
38 38
344 346
451 173
446 159
299 179
25 374
379 135
315 301
342 250
160 488
351 183
274 276
34 489
274 186
393 20
58 179
377 431
457 402
413 328
7 403
129 65
200 384
185 361
111 15
3 379
62 271
399 354
195 188
226 433
453 469
0 119
403 11
265 377
205 360
115 178
95 64
449 96
457 295
310 486
366 68
191 313
19 280
321 90
375 214
36 47
19 328
191 36
266 422
134 308
339 323
388 249
345 434
230 189
175 303
371 40
206 393
26 415
5 77
292 199
246 381
61 180
68 117
39 253
61 334
158 173
274 252
187 398
87 120
275 417
309 114
8 146
413 367
445 386
85 419
152 89
121 183
301 213
318 189
24 192
218 232
484 34
432 492
464 171
440 371
485 239
238 102
469 345
231 151
422 266
207 168
204 74
140 328
18 5
49 310
42 394
280 267
112 379
402 64
435 76
316 195
297 420
118 54
205 118
237 201
370 128
54 444
125 74
431 194
357 495
241 332
100 251
130 21
85 212
140 385
80 372
292 456
10 377
347 262
464 68
196 84
381 186
260 102
297 6
353 43
375 6
257 94
467 327
391 388
273 404
276 32
340 205
434 420
183 351
271 281
218 147
185 467
69 99
457 445
340 218
224 310
256 67
247 482
222 223
479 490
374 347
52 255
175 215
418 338
119 210
209 189
156 337
288 394
191 77
148 245
407 383
451 224
58 163
238 50
40 132
479 217
324 415
130 383
221 352
62 400
89 193
30 272
18 97
174 171
416 210
93 174
251 324
339 396
446 161
294 430
499 339
254 125
361 324
176 236
136 434
127 90
214 225
322 10
181 233
443 348
375 449
273 388
285 478
139 465
395 83
422 285
411 246
70 28
116 272
58 98
41 104
329 186
48 255
488 3
204 229
178 283
24 431
409 304
121 309
244 400
186 368
114 167
195 97
221 37
135 164
268 279
317 176
284 98
453 365
446 124
260 9
292 477
133 284
445 201
454 254
122 189
208 140
89 236
273 256
420 310
441 261
289 188
138 111
476 425
50 92
453 275
252 310
446 246
299 385
491 243
432 105
245 113
201 141
397 334
496 327
440 317
5 438
49 81
7 496
440 377
152 57
219 393
491 256
493 17
260 143
248 484
449 192
185 346
180 151
330 434
103 177
467 270
351 461
457 368
245 210
267 397
142 250
358 338
207 486
129 352
188 467
12 229
75 138
141 49
484 256
285 323
93 439
400 252
120 296
7 209
106 217
319 126
317 249
235 178
382 24
344 216
445 70
60 356
405 373
481 201
24 241
181 266
370 469
118 433
143 342
411 477
103 249
350 231
261 272
149 437
5 143
213 493
349 451
176 274
327 106
200 157
275 204
173 381
166 497
339 143
120 309
411 102
333 76
348 261
51 94
89 497
490 56
359 155
429 191
150 35
44 108
312 350
83 319
316 338
481 249
59 7
110 454
30 470
83 295
242 378
228 486
43 331
486 70
114 254
142 267
376 264
114 186
358 40
230 197
446 174
34 64
18 357
327 144
291 48
278 263
249 33
365 358
429 144
399 203
471 43
159 41
227 199
239 273
322 437
112 322
386 120
478 498
142 256
156 157
420 433
319 434
293 22
166 184
387 74
117 65
458 358
409 276
401 38
475 1
323 75
195 439
437 61
317 25
183 431
365 325
259 455
477 184
220 404
478 144
61 459
170 447
75 20
58 79
80 328
403 33
473 255
316 99
124 262
194 485
310 159
115 59
95 422
326 92
236 167
126 157
104 150
170 296
228 32
360 228
113 308
64 264
215 86
349 232
218 191
351 395
454 28
302 466
58 401
420 129
138 147
297 46
195 94
126 319
47 423
83 487
103 160
99 147
380 318
9 300
195 450
330 212
178 1
254 133
114 89
88 174
72 252
346 237
56 119
42 325
164 455
467 126
125 267
437 66
218 357
307 298
11 265
266 490
123 41
130 372
398 89
341 218
307 323
442 39
364 363
318 337
315 28
147 286
204 440
150 84
235 275
40 309
299 246
287 159
31 274
363 270
340 282
105 56
448 148
11 47
384 312
193 182
320 199
492 340
425 24
299 494
303 160
258 340
499 455
81 397
167 382
164 297
353 8
156 269
169 301
466 19
201 53
105 159
499 21
398 449
443 276
288 197
389 246
53 398
296 240
475 135
432 463
323 491
261 285
439 331
351 282
335 257
416 404
278 292
241 267
44 176
225 36
135 184
83 467
207 188
323 379
194 34
26 255
393 370
201 287
69 184
441 52
309 256
401 357
124 87
263 494
31 20
205 340
307 166
206 288
19 367
401 30
137 65
435 427
214 382
66 137
41 135
244 359
68 350
437 497
491 45
65 52
393 374
392 122
262 200
67 99
481 281
347 469
248 118
353 134
271 315
450 419
131 313
163 46
395 199
244 453
5 387
113 162
284 398
451 6
457 47
180 370
191 438
408 379
14 440
255 261
33 137
450 57
456 164
215 466
419 351
90 460
122 276
27 204
210 258
305 478
200 19
457 338
217 392
184 365
479 83
221 439
348 12
28 23
489 304
156 243
55 260
37 246
302 177
436 64
42 364
383 93
283 94
338 340
58 353
288 22
313 37
401 9
33 162
466 429
24 374
135 474
73 80
109 172
236 375
92 397
343 130
224 475
168 126
331 63
85 78
115 120
129 399
413 368
149 14
389 379
206 173
105 376
48 279
6 215
112 284
266 98
426 455
434 490
405 94
172 265
385 343
94 139
359 367
233 7
386 8
33 474
350 444
223 491
206 398
34 82
180 170
478 300
143 106
52 264
29 400
243 76
67 267
486 337
344 278
138 219
194 83
27 24
15 396
295 103
185 73
243 181
334 217
176 73
337 329
229 228
157 219
486 473
162 76
355 324
43 359
294 493
17 89
486 321
276 32
457 133
166 313
31 53
126 0
329 207
287 316
35 59
384 444
373 21
345 46
405 228
221 240
182 51
225 91
475 168
153 1
315 433
486 319
320 346
405 112
428 1
60 192
489 315
336 296
343 362
442 33
126 100
4 15
106 308
328 229
230 82
367 333
152 397
95 353
317 324
326 0
45 98
413 238
35 34
248 102
487 230
182 42
57 113
273 186
415 16
98 453
286 498
395 317
170 439
263 491
491 487
85 441
180 36
422 351
453 67
297 22
64 440
54 331
18 122
490 179
133 285
283 88
257 419
210 179
170 427
266 474
267 13
50 204
55 447
366 324
347 8
448 163
347 263
385 354
34 365
2 375
315 19
438 286
465 424
351 149
475 487
0 118
322 94
394 402
79 377
237 260
424 426
41 185
392 271
488 427
154 426
297 490
128 322
246 87
88 93
432 450
420 415
10 285
187 242
471 404
164 118
396 208
245 440
63 438
217 137
415 51
394 371
45 212
300 22
468 144
446 240
156 252
37 366
460 166
70 77
195 283
491 86
27 92
30 88
226 90
494 247
470 493
58 240
114 368
12 358
98 82
335 310
176 106
272 372
301 488
271 194
281 497
89 114
202 308
250 119
366 280
274 244
336 188
56 332
42 451
385 420
230 492
99 220
445 258
246 223
418 246
95 17
131 199
359 184
155 186
318 109
206 373
62 92
276 42
493 118
39 170
163 379
451 269
28 114
189 248
347 126
144 107
158 442
479 127
165 17
127 134
8 484
428 333
227 70
188 205
375 73
452 79
349 390
356 255
356 229
355 46
5 203
497 351
479 164
181 476
463 496
480 160
345 471
393 409
466 73
146 433
13 193
84 450
57 214
443 292
190 413
468 150
2 48
212 318
146 333
329 245
406 109
432 310
71 103
176 325
259 37
230 174
124 272
338 166
459 34
447 281
283 1
49 268
86 285
118 113
359 232
342 300
110 117
220 274
452 181
218 249
423 211
335 448
467 400
434 173
306 426
279 233
1 89
227 181
294 87
172 345
145 5
122 366
492 107
140 195
444 444
7 210
11 367
119 342
367 478
256 53
287 173
115 35
68 140
80 342
39 363
368 252
118 37
144 343
38 462
407 137
347 482
201 414
109 210
188 321
226 476
2 444
332 13
6 469
311 400
115 86
190 350
387 484
327 160
122 384
373 217
199 29
296 72
283 252
73 405
381 471
268 300
165 235
204 100
352 171
109 367
218 468
304 299
459 457
193 483
200 82
111 418
491 251
3 407
164 274
245 77
229 398
133 365
465 246
270 190
57 170
490 379
179 127
85 294
129 138
220 130
49 329
80 184
443 40
166 83
12 108
6 411
277 93
340 491
181 94
116 110
341 91
218 106
252 20
159 155
138 381
62 231
267 187
79 494
430 211
319 245
8 442
388 177
168 137
84 80
42 202
145 200
159 383
404 363
19 263
145 415
498 9
196 59
54 266
477 127
224 484
278 148
177 84
74 166
98 197
399 158
210 140
24 44
260 221
485 280
47 131
140 482
41 45
163 188
315 95
431 140
140 391
327 210
228 317
15 401
59 179
319 266
163 122
343 195
327 423
54 328
310 226
124 194
234 204
151 287
280 49
292 83
145 272
90 119
21 225
256 457
223 432
54 428
123 386
309 250
430 303
29 215
261 93
297 5
293 495
396 300
235 425
197 188
160 380
458 287
244 33
317 66
494 320
206 224
474 470
273 368
83 404
497 154
160 197
192 146
447 305
82 89
129 182
415 279
419 141
174 225
291 15
335 344
68 286
256 394
262 42
298 381
387 197
394 148
294 47
204 439
380 241
276 286
418 361
3 191
268 337
204 29
373 59
197 40
434 441
335 305
186 48
97 134
282 74
473 344
283 428
22 30
316 15
376 298
341 86
275 231
113 109
20 480
20 338
280 218
23 306
206 467
453 62
136 303
147 87
16 109
139 282
297 390
188 308
394 26
257 381
490 170
2 222
61 362
80 22
180 193
160 456
18 238
41 466
53 154
115 41
175 421
311 107
267 325
351 351
232 161
183 460
183 74
437 185
59 244
437 369
325 91
329 449
415 343
349 223
264 321
242 317
424 439
116 406
257 191
204 467
280 490
64 240
277 463
59 353
223 189
280 348
297 48
244 110
185 65
238 445
262 449
240 480
386 38
229 357
176 496
338 286
26 456
271 402
108 155
344 330
30 331
379 125
87 180
245 475
421 272
73 483
315 183
222 165
374 54
50 303
441 51
359 388
142 319