8700
6 399
405 113
227 407
490 32
333 90
271 285
88 446
175 300
149 96
115 304
460 240
218 4
346 327
189 293
379 442
341 419
33 385
292 98
130 112
202 283
420 315
262 473
274 360
456 437
93 275
15 423
427 405
233 86
379 125
67 274
193 258
496 260
210 78
190 140
275 341
156 393
366 47
407 418
208 492
267 363
138 301
207 135
221 417
42 292
66 452
62 461
73 259
338 58
51 284
477 28
421 326
374 133
404 288
280 133
349 112
265 400
35 487
405 324
116 108
60 299
113 182
442 122
33 38
174 280
308 436
114 151
137 82
370 340
474 41
5 2
254 323
310 270
95 289
397 67
219 63
246 309
284 184
222 188
320 169
105 397
400 128
62 219
60 37
430 432
287 34
357 287
58 41
183 19
439 5
68 432
242 158
342 166
354 378
47 416
313 174
155 152
223 66
103 217
2 135
169 386
173 141
34 378
250 83
440 69
2 189
199 361
27 96
474 393
309 234
408 21
25 475
41 415
485 100
236 496
382 487
480 257
488 408
491 14
84 238
279 432
145 438
34 330
223 172
406 8
381 384
359 167
82 258
358 252
249 419
406 446
204 483
243 238
105 44
282 235
19 189
479 413
95 164
188 13
373 318
202 95
262 106
364 414
166 196
116 74
373 267
103 374
465 77
121 346
81 70
111 255
20 452
468 90
455 115
285 157
104 328
286 339
253 366
414 150
76 272
39 382
109 449
378 494
341 74
144 351
458 274
227 255
197 478
93 47
204 152
480 230
70 308
26 266
268 175
447 293
175 196
498 339
333 284
358 376
80 174
301 354
109 38
17 380
427 306
458 462
193 484
144 290
408 115
290 171
464 28
77 238
429 491
128 75
303 262
289 338
193 383
422 442
322 154
313 291
105 101
85 123
414 150
265 230
253 174
55 56
146 69
60 132
207 75
189 40
379 10
246 330
272 72
226 20
163 446
48 39
163 268
419 133
215 429
455 184
92 468
389 10
142 90
17 302
342 349
212 59
389 221
145 310
182 14
312 224
263 345
113 360
346 278
59 384
421 413
234 15
377 365
456 123
425 20
221 473
384 268
341 285
95 274
140 487
211 129
474 452
165 326
457 88
324 11
424 16
383 245
111 158
134 261
133 419
392 59
179 206
492 129
255 21
360 439
69 395
199 423
249 43
483 364
227 206
75 308
405 4
14 310
423 16
435 148
60 56
263 180
309 239
112 107
398 64
311 324
247 467
363 362
227 497
55 198
358 306
310 482
293 264
132 325
325 216
125 420
452 385
477 240
347 113
29 441
266 245
65 192
54 13
362 280
478 133
440 270
252 337
453 102
279 45
114 85
357 105
342 239
479 161
274 319
113 178
275 155
347 379
244 192
472 402
35 459
229 451
140 327
430 481
27 93
30 209
314 493
232 240
401 9
328 63
241 176
331 293
24 368
61 31
433 269
80 33
336 320
148 309
290 476
69 430
139 169
162 452
192 306
315 246
309 93
121 495
289 402
271 305
336 313
434 184
69 121
293 14
323 406
234 441
371 466
487 156
108 363
169 2
248 300
245 484
479 410
164 367
24 268
434 287
471 360
333 368
235 41
299 126
420 58
376 33
189 291
6 216
218 297
449 175
159 318
228 47
414 491
111 393
32 290
150 45
266 4
397 483
461 1
411 196
229 381
25 140
356 271
420 31
207 426
244 370
417 218
61 325
70 183
473 173
70 102
458 475
310 188
41 355
51 271
153 305
445 133
256 178
61 153
79 176
46 268
339 175
0 315
350 400
425 422
25 323
298 496
36 483
191 460
232 78
383 94
79 237
267 180
185 335
12 328
449 264
291 410
226 288
40 292
66 76
252 466
314 443
279 402
363 350
280 470
64 95
184 15
195 496
331 451
279 380
496 343
254 228
16 288
432 332
260 409
375 498
294 12
415 189
39 73
395 278
225 172
187 311
307 409
212 383
115 139
482 491
72 112
400 88
420 440
349 184
34 33
45 224
265 328
401 312
90 157
329 296
108 167
428 16
251 415
406 140
484 367
479 241
329 56
348 231
267 102
135 198
274 301
130 32
345 40
197 383
32 287
455 26
42 492
259 235
228 294
13 166
407 212
120 344
427 88
190 468
18 194
495 177
210 293
333 477
213 55
194 30
56 245
237 1
237 450
96 348
14 465
29 109
453 273
362 1
469 380
426 404
82 340
133 274
103 144
199 466
348 316
413 245
247 256
206 150
351 484
301 155
264 365
491 330
183 70
302 353
257 4
344 229
355 339
483 477
295 458
275 34
280 495
251 188
191 27
363 310
465 394
259 164
346 81
3 250
455 29
385 306
387 213
404 230
59 242
52 240
126 355
350 327
368 258
137 454
264 411
305 0
16 229
162 416
19 214
95 166
324 474
39 481
63 211
305 296
36 122
477 357
37 14
273 180
134 257
20 410
263 250
331 325
93 131
198 493
159 112
439 293
126 335
46 330
126 189
312 203
413 14
381 141
173 450
59 154
416 159
409 79
256 31
163 240
234 349
314 361
6 245
81 105
435 133
174 479
35 414
280 486
480 448
250 161
167 153
313 309
240 84
467 222
315 496
197 482
195 401
146 363
320 202
187 79
411 108
22 361
200 298
246 154
316 180
185 496
157 483
419 498
73 249
97 387
221 388
289 294
10 417
471 287
219 330
438 10
223 130
428 312
467 423
455 26
374 283
118 141
491 383
132 38
277 64
304 229
375 498
267 93
381 385
216 90
100 452
434 6
319 176
451 362
240 138
421 407
400 114
497 391
429 391
308 481
210 58
409 112
206 85
323 28
119 439
391 391
397 71
247 325
39 68
206 199
458 131
97 479
371 358
101 94
427 152
63 409
22 137
74 472
352 80
19 397
288 471
395 262
439 38
106 142
193 330
461 165
144 151
9 58
4 367
20 111
20 431
420 83
407 394
474 494
244 259
83 345
107 32
70 478
120 398
228 29
194 166
317 41
451 338
58 179
142 455
238 78
13 162
409 10
357 272
383 383
229 101
133 466
444 188
87 56
85 417
83 167
209 131
321 252
431 12
320 379
309 73
88 58
421 322
446 497
232 278
379 330
296 461
150 364
272 93
362 89
256 209
340 297
49 317
330 162
41 333
258 150
60 351
25 346
195 333
111 472
154 428
241 342
59 450
395 243
332 183
393 109
258 441
258 85
99 160
493 440
442 141
344 251
450 355
188 221
45 497
425 300
494 199
2 19
262 405
89 249
359 95
388 334
419 117
277 146
439 19
12 122
226 381
236 208
429 28
25 425
77 327
26 303
322 423
329 380
130 84
31 270
104 341
310 419
418 23
42 440
62 209
90 406
114 140
168 179
456 396
223 194
497 385
160 101
482 171
255 489
259 464
305 139
410 215
239 115
407 180
389 133
40 470
462 332
11 6
402 131
177 319
204 477
79 174
345 364
206 413
377 452
443 317
33 34
1 354
34 124
257 409
231 424
256 149
8 193
176 119
438 262
240 353
379 494
210 171
436 76
29 268
86 165
199 472
178 471
95 200
461 213
489 204
206 192
238 245
216 214
328 414
120 154
0 68
91 499
76 210
479 27
192 457
281 417
240 243
296 460
25 335
391 257
450 14
259 449
15 40
306 475
481 344
264 426
426 481
43 356
235 354
163 374
143 280
23 444
256 383
70 319
429 281
295 462
263 231
271 54
381 279
123 77
4 214
47 239
447 282
488 91
317 183
315 151
95 461
196 190
362 352
485 267
81 291
22 281
187 344
475 145
222 421
135 98
338 78
212 183
126 285
320 200
351 295
108 487
178 299
3 305
424 40
183 488
269 357
201 57
202 309
230 177
127 276
355 365
400 317
455 419
120 378
174 275
115 323
122 134
439 293
185 125
466 215
72 368
425 235
396 126
303 127
255 126
344 282
100 110
382 96
475 407
182 2
325 1
135 149
442 300
425 75
142 127
347 391
479 215
341 272
251 375
354 496
278 7
469 50
146 230
137 351
205 473
474 172
321 383
183 110
37 264
243 108
352 179
246 91
215 183
410 87
83 319
326 116
166 214
444 147
351 313
138 434
106 56
291 113
75 279
395 474
435 112
143 139
82 287
322 390
329 149
320 232
349 265
479 498
146 15
180 275
61 349
257 171
284 19
299 49
23 359
323 194
185 458
97 318
208 119
121 419
4 390
155 441
440 205
220 486
261 438
287 253
424 175
194 44
93 60
271 493
40 469
427 94
412 225
197 377
148 473
215 318
111 152
357 370
356 51
341 430
35 469
144 128
173 311
371 191
184 118
87 494
88 76
154 367
244 352
177 351
21 244
397 392
114 484
388 106
388 470
292 229
358 275
86 288
479 383
1 309
303 16
92 89
456 243
448 246
449 52
296 477
370 322
307 45
4 484
307 195
424 244
20 451
91 134
17 458
120 423
439 371
312 423
19 383
482 120
172 319
296 283
106 320
366 166
3 413
108 222
466 162
465 384
19 486
297 56
479 388
259 417
192 270
6 71
191 211
30 340
123 215
36 327
345 229
142 254
476 200
214 102
487 294
133 179
88 358
246 430
347 419
42 6
429 39
103 400
240 473
188 133
312 363
93 76
182 10
62 87
190 10
305 129
308 29
387 438
220 248
20 133
491 67
106 62
462 273
246 209
195 202
417 286
363 359
221 10
98 397
408 284
413 140
169 65
355 73
174 56
41 75
142 194
108 385
158 100
162 422
476 404
190 357
68 393
256 405
155 290
426 354
346 63
480 191
264 15
423 335
410 290
336 316
53 404
4 444
366 211
467 18
227 342
88 10
267 296
438 344
50 422
485 364
407 396
263 317
152 23
314 38
354 414
318 150
95 408
471 175
193 313
8 439
449 273
69 96
292 216
139 359
75 342
90 476
294 482
5 205
243 298
213 319
470 449
209 383
410 417
82 181
472 456
229 90
38 421
489 150
9 182
376 480
309 84
66 466
171 455
253 71
243 266
216 318
202 65
482 425
458 464
420 416
7 430
351 149
151 397
80 193
25 160
96 456
275 334
141 14
438 298
65 395
65 181
98 133
58 119
84 432
348 17
447 4
6 207
105 151
196 157
170 185
493 221
408 118
133 268
67 49
296 423
456 484
117 362
333 54
486 27
396 417
274 334
42 344
347 280
289 147
184 43
116 311
430 29
298 376
278 415
338 217
53 74
288 294
200 170
49 474
391 186
20 446
142 165
297 414
413 489
384 439
102 449
479 352
229 384
299 129
198 7
433 489
135 251
273 74
48 335
21 322
268 291
309 394
308 410
251 106
397 74
23 135
340 0
384 2
483 69
428 36
377 181
284 213
287 13
200 57
380 187
479 74
468 0
411 288
246 128
202 162
150 144
496 78
432 490
411 380
268 416
97 191
404 146
159 234
291 192
379 211
285 23
24 210
498 105
86 287
301 245
389 140
218 451
293 237
117 151
67 56
247 238
384 16
102 152
196 395
106 394
417 427
138 392
349 441
228 136
233 435
76 30
333 474
211 146
297 479
35 329
419 216
85 135
287 303
198 187
433 335
262 304
48 351
144 252
389 250
185 225
255 474
449 113
260 440
419 160
341 409
478 307
442 260
63 415
454 81
416 113
270 388
91 30
283 318
420 235
460 24
498 106
71 67
8 447
108 183
93 279
86 449
62 423
338 28
109 125
91 292
32 377
408 361
179 123
359 191
215 452
58 171
239 213
13 481
165 99
378 121
422 110
33 317
197 336
314 223
367 159
36 405
266 400
375 444
487 297
249 86
258 202
268 159
141 349
300 281
254 306
268 30
347 28
365 153
376 397
56 31
436 243
495 92
389 202
499 223
309 228
431 249
260 419
120 51
184 401
59 420
451 290
170 327
480 150
47 387
418 208
304 455
400 354
56 151
374 289
17 408
9 184
455 300
203 269
23 76
496 239
29 82
262 299
302 200
87 94
155 201
157 358
212 459
110 57
198 121
29 485
21 215
368 38
159 476
52 423
163 182
117 401
200 192
244 231
325 2
56 184
42 480
291 213
270 106
227 402
239 468
35 108
498 260
88 255
179 158
192 141
394 194
386 309
40 94
449 483
19 218
50 5
218 413
19 342
96 340
160 247
207 335
447 47
155 206
364 387
28 186
380 56
218 422
369 266
101 110
328 170
175 120
385 231
425 245
437 405
4 21
208 449
496 211
417 7
394 3
189 133
190 275
49 69
188 260
370 418
88 289
262 51
282 115
212 147
52 207
80 1
450 408
120 288
295 299
302 389
23 41
316 492
61 65
325 366
136 249
391 47
98 77
192 153
152 380
439 257
258 57
465 19
159 209
8 437
327 306
348 310
154 202
267 164
382 216
465 444
491 19
96 356
361 90
322 140
397 14
71 262
133 8
69 36
326 293
99 77
239 153
207 447
464 394
462 474
270 198
217 279
488 261
203 165
306 349
215 26
140 55
415 286
175 273
66 484
61 1
6 18
317 153
399 213
39 281
480 213
492 161
422 49
215 480
182 478
356 373
280 397
36 496
121 196
180 211
64 40
58 94
99 422
135 375
9 350
63 26
187 489
390 407
240 461
291 105
330 422
171 147
495 463
159 207
270 117
157 191
137 186
108 67
294 236
438 95
473 303
144 1
409 12
474 35
492 149
423 265
265 175
138 94
154 260
377 149
192 276
315 386
305 330
418 423
371 100
403 357
210 344
357 400
287 471
120 183
300 279
306 395
342 65
326 444
93 348
476 55
294 286
468 291
67 99
199 386
95 438
134 455
207 306
277 343
26 494
273 250
497 179
244 432
376 339
39 422
478 322
460 16
307 124
223 428
166 226
16 275
82 114
272 151
494 289
283 401
3 373
52 408
340 1
192 148
71 217
391 232
248 401
25 203
483 407
134 100
375 149
115 2
153 457
246 387
289 0
225 29
290 292
293 129
277 130
199 338
70 200
101 442
145 318
77 478
79 128
130 63
66 306
264 245
133 71
423 362
244 274
66 148
277 34
164 212
50 55
255 216
158 120
290 209
187 304
432 219
283 118
425 62
160 349
272 41
403 293
67 196
344 147
181 485
49 474
381 198
414 99
71 488
197 424
228 213
433 237
207 13
427 68
269 132
173 87
380 41
237 77
76 299
137 434
408 258
308 186
138 289
277 74
498 209
275 327
64 79
92 60
128 271
256 19
107 397
290 281
358 339
491 28
462 435
45 128
166 222
11 353
279 304
366 140
467 277
356 141
53 31
155 300
320 181
78 263
44 279
470 220
248 403
190 461
441 62
284 87
292 460
264 147
288 71
200 482
475 255
139 57
357 28
209 294
57 29
160 139
360 453
356 131
444 460
23 398
337 238
198 159
307 129
52 314
297 95
350 253
162 124
153 341
487 371
401 214
354 44
350 61
44 66
26 58
457 489
227 401
61 146
128 277
91 220
167 180
285 240
365 369
211 447
319 18
232 198
95 220
133 438
356 445
3 178
19 235
136 312
459 98
375 49
121 87
119 318
59 288
158 405
352 276
146 369
67 171
243 230
21 162
459 229
259 377
112 463
275 278
228 101
150 234
173 455
273 124
412 293
198 184
460 70
439 402
426 458
189 359
373 21
250 210
87 333
296 361
491 52
153 423
158 219
174 155
279 183
476 300
484 192
114 26
281 297
255 406
265 207
228 444
6 138
471 331
44 446
498 119
43 36
107 3
158 53
236 282
434 290
334 65
91 270
67 448
354 372
431 175
471 471
110 12
195 478
424 433
53 239
275 274
277 96
149 235
369 287
77 385
302 303
73 411
212 394
118 141
168 418
390 402
414 139
117 352
285 461
200 393
167 338
286 328
63 444
232 435
173 432
87 309
73 475
221 160
153 137
55 192
94 321
461 297
149 360
321 78
472 435
125 373
201 139
436 412
199 116
400 168
329 372
200 487
148 254
391 273
465 301
475 299
448 411
123 436
366 98
385 296
22 190
182 10
274 75
192 118
138 474
198 92
80 467
222 398
24 80
233 465
116 341
105 208
496 65
15 228
377 363
53 400
262 399
474 87
205 37
11 18
463 343
163 61
460 43
475 237
54 336
177 208
269 171
88 282
363 265
480 103
355 240
491 34
473 117
6 317
336 179
374 369
431 299
194 389
126 243
79 169
229 33
204 108
391 498
116 292
247 254
346 96
482 102
71 337
6 456
487 430
299 342
141 213
103 82
325 187
356 81
114 256
365 438
288 170
314 108
214 404
1 61
15 60
249 483
439 87
369 255
98 426
140 168
103 91
131 95
28 280
37 487
277 143
313 254
214 66
470 480
41 428
488 471
307 409
348 89
344 98
377 217
385 294
238 369
464 340
121 369
208 492
487 158
264 486
404 153
133 478
406 374
198 174
83 246
187 357
455 431
0 383
178 332
201 238
78 268
489 165
10 199
209 197
35 497
150 473
303 291
166 135
310 61
159 216
73 245
29 346
230 28
213 29
267 260
380 414
432 346
397 369
418 442
291 107
432 306
97 294
429 236
149 115
331 91
189 309
7 256
285 218
99 237
349 498
264 219
65 229
98 196
490 462
421 369
175 134
428 354
442 272
388 209
301 91
252 71
328 490
60 260
349 465
315 159
378 199
280 79
128 295
110 379
100 470
456 31
385 275
399 384
94 179
271 139
211 247
237 23
135 391
356 297
308 485
36 171
102 187
482 316
47 82
53 444
476 147
422 361
246 213
393 174
313 192
291 16
391 376
267 28
177 27
364 123
146 485
24 400
68 101
183 359
303 116
263 88
450 131
345 38
212 48
92 90
106 377
254 383
263 497
24 21
497 440
277 240
492 495
96 154
365 61
177 280
220 168
152 292
330 170
70 497
439 394
272 162
45 45
42 378
251 308
100 419
11 100
96 230
236 4
65 192
324 101
121 242
386 45
67 273
122 69
315 138
152 61
106 439
317 198
358 1
272 69
169 311
393 283
287 117
162 129
82 352
446 486
383 203
477 185
254 303
293 99
161 69
9 445
495 119
120 178
99 206
17 244
28 121
238 262
243 315
20 400
239 325
28 318
3 122
277 357
309 109
179 70
368 322
441 40
218 363
69 414
158 170
291 438
52 38
206 29
282 295
120 78
396 21
143 1
358 252
361 273
343 19
341 392
432 63
427 283
49 3
25 348
139 59
98 316
345 191
487 304
382 127
148 459
460 130
382 144
269 171
190 244
488 112
28 32
167 421
276 307
155 68
127 301
469 146
190 225
381 314
294 29
488 115
246 294
290 301
472 128
224 59
24 14
398 213
486 52
359 417
485 114
267 366
365 113
190 236
402 55
84 424
39 196
343 424
225 285
266 485
397 49
64 342
55 421
325 314
232 393
7 36
254 217
330 274
10 119
26 373
297 265
313 462
387 336
474 156
494 464
14 240
82 391
164 430
244 490
383 489
377 476
46 391
17 131
103 228
101 380
145 481
444 398
87 458
467 183
499 61
153 461
352 13
295 87
429 16
357 392
220 313
56 86
69 266
495 73
305 172
6 96
347 450
261 450
485 286
199 228
41 484
350 204
291 393
261 497
389 221
386 470
56 110
228 442
367 125
150 223
172 25
475 156
458 371
157 88
316 443
279 356
412 357
102 129
127 203
276 215
185 368
330 162
456 241
367 59
134 176
201 17
25 158
29 28
117 483
278 38
246 285
495 57
39 158
214 97
313 166
386 490
5 350
92 217
128 313
489 311
180 114
273 190
71 205
188 154
193 188
473 466
375 291
450 468
418 414
432 164
6 83
433 319
388 11
177 377
188 16
130 166
209 368
73 255
410 280
320 113
431 103
394 145
466 307
73 196
212 384
319 6
177 219
82 104
482 417
285 259
278 170
391 415
23 339
119 464
430 433
388 291
436 361
20 134
331 402
138 94
452 395
114 457
62 481
398 49
160 396
66 183
450 438
277 457
274 473
258 248
39 204
65 146
133 328
230 438
32 316
211 221
30 336
317 178
227 444
340 67
102 387
178 407
216 52
378 455
56 490
46 136
135 95
275 112
402 120
436 358
79 286
122 499
177 109
54 291
210 256
496 394
153 312
216 174
481 370
212 94
83 37
485 259
223 70
190 260
118 125
411 478
477 49
159 385
176 7
115 65
311 386
50 111
285 465
187 266
213 267
156 399
158 296
218 141
254 233
358 408
238 372
274 121
6 67
426 433
350 34
272 42
153 161
478 322
89 291
58 165
65 302
450 66
208 75
309 168
428 462
186 19
493 166
85 312
245 499
34 12
54 447
109 306
481 59
350 87
105 70
224 260
327 170
97 174
194 387
201 258
278 122
140 387
200 271
122 77
89 297
97 8
167 495
55 206
145 148
70 257
18 250
272 294
320 345
232 370
128 14
488 433
172 258
29 480
57 224
374 4
12 147
494 471
29 179
327 401
159 26
277 397
43 29
374 401
271 215
81 458
243 252
10 69
49 267
492 392
248 459
458 218
189 260
440 452
354 70
96 119
369 365
394 225
479 264
480 120
78 102
354 61
131 173
440 217
461 32
491 284
2 209
469 449
254 43
465 261
381 460
325 62
139 102
366 71
191 118
221 346
408 121
146 427
144 391
275 86
223 105
314 119
420 77
473 136
397 174
486 438
352 130
84 163
234 492
462 451
297 277
250 35
463 57
300 248
187 459
65 428
47 410
487 231
219 319
494 460
251 117
99 332
496 103
447 184
487 82
212 410
297 284
194 462
211 260
220 346
274 250
160 137
220 173
493 499
312 440
409 339
23 63
166 360
44 19
454 114
376 31
168 166
480 25
286 214
412 43
293 358
347 39
212 453
453 67
359 57
248 117
180 120
481 272
143 198
164 377
409 97
263 392
418 429
495 244
139 204
414 407
446 433
386 113
32 11
420 191
160 392
12 169
441 340
39 345
223 436
34 203
96 132
413 149
393 366
422 260
167 385
318 336
449 466
477 56
100 333
225 397
418 260
101 90
435 211
148 492
47 158
142 182
331 495
361 407
167 77
462 283
471 187
153 132
188 272
106 130
379 288
401 183
273 298
9 2
346 61
71 9
43 393
241 66
473 227
304 102
386 493
180 118
102 209
482 333
315 290
431 88
271 194
344 332
186 397
310 206
215 32
277 381
447 259
486 18
473 273
266 142
112 211
420 446
131 66
356 402
342 446
492 139
323 114
363 189
395 9
393 173
54 462
73 23
393 354
479 411
405 366
77 245
43 17
83 350
252 174
472 292
283 95
61 464
153 107
116 424
97 400
215 362
385 3
209 288
200 278
145 188
285 457
475 74
424 328
354 410
54 29
476 326
143 190
297 37
313 148
49 265
127 410
265 116
404 364
143 327
367 456
414 140
66 153
333 241
3 491
372 188
366 410
100 348
385 9
10 249
14 198
460 411
27 494
358 77
256 283
240 353
345 124
277 6
99 412
403 110
150 454
216 127
475 17
378 316
417 360
410 388
299 284
278 222
299 326
462 488
342 56
32 54
60 39
451 309
271 11
317 354
333 422
291 34
350 308
20 21
410 120
404 430
4 61
240 182
22 156
64 202
256 216
256 96
405 168
31 207
414 28
450 348
382 247
56 93
115 85
205 76
359 377
290 461
495 363
371 30
84 17
86 435
31 192
212 342
401 436
465 243
444 315
415 267
213 326
263 323
251 328
57 320
281 110
326 347
230 276
294 197
133 314
359 232
74 16
305 71
167 475
143 270
389 111
289 58
233 102
282 53
373 484
447 339
39 7
283 273
322 269
435 429
161 307
324 146
218 87
415 129
251 237
348 58
468 492
447 489
394 201
185 229
421 120
127 484
257 460
81 262
192 432
91 368
15 205
293 267
248 85
322 208
118 351
344 22
363 438
491 291
372 258
378 28
13 293
105 357
119 122
54 38
407 311
369 498
265 274
359 162
222 14
217 33
407 192
130 61
204 270
380 121
1 77
222 258
115 14
137 328
366 235
398 43
41 125
399 267
281 159
25 110
495 355
399 242
304 402
25 29
2 360
437 405
16 4
370 160
340 131
218 7
51 206
184 469
88 92
251 435
398 370
77 276
371 393
148 477
358 27
387 25
430 213
69 325
337 446
430 439
447 177
383 0
469 498
442 419
355 410
132 46
174 253
498 209
38 45
72 146
171 397
110 460
137 454
252 31
470 474
151 34
35 417
267 386
158 356
266 210
108 13
118 398
460 282
180 116
115 498
247 252
64 286
92 209
240 201
27 345
231 211
480 30
417 266
475 248
310 427
440 93
492 418
200 410
26 304
154 380
485 141
280 402
111 401
455 224
421 204
415 482
13 153
271 247
495 282
209 246
340 305
223 1
411 184
340 276
8 437
431 494
396 493
395 63
287 360
64 350
184 209
362 331
78 49
331 133
232 426
231 392
393 424
108 307
83 156
446 448
294 91
437 377
292 191
403 184
386 79
140 319
150 70
120 354
340 80
6 303
196 424
348 90
397 441
450 308
108 480
423 396
125 402
445 212
396 417
348 348
167 282
205 341
47 169
250 177
480 387
311 108
198 28
322 11
319 95
427 272
20 427
182 351
415 145
414 127
476 312
446 114
307 495
165 151
328 355
94 267
375 161
189 406
269 74
21 11
135 89
368 449
152 155
152 50
178 67
231 66
33 6
1 30
181 340
195 18
285 362
375 290
48 13
87 64
428 317
406 460
409 415
71 127
177 413
333 75
142 207
65 64
94 175
367 419
437 128
342 63
205 75
88 69
133 253
70 27
487 413
181 329
308 249
14 104
179 485
45 347
264 321
348 110
29 210
190 68
131 467
394 384
453 336
441 482
9 439
204 363
192 348
97 385
489 0
338 464
311 169
342 383
345 427
138 43
111 375
194 180
65 94
430 88
422 370
309 223
86 283
131 14
399 131
131 81
45 241
262 321
56 208
136 104
499 402
129 126
158 462
56 323
263 75
446 338
61 185
468 255
121 148
279 451
32 373
114 262
436 429
138 228
184 492
394 126
104 184
146 23
198 262
190 55
393 313
350 136
243 307
307 170
122 365
90 438
200 6
436 56
284 136
481 426
404 468
4 375
251 8
122 3
58 301
115 312
448 303
110 465
488 44
409 269
207 110
116 499
407 408
396 404
330 191
159 229
457 234
94 16
19 208
361 217
381 429
232 328
294 182
226 195
464 134
244 487
338 172
432 212
117 245
436 180
410 299
386 447
463 367
427 480
49 334
263 288
117 431
113 348
43 263
397 191
178 359
31 493
205 16
113 315
496 174
474 401
348 258
125 360
340 164
498 52
192 242
173 114
462 161
424 138
329 357
216 173
166 359
227 100
267 372
46 340
241 263
21 372
84 441
105 498
402 277
19 456
422 95
256 192
182 384
93 33
206 11
370 161
113 373
97 449
289 381
144 495
368 382
323 18
16 304
81 429
237 419
366 100
144 159
395 474
7 326
189 488
1 214
439 411
360 115
496 36
383 149
31 492
10 103
408 355
136 379
150 489
90 225
384 368
342 234
413 131
471 350
416 102
14 472
87 355
391 226
376 435
280 126
230 259
466 142
21 138
127 454
179 23
391 69
156 415
46 86
436 69
23 17
490 352
207 389
116 429
217 450
76 492
103 497
139 158
296 70
24 13
36 276
345 56
471 280
218 353
422 18
387 154
358 298
187 377
159 417
367 303
147 228
225 295
306 103
173 216
229 102
230 49
105 118
250 76
281 429
447 468
474 204
354 334
64 332
249 41
197 75
303 468
115 196
299 380
448 421
376 324
374 178
148 106
34 331
260 250
218 316
372 59
246 44
376 226
119 162
89 477
297 168
365 244
124 412
186 164
489 424
454 414
20 215
398 102
204 407
223 11
422 422
318 447
25 168
182 194
23 496
165 271
15 320
85 30
46 491
416 123
37 387
454 370
473 409
316 353
364 177
452 391
338 286
307 270
317 215
212 489
113 192
13 377
259 128
120 450
73 157
45 36
406 110
19 351
204 231
261 336
79 420
59 65
187 418
133 218
59 356
49 345
74 172
301 414
364 333
343 421
309 437
399 240
91 67
151 418
106 148
68 412
329 186
456 479
197 16
225 441
139 257
429 274
188 213
399 82
355 52
341 94
334 16
84 240
10 425
425 235
499 469
7 494
325 328
196 463
256 23
132 421
195 395
461 413
496 235
139 212
306 203
220 332
72 492
269 304
391 435
404 195
189 390
70 411
226 366
241 118
40 482
230 373
287 87
175 43
255 135
190 314
147 413
405 410
66 71
6 26
221 457
199 262
173 262
129 269
388 251
234 370
244 280
219 316
359 383
370 394
209 114
379 60
323 208
131 136
162 389
347 490
252 384
146 398
20 278
29 127
498 260
40 115
431 94
329 259
6 142
108 51
463 215
275 487
475 286
176 406
396 138
374 375
273 1
131 372
0 145
405 160
128 498
444 445
57 411
54 273
324 63
130 162
2 287
426 257
15 329
467 102
329 412
265 193
66 454
100 396
408 418
416 5
303 36
300 212
337 212
127 206
220 13
152 109
366 74
404 78
32 381
145 371
417 361
168 410
158 483
401 120
477 67
455 169
233 280
344 255
313 70
83 471
432 34
108 235
314 298
32 12
236 198
412 177
440 153
488 80
200 98
17 241
262 177
310 473
80 495
65 6
330 394
280 0
235 262
413 388
253 401
452 445
474 489
494 364
444 414
365 334
75 496
25 382
207 337
184 187
194 140
386 249
101 376
138 166
406 188
442 403
348 159
0 394
258 175
89 346
180 54
50 306
41 255
444 427
115 100
240 128
229 161
37 126
144 330
19 27
283 51
62 461
355 483
158 63
409 465
19 100
406 90
197 69
496 299
400 142
270 463
476 140
119 352
182 365
393 263
166 201
14 28
11 229
144 221
186 170
270 53
495 205
126 28
180 193
187 123
438 80
72 309
161 415
280 43
307 344
397 25
53 325
54 264
485 417
87 198
104 24
229 209
89 99
144 356
331 269
349 183
493 269
36 274
317 6
202 317
194 476
302 100
216 248
165 356
407 201
225 104
313 11
462 307
163 254
24 107
290 494
115 225
499 135
142 152
321 317
145 344
296 15
263 447
156 12
66 280
236 63
426 143
450 401
156 388
347 465
311 180
405 490
477 427
431 257
426 471
316 252
267 71
371 464
477 383
15 27
442 395
38 252
153 220
460 341
306 309
341 160
150 118
397 99
356 479
451 180
432 134
205 267
83 51
286 76
455 60
307 154
258 249
469 198
39 411
73 430
90 197
167 266
365 92
71 416
96 73
207 22
141 380
432 265
193 225
137 70
224 1
250 445
143 334
246 220
2 34
231 171
289 444
36 399
315 7
80 107
482 264
144 140
257 123
200 428
499 302
303 338
135 75
410 406
126 130
164 8
31 480
424 247
498 320
327 460
419 166
430 260
252 253
229 74
3 361
163 429
119 354
281 467
373 106
236 191
51 351
183 252
352 82
255 107
419 202
368 434
46 338
92 150
77 298
159 321
102 432
286 175
494 74
180 67
111 367
70 269
373 162
97 253
212 225
428 204
138 131
321 148
299 185
335 413
86 376
308 347
22 41
115 446
13 16
235 295
416 476
491 157
410 290
15 88
292 474
105 295
444 282
467 426
192 95
471 155
2 130
171 131
77 24
392 138
286 442
419 127
284 202
492 262
350 46
372 360
7 494
128 477
255 303
398 448
103 447
78 369
352 105
481 101
240 429
372 225
352 26
228 143
405 488
386 73
285 107
453 110
87 292
96 81
29 342
142 346
216 484
89 72
173 68
350 422
147 413
291 74
217 351
191 372
445 474
81 429
39 230
374 386
319 478
173 322
169 349
333 315
387 237
157 275
49 60
326 7
81 197
400 117
489 298
124 444
225 286
368 57
443 265
243 243
417 263
464 416
83 86
323 297
424 470
383 481
488 474
23 61
30 422
72 275
219 372
158 197
254 445
62 27
122 50
313 157
426 391
478 129
426 9
332 301
134 203
29 215
276 475
397 52
179 306
178 469
166 399
196 189
68 273
323 110
267 42
433 488
117 45
55 411
65 395
98 239
454 199
174 479
31 82
240 423
393 211
462 271
460 411
184 10
472 380
422 359
199 91
137 207
119 316
64 44
283 36
87 14
494 89
171 114
37 25
88 263
34 430
194 402
412 346
78 230
90 236
328 352
60 289
458 465
9 31
67 22
36 144
233 154
120 30
408 256
19 158
440 348
251 406
104 134
365 15
252 183
35 307
448 80
397 447
478 258
280 406
50 45
52 169
51 135
391 172
182 459
308 410
168 123
257 411
278 273
308 474
133 30
462 195
143 434
192 359
117 121
19 473
494 19
154 423
95 45
5 397
308 278
253 165
76 328
453 362
337 206
237 113
309 322
256 51
263 304
425 449
274 380
252 296
219 268
313 258
156 315
445 170
335 316
144 198
60 263
470 98
63 249
72 59
110 372
176 180
481 373
106 454
250 255
375 358
468 470
137 41
211 124
440 82
132 399
14 85
35 192
294 484
395 450
323 218
398 358
83 351
305 232
487 189
399 56
378 215
256 368
344 15
449 319
218 285
222 81
125 233
69 109
59 419
137 317
175 234
86 388
120 258
300 391
299 459
26 51
271 29
396 282
454 116
253 345
278 172
257 475
436 256
27 327
144 495
230 17
405 171
281 168
59 377
336 81
485 211
92 363
497 108
76 489
334 451
476 329
156 465
221 233
412 92
440 100
117 408
79 22
190 22
399 213
294 101
312 88
451 131
240 405
246 300
104 168
498 80
397 80
165 6
99 470
71 430
338 391
413 188
63 270
483 103
204 462
402 129
113 369
126 205
6 205
373 372
304 462
42 371
230 202
24 59
489 329
220 95
136 180
450 485
88 199
13 285
266 144
13 268
473 379
84 139
11 331
293 458
181 168
222 187
247 411
92 246
194 88
268 164
149 330
381 70
207 237
382 246
14 474
353 247
239 488
171 290
248 250
270 465
152 281
193 492
239 251
192 137
302 433
115 312
235 451
41 348
94 442
268 275
22 461
301 122
412 261
364 472
289 12
293 134
479 294
45 338
328 218
3 89
402 130
433 470
318 137
431 474
101 264
225 200
174 476
237 26
351 438
302 453
440 140
434 447
138 419
489 332
421 466
96 492
462 175
312 381
208 280
44 96
148 309
285 122
0 322
112 375
180 351
492 414
361 120
391 426
258 351
317 380
224 180
355 265
147 186
318 20
468 355
16 215
337 116
438 302
29 189
41 402
316 209
182 33
459 29
381 425
306 70
102 50
316 30
69 309
181 463
170 239
454 149
265 186
340 143
333 55
457 221
283 374
259 125
7 465
242 70
492 240
290 48
431 94
404 106
421 352
91 85
235 443
482 46
41 352
408 322
396 226
452 217
195 179
496 211
134 54
294 238
139 126
221 84
43 70
422 477
414 316
260 365
263 1
354 242
416 305
383 114
183 164
343 336
399 378
284 191
430 33
12 78
15 421
491 85
62 58
226 265
482 476
478 486
80 246
403 184
150 349
13 286
122 333
64 209
400 374
407 348
279 182
103 271
356 294
204 446
63 418
247 430
269 46
292 77
261 201
50 195
481 411
96 64
273 456
330 160
361 25
208 89
361 140
286 311
258 217
488 490
272 321
367 235
164 41
243 11
206 425
188 145
209 40
496 284
297 334
360 178
267 10
2 68
379 480
50 288
278 489
311 38
125 50
444 178
190 289
66 39
184 248
288 254
390 246
80 136
314 39
49 292
212 434
266 51
191 444
433 316
206 469
372 244
275 183
472 316
355 317
417 38
144 391
137 58
194 387
278 70
214 361
147 328
231 427
223 265
82 423
244 156
253 140
324 116
284 380
49 148
187 491
383 466
376 183
422 372
294 423
136 201
381 9
288 135
400 112
387 11
167 334
475 484
100 272
152 299
447 237
228 53
372 486
22 463
336 248
23 444
145 130
491 159
294 378
343 279
290 195
29 230
66 310
82 356
7 167
256 87
140 307
145 336
300 364
465 167
464 488
470 488
148 461
340 462
93 442
489 183
265 384
46 371
227 332
351 128
67 235
394 107
443 60
424 39
207 95
435 389
378 23
484 406
220 378
172 176
211 165
49 162
385 477
309 447
428 112
199 12
471 495
407 93
133 266
362 184
73 192
67 297
55 303
33 403
80 127
293 206
368 291
120 194
142 105
217 281
293 70
417 269
214 116
383 325
9 199
243 245
394 434
90 310
214 450
77 123
329 146
289 370
65 49
154 410
43 59
129 224
345 189
305 398
75 59
259 188
433 84
371 2
313 180
130 461
436 379
25 59
282 118
19 166
76 199
258 26
102 472
161 239
137 447
6 466
7 213
149 265
120 440
472 372
185 285
164 454
14 122
92 41
207 148
347 111
489 136
108 457
48 91
38 121
439 37
102 45
162 446
239 104
476 134
419 211
166 162
136 83
476 180
180 228
191 184
172 379
336 181
124 280
253 384
273 163
60 192
139 376
480 222
209 378
89 456
470 128
64 255
287 106
186 40
224 467
346 230
263 396
28 34
270 387
50 281
326 44
420 462
37 465
343 252
208 246
374 284
392 31
137 438
479 179
499 176
406 55
304 197
232 21
408 332
466 354
398 311
273 292
109 170
422 310
408 304
88 483
14 283
73 332
12 3
179 52
460 363
60 437
458 264
448 144
499 219
30 414
58 249
420 155
318 167
323 194
177 226
361 412
244 43
47 435
339 108
323 78
368 299
63 384
380 326
45 12
278 379
481 427
83 189
356 401
95 401
479 32
296 125
168 341
276 40
1 67
498 115
267 324
60 366
192 330
194 441
172 90
17 473
162 5
406 452
353 370
402 354
331 185
26 198
91 351
271 154
121 444
120 269
135 388
71 33
326 179
269 265
90 350
356 139
91 104
475 262
468 297
482 229
280 299
3 360
14 223
19 274
43 487
376 139
172 178
209 447
64 350
201 479
118 155
111 57
319 61
358 438
168 140
291 192
52 300
375 294
68 418
258 394
385 463
493 134
433 410
260 203
182 349
356 461
18 152
65 468
406 190
330 276
468 426
78 473
268 373
143 453
347 188
4 401
387 85
495 497
200 172
22 255
217 234
238 230
198 235
277 304
80 457
383 459
433 400
125 462
267 53
93 269
22 467
52 97
447 410
434 47
302 147
234 456
39 371
459 324
480 237
194 236
196 60
313 430
244 481
34 438
59 11
478 127
77 82
344 30
429 24
23 278
87 84
455 109
434 126
215 414
3 414
327 262
192 51
32 140
430 436
299 418
397 490
424 278
160 474
350 268
46 442
26 374
483 485
111 333
100 417
184 327
89 103
6 11
3 133
421 38
308 433
275 220
350 205
180 199
467 363
157 30
256 366
351 183
368 240
9 463
142 468
423 193
204 83
68 429
319 59
493 489
61 127
333 120
320 412
127 365
247 287
5 284
319 356
96 357
320 187
8 457
151 314
249 431
213 207
267 317
306 384
12 112
232 219
131 197
414 404
192 110
246 13
369 197
406 65
105 317
275 78
392 113
396 278
337 141
310 461
346 456
68 116
336 210
259 153
57 319
282 173
38 101
151 28
446 408
225 57
136 51
16 352
130 380
374 264
78 468
424 184
153 276
486 345
350 341
160 97
122 407
361 294
323 160
68 12
421 121
24 146
350 409
290 392
156 481
301 16
200 86
362 77
422 353
194 200
297 124
32 207
353 419
80 245
257 176
149 0
498 30
440 173
65 349
182 82
98 74
160 335
412 150
356 375
75 187
311 402
109 225
496 195
440 315
491 428
281 49
80 493
166 279
480 372
454 232
158 14
349 404
54 170
45 262
449 410
313 473
50 112
308 274
89 46
475 248
298 433
426 256
387 230
102 444
28 220
234 408
312 186
357 84
198 366
129 254
79 499
111 294
420 129
176 419
20 362
295 3
111 318
48 73
369 498
218 2
410 398
436 305
389 222
440 293
400 439
438 421
215 479
461 49
469 488
350 137
492 489
159 497
70 103
453 59
61 439
189 24
329 323
397 126
271 70
9 189
111 171
3 447
496 178
18 464
453 317
158 368
365 445
48 169
228 287
79 353
377 141
464 268
394 206
128 213
403 166
189 137
436 366
396 192
8 433
102 415
283 461
258 113
282 149
288 158
12 11
4 367
136 389
96 321
34 30
48 224
214 289
155 90
134 150
435 404
319 143
456 390
3 454
455 215
373 285
148 244
111 237
127 153
474 247
130 75
151 8
150 30
120 365
368 305
209 255
398 303
193 380
335 206
273 48
334 290
34 147
236 482
135 146
245 363
438 461
470 227
258 442
159 120
277 230
485 27
183 339
219 235
442 228
277 406
197 67
214 111
445 83
81 451
166 81
42 327
406 457
399 364
336 16
247 58
438 466
305 232
320 121
201 376
283 114
181 478
441 332
415 248
51 387
320 497
176 217
26 214
79 82
99 425
336 267
233 346
430 274
247 390
119 102
216 448
279 402
86 250
498 220
107 1
350 401
118 279
494 26
461 145
422 73
192 60
258 258
384 278
168 40
143 483
284 287
41 359
461 63
135 127
481 459
360 95
374 331
210 331
328 368
293 171
83 250
361 486
264 341
381 97
433 284
424 24
236 217
132 465
445 197
9 267
362 278
461 221
52 237
457 171
194 232
335 251
89 277
118 48
145 205
489 352
228 430
147 413
231 464
14 131
251 176
454 23
96 113
202 415
439 1
233 12
263 133
411 68
116 352
57 381
233 114
44 398
312 462
278 44
175 43
71 144
167 278
244 377
144 116
117 298
310 83
69 350
271 73
277 332
213 387
353 186
437 299
113 398
294 249
144 391
36 321
100 215
92 55
23 344
142 236
172 140
343 453
378 241
73 114
1 8
194 138
289 355
105 131
232 402
146 399
220 228
443 34
441 320
16 387
476 465
457 159
464 0
93 300
414 342
202 18
156 268
475 249
232 446
200 432
331 465
193 198
232 403
76 489
228 26
343 92
103 204
204 300
101 419
262 297
315 367
487 316
65 324
122 314
246 298
263 174
373 429
333 308
149 105
483 261
205 378
434 326
127 161
80 139
288 80
299 342
159 456
132 287
101 76
374 254
428 348
129 489
150 153
111 314
75 299
177 94
421 281
442 112
103 400
332 22
217 243
51 131
418 228
304 183
289 372
72 31
20 70
223 201
16 170
470 334
281 443
224 499
111 202
454 18
393 66
310 286
417 462
42 361
397 188
412 198
229 186
256 484
185 250
272 332
18 53
497 94
94 299
353 73
444 57
476 307
445 337
151 286
499 215
255 193
391 248
435 167
151 473
223 43
227 188
242 347
442 246
45 91
164 388
445 399
58 108
297 421
59 356
71 448
493 411
159 326
493 385
358 446
342 496
184 433
132 69
315 278
221 74
462 213
464 386
346 260
33 22
378 496
444 445
356 301
127 438
175 367
314 472
320 385
170 8
77 357
487 302
229 245
458 209
447 43
303 422
296 293
289 189
134 27
328 86
376 490
209 308
132 403
288 375
383 453
310 458
112 461
206 297
6 341
385 16
438 453
99 40
81 86
113 240
178 215
57 442
102 54
457 267
142 234
39 97
407 378
339 349
499 20
213 397
413 357
163 98
491 203
289 262
354 72
140 403
197 33
439 197
316 151
385 249
346 311
189 425
126 254
126 28
277 125
335 339
290 190
245 498
112 281
205 386
289 466
351 345
395 338
489 291
392 211
22 227
4 238
344 63
443 130
108 470
310 220
262 443
441 452
233 7
394 405
371 290
488 35
226 75
218 383
446 67
146 110
348 321
384 150
133 45
367 328
48 93
36 29
481 311
170 329
234 66
357 416
304 457
32 345
80 30
449 250
360 26
347 96
98 61
458 232
60 231
324 325
355 460
123 212
41 188
255 146
62 127
437 464
309 218
100 469
72 389
267 50
498 284
197 115
199 96
328 155
333 111
71 4
217 40
228 47
193 110
90 335
299 255
326 27
496 460
201 426
476 420
205 469
436 474
423 402
410 135
246 251
255 243
135 317
364 324
435 363
199 409
17 25
52 350
311 343
269 400
173 12
481 98
424 378
132 269
404 347
98 394
489 150
320 206
382 124
340 36
446 169
46 39
241 463
306 450
351 52
417 427
25 376
254 250
20 450
297 238
133 424
75 248
306 474
99 247
283 40
210 439
330 229
44 256
207 71
124 202
130 410
286 41
291 155
457 392
482 311
88 107
207 467
442 163
410 13
405 41
332 45
275 115
224 162
233 171
374 431
193 209
102 4
11 331
75 246
409 469
76 57
25 349
12 283
148 319
212 274
172 53
21 44
206 299
470 245
28 291
353 344
348 73
404 307
405 360
181 331
388 167
16 109
244 265
436 381
7 244
297 148
192 179
478 170
267 250
42 449
293 295
220 247
406 494
206 476
307 312
331 387
496 48
165 347
228 240
484 102
250 88
267 133
156 443
45 98
47 423
71 439
186 192
186 291
120 445
257 392
131 427
475 88
287 479
219 493
95 368
456 55
41 345
140 223
321 49
324 186
477 220
413 395
39 164
109 451
196 11
438 218
158 327
307 266
259 445
313 378
286 354
51 269
345 179
80 44
82 18
91 404
152 59
75 356
159 43
54 36
106 355
35 344
110 264
210 194
72 221
427 375
497 210
241 331
375 342
212 321
78 309
368 155
11 230
125 296
332 171
26 179
23 439
55 413
107 486
59 265
493 32
94 487
318 490
184 336
9 193
354 248
404 87
169 222
370 415
438 294
325 203
494 465
230 349
187 49
167 338
222 246
85 12
2 316
4 403
448 38
286 14
453 302
377 190
458 123
269 247
302 396
213 95
296 148
50 444
134 335
81 217
229 356
172 167
422 83
121 177
43 371
25 259
302 496
471 402
2 260
8 241
188 304
453 222
18 336
171 3
72 152
8 104
271 153
88 32
61 46
417 209
320 104
453 442
197 122
382 424
17 199
355 391
465 205
393 308
163 483
487 64
169 87
240 347
379 292
338 328
389 293
397 107
402 210
184 350
127 99
150 419
162 144
202 5
166 127
462 95
12 181
269 449
296 181
473 361
42 27
320 164
271 283
345 70
272 25
476 30
449 399
396 126
484 111
90 450
45 150
331 52
353 409
90 452
314 1
380 416
80 356
491 201
123 203
81 337
367 395
295 57
36 168
279 191
141 20
170 221
273 38
448 353
306 478
479 390
306 120
328 359
412 238
294 319
8 35
283 375
284 227
395 78
121 320
340 26
247 114
4 362
216 372
350 304
195 22
494 181
41 353
444 322
493 305
193 90
317 354
81 476
54 101
422 477
3 27
141 114
477 103
475 497
302 193
67 326
7 349
202 61
235 400
206 498
88 80
434 399
227 405
359 16
345 133
160 281
247 348
303 153
150 76
269 279
457 304
153 188
249 316
217 208
206 484
417 275
26 295
52 351
219 253
386 411
44 64
265 398
51 292
368 68
347 53
358 490
178 156
473 363
71 280
116 42
169 278
425 33
237 195
300 477
389 456
21 38
436 285
77 286
206 339
244 298
140 406
62 454
318 318
450 387
429 389
19 67
100 98
145 444
274 189
146 445
483 15
300 167
305 271
110 230
380 11
269 355
309 20
190 332
71 479
369 141
60 1
451 240
37 12
202 97
394 163
178 348
367 230
1 330
60 172
35 464
319 440
460 305
489 480
460 3
144 60
413 181
273 204
216 365
314 310
325 418
118 208
438 3
334 485
157 440
404 246
187 45
202 75
407 499
2 43
455 219
400 498
54 369
86 26
188 123
41 400
108 14
17 160
145 47
339 203
450 155
52 95
170 489
340 106
149 429
149 195
45 104
325 49
75 100
223 411
311 116
130 116
128 420
319 147
203 126
133 10
105 5
346 185
143 127
56 38
85 292
248 205
107 131
83 74
337 34
150 158
274 149
421 280
280 255
381 240
250 483
340 14
51 207
334 186
76 194
338 390
96 162
145 438
12 203
237 228
386 350
351 388
20 12
267 272
364 300
135 148
14 466
173 475
13 65
111 359
249 90
252 449
388 197
252 397
477 252
454 342
82 215
227 157
429 102
403 347
495 145
463 38
366 362
427 136
347 379
321 391
340 449
146 73
322 80
185 399
93 151
366 139
297 175
277 94
441 78
76 180
71 288
2 39
28 437
168 430
173 375
324 490
415 13
446 323
222 90
241 131
122 167
342 460
406 271
202 119
152 199
487 278
317 75
12 490
272 197
73 32
22 297
162 249
72 290
380 108
91 146
313 473
433 66
337 155
275 339
38 391
21 279
354 378
220 339
388 218
250 344
141 461
211 125
415 303
264 135
282 147
120 355
273 95
251 406
245 463
354 378
9 136
366 376
67 363
81 86
282 455
269 183
308 275
78 332
467 75
74 194
50 249
197 195
101 175
138 300
30 198
186 493
221 39
402 52
490 288
95 335
18 272
47 364
196 179
106 478
172 16
265 181
228 74
250 462
114 181
379 388
233 144
183 418
470 454
94 85
272 461
85 190
406 143
174 485
463 455
471 280
313 487
414 88
403 41
74 164
404 17
162 306
224 138
444 345
283 194
7 39
81 407
50 93
78 339
294 224
357 393
380 265
206 22
64 294
310 109
126 490
296 215
205 140
338 20
215 1
392 473
380 74
167 473
313 431
7 97
490 459
77 216
239 223
369 283
392 155
145 180
247 370
11 442
314 304
305 349
322 381
456 198
23 54
337 123
221 188
148 345
413 63
286 77
360 152
307 156
188 104
474 305
99 287
91 337
186 413
295 248
446 360
415 251
374 322
362 252
449 447
11 362
439 363
367 149
305 151
255 27
332 345
132 82
419 283
196 223
472 458
318 491
94 270
92 85
190 321
268 307
169 491
206 131
281 109
260 74
453 438
284 368
450 137
420 416
140 369
327 116
460 464
234 498
83 54
375 179
486 125
117 496
479 7
116 323
249 260
199 229
97 202
339 335
251 47
416 259
228 243
207 96
94 188
94 294
473 177
155 322
318 311
318 272
447 149
410 287
16 197
251 461
296 465
12 443
54 47
291 280
376 282
322 350
144 470
0 269
91 469
132 155
279 261
410 451
90 226
275 172
133 458
423 27
322 281
329 435
215 376
11 472
322 92
414 333
454 319
288 414
69 45
158 421
224 200
427 421
93 314
272 202
81 227
360 47
482 403
280 189
13 49
493 143
476 188
7 408
174 283
328 295
68 96
296 339
260 292
458 223
278 353
432 82
129 359
115 293
334 463
365 247
390 200
388 358
118 218
1 247
394 293
241 182
21 463
107 37
113 133
338 418
352 391
102 271
416 482
297 69
316 102
302 14
225 206
277 42
289 343
488 278
460 36
499 229
119 333
466 458
376 232
475 305
428 229
63 429
499 196
150 212
227 315
374 305
347 452
147 151
281 489
25 136
217 94
427 376
334 188
420 246
403 63
144 247
177 183
231 207
271 176
343 381
186 498
302 217
220 386
375 450
438 2
96 252
128 155
344 375
473 314
377 116
364 376
411 21
80 393
69 142
24 352
350 264
482 210
448 5
455 54
56 323
75 393
400 4
380 55
370 96
65 353
82 247
121 281
174 493
136 201
53 95
359 12
74 256
261 193
248 23
198 68
313 304
161 274
181 65
162 41
246 51
151 79
360 328
174 272
325 386
481 162
174 379
487 192
238 100
123 100
20 486
142 322
448 333
398 303
196 129
181 412
491 443
271 332
456 203
89 297
459 281
12 422
467 485
86 351
451 205
191 209
383 323
156 333
489 331
461 55
467 185
128 494
178 311
14 252
49 134
267 104
378 361
346 280
483 345
50 284
494 287
110 93
427 229
61 267
174 268
453 374
368 493
304 434
186 46
32 171
127 87
300 151
283 5
203 147
283 267
54 253
347 277
7 164
283 126
394 420
294 309
303 199
133 162
60 459
482 171
111 444
95 109
467 411
410 379
498 170
423 194
323 52
68 122
248 182
102 204
13 494
46 396
410 168
480 179
351 322
118 462
424 462
225 214
445 391
413 136
330 443
495 336
311 153
336 415
119 411
258 290
39 485
5 304
483 449
124 485
300 186
0 242
308 224
467 226
214 253
196 380
68 396
49 43
311 379
143 237
380 282
267 401
205 419
220 125
110 188
227 344
439 262
338 79
157 247
353 305
37 371
267 49
445 458
337 169
258 256
390 480
233 138
57 10
135 438
479 278
474 97
360 206
137 413
13 50
356 295
166 366
267 245
203 286
455 212
320 393
225 65
204 63
73 459
397 113
391 208
157 376
434 218
483 17
68 72
367 496
214 276
373 385
23 482
46 77
470 478
396 219
282 195
6 100
213 355
415 404
132 457
175 72
442 67
491 10
7 10
138 210
95 221
55 11
440 471
301 102
321 410
458 197
297 103
310 316
220 363
320 225
149 205
124 347
357 91
101 115
325 216
290 91
455 272
243 345
299 395
158 45
94 472
427 468
284 392
107 237
314 357
62 427
126 464
55 186
153 335
404 9
452 478
102 194
391 407
303 198
95 43
15 313
281 189
81 443
32 65
274 40
467 199
163 188
374 445
281 70
431 27
357 185
231 384
143 312
10 474
17 446
259 105
294 33
328 392
310 228
268 212
411 84
273 88
385 426
349 499
379 18
55 280
16 236
48 286
261 160
106 410
15 130
163 218
462 162
242 343
408 272
357 362
302 319
98 482
481 188
206 447
227 360
449 262
400 244
404 497
260 13
144 362
432 127
289 159
3 395
167 383
246 263
82 376
358 48
88 180
479 192
52 295
409 207
303 1
351 309
323 59
273 463
90 319
478 206
453 380
115 333
96 472
349 361
262 31
63 59
251 350
497 43
102 156
9 406
68 405
316 360
323 243
62 89
147 266
146 40
226 100
73 261
475 322
205 274
333 89
439 269
312 437
93 437
195 414
171 102
315 115
358 487
428 490
256 272
165 76
176 254
368 391
65 101
375 195
284 271
40 61
350 223
12 204
470 443
397 60
175 141
480 64
407 386
158 260
336 163
270 323
214 365
466 490
185 280
403 194
255 469
44 443
499 105
400 409
469 469
462 149
214 496
382 294
54 121
136 41
216 391
256 258
248 431
63 74
268 433
254 318
113 375
332 151
60 112
433 84
234 381
377 395
189 300
273 112
5 95
486 261
20 221
4 94
21 268
54 419
237 141
17 160
311 350
314 201
286 223
104 247
142 372
172 334
298 183
279 445
206 303
376 117
64 78
347 381
152 437
78 253
413 242
444 447
149 77
300 259
358 287
159 405
91 1
36 331
128 389
44 167
137 186
265 420
153 53
490 112
217 306
48 68
368 482
59 492
103 17
304 360
265 462
315 463
146 208
97 351
371 126
312 141
61 360
413 77
41 67
373 255
175 258
241 421
265 43
60 300
12 369
331 216
31 129
337 498
349 177
303 434
427 72
432 468
45 341
408 197
452 87
197 281
54 128
171 290
443 171
40 84
300 455
85 223
221 332
361 422
209 423
347 17
485 136
477 132
329 30
469 385
18 134
262 167
309 72
244 285
369 252
208 136
212 22
206 293
215 285
60 67
436 424
413 408
40 421
304 390
128 221
355 125
292 146
71 469
255 102
206 167
303 124
498 414
207 367
5 204
272 275
51 65
325 60
482 316
207 217
291 138
263 335
333 146
116 408
362 404
71 223
199 68
483 227
446 198
402 42
169 451
369 26
87 73
389 194
264 421
59 96
283 55
53 322
230 469
373 169
392 92
13 297
24 92
290 496
390 470
274 44
71 60
133 143
189 158
431 22
471 305
360 490
164 106
427 266
435 247
191 301
98 180
124 204
200 474
296 266
310 91
3 70
65 233
243 136
10 107
412 174
164 333
292 125
391 181
428 219
20 178
358 119
324 470
296 334
100 376
467 93
15 263
496 470
458 433
40 92
266 469
154 304
281 283
464 446
166 172
351 392
363 38
9 61
248 187
64 157
102 200
463 383
206 470
403 312
404 164
485 295
451 170
305 140
438 233
405 121
365 104
143 108
22 229
268 4
161 122
322 332
68 116
86 286
98 274
290 341
136 2
24 128
120 439
172 182
303 58
15 78
38 169
250 158
14 412
34 18
203 27
143 357
143 271
397 81
422 93
447 39
19 410
350 323
5 139
50 22
452 161
330 65
223 343
255 432
450 237
116 142
499 153
276 260
341 494
439 25
65 116
26 386
61 84
76 228
103 419
80 126
191 407
250 262
194 266
355 358
0 144
150 471
83 351
197 278
304 425
393 136
374 221
157 271
0 287
206 85
211 103
362 286
48 254
20 113
323 242
239 375
199 175
26 241
19 282
207 75
63 175
396 452
224 437
76 406
491 224
179 283
69 55
309 41
6 470
212 330
57 329
356 303
44 256
39 382
309 416
91 98
51 372
161 340
246 275
351 238
21 89
144 382
275 90
60 306
136 134
315 125
280 45
302 172
406 177
93 193
291 216
88 184
376 194
321 102
340 474
64 24
258 213
155 60
366 34
168 68
45 354
400 483
7 325
2 54
99 414
130 447
484 390
437 70
172 360
335 110
135 364
77 251
163 393
279 85
153 30
236 299
135 198
375 488
42 142
56 378
325 141
384 38
109 309
22 173
283 133
350 357
460 270
16 279
364 123
5 295
447 17
67 242
230 434
76 443
173 125
118 485
23 350
12 2
27 484
470 34
243 311
433 172
451 203
178 449
97 316
185 184
278 396
330 253
48 8
485 406
243 221
71 104
106 119
455 83
469 486
297 425
97 212
267 82
32 401
217 446
482 481
377 254
359 260
268 207
113 407
480 106
210 357
328 52
487 168
154 283
61 309
21 303
386 158
411 289
87 418
399 128
235 69
329 276
483 94
2 449
55 448
157 482
386 117
286 485
269 226
35 440
244 330
340 408
49 130
400 252
232 136
57 299
427 319
414 238
40 262
210 416
250 95
65 220
205 489
215 351
291 326
8 102
10 387
17 201
305 412
400 417
68 37
357 458
48 495
257 123
391 88
36 320
40 141
130 101
452 97
276 197
151 95
483 284
485 14
426 0
270 290
180 326
136 338
186 389
12 185
273 295
467 403
396 309
262 359
457 379
428 214
310 85
369 80
94 145
497 207
349 20
198 267
458 381
270 335
20 496
291 134
389 145
307 111
470 286
17 69
136 279
364 445
377 446
443 86
293 471
343 440
208 142
376 42
229 18
14 146
133 101
246 157
268 22
160 405
475 91
370 29
475 111
409 87
173 204
176 352
292 318
312 371
265 352
370 188
335 494
447 236
394 320
342 46
451 162
253 355
384 278
241 476
63 211
268 150
354 236
54 444
167 499
351 366
55 433
279 74
310 242
414 79
125 204
219 256
463 428
207 324
300 200
263 448
451 363
451 31
327 157
156 357
76 495
280 360
286 131
225 411
490 448
153 139
247 115
396 224
48 63
115 103
403 201
416 378
262 206
216 368
225 89
436 224
84 301
284 216
128 222
171 361
352 470
86 176
252 452
15 334
289 300
353 130
360 192
251 270
138 122
64 467
43 215
17 0
69 128
202 153
15 49
19 373
401 219
171 457
291 153
306 186
168 80
125 159
429 29
151 228
47 67
283 215
68 90
218 152
305 137
186 273
498 172
392 57
15 400
53 415
102 306
239 211
371 270
151 364
92 300
220 155
370 139
229 355
7 290
427 300
425 164
189 465
23 423
323 433
348 390
48 229
440 302
73 287
3 311
464 76
231 447
86 184
391 454
244 168
320 250
414 24
489 245
168 455
240 364
106 344
73 89
391 155
442 365
29 316
393 298
245 493
29 476
430 332
352 272
22 175
199 172
269 288
244 40
257 437
281 484
425 363
18 206
72 169
485 313
111 101
446 230
207 208
392 327
99 489
164 244
268 473
261 215
108 37
475 5
342 365
80 108
315 119
288 451
116 239
192 274
356 79
287 138
317 415
405 180
424 268
241 421
489 45
82 2
360 97
314 409
18 54
173 394
197 185
424 462
88 313
392 468
458 296
212 180
360 275
395 469
390 136
181 136
138 231
328 116
25 350
404 494
241 395
432 430
244 438
252 208
176 332
480 496
28 134
261 192
13 388
377 156
292 404
135 410
26 283
133 316
310 404
151 390
320 403
342 84
292 64
248 446
442 469
455 228
273 323
211 217
373 286
42 440
351 166
449 30
198 229
485 434
176 360
264 137
221 496
412 106
404 365
334 12
93 198
21 290
359 366
4 85
25 232
250 47
429 228
310 51
486 127
487 295
432 14
363 103
61 5
371 275
140 465
16 57
199 233
451 37
474 58
291 455
354 352
80 393
445 283
262 242
38 283
297 102
205 322
328 160
288 267
232 199
256 428
161 100
138 456
366 112
419 112
316 9
403 274
409 397
491 348
131 172
126 29
204 428
441 331
98 32
83 229
157 183
283 191
499 170
134 273
238 366
375 53
179 54
303 278
478 89
113 295
176 109
390 239
422 380
412 331
412 21
56 347
39 421
91 191
465 390
256 77
482 55
109 484
114 162
103 265
60 445
406 216
307 236
469 296
479 229
102 233
81 391
164 158
202 472
362 255
184 167
74 471
307 167
181 35
300 273
218 284
352 212
301 125
273 159
240 270
3 253
496 343
353 84
408 161
268 55
74 123
94 453
472 148
184 253
26 153
289 336
49 245
222 141
152 350
472 495
100 392
235 475
412 449
110 441
496 320
443 230
35 71
71 389
494 359
12 107
444 21
118 301
294 345
47 192
187 446
191 19
346 288
237 278
219 258
431 199
281 68
139 226
468 317
176 62
170 462
335 41
194 466
163 453
497 341
287 210
81 185
325 330
109 427
186 414
465 180
248 117
195 246
415 239
302 163
126 444
337 324
290 461
267 31
372 453
15 264
301 12
194 96
23 126
392 303
336 61
30 357
456 84
324 226
389 223
19 126
450 367
181 356
240 92
397 448
64 464
328 412
360 366
344 23
178 235
297 237
446 14
99 327
405 402
478 275
253 147
366 497
354 55
147 47
347 94
58 396
160 412
130 239
262 20
255 474
211 440
307 404
84 10
264 258
33 489
488 242
240 138
193 355
402 446
392 192
88 250
14 302
41 248
268 144
118 303
96 375
280 182
192 403
161 364
205 308
51 46
184 194
401 143
89 229
421 303
405 481
283 9
109 271
415 325
480 229
104 386
68 76
331 236
100 112
420 344
390 158
204 323
466 426
155 105
260 55
388 428
289 166
437 172
349 398
127 205
91 329
406 84
320 11
475 89
434 273
431 247
71 176
103 135
240 37
445 110
391 0
18 333
357 180
79 308
365 206
388 58
142 308
319 146
235 315
88 146
393 169
346 19
6 316
354 449
411 98
450 151
336 302
335 469
129 194
252 266
324 494
302 140
286 319
134 473
471 22
191 74
445 364
33 37
338 451
401 239
390 102
256 351
172 226
272 91
357 301
147 25
17 34
205 301
126 304
178 191
265 97
314 369
259 210
13 347
86 449
403 414
117 476
54 160
103 290
443 327
204 313
347 91
244 221
377 404
95 371
468 55
277 212
274 282
481 388
337 287
53 67
395 241
253 170
312 302
481 356
169 256
199 185
258 16
272 443
166 136
191 367
431 135
269 320
208 205
492 251
170 46
139 397
420 418
220 392
248 232
340 201
238 418
286 391
187 496
484 59
278 353
488 176
496 210
415 110
213 57
103 260
157 383
301 94
486 429
162 373
74 86
4 354
246 164
161 143
54 285
138 145
173 332
394 479
89 22
79 162
422 154
37 34
128 431
361 191
64 114
52 375
81 491
155 57
52 179
464 168
166 106
438 103
434 339
213 185
347 23
29 292
178 269
52 66
109 306
272 413
140 26
17 325
234 222
401 24
45 286
392 366
321 211
402 182
367 255
130 116
260 214
335 159
77 439
97 388
153 187
213 370
47 294
16 82
106 133
419 417
135 151
362 163
345 456
211 265
233 65
131 341
352 493
432 319
59 430
117 382
252 212
358 330
264 151
284 374
144 370
374 55
218 279
236 88
205 415
332 299
493 438
284 316
135 345
275 68
450 194
406 392
74 54
205 117
491 338
61 341
396 487
267 287
375 466
234 355
6 433
371 66
382 499
345 7
76 369
63 472
217 26
81 322
439 291
482 138
480 282
270 395
182 228
195 389
96 409
342 429
347 102
454 66
73 82
451 151
123 149
28 367
41 340
484 109
247 480
114 466
213 227
308 384
125 247
156 3
284 221
176 351
269 483
65 130
133 342
344 369
236 256
449 372
333 129
461 433
251 432
12 75
312 464
63 320
323 437
11 219
422 459
442 187
169 191
386 360
229 302
410 82
306 317
446 359
144 139
71 407
334 395
211 83
403 146
84 274
346 78
37 447
134 120
312 332
192 155
309 50
132 421
90 71
283 438
429 388
147 427
175 0
436 481
128 238
13 339
270 64
11 211
331 307
491 497
4 495
45 183
456 165
236 29
319 46
286 19
299 248
249 433
267 474
64 185
376 395
311 429
140 498
306 174
23 324
171 149
333 27
192 69
98 289
188 280
152 418
166 474
260 451
277 267
304 27
274 341
271 181
179 85
111 263
87 337
487 134
161 259
328 172
313 205
485 278
196 1
328 137
440 215
482 88
467 217
411 287
320 241
178 182
445 351
41 289
423 385
496 380
52 436
141 176
454 365
219 478
468 3
70 47
487 408
478 404
43 306
47 389
423 215
67 77
218 220
457 460
340 493
429 453
129 244
461 422
252 436
291 32
431 220
481 213
117 418
76 459
200 161
376 475
52 123
343 295
255 122
115 301
106 447
43 44
318 88
376 357
389 71
143 167
380 321
91 124
83 497
10 168
143 283
258 239
34 48
170 454
107 142
89 138
182 213
301 485
342 353
424 177
196 231
404 419
44 428
426 348
16 479
115 288
27 11
411 373
327 62
56 434
72 434
0 497
482 106
459 301
331 176
260 235
155 379
308 164
12 51
30 86
374 380
244 145
19 402
316 155
89 198
485 224
221 13
120 485
138 204
232 79
167 321
201 492
9 322
373 9
95 373
254 255
401 469
223 498
5 272
470 391
115 447
460 455
292 337
393 80
160 431
252 477
470 179
1 453
314 479
352 226
481 409
231 458
456 382
6 454
198 314
261 477
284 165
2 221
302 77
360 247
225 314
493 112
418 47
378 346
72 84
494 82
41 405
140 225
31 349
163 146
475 81
247 424
498 260
189 101
201 300
466 49
13 278
325 459
157 283
368 203
285 81
486 214
439 178
28 478
125 322
256 191
468 100
212 3
456 466
118 401
450 157
435 84
395 316
99 260
315 404
485 467
181 453
131 323
302 472
147 159
203 427
379 255
258 171
489 92
345 214
372 107
43 148
464 159
420 438
194 415
235 87
40 179
2 416
241 172
331 304
83 240
495 34
57 315
259 105
171 46
5 104
104 395
55 48
338 68
484 327
414 32
63 219
487 307
479 66
222 80
172 162
49 158
473 167
124 106
5 232
188 296
191 362
263 293
213 98
425 101
486 197
268 192
499 401
467 108
40 478
492 42
200 213
232 41
0 25
109 357
5 357
219 297
442 48
499 482
436 156
205 424
468 274
175 326
434 467
297 495
37 474
39 290
183 89
114 272
481 183
40 223
372 338
386 112
94 315
471 385
162 382
156 176
354 482
302 332
179 288
115 99
241 216
305 154
278 277
460 271
494 259
449 353
465 366
181 188
73 411
294 4
33 87
70 450
134 387
176 372
323 313
381 143
149 417
194 186
309 428
39 6
211 303
22 489
177 176
88 55
60 102
42 382
184 445
332 112
336 319
484 360
3 11
280 366
404 153
433 474
333 214
369 324
313 44
73 391
299 342
297 13
247 359
156 339
303 431
102 488
349 491
2 87
305 204
209 283
109 209
275 494
319 442
339 145
388 132
327 264
277 187
398 124
463 24
307 54
43 118
109 410
349 244
300 111
246 154
215 362
356 208
2 491
136 175
160 341
105 376
64 487
463 234
258 314
369 278
396 66
328 264
360 5
468 177
183 160
374 67
275 398
241 231
258 277
471 377
254 418
257 428
163 170
484 220
350 273
191 205
469 246
103 19
48 181
194 424
491 83
482 68
299 118
247 75
453 410
328 218
499 59
81 438
10 162
287 65
123 361
459 479
498 92
274 63
487 399
482 468
388 330
300 316
392 40
450 47
266 197
108 278
68 265
279 189
106 79
440 66
397 229
174 251
314 396
147 300
120 153
335 129
446 8
48 135
183 190
387 498
129 301
418 495
36 197
128 49
115 494
224 420
172 13
261 250
50 486
492 408
389 170
30 327
315 187
377 431
429 498
151 116
463 410
460 69
118 499
346 88
361 85
450 70
172 33
371 211
471 74
96 215
43 213
400 126
57 210
60 278
246 339
249 211
132 210
61 61
2 250
187 407
329 363
248 138
201 1
75 119
335 25
238 171
150 230
440 138
268 59
398 0
63 15
77 0
61 195
297 138
398 415
278 484
122 227
81 26
498 324
201 156
180 185
415 439
429 182
241 207
59 198
65 140
140 122
169 494
484 53
469 466
450 382
110 99
478 425
101 191
199 328
13 302
241 231
413 280
339 170
220 155
147 398
372 137
131 139
44 41
359 116
350 365
465 309
234 460
3 295
123 335
489 55
286 488
268 230
253 52
59 459
357 325
463 206
197 81
474 446
414 241
107 333
494 265
77 424
71 81
268 433
340 46
386 258
340 126
30 6
465 93
271 441
147 322
255 234
32 196
290 229
414 299
64 397
173 408
341 493
278 96
142 110
368 118
97 28
34 208
154 127
69 499
173 425
11 68
117 428
9 43
342 407
156 423
183 258
104 181
277 25
487 382
353 271
151 355
415 450
429 185
36 69
346 350
271 61
341 357
253 388
147 202
477 95
206 303
484 160
37 162
44 261
32 24
231 249
199 35
220 499
420 481
331 108
21 267
124 102
342 214
416 377
325 489
144 393
405 383
45 128
241 295
171 441
191 125
160 403
254 242
223 232
192 174
441 55
9 213
427 418
147 204
45 195
88 324
207 190
170 346
141 104
46 412
389 312
67 89
331 50
134 321
496 407
314 327
392 289
59 323
379 172
367 207
383 277
467 308
154 91
47 489
401 295
459 445
34 143
45 27
200 218
125 179
6 48
338 439
114 251
423 397
456 346
123 290
98 340
283 442
431 104
251 182
128 185
328 211
238 14
84 373
52 290
339 209
0 411
162 177
426 467
313 437
227 235
75 436
230 178
134 210
392 161
346 386
97 372
387 174
47 187
477 471
33 452
363 316
345 33
0 377
314 124
359 165
453 393
423 286
496 183
345 58
444 240
113 191
218 393
432 0
323 265
69 409
78 356
242 284
161 275
399 242
260 327
221 110
396 213
397 496
54 244
337 94
285 350
243 450
302 355
473 175
437 477
334 42
327 367
142 76
170 340
168 394
356 282
496 241
237 105
201 245
339 292
142 38
340 476
332 238
413 494
472 305
347 202
69 158
86 26
367 212
458 108
391 387
128 314
419 387
132 365
9 121
11 323
299 4
242 352
198 131
436 7
210 22
180 136
162 279
343 266
375 381
268 301
468 118
5 396
114 387
360 489
312 123
479 372
76 463
95 221
229 126
149 383
371 291
70 329
448 386
267 414
67 175
293 36
284 35
275 150
491 250
374 135
359 155
118 205
427 287
414 213
449 8
299 63
244 320
58 369
135 44
219 326
214 203
238 364
14 350
101 13
1 5
160 327
32 212
0 131
344 311
319 266
181 145
318 470
192 277
322 376
202 327
382 41
406 268
119 473
486 272
130 220
47 339
52 142
273 431
243 404
170 470
115 414
385 203
480 433
162 77
256 302
196 364
485 491
464 102
226 104
176 302
142 356
351 75
6 46
302 124
446 249
164 472
27 62
347 401
330 7
162 9
226 438
429 358
312 63
167 393
48 38
247 195
270 42
440 98
74 276
378 242
66 21
435 394
295 93
100 134
496 125
63 114
472 222
137 345
90 284
323 156
351 138
180 422
20 121
249 120
214 446
467 479
373 280
373 254
389 20
497 326
440 385
459 61
258 413
49 96
252 348
339 224
146 455
76 19
492 18
465 177
157 58
339 284
391 382
403 212
38 280
17 400
313 331
96 328
276 423
272 145
370 28
335 111
482 368
387 263
440 326
385 204
340 449
184 224
288 83
363 87
339 327
10 232
60 5
428 106
251 336
216 52
163 473
342 51
314 498
176 81
137 107
408 61
137 329
413 92
31 426
105 128
361 371
228 115
221 273
462 8
61 472
298 178
82 76
74 140
73 396
355 251
164 62
391 264
356 302
80 156
285 388
111 185
300 498
271 191
199 21
345 85
264 112
189 143
135 198
94 115
218 60
122 302
66 383
37 14
170 422
162 117
302 307
305 125
316 102
475 429
366 16
128 172
168 130
328 169
285 303
216 275
77 3
238 338
204 495
417 275
244 227
34 432
57 398
352 192
473 374
242 327
352 339
322 222
392 20
175 2
129 177
32 391
82 206
201 123
250 286
365 471
255 495
393 252
444 312
38 246
425 269
460 280
3 277
149 282
285 395
424 325
68 414
473 308
431 150
289 26
349 34
29 154
406 104
269 274
372 202
471 307
440 150
279 432
66 443
190 429
106 203
470 466
126 174
177 443
321 58
92 466
472 23
479 473
99 231
433 248
408 472
474 257
189 348
143 253
34 107
311 185
151 140
167 281
76 277
187 196
162 249
272 131
456 486
217 252
352 56
28 151
408 112
460 354
107 449
408 455
140 142
134 219
352 143
273 301
497 428
30 312
444 11
498 302
406 400
308 67
70 111
223 188
42 330
279 184
491 150
144 40
259 484
127 278
80 464
244 252
65 429
441 274
429 361
113 291
358 335
446 422
110 281
111 170
206 153
155 243
283 197
181 299
77 42
358 161
413 9
439 103
377 330
191 232
23 306
142 157
79 233
14 440
462 41
46 126
221 168
218 201
352 4
398 399
412 430
291 257
360 178
8 230
462 237
396 52
61 337
71 390
330 492
33 437
415 293
313 80
133 136
492 31
283 338
268 391
148 195
225 411
142 360
449 234
138 456
294 345
87 199
191 217
154 418
63 76
8 422
410 376
260 494
332 403
294 43
90 452
363 294
154 316
402 5
314 455
301 392
443 108
177 388
158 486
62 331
105 73
302 423
417 16
419 62
105 249
201 65
359 195
363 416
274 365
172 265
157 88
48 325
66 100
86 225
408 224
150 1
424 14
382 452
14 341
442 301
218 471
18 495
411 429
294 382
147 185
125 318
144 305
257 173
398 210
434 344
197 159
173 436
388 121
462 55
208 254
225 256
251 426
207 244
126 14
200 1
171 273
430 177
351 315
25 40
236 101
260 312
248 433
54 285
340 137
391 368
124 400
178 117
213 227
241 385
238 339
464 293
471 410
225 247
287 174
275 251
63 23
308 36
321 163
300 362
82 14
266 44
13 58
285 445
182 226
65 378
24 273
183 381
128 495
169 260
363 415
290 444
332 278
442 98
312 6
372 242
138 394
304 138
435 151
229 441
320 118
243 146
28 344
191 426
38 8
424 212
156 402
180 66
17 341
199 122
217 329
76 71
209 355
359 380
174 497
467 88
87 346
42 210
488 115
123 233
445 26
428 399
318 453
146 109
231 335
16 345
416 448
156 92
325 478
475 367
455 351
197 294
4 394
9 239
324 492
18 485
236 121
426 447
408 54
241 73
270 139
440 258
202 39
17 448
315 379
230 344
138 122
17 427
18 142
486 378
363 194
315 4
303 452
6 94
19 211
203 248
358 289
328 495
443 60
440 197
393 110
232 170
450 31
25 101
480 320
15 11
368 195
147 182
276 171
235 6
106 295
437 438
285 316
376 117
167 228
338 168
191 60
92 422
376 141
313 469
481 208
255 328
11 201
224 403
261 139
435 459
249 219
35 224
341 34
114 263
432 8
69 304
79 475
116 13
482 455
163 429
110 315
16 418
173 121
260 241
52 286
5 47
123 302
188 392
156 465
325 303
459 440
415 246
111 38
493 383
164 94
261 8
427 274
247 130
223 452
239 360
259 275
429 96
489 383
200 470
273 497
437 25
124 232
123 352
87 235
181 116
125 251
26 443
425 404
208 125
485 148
275 299
396 97
480 205
175 237
234 180
57 300
384 23
227 181
269 7
476 314
65 450
245 453
357 443
69 22
170 65
365 406
3 446
3 113
350 335
367 30
182 436
459 425
458 418
278 186
0 79
30 254
207 417
361 127
150 416
333 282
40 172
470 50
163 396
231 473
355 365
301 99
376 37
308 112
150 186
266 86
340 2
420 148
275 399
315 133
267 277
302 148
199 159
55 272
98 214
80 139
90 453
343 233
198 466
152 151
237 348
351 270
418 429
328 123
256 46
175 495
495 375
34 477
250 46
261 442
81 348
153 193
426 171
489 496
147 124
473 493
264 236
17 176
299 182
80 197
192 407
134 256
233 188
234 168
110 483
183 347
40 191
214 337
333 319
443 203
49 333
421 268
444 313
347 439
136 95
354 428
184 181
221 488
157 269
253 307
155 119
163 288
125 47
366 377
433 311
496 310
430 482
147 417
208 227
322 494
274 197
378 177
165 458
80 99
406 174
294 185
473 413
461 457
186 451
114 327
489 119
453 110
379 420
147 100
447 440
137 321
498 221
32 15
466 16
42 112
297 224
138 336
145 270
73 99
278 332
303 187
149 268
188 257
209 29
469 187
8 156
230 106
473 359
375 262
226 439
163 269
106 23
145 153
252 103
435 219
258 383
151 91
348 408
289 191
378 409
66 110
68 238
97 296
410 41
332 324
94 136
159 347
1 52
155 156
227 105
488 91
182 486
246 491
182 382
291 35
145 412
151 209
5 65
106 248
73 415
51 290
137 19
71 62
219 490
96 226
169 446
284 84
76 351
85 30
417 110
23 229
438 414
479 174
422 444
211 85
227 347
218 115
177 365
207 289
16 396
195 303
240 185
389 331
362 168
278 326
55 131
46 153
327 494
290 25
463 102
301 1
116 190
407 20
309 146
394 115
270 177
215 441
273 10
30 456
134 135
266 161
314 190
36 164
190 142
96 178
31 153
195 397
269 0
146 103
70 431
460 40
482 340
203 175
483 255
242 233
394 118
160 360
25 209
203 48
226 67
220 299
48 257
257 267
222 170
101 255
148 292
485 61
89 130
237 188
273 424
42 331
43 168
229 54
102 420
487 284
435 180
290 59
327 483
153 47
155 49
194 106
168 303