8100
465 436
61 32
368 441
37 116
351 279
318 490
479 438
486 258
25 488
451 108
298 324
223 120
66 382
215 431
201 40
328 481
365 167
108 241
358 233
364 498
488 61
351 182
440 468
456 337
446 466
290 259
231 96
330 365
148 298
190 45
378 349
16 19
260 244
477 477
475 470
384 342
376 315
135 235
73 317
135 443
54 371
467 277
494 286
84 297
194 142
343 274
145 73
169 212
189 406
228 498
192 16
183 112
348 69
238 319
262 273
144 373
150 317
103 111
260 144
138 39
165 306
231 481
193 311
69 400
251 234
102 297
262 443
12 286
105 110
235 250
475 219
36 379
342 125
269 491
382 454
260 407
241 48
211 492
392 434
169 132
281 143
439 123
409 43
5 303
406 14
234 240
119 381
7 122
466 313
267 128
388 348
248 28
372 129
63 459
443 264
260 84
208 225
268 51
354 117
484 274
14 260
142 70
192 486
151 1
481 10
359 271
299 369
498 107
419 23
287 414
498 362
439 399
302 58
28 208
334 157
269 364
434 200
38 263
264 478
489 190
461 246
467 348
307 112
135 466
380 78
293 274
26 230
289 232
292 328
337 169
33 478
179 107
370 319
297 217
259 487
85 138
338 72
36 52
370 146
76 23
150 250
333 369
454 176
356 474
143 246
225 194
153 176
495 256
325 23
362 144
283 85
9 447
352 121
119 46
69 222
325 196
417 219
247 158
132 371
470 104
150 127
303 47
303 303
178 150
146 128
65 393
192 429
403 75
121 44
119 22
70 42
262 444
454 488
359 9
465 86
213 181
228 115
270 368
370 383
364 301
194 368
298 429
4 386
431 53
75 477
20 50
346 146
486 134
495 300
238 197
379 461
428 303
23 459
343 51
352 245
113 207
136 46
432 263
316 493
470 215
117 392
390 342
476 463
115 228
425 472
285 205
360 156
116 65
116 383
480 311
18 468
366 94
357 6
351 299
366 26
270 174
16 484
299 12
240 493
317 415
472 165
322 102
19 333
216 290
101 136
456 49
143 471
329 323
474 352
230 33
207 340
324 0
12 223
68 476
391 252
270 237
191 363
48 444
234 211
347 117
166 187
10 155
478 161
365 191
224 304
497 96
96 431
7 173
149 109
213 75
165 392
108 483
279 356
67 156
273 365
404 266
422 439
100 414
106 252
409 466
414 330
114 406
79 10
471 121
48 229
121 37
372 213
70 229
238 152
17 489
108 11
451 274
188 382
134 403
221 146
329 395
301 135
498 443
64 233
314 321
358 112
178 287
369 83
235 100
89 107
470 104
378 197
79 421
177 419
65 66
313 250
238 394
189 115
200 88
409 253
218 366
153 120
203 396
496 374
481 290
246 437
487 452
225 125
396 66
484 254
357 313
208 298
265 95
183 249
3 317
183 444
64 73
321 336
211 119
409 169
106 44
348 156
133 93
12 426
32 29
342 348
498 389
484 402
152 263
80 167
464 7
432 263
452 28
148 253
422 15
411 409
65 28
474 112
38 50
79 338
38 70
460 274
28 37
300 296
316 32
391 233
348 280
308 323
76 152
19 308
218 498
379 431
43 135
186 205
43 433
3 117
391 81
118 315
112 272
304 271
356 428
208 196
371 56
209 368
29 448
298 80
11 247
234 177
382 406
339 420
38 277
211 195
10 281
53 329
452 122
402 210
258 160
217 462
331 129
77 278
210 360
459 376
405 222
480 193
466 288
417 320
15 4
137 128
310 377
352 191
253 114
275 254
217 11
140 344
474 400
112 70
298 184
258 423
468 203
343 239
411 434
290 261
241 278
155 428
471 51
166 359
114 76
87 293
137 183
435 79
149 463
147 399
174 299
3 258
349 142
429 198
311 260
390 219
499 53
104 397
257 322
398 122
415 223
258 337
417 404
367 193
444 418
218 367
477 118
260 73
123 326
438 189
261 435
488 328
225 112
287 444
67 482
205 185
23 334
239 463
8 440
210 458
325 304
422 428
353 302
480 35
224 477
412 418
246 337
302 252
196 472
306 89
274 115
450 364
179 149
441 41
499 40
344 152
432 177
331 267
302 286
263 312
230 378
68 27
279 329
153 370
459 327
443 459
175 85
235 245
286 355
395 176
328 285
462 91
358 113
399 294
458 12
391 14
393 188
369 459
181 172
351 22
334 140
225 146
391 9
216 312
489 177
315 463
55 169
282 129
275 265
278 33
47 233
274 169
480 440
464 143
18 161
153 168
314 352
213 378
191 206
235 430
245 32
53 402
32 300
418 336
369 307
393 196
217 269
61 167
162 49
210 26
194 180
32 215
445 360
66 246
28 488
20 154
56 273
426 74
262 440
248 344
40 131
252 493
160 109
158 314
192 174
355 220
435 238
98 239
485 380
369 17
171 365
139 241
315 79
20 65
261 429
413 120
113 153
262 165
331 125
299 420
140 375
113 154
394 427
307 64
433 231
97 28
270 104
35 88
153 437
367 55
27 266
419 280
297 140
265 181
453 129
4 65
71 445
372 470
34 465
49 31
60 467
423 146
234 182
471 458
366 239
5 338
470 245
386 276
309 268
397 3
68 262
207 253
223 492
309 431
462 257
76 358
356 374
408 499
310 442
181 380
70 28
273 38
166 41
161 11
15 475
237 58
311 435
427 296
227 387
144 237
95 42
268 73
72 304
246 29
261 234
114 280
170 331
224 388
399 337
312 385
295 266
202 402
198 459
346 129
218 278
172 490
63 166
470 292
173 488
74 216
496 434
118 189
77 167
356 342
80 328
95 168
70 375
334 149
278 121
399 32
23 349
15 423
215 438
278 485
53 241
175 353
394 402
421 293
488 323
151 277
445 420
147 98
99 368
489 334
366 230
79 240
163 241
32 94
431 230
471 310
15 484
386 499
144 409
232 307
84 484
404 236
186 382
250 52
238 286
368 91
331 104
346 447
41 346
428 378
40 472
308 252
103 56
317 195
354 247
232 50
138 439
173 488
392 176
314 275
366 130
87 182
129 49
395 433
163 22
494 175
279 203
259 155
350 382
130 429
331 204
495 214
54 469
497 20
295 447
429 312
494 161
210 16
449 476
498 457
485 464
168 345
0 264
147 279
208 350
406 129
343 39
360 254
274 249
196 358
22 422
83 478
494 16
492 146
455 296
260 343
188 440
57 428
60 188
390 204
333 268
160 148
254 28
277 372
230 29
303 326
304 104
121 386
384 150
446 465
308 192
132 207
487 348
36 189
245 47
168 278
427 430
310 328
200 181
62 440
266 283
387 365
104 422
72 360
326 340
32 371
430 486
335 165
206 417
317 223
2 304
234 485
165 281
314 397
337 365
0 377
94 455
377 388
248 50
391 301
24 426
413 423
440 454
224 100
323 499
303 41
378 177
458 389
286 43
260 125
354 123
430 261
149 448
351 307
461 249
176 242
17 485
440 441
393 310
161 16
57 68
246 316
205 435
330 56
33 344
319 90
351 387
188 250
409 352
102 39
133 370
208 130
423 2
164 0
16 168
236 325
141 425
212 334
391 199
43 42
132 424
164 362
464 336
40 352
243 374
244 142
124 376
378 304
304 399
67 395
220 320
97 304
138 214
413 309
351 381
158 308
170 336
24 322
26 487
361 64
59 269
145 457
262 183
435 375
270 418
91 2
158 343
57 188
498 297
30 470
278 201
389 40
214 300
139 413
330 240
9 0
458 389
424 6
234 72
490 359
214 356
199 81
270 372
21 108
78 268
321 404
444 208
361 211
476 159
399 0
353 306
47 261
267 311
235 472
183 1
210 225
307 397
122 409
18 429
197 143
47 448
9 370
81 344
3 222
74 410
216 402
15 427
90 264
88 283
136 325
403 271
169 346
108 210
491 291
286 478
278 40
410 186
30 287
361 344
254 33
287 288
67 470
86 303
438 158
335 174
446 74
273 90
152 467
110 381
211 143
183 396
82 489
129 94
438 464
497 490
278 192
14 137
440 198
208 453
127 378
304 395
486 425
392 429
162 138
134 354
251 373
363 317
263 185
2 492
334 201
245 499
136 465
163 112
65 428
158 371
266 44
470 315
244 252
243 362
69 407
132 377
194 320
357 495
339 458
11 359
211 174
139 109
73 199
128 154
25 490
34 138
453 291
396 4
219 50
309 139
368 288
460 441
289 62
372 169
381 128
154 236
197 444
143 145
299 122
112 123
262 324
468 146
3 215
265 216
355 74
214 74
368 223
137 26
195 157
285 362
450 428
372 440
437 499
121 16
139 237
413 233
231 401
469 233
449 86
12 86
13 304
379 226
252 381
38 369
83 300
228 175
467 385
384 101
469 405
142 357
442 108
362 55
289 25
112 331
269 90
247 124
203 282
163 478
347 455
255 201
229 282
19 484
437 196
101 403
112 406
366 95
3 54
80 228
411 144
234 44
20 181
463 481
460 223
179 479
32 159
442 286
122 261
458 313
69 59
317 59
7 181
236 184
412 10
154 168
212 176
357 388
370 84
308 172
151 330
341 339
125 184
445 135
449 100
11 403
315 18
199 329
365 322
184 287
455 129
305 338
226 19
104 14
187 448
278 412
103 338
22 472
107 80
180 468
223 56
74 192
373 390
64 126
413 238
219 248
86 221
240 25
39 165
113 196
460 78
417 244
216 63
144 291
111 323
232 176
368 187
77 306
284 93
183 494
242 198
419 403
280 181
346 11
208 171
250 311
55 20
84 167
458 271
447 80
256 422
109 179
337 477
70 186
32 122
320 254
9 127
308 91
454 289
460 6
317 14
35 210
229 225
348 471
51 40
462 295
326 307
284 71
109 164
286 207
461 142
269 458
401 322
111 429
435 355
370 71
134 104
181 257
228 363
403 30
177 131
438 217
288 4
20 75
282 398
392 158
468 95
417 13
442 369
76 380
451 229
185 298
55 437
301 367
397 135
266 56
274 426
282 57
132 414
164 302
312 266
213 56
69 280
1 130
362 363
92 78
376 313
103 278
145 284
271 404
312 394
172 38
447 86
353 455
109 431
197 17
426 422
202 262
244 347
211 204
134 106
419 155
433 10
146 374
278 430
176 418
308 443
381 349
156 255
186 234
104 265
187 235
497 30
229 242
298 241
347 440
96 432
294 118
493 381
164 441
211 123
66 192
393 19
126 448
182 49
315 312
399 286
168 354
448 396
489 398
190 246
178 336
306 138
372 325
118 299
423 36
228 329
200 341
289 122
23 326
490 324
462 338
45 389
137 483
381 493
92 126
462 423
62 122
447 120
420 434
322 65
246 195
36 402
24 446
124 178
354 400
90 466
355 168
151 135
481 344
470 384
308 73
195 284
405 370
156 495
60 177
372 478
380 159
105 260
290 257
157 82
48 144
313 247
235 256
100 464
349 216
289 423
59 9
379 336
331 464
493 387
365 244
403 217
478 245
354 8
442 268
265 11
259 491
247 78
394 346
62 347
122 95
104 203
39 182
498 335
222 223
467 492
209 439
37 370
230 39
160 391
403 173
164 425
355 14
360 411
110 249
197 274
477 85
267 153
341 368
91 265
109 415
355 58
428 319
210 392
283 11
184 370
295 38
404 348
111 2
104 116
390 73
158 301
454 367
88 277
43 295
211 179
238 152
323 418
310 18
29 34
256 445
336 65
265 52
406 240
357 228
302 10
311 247
467 312
90 118
265 55
234 485
489 328
246 324
195 313
199 408
354 224
290 455
359 190
282 407
136 266
128 139
239 438
102 440
410 58
113 44
381 175
4 199
376 371
36 250
159 71
147 87
42 365
407 289
197 254
372 189
181 333
123 0
440 420
478 225
122 202
378 443
142 3
374 382
484 18
441 262
349 495
360 89
378 392
498 119
309 75
408 370
370 490
262 383
109 163
365 240
35 231
86 243
477 177
48 461
223 314
309 489
78 425
317 22
141 309
236 315
37 302
292 497
380 407
70 406
498 489
72 436
179 33
63 11
472 9
323 111
452 47
472 484
358 383
192 141
308 0
302 428
425 345
253 447
353 306
147 175
111 352
385 72
83 143
4 448
411 407
306 179
163 364
247 131
124 22
374 291
71 433
130 28
475 349
7 235
411 181
385 154
78 374
369 270
71 13
272 373
52 334
50 431
62 68
90 149
440 38
323 464
492 12
361 454
41 320
1 368
374 452
179 386
8 305
170 48
422 431
118 295
226 326
394 168
318 140
178 484
300 110
474 354
308 145
317 187
407 349
154 170
56 134
439 333
233 416
200 461
108 155
334 318
486 334
326 228
65 156
267 357
211 365
362 241
429 371
220 179
349 336
470 226
411 257
26 261
223 145
152 226
44 331
18 486
215 382
39 196
405 280
497 306
399 116
487 212
243 328
165 60
138 445
202 487
249 50
195 80
306 324
7 347
334 202
437 377
74 401
181 476
134 479
448 30
242 33
214 287
347 486
283 379
218 338
388 485
418 467
143 83
430 224
279 151
380 116
17 216
44 454
286 50
81 178
63 234
373 175
13 277
8 73
411 296
134 227
46 299
382 52
276 190
193 164
281 407
475 73
380 298
349 19
197 18
104 282
457 113
390 477
50 471
267 399
478 461
112 401
305 24
66 494
159 434
341 111
37 292
90 317
336 417
287 291
73 386
499 391
220 31
2 241
140 123
84 121
375 118
495 49
395 180
114 61
173 54
346 308
125 210
479 289
80 313
199 118
361 154
37 50
292 81
204 39
12 284
255 141
190 239
420 102
163 85
492 386
194 188
250 190
479 319
133 81
199 412
418 184
87 60
494 455
346 231
15 198
339 358
98 122
224 381
467 370
108 240
428 311
1 303
474 31
464 333
245 459
144 16
428 163
470 83
314 422
121 316
26 329
304 312
194 476
346 28
268 13
324 455
110 49
432 325
10 84
44 396
264 107
122 40
123 193
115 92
408 437
118 88
253 435
411 422
303 447
312 110
417 423
324 136
313 27
463 108
357 176
283 7
399 121
314 406
498 374
163 282
370 407
194 282
56 123
422 105
67 211
487 86
74 484
11 311
272 388
416 475
334 129
250 199
105 86
460 417
199 456
215 124
258 421
45 409
366 166
378 319
406 434
418 217
380 480
220 282
109 152
281 488
188 443
29 384
301 145
101 342
466 352
273 168
77 76
242 170
490 296
82 472
189 248
80 352
134 70
222 153
141 95
391 356
240 181
327 272
114 393
245 280
449 432
8 18
41 378
26 251
223 31
131 108
461 413
483 63
68 447
395 57
265 210
243 286
58 357
250 70
203 173
105 347
218 4
382 114
365 259
142 261
369 440
353 125
188 182
482 188
98 257
319 377
163 363
221 62
485 221
246 471
171 40
44 352
318 389
148 278
39 35
475 142
267 261
443 181
221 455
64 425
302 319
183 235
150 317
39 256
79 135
27 285
489 250
491 71
201 159
194 139
281 241
2 22
203 400
356 297
223 276
96 272
8 377
195 131
387 10
497 86
223 318
69 24
447 213
224 60
52 148
389 419
441 185
86 243
41 496
124 294
418 116
345 72
203 278
288 40
126 442
113 285
309 202
415 182
94 256
405 139
410 498
184 146
242 203
51 122
268 283
251 176
100 186
465 96
489 304
98 253
39 467
169 211
245 200
457 436
428 192
190 214
360 338
394 226
348 102
237 445
473 468
155 340
437 74
230 472
77 426
393 180
244 116
317 63
499 341
33 126
340 427
118 76
302 52
155 12
309 3
471 244
85 135
209 478
302 374
300 291
471 380
348 45
460 67
409 165
143 312
91 294
370 483
36 209
73 173
28 43
139 383
18 351
330 76
450 79
222 132
364 102
148 45
113 213
230 108
420 374
168 374
209 12
73 39
64 97
140 147
382 444
295 132
208 252
183 477
110 159
113 405
450 326
39 261
222 63
289 270
144 494
358 458
349 353
451 432
431 413
357 443
75 313
417 4
482 136
147 100
357 444
270 260
374 307
223 310
80 96
90 12
322 224
429 449
233 171
436 380
176 164
329 293
150 103
239 98
50 132
76 386
499 407
66 346
156 373
321 289
154 88
312 411
212 476
0 94
474 297
313 436
82 2
106 494
92 232
364 345
84 142
401 440
138 83
308 468
109 147
235 129
392 115
444 48
494 457
254 444
380 468
323 68
414 462
194 429
126 7
1 410
202 210
145 403
371 341
488 305
434 332
448 223
123 179
136 392
336 117
438 242
162 216
31 261
42 77
84 77
488 168
231 437
340 42
383 376
34 63
396 223
299 468
499 196
88 422
392 135
378 276
344 182
443 392
469 375
305 337
5 405
343 145
187 236
465 35
99 71
146 499
319 347
395 445
220 319
306 335
111 464
146 36
429 307
35 441
278 398
156 340
485 283
372 351
386 172
95 337
188 337
184 242
39 7
178 79
414 259
75 485
21 377
185 221
162 450
201 220
412 440
76 209
60 397
421 448
285 446
284 17
111 325
332 320
252 150
262 11
348 18
396 337
59 369
172 433
153 73
14 225
434 417
314 90
390 494
440 235
252 175
0 76
397 215
366 184
47 149
19 480
317 395
117 415
348 228
302 289
366 353
270 168
110 300
146 436
172 0
27 438
15 276
492 379
63 264
265 210
190 463
358 284
52 359
88 475
116 400
106 242
410 482
134 228
165 20
372 280
219 189
317 399
278 86
202 161
371 341
304 467
103 413
273 15
342 155
56 213
455 311
145 14
242 217
89 280
412 259
448 461
360 483
69 266
279 138
331 271
90 151
416 488
355 194
349 189
254 197
360 257
123 61
278 6
138 366
477 219
180 50
34 426
44 392
382 455
79 323
326 66
54 21
215 243
284 261
310 417
26 39
100 171
177 150
368 231
450 315
365 345
271 131
375 251
59 167
491 258
324 138
11 317
412 230
491 227
496 197
88 301
324 22
172 188
419 1
316 40
386 222
205 34
137 9
177 80
190 196
186 168
337 14
96 198
277 102
151 439
93 125
147 239
279 417
419 172
64 51
273 87
473 450
460 478
410 463
159 489
9 101
467 198
248 198
300 64
355 377
2 451
42 448
366 1
25 322
225 137
76 90
40 498
328 402
365 352
193 238
339 376
426 202
401 307
223 174
403 53
5 430
379 257
111 399
221 97
86 136
226 446
296 14
416 119
471 124
215 281
10 17
219 54
213 436
111 120
26 288
219 366
124 31
282 450
399 235
371 4
302 337
351 98
69 451
427 268
401 392
409 142
49 411
348 129
101 114
403 311
177 127
10 474
276 153
388 293
149 175
12 112
62 303
254 215
483 131
23 34
176 237
0 433
414 225
340 348
11 367
495 95
421 41
194 357
2 197
224 435
47 151
307 88
303 109
92 413
447 139
376 467
252 124
201 376
77 166
386 393
488 88
129 233
90 261
458 176
111 93
96 34
122 158
119 403
317 426
65 63
30 116
240 293
21 283
301 294
187 98
39 187
272 28
289 20
196 363
308 100
134 307
317 256
12 109
387 436
499 329
297 304
97 382
17 38
184 118
69 318
358 223
251 108
128 130
345 393
345 325
484 5
262 331
440 302
238 274
455 327
131 90
472 252
142 80
51 489
159 326
50 120
228 369
352 153
398 208
385 197
55 243
75 370
172 169
443 367
47 262
352 250
354 178
111 176
17 497
175 162
134 29
398 77
83 362
422 250
300 481
225 308
30 207
376 152
19 202
316 171
421 418
97 21
49 275
124 60
222 67
448 300
229 356
70 346
449 312
294 344
4 101
308 371
375 34
88 36
207 246
165 405
278 128
255 114
174 327
394 380
32 248
456 342
41 261
426 378
222 342
443 220
443 227
113 103
139 318
64 54
311 346
326 229
195 89
416 433
165 369
117 163
357 197
311 425
303 398
92 237
309 26
105 387
490 252
422 70
124 481
179 486
68 435
24 357
291 263
485 293
456 456
6 454
380 313
64 317
406 183
61 8
396 215
467 166
89 238
220 389
227 213
1 399
257 147
411 25
170 400
356 248
202 478
144 214
31 82
118 208
68 437
4 179
198 464
203 471
212 287
0 423
174 292
439 353
231 283
183 202
450 401
380 392
106 5
87 24
84 138
427 205
237 152
117 432
255 435
222 172
95 320
112 74
428 121
405 51
106 159
412 440
332 408
413 292
168 439
429 1
58 252
405 208
140 295
82 374
46 248
68 304
231 493
466 180
83 11
22 371
312 41
450 434
79 496
435 363
216 247
0 216
425 275
422 257
483 65
165 5
161 381
226 233
265 244
107 192
416 201
242 129
416 80
76 192
408 495
94 364
80 124
251 446
55 5
423 26
31 38
271 88
322 44
289 497
190 439
140 396
378 458
38 383
427 294
141 114
478 187
312 87
386 59
416 415
441 441
332 339
428 324
369 103
101 102
41 10
258 143
101 34
417 488
134 139
105 196
384 275
215 84
495 48
315 101
42 411
103 257
433 374
330 31
485 154
16 431
74 26
60 275
263 175
166 329
378 398
25 271
207 262
162 92
193 202
466 477
234 88
314 69
452 20
174 144
427 437
315 191
318 353
380 228
409 433
183 46
318 287
401 61
153 377
432 63
41 199
139 398
319 127
147 305
302 123
60 174
365 229
435 227
455 35
320 315
362 217
4 4
417 32
409 406
469 70
121 341
91 10
138 112
418 262
385 137
311 72
301 297
25 28
415 88
404 332
49 236
240 118
150 406
312 157
79 411
105 133
496 53
17 48
311 134
123 435
359 196
346 435
315 13
101 371
55 231
467 5
123 105
363 59
68 125
37 175
308 147
52 494
42 304
290 70
357 353
402 266
53 217
230 100
471 368
451 331
189 378
335 418
477 312
438 198
373 397
397 327
321 34
190 449
371 363
69 333
99 229
446 323
423 152
372 28
211 246
124 324
94 400
213 460
158 424
321 3
330 384
270 218
168 151
366 312
145 39
120 287
110 96
100 418
446 33
279 473
149 10
410 256
216 243
167 475
478 226
110 341
59 160
163 232
45 79
471 30
317 42
139 91
362 280
313 239
64 160
170 445
201 65
309 81
56 417
495 328
21 387
47 458
190 81
12 211
93 235
130 483
427 262
42 269
360 289
449 208
153 425
490 120
53 354
123 151
332 109
348 470
428 353
286 248
459 119
206 299
282 404
18 336
457 209
350 61
269 318
95 300
272 274
480 437
441 325
286 455
425 273
478 135
383 354
325 265
64 194
98 31
220 198
260 468
29 177
347 110
262 150
424 442
380 34
359 256
211 321
446 146
281 137
491 424
41 16
210 168
51 105
156 160
128 271
301 416
378 10
160 0
443 141
175 437
193 175
348 387
33 405
394 146
70 166
34 237
405 112
69 244
256 456
80 225
493 236
246 381
381 372
365 259
196 176
203 392
279 241
498 51
49 164
182 392
129 472
436 216
312 34
343 5
83 68
305 423
156 76
300 403
162 37
66 165
58 210
304 269
173 189
354 302
47 222
46 36
105 28
415 482
488 417
338 258
181 423
351 495
398 337
226 152
169 413
475 144
414 79
269 131
286 439
13 475
363 333
361 60
42 468
386 276
386 382
157 76
71 419
256 9
13 321
86 335
479 34
114 414
45 245
36 235
210 331
16 402
314 73
42 230
358 356
91 280
208 245
164 100
109 279
452 273
460 474
9 39
453 439
37 475
210 350
182 425
327 420
345 198
280 141
350 239
19 139
384 293
393 79
358 400
173 3
329 311
202 133
425 338
165 7
357 314
239 375
147 39
90 67
208 345
84 370
361 410
203 456
35 245
146 97
452 394
57 171
157 281
472 111
118 82
248 137
365 475
367 487
54 364
209 309
31 115
25 294
250 393
490 81
30 137
383 488
160 482
115 292
403 317
251 439
429 373
349 499
486 146
10 68
229 393
360 220
366 260
5 237
318 468
105 496
484 200
182 489
281 144
313 150
89 37
410 416
267 370
16 111
179 106
499 27
99 408
21 211
300 317
285 26
22 471
171 242
231 359
355 354
356 365
254 169
437 297
168 164
276 205
311 36
415 307
68 162
225 14
183 89
467 25
496 468
63 342
201 168
374 146
11 56
77 230
27 265
282 15
220 195
84 58
217 383
45 499
366 285
226 270
147 49
370 194
36 144
312 433
79 237
145 186
416 443
208 223
238 295
343 342
400 310
193 427
426 470
255 90
212 292
342 334
380 359
3 212
497 416
5 167
353 76
19 150
373 121
417 80
422 463
273 260
187 175
145 318
408 113
406 252
86 472
332 100
164 466
234 187
355 161
89 91
242 208
330 109
189 467
283 247
359 463
138 56
227 46
159 283
388 135
108 417
369 474
293 292
479 33
46 379
471 334
395 136
97 65
32 77
176 138
101 167
224 35
81 240
375 303
438 92
362 263
90 398
190 231
117 235
114 22
208 163
151 85
150 103
180 248
386 35
202 208
243 340
432 278
81 324
269 307
423 372
270 131
362 365
100 313
187 479
495 66
152 395
351 498
247 154
189 383
92 485
177 244
22 335
12 109
269 456
328 281
412 44
261 450
115 126
458 213
279 302
50 305
303 283
438 401
136 402
240 479
223 228
416 417
379 98
406 428
61 148
44 86
36 473
451 305
18 4
158 409
214 297
81 208
461 18
420 371
350 98
178 160
430 426
24 94
22 309
309 282
368 83
408 353
158 404
260 360
121 176
473 419
479 336
206 406
277 441
391 478
491 128
406 421
16 421
82 282
64 390
326 391
244 432
188 86
446 402
78 449
220 420
256 403
162 199
492 314
292 439
419 235
157 283
56 325
459 173
415 138
29 23
307 241
328 273
27 496
297 126
46 105
361 17
68 154
468 23
314 61
148 261
44 86
263 305
330 101
91 223
246 246
339 121
394 54
402 19
146 422
379 51
420 44
199 92
467 488
401 167
280 134
220 50
355 177
130 483
58 38
136 221
342 157
63 475
495 89
363 465
368 493
37 242
187 288
276 88
108 154
288 30
80 388
65 360
196 287
325 195
417 254
411 461
289 111
200 474
291 136
129 63
158 159
299 18
107 345
351 428
458 67
455 492
352 38
177 373
420 400
7 3
316 337
301 418
245 457
93 1
417 388
400 222
93 75
272 199
127 200
119 475
467 437
475 74
447 172
424 5
8 368
57 431
350 176
134 210
212 447
187 79
302 481
408 439
139 395
447 180
7 118
56 66
492 475
499 383
388 292
12 423
355 248
277 69
132 57
356 263
342 344
177 43
483 496
391 85
117 474
444 190
108 124
451 352
88 101
245 450
374 476
77 257
178 81
490 206
469 310
6 346
241 311
160 183
268 224
50 51
94 237
362 495
199 54
7 313
264 287
116 252
9 490
423 45
251 188
350 413
259 220
383 357
392 0
77 43
447 161
250 127
474 393
447 112
426 26
313 455
59 42
384 429
474 69
109 307
72 77
149 459
168 183
35 33
428 61
74 112
92 227
472 324
437 418
444 272
79 215
109 258
39 138
207 493
152 366
443 168
480 224
407 445
330 148
61 442
407 258
338 135
312 351
269 162
434 101
316 66
176 13
152 277
270 67
433 211
380 274
498 229
174 212
360 257
51 4
114 274
409 458
161 304
467 221
174 283
349 253
267 342
119 377
444 271
482 389
163 230
311 214
426 13
270 337
193 139
413 174
484 159
464 174
248 146
429 283
388 422
265 130
7 155
278 384
126 303
33 261
327 141
7 344
33 106
245 129
303 226
386 10
184 288
434 202
337 432
207 215
197 225
233 472
208 56
359 11
124 186
180 393
89 452
58 187
316 475
201 155
165 120
408 439
141 349
134 194
261 330
408 341
165 458
14 141
152 225
412 373
118 129
81 92
131 60
387 491
146 447
419 88
380 311
12 179
373 373
204 498
191 486
296 112
105 356
434 310
36 109
238 198
290 6
418 171
162 273
220 305
246 160
471 140
319 478
351 336
334 45
383 55
19 26
234 180
342 124
86 168
366 378
237 324
496 8
281 7
165 10
171 354
346 263
241 494
182 17
414 92
0 17
395 298
478 19
496 481
2 172
403 82
258 220
229 140
499 106
117 362
68 164
427 140
134 414
284 168
113 317
186 198
348 113
484 433
266 326
351 332
266 268
489 254
394 25
131 70
284 245
410 100
240 353
119 189
210 375
44 403
454 323
436 82
15 302
481 272
105 281
402 332
86 371
248 391
313 332
77 380
332 97
302 339
29 73
300 422
177 239
414 196
278 131
286 350
474 145
278 267
99 79
303 180
423 37
369 51
283 236
186 298
138 116
189 488
262 167
258 489
185 440
423 172
374 315
460 209
476 348
280 238
271 427
464 83
134 194
431 185
484 418
386 469
457 122
141 75
416 220
160 251
423 453
268 435
145 149
349 228
318 473
401 129
64 89
136 217
403 199
469 419
388 239
213 355
282 345
65 206
457 198
151 77
13 232
233 419
499 10
335 82
212 317
259 88
306 276
327 395
314 61
152 148
355 202
47 365
71 137
187 465
394 380
112 338
109 259
269 345
279 108
278 105
193 491
120 389
284 351
264 447
448 450
4 416
281 303
293 403
368 204
84 480
319 263
374 48
245 280
241 144
101 25
368 19
260 146
350 340
288 396
346 114
31 88
391 202
105 164
221 184
165 474
89 305
206 336
116 463
459 303
180 357
228 412
411 49
389 340
236 261
375 29
469 434
136 406
423 213
249 242
68 144
301 414
102 157
472 359
163 71
428 284
196 343
244 9
349 107
368 486
367 86
372 96
354 189
402 9
103 277
421 151
418 171
180 75
434 20
443 4
288 97
293 372
233 337
296 389
227 82
20 17
113 447
136 393
254 467
97 390
41 357
380 370
445 459
332 412
416 232
181 275
499 205
394 474
216 84
167 190
207 295
94 39
284 172
492 230
120 38
247 89
459 14
325 479
391 257
489 9
137 308
365 170
497 488
73 111
301 65
212 92
131 361
33 307
389 416
306 25
466 362
376 406
385 278
35 53
63 129
289 376
398 200
40 6
117 247
312 113
205 418
131 377
184 337
105 165
42 73
435 263
169 9
287 163
217 407
388 174
50 280
332 177
183 448
48 372
338 300
70 360
237 43
232 202
367 273
347 337
101 261
270 134
150 122
29 57
231 367
499 417
446 133
434 183
407 129
281 482
194 245
141 352
54 284
57 373
63 273
34 256
243 16
138 305
214 393
112 20
289 298
431 111
146 236
217 365
347 53
151 499
351 394
178 292
165 257
30 235
344 80
96 64
221 87
480 235
107 436
86 444
55 396
484 17
235 201
106 202
201 434
328 257
401 52
161 6
94 67
499 191
107 438
377 96
183 181
469 209
153 290
38 55
72 208
261 23
225 307
242 219
329 426
330 422
429 230
149 343
34 23
313 149
245 493
174 190
399 280
422 143
198 52
112 460
335 271
430 225
296 60
338 24
447 125
356 20
363 228
103 357
6 249
243 268
458 103
383 417
61 209
113 157
118 259
382 77
302 453
366 165
189 450
76 56
77 488
68 284
141 292
42 171
439 148
103 285
54 249
458 339
496 115
227 423
0 466
272 109
274 154
105 138
194 316
156 33
317 123
268 225
248 310
310 310
447 188
289 414
253 353
469 100
23 101
68 196
157 24
178 192
330 432
100 135
168 376
352 256
481 337
148 120
282 230
270 458
372 81
434 59
159 477
79 255
303 35
59 499
191 461
245 89
77 373
101 345
101 245
83 305
425 83
165 231
189 59
492 435
346 414
391 279
34 358
393 322
173 338
151 304
245 216
89 396
241 322
420 43
348 194
129 355
438 126
37 294
81 479
393 30
161 280
138 137
311 195
385 383
187 485
53 36
284 284
459 143
186 25
220 231
86 386
12 201
496 376
355 50
80 429
209 101
90 93
288 199
82 401
238 26
414 121
406 292
287 199
76 217
448 325
211 148
350 34
262 224
126 198
127 117
218 58
151 337
36 160
62 291
317 471
92 152
296 232
283 350
419 83
260 359
8 367
253 472
48 210
408 15
133 174
84 35
224 203
364 235
26 113
84 278
282 344
428 28
231 79
162 63
422 150
18 423
247 282
492 123
139 147
173 252
288 124
179 257
492 364
477 43
173 370
66 61
442 456
35 494
57 173
323 49
324 332
466 193
317 423
70 311
63 308
432 243
352 203
68 111
7 196
67 45
459 180
488 133
480 401
426 375
277 37
221 101
295 101
25 188
499 464
272 447
43 414
118 204
167 395
444 186
231 174
207 11
144 42
295 195
423 124
14 221
175 200
153 235
275 322
286 178
478 126
41 410
466 21
268 159
345 133
308 212
75 428
323 367
414 220
196 118
192 337
37 62
150 367
189 43
221 425
52 327
237 51
424 93
252 203
336 45
109 449
377 496
215 185
257 52
171 130
467 305
368 363
230 357
400 18
295 271
98 473
377 347
292 335
390 301
198 396
345 78
427 308
493 75
127 142
272 102
407 298
13 92
301 127
145 95
366 53
378 293
140 316
3 255
409 285
181 393
324 107
415 27
454 251
393 260
362 81
232 18
110 122
249 245
193 263
316 247
40 59
228 194
302 32
317 231
125 211
318 351
378 449
52 86
346 332
265 445
315 61
183 497
95 277
40 284
383 140
51 208
255 275
308 279
11 57
120 477
328 488
289 290
376 58
242 341
138 75
136 8
357 454
83 171
307 304
444 124
184 191
318 496
127 439
348 478
456 138
478 320
111 136
47 267
460 339
414 289
149 99
405 402
425 359
15 488
464 85
128 312
308 149
440 446
425 287
426 141
461 233
221 256
24 424
116 268
410 484
435 382
285 59
270 340
181 62
147 286
98 145
294 127
74 258
45 87
228 351
84 323
80 41
466 157
426 456
440 82
464 188
99 228
420 101
16 370
8 101
247 15
143 106
216 393
332 69
420 113
437 60
102 356
365 369
325 420
354 291
331 117
345 170
124 431
301 118
219 140
7 309
267 318
64 150
71 335
448 396
309 491
199 237
106 411
183 65
208 283
253 389
59 40
323 450
68 183
175 124
285 288
458 183
185 404
239 22
419 257
100 39
277 228
491 300
217 235
19 26
415 277
169 124
74 474
10 492
468 143
431 185
220 253
9 389
264 406
163 248
140 183
263 263
415 417
4 254
280 484
262 375
499 195
21 431
424 74
217 31
69 392
498 0
241 289
195 7
108 5
40 210
474 248
17 303
409 241
226 21
249 189
236 340
271 248
174 110
141 47
292 391
243 62
352 290
149 337
342 399
110 257
357 235
38 436
29 226
100 448
489 255
447 349
449 226
336 219
118 124
367 329
244 410
200 111
448 448
347 202
459 142
377 309
97 169
395 416
216 127
234 347
196 205
283 182
253 146
122 471
153 371
282 489
100 397
345 334
36 400
43 44
206 348
17 420
188 303
282 264
112 404
462 369
403 160
158 245
217 156
27 280
270 370
119 161
496 222
475 316
360 32
380 18
290 418
74 249
14 479
235 208
77 478
138 197
295 480
136 149
429 364
86 16
177 51
126 205
21 173
58 101
471 233
4 438
188 261
92 78
286 54
32 328
377 364
196 22
171 24
388 185
201 453
4 474
31 230
256 482
83 404
490 314
104 406
168 494
72 292
198 260
440 210
74 230
253 170
194 123
308 276
229 435
261 361
91 234
68 145
49 347
13 4
410 39
33 118
410 430
191 457
168 109
191 483
5 94
217 296
73 52
487 377
238 302
388 100
245 330
29 457
461 147
186 43
161 223
154 72
29 423
384 197
180 49
144 428
224 38
90 361
91 297
452 429
29 329
11 340
297 127
274 41
436 110
186 312
384 449
372 340
37 266
315 109
37 69
107 311
25 261
411 49
478 116
445 363
55 360
487 457
350 205
167 113
425 286
235 353
193 162
428 459
68 82
4 95
407 457
71 463
13 432
400 482
197 491
351 345
154 252
457 190
303 4
142 125
330 81
243 377
189 24
458 23
118 257
67 462
278 377
161 138
472 291
134 61
259 169
273 338
28 413
418 83
60 184
265 60
290 390
266 8
383 331
88 77
391 353
231 7
145 169
460 244
306 117
138 95
433 417
330 412
347 313
497 100
13 407
149 262
122 155
486 416
493 5
359 426
434 384
406 442
186 79
49 366
313 344
261 187
451 98
412 444
44 298
57 409
24 409
64 207
475 146
4 50
477 320
56 215
157 411
342 462
181 195
392 391
79 494
93 5
449 30
181 357
266 346
255 90
297 142
141 172
222 124
296 145
212 199
462 353
167 221
416 305
196 348
343 160
166 127
10 288
145 467
313 191
281 263
406 421
93 431
407 399
396 167
219 204
57 108
329 181
338 76
425 97
258 387
14 120
408 424
391 24
67 405
20 57
330 201
132 278
177 275
442 391
95 73
181 161
195 4
81 362
460 385
272 6
126 218
142 139
163 386
143 385
294 83
284 163
442 476
251 268
159 119
45 46
59 255
259 226
89 106
492 192
198 401
119 116
255 176
414 113
498 271
354 409
73 145
121 138
406 367
338 225
271 417
172 383
462 330
437 284
476 403
304 281
397 27
55 423
36 153
424 322
231 386
31 130
120 156
23 5
230 378
295 362
245 1
183 468
104 59
462 472
253 80
459 266
189 151
156 15
189 77
464 432
62 420
77 347
352 182
60 452
314 82
435 355
175 412
471 471
443 279
212 286
52 49
200 171
38 94
171 208
140 227
0 135
483 202
236 77
29 335
270 296
3 196
460 57
28 179
458 283
69 472
373 170
194 122
216 73
133 232
312 387
375 273
327 312
241 210
397 63
359 270
318 167
225 362
393 278
62 105
429 352
374 483
105 302
375 68
153 173
413 360
133 317
129 140
350 460
375 370
492 247
267 234
449 311
441 344
449 342
46 355
339 379
181 421
341 296
470 409
269 346
163 235
375 255
67 292
14 225
472 443
29 7
170 239
83 478
173 111
319 385
264 219
492 158
454 445
206 334
32 276
11 476
231 196
488 386
111 150
93 355
362 436
27 123
453 384
347 463
348 126
198 166
324 464
409 190
376 131
407 468
444 409
105 419
305 27
177 445
300 269
205 123
246 14
398 232
47 199
178 246
264 395
359 376
418 89
220 121
89 295
56 127
398 385
264 13
310 204
473 293
416 111
477 30
114 14
66 228
326 162
57 244
472 90
179 269
390 390
37 251
231 331
216 445
458 129
185 480
125 269
232 10
40 42
408 209
289 155
317 474
70 115
206 226
495 394
137 385
489 237
68 26
472 220
349 136
468 430
51 35
45 94
488 283
345 438
445 248
223 134
250 114
340 145
40 456
193 188
277 29
55 182
402 198
334 27
310 104
491 155
101 361
497 388
326 89
337 194
328 123
237 412
410 430
238 430
118 302
331 432
466 247
445 386
266 221
325 132
287 76
289 316
56 388
329 286
332 235
358 18
283 13
443 96
26 193
495 34
466 496
243 178
416 284
5 41
173 182
258 182
350 312
200 48
186 407
142 381
251 19
384 0
448 34
79 327
361 474
322 426
104 179
316 418
459 21
203 321
356 484
296 314
214 206
113 348
81 252
123 107
460 332
367 7
187 408
235 298
225 48
80 409
327 181
54 396
69 138
474 110
424 425
132 270
470 490
242 97
57 51
384 366
225 17
277 103
253 412
461 12
274 478
12 393
141 101
92 66
176 210
136 66
189 100
442 120
69 159
63 185
403 478
347 299
254 128
41 125
489 7
338 354
99 263
217 350
416 240
450 309
227 93
45 438
410 416
428 488
25 332
310 343
142 428
408 158
283 396
403 301
7 124
388 241
91 106
346 457
118 360
305 149
439 345
114 202
190 350
182 394
237 67
347 344
2 231
127 108
409 137
114 382
476 417
375 354
311 67
279 74
75 429
126 84
287 14
216 92
338 329
249 250
95 427
158 96
204 449
439 285
20 466
235 53
407 496
415 110
184 218
499 195
131 111
126 477
422 418
100 342
93 260
188 349
297 40
489 346
484 354
320 428
481 4
352 55
17 240
458 267
314 54
165 309
139 446
216 291
486 61
321 168
369 79
471 9
208 167
21 460
241 44
400 193
248 74
315 252
371 265
319 125
287 186
132 337
128 426
487 200
369 114
45 308
170 238
257 16
329 230
274 278
323 422
496 174
278 423
41 311
289 149
335 212
49 76
2 319
20 178
144 489
149 389
479 42
410 171
401 237
367 91
13 175
201 191
114 10
173 479
129 7
220 462
38 316
136 269
447 392
381 156
397 444
486 31
54 376
465 248
340 456
483 333
376 353
363 185
164 342
350 389
351 145
462 70
191 242
134 450
106 139
435 368
251 355
83 273
21 305
261 49
234 361
215 245
430 462
156 430
319 446
444 6
428 23
265 258
208 120
111 251
119 166
373 398
171 370
176 456
357 192
54 437
182 443
405 121
51 464
263 414
420 223
246 207
317 201
173 363
114 25
43 136
34 234
104 416
372 205
249 280
218 82
25 303
276 252
69 283
197 328
403 332
391 469
22 149
12 208
233 195
331 126
212 128
44 217
422 317
97 268
350 172
327 167
272 228
363 104
284 341
25 412
233 187
188 416
124 256
303 52
30 209
337 487
204 243
60 233
1 479
3 9
29 352
80 330
286 301
494 295
207 422
461 19
287 440
196 149
201 411
472 352
339 84
327 161
394 43
374 239
248 395
99 377
208 129
430 179
474 346
269 276
295 33
474 230
232 82
345 22
374 433
369 169
330 213
109 196
287 76
324 483
361 388
17 423
103 421
119 300
76 429
463 388
119 224
158 289
311 351
136 4
25 186
399 358
54 208
284 360
196 342
230 108
32 409
182 99
399 487
268 301
190 328
52 83
372 161
364 210
66 184
222 352
210 444
152 473
334 117
311 288
249 382
291 393
492 133
472 473
274 392
220 240
176 316
329 124
186 48
84 193
398 105
49 306
280 108
77 201
341 466
348 388
281 90
223 139
464 274
18 195
288 90
407 90
214 464
364 88
282 400
357 449
107 32
492 406
459 387
205 70
458 301
243 53
44 240
14 467
14 8
99 32
474 154
118 358
446 188
440 483
284 80
112 298
56 391
131 105
175 16
317 336
242 133
225 60
379 286
147 239
123 246
400 246
456 97
137 371
206 402
335 78
228 490
233 447
404 284
300 364
201 431
417 469
382 443
81 142
382 261
359 228
326 357
455 260
483 282
37 92
22 189
179 372
171 102
387 412
129 76
359 39
361 182
477 276
419 243
356 58
287 301
10 216
328 113
248 465
410 311
0 285
157 284
387 31
295 180
108 126
17 276
458 468
244 378
121 435
494 163
316 478
46 133
98 327
292 374
185 346
131 54
339 37
420 140
321 226
204 67
344 281
249 221
100 302
90 494
157 221
51 84
69 326
153 97
471 167
14 297
352 8
397 497
138 191
269 317
237 311
92 473
194 81
235 342
188 146
220 325
261 197
23 271
221 330
498 176
474 44
405 12
9 178
221 302
472 499
162 342
315 209
142 107
301 361
8 377
203 489
186 80
351 316
147 62
238 424
469 145
9 64
94 374
176 370
222 315
157 0
209 384
343 324
38 351
81 144
485 398
478 136
452 24
86 181
106 99
244 176
93 75
301 105
476 187
355 329
330 198
434 364
189 39
243 278
422 79
477 324
460 408
432 455
136 412
364 18
46 242
169 460
66 139
327 470
152 42
92 182
398 482
373 26
304 439
18 116
440 79
339 495
302 252
17 271
141 291
385 381
341 187
179 407
229 407
301 6
40 381
363 393
272 438
378 237
205 76
7 248
244 498
250 346
469 398
189 267
148 110
150 427
334 342
249 329
187 63
297 51
296 79
17 160
249 68
497 247
496 455
453 356
203 92
342 55
175 172
135 384
311 175
17 137
318 497
60 267
170 5
84 357
370 318
387 453
53 471
426 236
92 401
345 231
139 147
320 187
71 314
489 307
444 234
231 359
478 262
119 144
353 148
318 55
360 75
47 57
293 265
166 473
57 238
385 11
51 196
362 57
364 122
209 203
62 160
274 440
436 40
40 393
300 290
365 359
416 161
426 412
238 62
300 445
308 147
343 37
447 359
334 57
260 311
324 43
483 323
363 98
492 420
62 404
263 144
305 427
192 31
93 84
29 282
429 245
135 337
49 124
181 82
245 383
426 441
264 69
168 261
33 128
384 12
156 95
375 499
30 314
398 67
349 476
221 279
468 130
254 208
290 17
400 435
376 36
457 326
440 493
473 477
489 473
69 357
356 498
312 444
363 238
214 62
341 64
194 288
496 309
327 300
235 139
27 79
258 463
456 484
462 198
171 281
138 303
301 92
36 346
437 113
175 251
167 151
291 368
178 213
13 140
279 357
288 100
64 306
290 46
244 372
154 104
408 268
360 144
343 209
175 249
352 280
283 202
71 20
233 75
215 101
458 99
199 494
152 246
145 115
488 294
399 241
9 494
138 159
368 222
471 481
113 395
98 323
195 397
472 21
122 281
380 39
385 432
30 431
47 37
183 175
417 387
381 434
93 278
0 371
205 314
209 323
499 318
215 159
180 194
327 39
78 154
86 207
139 463
352 117
144 38
425 388
322 413
192 306
177 416
230 44
368 234
53 291
451 219
413 268
160 483
138 241
300 238
54 224
193 291
329 258
146 338
251 254
412 469
237 295
340 442
176 319
110 60
279 81
350 413
249 44
137 10
100 387
463 438
81 6
265 9
199 411
17 263
232 302
98 282
76 321
140 290
350 252
334 103
16 481
25 36
398 265
4 163
453 350
357 468
329 34
297 122
385 28
330 167
449 470
291 428
70 25
129 284
387 420
401 315
351 403
21 279
442 101
452 25
345 395
281 309
283 174
54 79
246 168
490 385
165 47
72 134
418 236
8 53
369 305
208 262
41 72
174 81
459 335
230 126
287 304
331 363
442 70
90 385
122 40
87 81
215 288
24 11
65 133
290 384
146 286
358 350
432 39
374 384
362 391
47 456
320 149
219 230
468 114
155 162
243 90
378 94
106 310
295 254
139 23
161 85
435 137
177 19
256 367
110 51
8 118
268 10
240 180
294 339
1 208
151 301
396 96
258 29
136 354
229 53
138 275
264 242
113 426
145 441
345 369
488 256
118 205
385 108
299 358
419 31
185 153
249 70
451 433
139 360
413 87
214 368
110 404
330 479
272 223
445 475
83 117
174 433
393 201
412 411
443 192
345 331
253 128
61 447
307 204
144 200
420 220
476 210
41 382
457 306
134 314
283 402
187 217
271 458
369 80
273 183
366 164
144 470
417 119
175 57
109 76
149 171
382 381
263 125
284 275
441 73
327 418
487 225
35 15
95 258
293 256
273 220
43 159
130 417
327 312
389 158
181 436
318 38
15 415
191 433
6 299
69 132
209 334
201 57
167 244
353 148
369 461
472 126
395 264
76 455
465 222
159 465
355 146
62 329
262 371
22 253
237 121
307 92
1 447
43 8
156 168
481 396
374 377
141 306
113 270
492 218
35 78
224 3
184 391
114 138
243 299
420 136
228 481
428 79
87 81
102 471
220 95
473 83
241 94
216 466
36 354
432 61
416 72
463 9
147 101
400 429
65 391
372 172
103 146
227 152
475 190
137 329
265 47
142 462
429 6
213 210
271 465
37 145
6 188
141 352
281 154
397 393
417 199
345 269
273 20
62 424
106 100
148 199
162 371
229 142
352 443
408 294
292 476
16 298
2 298
452 157
50 136
335 349
470 467
487 32
456 95
196 401
100 414
285 344
486 114
57 367
161 190
166 318
468 453
104 182
339 470
106 56
258 241
60 293
325 80
176 399
300 134
48 224
68 401
15 186
405 406
96 425
243 66
372 263
445 63
33 476
384 137
230 492
137 494
427 291
190 315
449 455
179 491
244 349
35 99
5 111
388 440
359 453
216 131
46 83
411 14
3 80
424 147
142 233
24 61
376 69
24 67
410 177
27 55
154 6
117 414
207 159
112 6
489 418
353 181
47 36
468 264
411 402
135 392
305 405
326 12
79 34
211 202
257 341
347 90
5 411
422 316
322 64
482 387
68 164
52 335
451 467
369 20
264 362
120 4
368 421
455 446
149 299
140 19
109 406
170 339
156 466
30 92
479 330
494 12
199 399
366 46
418 150
365 87
444 34
456 485
283 312
464 263
134 284
43 104
444 96
62 213
157 452
282 445
309 137
388 277
175 9
159 107
194 446
480 376
361 138
303 288
52 497
281 267
223 38
134 324
389 167
119 197
142 47
36 402
31 451
312 424
31 58
4 324
200 226
216 485
125 62
411 19
286 29
68 192
17 10
29 202
251 258
305 1
255 245
197 341
266 138
196 361
185 297
375 201
38 386
300 92
463 163
193 211
403 250
112 113
315 272
31 493
346 419
164 336
30 101
91 361
75 296
445 288
341 260
146 321
265 379
394 446
157 228
330 439
52 413
185 294
288 220
139 68
257 486
88 303
17 287
435 179
319 92
204 380
53 160
391 351
149 318
399 286
225 159
72 229
376 130
202 109
30 164
2 341
496 287
74 90
122 365
457 9
241 293
454 162
365 295
465 345
483 366
25 216
298 61
43 449
411 174
190 245
86 441
228 192
135 434
300 154
15 109
402 109
123 256
403 208
406 488
207 221
437 389
302 232
34 235
409 345
90 445
238 99
292 28
463 318
472 427
36 263
224 487
95 290
499 348
188 351
72 405
146 395
480 361
97 449
294 14
311 358
310 385
413 49
367 102
381 376
491 191
30 269
59 216
416 125
476 410
315 104
0 400
262 462
263 480
346 359
69 57
442 9
410 379
333 208
436 129
320 66
335 280
496 350
327 247
157 412
368 156
56 325
139 368
200 318
29 402
459 398
259 99
478 254
462 169
298 164
230 398
178 470
172 418
165 26
290 0
156 174
499 159
379 64
383 138
40 432
182 412
11 352
106 442
111 342
358 420
170 262
84 88
6 349
227 257
109 23
198 370
29 117
181 49
188 260
192 64
329 80
432 375
169 192
34 390
310 132
394 392
333 481
182 479
88 191
215 261
131 49
18 265
314 12
273 199
116 354
435 317
44 445
137 219
462 213
346 24
268 272
105 92
423 101
145 139
401 363
412 360
477 384
397 430
482 291
146 170
339 98
395 433
152 384
449 384
408 114
239 295
240 177
130 196
188 163
27 275
487 441
325 439
222 316
108 222
244 204
154 106
39 84
320 401
285 43
10 269
417 194
223 101
149 157
320 205
333 337
130 347
139 172
489 456
30 213
269 97
55 275
211 423
324 446
489 31
300 461
155 351
452 217
226 230
288 102
291 47
246 121
145 422
230 237
302 134
83 260
35 71
346 138
84 98
129 170
132 426
277 282
351 139
222 230
184 78
477 10
483 327
249 223
313 128
115 479
92 115
187 198
189 479
78 33
56 125
51 207
341 40
31 181
411 193
123 105
115 447
274 100
175 450
431 376
207 340
456 398
96 299
279 495
380 137
263 357
416 436
328 166
347 110
155 360
317 110
57 130
230 285
235 184
412 257
98 18
416 119
271 406
401 365
2 402
259 281
70 117
284 27
489 398
110 483
94 144
274 428
213 3
39 356
466 300
171 451
423 64
470 87
452 194
96 223
4 307
276 207
86 74
325 412
396 76
72 287
215 342
345 199
407 280
433 237
188 373
289 104
191 111
157 111
334 496
155 105
312 191
117 431
344 251
179 442
230 92
434 103
302 297
430 131
368 62
287 363
467 409
372 77
40 158
6 30
135 227
418 161
445 300
51 387
330 141
233 82
185 412
61 19
150 340
402 491
354 371
280 189
118 173
184 152
34 11
238 190
204 170
322 8
395 149
142 225
307 77
341 227
246 492
332 403
246 248
119 86
128 101
126 399
52 98
109 310
1 86
108 199
207 205
206 282
7 455
32 200
427 314
159 374
129 173
421 343
430 375
328 393
292 410
8 455
265 196
135 118
317 118
175 95
378 377
332 233
433 385
52 216
90 360
385 63
406 219
447 159
52 188
98 275
230 196
393 107
77 348
466 380
475 246
123 142
375 353
91 455
172 309
21 495
58 114
186 259
270 316
357 133
260 322
370 455
414 491
191 115
495 491
90 157
299 471
176 213
21 27
188 267
262 45
159 209
320 172
341 197
330 90
264 198
5 91
434 135
250 272
115 125
134 246
69 205
419 286
313 245
365 440
485 1
62 479
152 496
194 383
325 345
43 376
467 90
225 400
172 253
230 327
73 288
493 365
151 494
240 264
56 316
317 457
436 393
390 231
466 88
285 436
312 292
382 328
81 132
237 459
286 253
393 468
333 212
206 387
3 336
152 298
255 60
453 321
52 192
132 343
131 19
163 418
98 444
428 397
356 179
433 165
133 142
354 326
65 318
154 413
211 69
481 306
127 467
11 434
130 32
403 143
413 261
57 66
463 12
43 485
3 171
165 328
7 136
307 20
433 72
493 461
120 496
315 474
261 247
279 326
322 391
152 182
100 235
99 210
47 415
86 143
323 50
39 252
124 330
255 346
307 409
405 248
75 279
27 221
399 336
227 158
193 221
309 231
293 145
61 408
403 341
391 499
251 227
409 430
128 227
136 164
265 288
67 394
467 340
28 446
105 366
440 255
338 150
295 249
9 132
473 356
208 413
492 216
499 311
39 253
418 127
415 27
273 183
23 335
281 240
459 51
158 238
388 399
0 496
128 184
392 9
274 453
170 452
264 118
372 169
148 303
182 290
325 416
251 456
48 200
103 32
271 359
110 261
109 11
47 110
472 90
43 292
244 246
217 213
234 8
163 89
231 383
299 198
154 56
108 50
434 54
266 211
324 57
69 376
339 433
23 116
408 311
409 419
484 5
13 126
67 219
454 29
227 150
58 105
155 233
287 166
377 441
499 53
282 201
487 420
388 121
432 362
281 149
154 193
320 118
337 19
48 239
390 143
248 275
8 300
467 255
196 148
53 196
250 47
319 335
456 89
451 208
209 240
434 85
203 363
382 106
345 392
35 283
410 87
388 135
390 419
419 355
403 438
486 472
308 153
242 157
365 116
357 46
483 74
289 143
249 186
430 24
307 94
182 317
452 217
488 70
277 194
132 259
232 32
186 470
128 392
8 280
178 345
272 217
360 161
199 413
437 109
56 129
298 96
166 90
12 102
296 6
266 289
321 281
251 498
242 359
492 231
429 250
320 170
332 53
466 32
142 31
13 404
352 50
140 163
266 18
377 152
293 62
195 143
493 466
178 299
382 235
337 170
340 311
364 157
190 24
408 331
87 184
86 421
436 291
162 226
230 202
117 39
34 375
341 312
111 27
114 19
41 494
157 451
461 234
258 374
57 151
187 166
439 496
287 273
351 376
430 449
340 81
456 47
212 374
253 149
21 175
21 367
319 62
296 179
405 280
283 407
425 462
458 470
95 217
445 245
47 446
379 375
275 387
114 187
188 487
162 367
235 209
124 184
215 406
186 420
179 120
82 321
291 105
322 392
489 238
36 267
142 36
276 267
454 417
256 390
109 494
204 419
455 196
102 328
100 170
142 288
109 280
237 224
468 252
342 59
326 457
494 378
145 320
90 122
364 451
446 346
117 473
170 2
182 72
94 272
413 282
414 236
312 374
479 3
62 280
238 321
52 240
413 84
58 49
1 3
201 422
247 447
449 319
243 417
42 131
265 338
426 307
181 32
35 91
371 12
186 450
190 461
397 238
287 103
458 455
377 140
87 160
331 125
394 388
371 74
264 288
95 489
373 191
282 129
141 260
210 5
319 327
417 253
208 68
24 57
197 167
179 253
230 137
25 10
84 477
265 249
90 349
392 361
490 463
223 26
383 483
163 286
39 202
271 80
489 247
266 147
400 187
324 445
455 483
460 201
450 392
93 225
438 40
355 485
363 280
264 431
217 246
301 279
359 108
207 72
71 349
388 474
271 323
306 212
413 227
119 118
196 216
108 64
49 134
415 464
247 412
10 31
310 316
424 311
235 21
222 483
309 306
482 110
174 81
160 140
259 440
156 131
195 455
441 116
432 244
8 208
91 179
495 370
182 401
275 271
107 269
76 349
312 416
497 410
50 486
426 9
140 161
116 434
51 335
431 410
118 483
163 291
162 62
463 10
134 196
465 90
440 241
157 393
303 252
90 7
16 354
15 369
303 9
344 484
246 206
190 128
419 216
278 205
67 433
129 94
184 201
442 447
340 476
80 452
311 144
350 23
392 179
188 217
53 195
254 385
13 299
368 444
1 284
218 146
240 68
270 199
146 277
105 64
368 339
335 186
209 179
359 185
254 453
0 399
284 160
459 254
198 297
434 327
326 199
120 4
203 66
195 390
306 202
41 301
339 175
206 376
413 400
353 65
465 19
179 353
108 249
399 491
170 158
210 333
189 496
415 330
72 244
446 462
263 230
405 339
67 454
354 112
29 332
352 59
265 346
448 383
374 225
235 347
32 45
41 297
127 221
465 308
271 51
282 264
455 386
341 39
3 23
207 47
459 33
231 59
443 224
301 179
378 169
214 36
334 410
483 108
416 313
217 301
65 39
426 351
390 20
395 119
166 246
279 103
14 477
201 10
42 309
479 2
391 420
331 193
153 225
390 166
467 70
461 107
458 32
405 387
6 349
95 152
107 25
2 226
88 122
431 56
410 130
403 410
456 301
378 234
252 109
31 269
376 220
104 493
232 335
36 361
14 239
116 483
61 121
95 118
26 1
484 27
289 437
90 387
121 97
59 469
238 225
445 90
435 466
301 50
411 168
259 189
172 277
251 375
345 85
87 346
225 372
161 71
458 367
464 251
72 431
156 375
466 310
277 102
4 253
421 430
472 267
397 32
407 496
82 148
494 105
329 169
240 72
439 490
93 50
481 255
131 166
328 489
443 449
202 457
240 447
67 476
8 212
208 464
112 268
225 290
311 458
382 54
396 403
453 321
429 489
7 286
276 60
361 336
145 219
19 415
391 385
97 86
402 252
372 158
448 366
176 97
151 112
15 59
380 47
388 469
107 309
221 396
84 383
455 434
350 229
115 474
412 93
197 64
222 314
180 69
166 23
135 356
415 169
68 150
471 148
309 457
205 79
462 383
317 289
18 417
243 19
113 485
402 155
469 162
232 124
499 1
210 250
272 134
137 477
125 340
149 108
187 287
170 354
143 2
271 339
211 14
351 15
170 176
338 253
230 492
345 422
173 229
216 55
33 445
137 353
461 10
149 287
493 1
3 171
363 489
3 274
289 74
250 206
312 312
156 88
363 42
123 1
409 36
333 339
192 294
156 322
109 6
7 306
477 103
444 10
136 192
266 447
5 278
90 16
457 317
211 246
99 320
208 335
174 8
302 393
215 219
225 459
117 177
132 232
94 446
139 76
375 230
8 405
274 232
50 98
196 83
255 261
448 148
156 463
208 475
46 311
122 423
452 271
355 239
185 436
12 449
179 176
434 239
472 188
138 208
291 374
487 187
187 46
361 436
263 195
6 69
344 309
432 480
219 149
85 287
236 257
285 450
41 267
307 219
427 13
239 298
337 70
468 227
15 24
219 181
102 278
87 226
58 447
448 19
158 278
387 385
335 246
13 24
244 229
94 173
471 23
94 334
61 308
332 414
96 76
206 403
481 198
497 145
16 40
170 297
183 174
420 409
433 370
99 285
458 177
201 46
380 281
441 147
61 293
369 125
29 9
60 427
72 10
50 409
207 88
114 220
129 242
464 34
171 415
92 64
110 482
263 145
292 342
135 57
182 206
67 356
283 63
74 127
389 355
295 476
49 448
190 409
295 30
445 154
70 466
300 390
35 32
374 416
473 328
386 361
217 155
219 453
81 0
207 145
121 470
418 354
263 22
53 460
466 410
229 350
240 389
421 29
445 276
104 148
361 270
278 490
443 79
431 349
494 376
198 491
345 467
490 468
428 461
371 395
245 247
136 452
482 486
262 409
409 279
50 218
60 271
350 180
29 355
232 133
124 23
342 282
251 322
283 184
431 31
278 6
459 177
15 266
176 293
424 277
347 437
208 474
154 407
114 410
44 35
410 346
129 20
342 253
289 232
263 477
336 221
250 394
160 295
440 265
394 188
126 364
191 241
0 186
97 197
233 114
313 493
365 143
248 294
378 60
37 38
111 141
387 373
20 361
478 400
440 460
177 372
465 418
105 368
65 465
431 54
399 150
294 96
242 264
324 394
284 120
262 214
439 395
108 1
401 312
272 86
310 342
260 301
169 275
92 365
271 87
237 24
472 170
287 383
278 215
335 463
177 414
310 449
451 469
281 270
357 352
46 405
207 19
295 307
24 228
315 387
263 148
170 405
288 236
451 457
273 418
333 138
88 302
271 495
265 391
95 52
310 474
494 142
301 17
245 289
28 177
325 413
318 292
380 496
305 458
377 183
321 78
381 210
205 261
152 4
409 322
297 248
242 219
88 143
432 43
220 185
98 312
104 398
246 268
227 336
19 403
482 456
166 193
454 215
71 223
397 107
207 480
199 194
189 301
344 287
473 121
286 416
166 423
192 390
79 412
316 271
227 98
291 150
217 245
320 98
57 288
269 217
264 264
65 320
460 453
427 261
29 285
208 213
103 196
460 252
375 34
133 128
278 102
199 276
374 347
136 19
237 431
47 257
77 1
454 464
225 37
174 381
94 107
303 383
487 50
84 115
244 363
317 69
346 374
222 17
36 220
4 210
467 273
126 51
16 396
286 81
462 93
200 460
195 409
459 355
471 183
398 43
465 215
441 67
436 311
383 15
77 473
98 387
439 44
293 225
306 455
400 79
391 120
29 101
456 87
122 340
236 427
494 372
439 201
12 288
303 376
201 395
283 381
277 151
376 74
381 422
353 34
7 281
382 245
184 36
377 191
470 158
30 113
166 317
457 321
49 178
425 260
493 250
402 60
134 123
397 130
165 15
149 251
348 172
60 383
74 32
190 289
254 397
214 72
245 420
450 171
283 295
397 376
436 129
104 151
282 71
438 1
104 299
323 87
323 452
336 235
25 397
146 378
302 131
52 212
383 48
343 2
230 19
0 92
244 167
90 456
309 378
29 380
320 414
218 204
439 143
40 407
285 316
448 39
251 88
488 0
354 487
6 183
275 437
104 358
166 371
249 46
426 475
389 130
334 246
241 460
367 126
442 134
173 152
92 390
242 424
411 432
115 449
386 269
479 391
114 342
388 145
121 216
346 166
265 10
322 33
159 6
140 189
194 101
492 313
238 286
71 86
35 1
271 186
429 273
115 250
396 44
112 355
22 17
379 458
491 139
497 202
243 2
104 138
303 437
76 448
34 393
395 147
333 422
47 18
268 115
11 163
18 16
385 123
81 392
383 117
319 425
427 381
19 62
352 383
331 174
68 428
75 218
492 315
333 260
375 39
54 453
470 386
361 425
317 207
324 443
220 201
434 495
410 499
383 305
479 262
190 66
284 399
214 117
377 128
168 47
353 105
343 74
499 175
382 205
0 317
370 207
202 72
71 156
461 112
374 454
21 440
340 416
33 157
286 54
454 263
220 306
380 159
334 415
120 380
49 216
423 472
44 271
427 478
90 116
422 388
180 317
85 295
453 20
427 471
234 91
397 233
392 306
221 277
9 226
294 194
18 58
181 70
48 63
31 108
348 490
159 453
101 29
401 245
216 54
145 180
413 302
460 394
23 157
235 181
227 33
91 30
100 246
309 273
233 0
342 192
497 82
463 2
99 98
152 364
45 167
469 149
395 310
468 429
462 419
452 55
85 190
436 395
20 37
389 97
289 254
188 232
86 286
385 151
367 185
352 389
391 264
75 173
102 286
205 395
450 416
106 9
405 388
277 394
343 277
383 19
251 132
271 423
74 337
22 8
397 294
58 226
399 140
279 133
380 1
269 336
346 183
71 228
122 103
232 200
219 318
450 116
39 470
159 221
81 466
260 33
259 331
471 170
156 158
11 250
439 36
219 281
9 285
240 142
343 483
301 472
440 414
237 104
177 480
298 396
430 259
90 58
80 41
200 413
16 236
125 211
344 455
92 196
339 205
189 332
156 34
300 342
446 97
77 37
286 476
235 375
285 216
109 177
90 365
454 309
21 106
61 79
275 217
423 5
337 466
352 112
306 494
91 153
190 105
81 20
247 476
44 168
345 384
101 154
315 287
246 55
486 188
406 307
313 114
80 329
293 2
348 433
438 99
56 291
311 128
457 489
157 410
294 353
359 354
494 396
451 175
363 240
399 290
404 269
98 64
67 484
269 243
195 415
59 59
40 251
93 222
133 497
202 250
457 427
175 62
237 451
43 479
269 100
222 442
7 173
9 172
416 426
341 131
190 111
214 252
475 230
79 307
410 108
387 282
196 219
170 63
42 433
385 213
7 311
336 107
280 14
440 345
328 48
11 134
386 19
101 225
385 361
321 181
315 295
14 61
124 11
296 36
101 18
181 181
141 460
475 17
214 273
321 267
401 43
62 184
261 140
353 163
196 146
293 27
88 11
22 159
47 212
230 318
352 0
461 263
280 493
266 436
203 494
389 439
123 457
97 303
319 384
383 302
329 15
379 176
188 417
481 401
72 235
236 211
474 276
269 197
485 106
453 387
178 188
497 342
498 153
389 446
249 317
332 272
301 430
348 211
465 489
224 329
393 389
165 312
9 219
178 286
173 494
35 131
325 203
356 384
331 323
140 245
18 432
362 325
36 319
160 210
392 353
242 236
49 137
356 259
45 410
257 34
17 70
273 292
28 343
166 129
227 211
143 159
484 97
268 6
68 372
78 428
164 312
449 320
80 213
476 158
192 477
48 233
377 62
405 173
155 405
117 423
434 382
479 260
118 418
143 247
27 39
351 221
393 43
257 153
311 325
303 85
318 355
417 351
24 195
100 322
98 179
413 217
330 32
303 244
343 300
339 446
167 370
414 43
196 60
238 23
108 7
362 41
244 426
121 280
454 120
152 73
143 52
437 65
310 473
125 240
186 153
376 465
8 205
117 290
165 56
415 355
396 273
51 277
409 492
113 24
97 216
120 265
182 240
65 57
297 344
498 191
8 335
40 226
368 16
424 158
365 33
158 339
468 114
106 209
85 378
446 219
336 182
275 66
124 19
363 340
383 273
109 213
439 391
259 149
159 159
192 183
22 377
491 350
411 491
221 97
317 496
31 167
233 5
24 306
498 209
483 240
305 382
273 92
93 97
256 385
68 105
482 449
151 91
434 473
70 415
263 155
174 239
245 294
452 407
469 121
361 451
185 452
396 19
116 310
195 489
446 372
173 264
207 428
253 325
240 493
0 324
415 355
150 174
433 12
134 102
405 402
206 347
218 90
401 102
444 334
207 96
212 390
171 380
57 271
264 424
100 149
5 264
290 16
380 7
109 224
126 366
66 15
457 185
287 284
119 358
307 83
326 178
410 371
143 497
421 468
469 259
376 374
242 326
333 166
390 122
489 295
162 369
54 55
191 119
330 193
129 310
488 489
360 455
304 399
219 355
467 225
451 40
367 343
9 193
316 52
347 400
121 157
64 9
481 27
220 255
66 163
152 349
156 406
157 364
72 460
38 376
269 39
382 489
183 488
40 243
495 351
8 388
249 116
143 72
179 82
245 216
417 245
4 397
114 74
34 161
390 186
225 424
414 159
147 459
202 449
152 187
427 198
314 160
84 29
111 310
26 263
361 357
106 443
369 365
378 220
406 256
180 268
427 483
442 446
395 74
114 497
195 399
59 393
422 361
171 495
111 34
243 49
345 324
41 201
422 214
470 419
188 180
16 3
449 115
42 458
307 197
96 8
401 2
364 8
355 324
210 387
437 466
142 305
6 282
348 183
103 280
461 171
174 291
258 477
287 475
24 152
160 95
449 121
481 62
238 165
53 336
155 300
105 342
476 297
333 463
244 324
495 436
79 57
34 21
497 337
342 173
120 21
494 2
416 70
87 327
16 154
306 140
334 171
320 411
375 310
487 5
441 471
28 482
4 372
62 414
439 353
374 404
406 60
482 221
48 323
329 69
62 64
87 136
399 248
59 260
265 126
97 398
380 59
431 477
391 236
441 493
397 331
243 316
37 156
331 225
146 437
2 160
148 60
309 89
349 400
26 368
266 115
26 476
453 498
87 457
451 197
28 28
196 200
208 271
348 85
23 39
52 346
407 25
466 52
452 216
436 168
135 331
307 54
52 161
118 112
309 491
372 421
474 189
312 68
6 182
222 12
359 29
406 274
326 266
482 224
392 131
462 418
472 27
40 121
85 376
220 159
432 395
436 92
12 406
441 101
113 18
47 163
289 472
238 305
30 467
450 72
342 422
302 412
385 314
43 342
353 471
218 263
207 286
44 154
255 219
238 485
0 221
193 137
443 141
461 284
208 473
247 411
176 51
217 49
244 413
384 260
375 97
235 102
109 82
154 132
469 216
437 392
381 322
315 483
267 176
149 276
40 475
378 249
150 68
481 96
356 394
344 366
320 84
166 431
63 429
146 320
64 385
207 435
418 298
474 22
151 37
365 476
225 191
111 243
339 227
474 92
310 48
132 318
101 483
264 298
471 165
50 410
346 387
185 109
131 116
154 160
136 282
325 19
262 213
440 288
233 102
2 414
84 43
378 134
432 186
203 143
405 255
143 105
214 103
220 180
340 197
332 374
245 328
393 157
446 7
461 334
100 31
426 463
97 185
223 305
448 382
489 426
31 353
457 484
165 97
294 29
403 357
38 126
136 148
7 431
117 434
465 469
284 70
107 391
196 234
468 330
256 496
350 457
442 139
236 159
188 459
168 382
9 443
443 206
490 497
431 302
123 107
177 396
287 408
494 284
466 484
332 462
419 74
213 182
193 213
24 301
36 233
28 193
399 397
394 471
274 389
349 325
221 249
157 378
15 360
196 151
465 481
56 29
63 385
450 121
275 257
342 475
168 311
208 371
194 419
161 102
427 320
70 10
240 0
360 79
231 255
237 57
86 196
433 293
266 149
258 236
63 41
352 101
324 83
2 412
14 18
339 15
25 293
293 261
340 266
373 6
63 423
120 110
255 1
2 405
493 22
415 113
214 56
139 268
180 38
408 494
9 47
340 247
8 387
5 486
492 201
124 378
489 407
260 244
2 244
118 114
227 347
404 34
154 293
183 43
389 186
233 92
191 399
286 426
412 52
253 291
169 256
163 377
474 10
107 275
389 328
175 225
111 117
410 79
475 265
304 94
38 364
115 37
315 229
281 401
44 227
483 34
264 66
76 498
273 238
66 183
261 15
132 241
321 372
490 394
340 148
12 294
183 378
108 128
381 351
78 241
128 426
492 414
264 392
482 420
104 390
405 48
141 217
89 37
431 314
462 431
77 124
2 327
307 113
464 462
204 188
466 394
308 184
428 310
231 425
315 410
310 187
404 220
109 451
118 345
277 40
164 80
259 206
319 19
481 66
107 283
178 37
73 425
236 338
263 1
263 319
358 78
150 425
377 262
107 259
152 495
427 236
295 168
187 187
105 114
250 21
410 212
138 280
470 484
337 226
45 86
16 101
378 255
17 167
426 255
102 476
65 78
99 382
421 360
326 286
159 26
91 76
208 70
54 81
307 179
265 243
196 204
459 133
300 75
182 328
156 79
9 137
371 221
81 108
247 292
170 260
188 406
476 261
194 397
428 382
478 1
57 45
178 174
249 368
48 331
410 284
421 205
426 419
28 292
436 360
120 275
181 106
220 308
57 10
244 414
268 337
382 222
397 177
46 413
244 498
282 94
299 154
73 55
347 78
438 453
80 283
390 410
70 262
124 462
376 480
317 368
443 144
322 200
465 340
190 220
166 209
215 473
28 466
396 140
446 228
363 186
96 26
140 105
67 18
498 264
485 444
440 316
368 428
120 262
334 333
394 310
135 1
319 461
101 16
96 215
401 47
426 459
65 349
367 66
331 132
76 218
34 168
448 17
131 254
87 68
230 466
467 333
294 218
234 286
353 247
147 182
141 106
455 73
139 206
339 174
392 322
342 267
136 278
32 290
210 120
86 471
156 441
11 405
43 450
50 97
279 396
354 49
122 420
479 309
335 113
288 318
437 228
358 482
273 426
46 391
214 483
276 484
241 371
173 139
236 284
32 223
272 15
288 386
47 246
212 267
437 382
462 352
334 374
152 321
64 459
295 198
34 278
149 71
63 275
59 323
398 299
167 443
329 23
121 455
222 228
111 185
37 159
385 425
98 224
183 38
88 162
293 478
402 123
398 442
117 465
264 310
253 368
391 283
238 83
163 12
198 312
471 274
52 87
311 209
99 150
313 347
325 187
162 106
400 227
44 61
371 370
238 161
444 124
59 481
345 183
347 223
349 395
483 171
380 401
52 146
493 479
18 217
175 171
398 33
94 75
297 443
456 317
293 387
368 400
435 205
428 214
109 283
454 129
383 444
91 334
165 435
4 436
107 35
68 179
106 358
153 14
331 404
291 109
9 477
182 12
226 445
80 462
91 187
132 34
220 474
261 75
11 237
124 265
444 471
329 193
59 403
307 482
91 243
220 450
462 452
249 402
364 40
228 329
363 307
282 360
287 435
172 395
161 298
269 149
194 457
360 450
432 253
496 19
322 375