8600
475 131
313 250
433 319
296 344
24 165
140 235
7 121
456 61
97 432
98 271
325 171
326 324
227 227
467 268
87 87
70 462
64 414
234 383
79 498
163 382
118 455
76 303
217 125
410 32
156 166
189 360
184 333
61 15
135 412
351 380
342 75
489 421
156 407
405 75
458 88
43 420
223 76
53 472
356 292
458 463
175 12
346 147
15 360
124 259
491 150
225 327
100 334
93 67
142 108
196 350
270 100
28 92
64 345
138 82
397 272
285 448
96 73
285 131
242 111
113 261
88 233
419 191
258 188
148 364
214 252
353 345
289 336
34 381
315 205
477 172
120 213
286 262
245 68
31 423
184 339
73 497
188 272
312 344
209 298
50 460
157 275
112 255
489 446
3 146
170 304
369 481
95 142
63 7
430 193
32 94
91 114
238 457
302 279
429 50
363 11
286 480
235 20
319 250
248 224
381 322
155 418
413 250
258 251
444 476
70 188
155 328
286 14
145 393
296 88
451 75
55 11
31 237
340 142
219 202
377 88
359 100
202 32
135 272
100 312
353 431
260 22
36 8
253 398
486 182
109 49
60 437
26 16
158 444
498 366
307 229
181 375
260 166
290 236
48 247
31 242
264 401
409 291
189 301
335 15
64 27
316 444
312 477
273 342
61 322
52 271
499 220
238 85
321 111
210 28
270 370
271 241
384 386
187 33
48 425
452 374
170 464
293 268
463 482
305 66
190 376
96 209
294 41
152 334
214 116
338 214
456 336
222 461
494 340
266 262
136 394
211 70
191 307
289 4
423 154
30 446
7 113
6 478
312 154
122 10
224 26
214 460
421 180
373 436
198 268
14 491
413 335
494 77
82 104
258 135
82 357
470 140
118 441
95 476
486 282
308 217
29 62
95 374
311 303
423 320
311 361
196 437
15 224
181 190
178 449
306 439
432 112
53 128
456 50
333 1
218 442
356 493
368 100
403 451
271 31
392 326
115 434
11 441
483 130
431 192
131 161
273 237
365 415
466 327
328 321
115 151
496 398
498 472
275 216
247 401
79 47
481 492
433 195
177 492
184 416
78 109
346 168
83 351
30 64
237 401
52 210
109 353
177 401
117 459
213 452
499 365
357 292
487 333
177 142
58 17
126 362
382 488
340 324
388 317
219 222
433 126
331 123
24 42
1 360
312 142
359 66
359 164
349 68
62 198
215 26
240 120
109 341
166 122
440 301
23 406
384 11
134 456
350 67
427 11
5 204
270 92
108 216
136 481
180 457
335 198
318 247
441 76
50 279
80 459
365 342
353 456
412 102
169 340
351 115
171 97
41 208
424 441
275 149
106 60
258 455
54 441
369 428
208 495
454 420
114 140
96 172
274 320
160 361
476 295
244 363
71 147
440 285
434 347
407 215
22 40
334 165
93 77
424 55
475 153
294 231
403 442
262 390
251 29
176 274
137 79
78 421
206 60
407 371
86 141
33 314
331 461
390 219
275 276
430 314
45 102
44 224
466 300
181 158
432 70
1 358
279 421
481 80
451 337
330 240
406 389
202 216
435 89
366 92
259 62
165 148
372 304
457 61
220 190
260 138
348 4
426 262
194 479
317 259
352 497
386 499
215 258
348 441
33 3
65 66
214 292
449 82
496 438
128 258
248 216
220 241
3 97
428 498
258 49
46 97
97 110
220 284
225 312
167 420
486 259
403 233
167 52
490 352
110 163
379 471
212 359
308 452
302 67
468 236
334 412
374 14
298 431
95 95
367 24
135 263
348 206
258 38
243 15
179 101
72 205
416 410
214 136
55 224
313 17
429 23
389 147
430 304
251 187
63 377
492 118
324 198
89 340
208 83
36 332
37 387
149 460
448 454
30 364
233 3
378 343
342 162
318 267
306 124
2 69
40 370
420 494
187 364
299 9
341 247
134 335
147 231
37 135
499 95
98 67
263 232
247 328
95 105
230 417
487 254
124 232
78 27
243 44
406 117
364 395
230 99
182 350
486 230
325 219
139 337
422 276
104 402
7 21
438 52
306 89
173 277
156 430
326 252
221 400
295 84
184 438
288 377
107 366
438 126
316 433
61 77
479 238
259 165
217 338
428 49
327 375
305 101
205 483
383 484
420 427
217 30
260 104
323 357
484 367
152 261
338 300
390 213
231 169
7 1
50 300
176 435
389 229
213 333
169 94
373 448
479 90
46 90
448 239
458 369
482 284
436 463
28 172
341 178
179 259
60 201
488 81
311 236
421 377
324 24
324 91
181 197
140 303
394 227
449 440
224 205
168 431
456 160
338 196
308 297
350 369
450 220
308 339
68 113
489 229
320 392
442 314
469 1
229 82
374 364
421 30
461 98
110 89
137 417
67 300
21 297
17 269
460 323
437 325
55 29
273 278
92 375
229 215
149 62
278 310
340 23
473 199
140 153
423 435
87 129
427 342
111 108
284 296
122 72
453 221
499 29
256 226
294 444
6 485
295 295
171 136
187 487
141 144
432 327
456 64
406 19
480 235
32 369
441 264
337 6
35 394
473 336
132 291
129 267
62 138
126 276
264 233
230 313
140 257
173 162
33 449
36 431
300 13
277 68
426 242
488 114
303 461
105 461
80 435
426 86
362 495
228 404
218 478
235 310
324 210
11 260
191 358
223 48
468 492
86 1
467 395
208 426
240 122
410 165
251 320
315 188
92 114
444 396
206 162
373 32
292 31
241 384
284 484
328 464
317 105
352 414
192 137
259 60
226 432
253 21
61 477
443 420
316 6
168 388
420 375
258 41
278 64
400 499
315 414
19 228
494 133
270 371
284 187
119 381
255 10
339 224
145 316
322 135
375 313
188 491
384 147
211 298
149 14
429 112
192 465
98 300
172 187
226 220
453 308
318 345
422 60
377 9
496 67
380 51
394 371
18 421
219 131
497 82
194 221
186 426
79 386
425 136
208 103
411 151
349 161
74 81
90 271
338 303
354 439
310 70
343 101
232 181
263 415
136 229
8 309
47 322
310 87
42 473
124 18
31 453
34 473
244 105
408 476
415 434
5 115
216 78
259 200
115 300
381 374
183 103
277 241
180 230
203 87
457 222
175 180
153 489
446 209
38 250
184 207
322 453
31 41
242 390
42 142
16 209
313 423
165 51
282 90
30 197
420 337
17 487
476 95
157 23
273 275
482 195
0 309
351 304
46 384
26 445
6 88
363 395
446 171
114 380
78 80
418 144
483 498
445 287
310 312
87 102
149 435
245 69
225 150
386 448
245 271
211 412
159 251
423 74
455 106
186 389
33 385
383 456
244 16
328 328
283 406
342 267
336 432
434 439
387 413
36 172
85 132
383 247
174 244
202 158
47 481
366 389
345 432
301 101
429 441
348 129
397 64
349 190
129 85
499 135
308 368
0 35
135 245
341 235
246 309
142 44
285 293
226 8
109 130
72 379
8 390
307 420
462 257
195 156
291 443
311 194
81 99
196 311
398 68
377 38
82 144
290 371
379 367
349 368
247 340
83 273
45 255
365 390
46 7
302 60
106 189
141 113
276 39
108 337
375 175
319 337
209 457
176 461
329 440
133 378
151 76
184 216
458 197
56 49
461 4
45 359
324 419
458 186
24 101
128 66
256 399
209 447
261 465
257 237
115 90
167 390
106 267
316 351
252 416
420 224
83 213
132 318
4 408
361 442
361 28
280 489
288 117
434 341
78 49
140 191
434 194
313 159
10 392
309 129
205 114
327 81
399 289
49 311
105 404
284 262
251 466
435 416
257 391
441 221
265 336
382 433
92 199
91 47
28 102
68 252
334 233
374 395
58 233
489 275
37 15
482 126
42 140
32 269
491 152
340 473
406 256
307 222
121 350
304 398
3 149
382 372
267 337
422 257
32 177
192 264
390 422
62 26
148 284
436 94
67 139
247 128
202 325
175 54
304 323
472 479
351 307
144 207
464 470
499 419
183 348
270 44
70 425
61 333
427 218
209 350
478 347
24 456
362 181
356 200
31 167
474 329
36 235
57 471
242 352
200 57
453 425
202 471
156 375
446 263
113 83
282 155
464 92
125 307
359 326
345 481
162 242
477 320
143 50
402 35
444 237
162 103
426 397
272 216
479 82
17 70
226 445
37 300
459 42
368 14
347 318
60 214
386 10
60 390
277 381
118 463
418 221
470 132
348 196
130 94
165 179
124 499
151 243
285 13
27 110
280 153
219 375
237 341
83 457
338 297
112 360
433 456
440 382
78 403
349 288
468 60
60 366
109 444
458 211
174 394
400 485
212 454
147 471
429 449
99 230
90 119
428 211
94 23
278 368
157 24
437 128
494 477
421 349
60 456
202 231
69 86
41 454
426 281
83 188
271 207
326 182
245 361
237 254
123 339
216 15
495 132
461 5
354 342
298 234
466 266
353 0
307 35
316 394
434 233
292 251
433 205
419 118
225 179
370 156
171 200
184 438
443 19
361 145
379 297
416 159
11 345
232 269
15 170
403 401
152 449
7 47
18 86
117 426
82 243
295 487
278 105
476 479
124 221
371 337
348 355
53 287
408 212
382 285
186 423
372 138
185 339
277 231
157 203
298 394
233 91
49 93
72 11
85 25
363 48
404 456
95 63
275 457
94 3
426 158
148 281
120 150
382 333
389 249
143 391
483 39
133 228
240 384
409 57
106 325
133 124
188 362
319 228
83 463
473 413
46 361
11 473
159 18
267 245
137 48
87 262
491 472
356 72
130 83
408 117
242 88
450 393
473 430
245 269
34 56
417 71
44 81
99 280
26 203
103 219
481 15
339 43
115 472
407 195
312 97
185 315
60 406
336 487
256 33
441 434
5 143
76 210
491 401
105 27
246 369
236 60
103 80
404 75
122 71
168 312
479 434
193 206
193 40
73 29
315 302
445 15
77 172
74 373
400 68
289 31
91 499
79 25
452 195
266 483
295 74
361 286
344 127
167 54
435 38
340 92
459 103
275 137
362 37
457 349
380 262
113 247
124 324
19 192
28 429
3 137
275 175
302 216
122 120
158 469
62 58
161 350
339 21
410 288
138 201
315 368
115 370
194 429
473 91
20 65
54 353
29 376
92 330
302 183
5 215
125 312
162 67
440 138
426 353
406 351
71 416
287 221
2 38
129 333
251 328
181 2
378 305
487 62
246 322
37 289
453 251
170 14
4 115
320 462
165 283
199 226
300 236
274 338
24 302
482 404
406 275
432 164
226 136
458 420
61 324
75 348
362 15
482 97
60 219
2 155
381 225
314 201
392 181
336 88
344 416
191 318
482 102
238 475
395 61
237 49
397 309
176 165
262 111
330 10
165 174
400 184
386 399
80 66
6 130
46 416
235 351
305 89
64 69
482 396
445 312
473 220
237 194
305 1
11 499
174 136
320 29
428 426
492 58
40 360
129 498
201 86
27 216
285 359
255 92
256 120
192 52
246 229
230 429
428 51
39 93
474 454
232 212
122 254
115 224
75 163
101 244
460 128
487 129
73 97
217 94
146 181
410 409
338 392
444 492
437 119
73 335
47 412
166 158
382 170
185 133
377 309
290 286
267 189
139 129
224 340
21 356
118 370
263 283
127 308
279 59
394 65
329 205
363 294
464 495
129 97
259 149
287 358
400 49
178 55
247 39
247 402
125 121
404 217
378 388
299 32
449 157
214 193
339 278
125 77
175 155
156 106
465 286
335 444
499 217
256 365
268 98
219 355
73 393
133 124
8 451
460 284
477 309
87 175
252 169
324 212
319 279
65 481
425 136
353 252
118 276
374 461
316 238
483 94
70 241
192 116
400 78
387 153
328 229
398 326
390 432
212 75
56 209
197 129
382 481
109 50
363 0
238 483
429 180
421 73
189 499
429 466
119 441
22 168
494 299
83 273
348 385
446 147
277 256
237 144
46 11
11 346
181 410
90 101
174 111
110 363
329 215
8 392
60 300
451 382
155 407
144 35
182 355
111 90
86 311
322 200
398 133
395 333
286 80
43 337
200 312
379 5
397 382
182 387
270 310
217 486
21 277
133 361
451 55
367 96
297 390
23 189
375 195
127 418
255 13
326 170
176 307
189 205
445 425
235 224
210 67
344 452
313 83
490 329
426 117
7 357
47 223
418 382
152 274
287 46
68 259
418 113
171 244
22 108
184 468
35 257
210 246
181 379
209 375
344 171
29 135
358 203
437 428
54 128
26 89
200 341
307 95
191 119
79 330
298 213
471 263
361 333
212 33
260 42
213 273
408 457
160 94
374 118
99 98
39 428
270 125
220 240
211 429
259 412
477 290
405 57
390 448
333 266
160 454
228 446
403 225
320 488
459 63
13 46
475 58
35 53
145 97
26 256
20 208
498 285
194 349
150 403
21 84
390 483
429 181
406 470
459 332
248 78
125 270
328 261
166 100
49 215
471 163
371 75
212 343
193 221
476 406
342 343
178 497
30 84
55 460
144 437
367 366
136 392
6 492
444 316
31 24
40 493
420 355
198 263
337 132
390 243
438 313
163 84
169 469
429 193
482 76
442 425
170 350
342 78
394 176
52 139
132 425
132 444
60 53
37 331
426 397
210 280
216 217
186 225
271 385
461 467
392 253
455 403
333 62
90 150
289 79
5 495
291 421
326 489
172 351
248 216
496 99
168 311
388 212
450 206
173 159
413 263
19 417
332 220
370 352
432 422
269 159
433 289
278 61
412 259
475 451
402 13
176 323
36 70
128 64
224 338
101 301
70 489
209 120
325 402
177 80
239 257
398 446
359 172
284 28
331 272
137 111
435 233
155 313
377 323
161 283
436 101
90 262
383 359
261 300
232 208
317 438
237 323
496 67
95 96
220 132
243 427
160 357
22 178
1 168
303 400
353 162
277 92
451 296
96 12
220 212
3 180
3 389
456 240
188 351
483 51
330 261
470 79
257 491
11 493
245 111
125 314
406 98
394 402
414 357
422 342
22 486
227 425
17 378
229 183
87 57
318 213
292 417
260 289
282 401
364 271
438 379
477 490
244 196
406 224
418 11
349 328
105 293
171 77
112 474
31 400
465 199
469 350
491 109
11 229
353 273
4 227
69 291
339 481
57 166
177 245
425 476
269 378
455 382
356 440
192 68
119 240
442 158
267 88
170 433
58 130
358 23
166 62
43 279
445 5
103 453
429 122
1 380
115 50
342 308
228 323
63 34
192 348
288 5
438 312
294 458
333 496
410 4
284 499
357 306
259 229
352 312
44 40
90 205
365 159
483 432
466 94
294 398
256 11
175 434
245 194
43 469
474 78
430 453
259 258
487 139
303 370
410 191
248 347
359 0
432 114
60 194
92 251
262 206
140 348
395 289
258 385
316 290
95 232
490 98
237 207
77 330
21 40
239 340
340 122
88 98
292 125
228 148
354 237
437 342
131 346
84 332
474 389
122 400
498 70
129 464
146 87
479 206
46 168
142 218
317 239
216 230
378 461
198 444
286 84
430 488
172 417
158 366
118 147
69 280
97 116
55 198
256 243
263 34
253 155
394 405
135 422
383 462
406 365
301 434
422 44
461 232
450 94
93 119
252 69
37 162
360 201
444 93
127 469
124 60
465 232
154 370
332 453
170 390
176 238
282 472
56 450
396 95
66 6
75 490
4 318
19 113
58 217
186 316
376 37
270 310
32 193
146 276
18 364
454 169
141 194
496 88
35 197
203 393
383 101
272 279
244 387
104 143
459 302
339 142
452 187
381 461
238 484
200 379
48 108
303 154
94 189
386 151
44 129
231 442
221 279
19 3
146 317
119 123
118 458
145 458
272 70
407 378
110 10
118 459
466 158
200 273
425 60
42 438
380 469
101 273
128 453
270 120
95 126
84 241
52 213
284 82
460 324
186 43
354 70
81 304
430 320
233 281
71 207
28 275
48 452
257 129
249 28
154 380
121 345
58 239
321 25
349 194
89 133
204 387
44 444
116 285
418 474
181 349
124 489
293 209
339 24
404 403
283 440
285 59
150 256
134 196
390 323
456 335
223 332
128 12
149 267
241 244
94 67
409 274
335 70
447 202
105 174
467 351
262 240
349 104
300 412
87 483
318 43
375 44
408 41
308 3
247 58
125 401
175 193
116 34
89 11
37 63
414 46
139 4
109 177
441 488
471 261
304 29
425 289
183 31
34 333
391 491
245 134
179 369
255 420
283 295
358 196
243 173
29 125
154 382
370 490
252 447
328 193
334 408
440 253
87 17
9 326
312 330
199 106
378 492
287 307
3 162
335 498
475 246
480 216
207 481
428 202
395 311
219 109
362 230
247 159
338 301
132 108
66 150
142 331
138 445
107 282
132 494
240 294
10 459
440 73
275 69
380 220
329 23
253 100
111 44
345 352
313 449
100 477
161 379
324 94
228 151
145 283
429 360
319 238
311 292
361 111
184 86
109 242
194 13
57 214
419 157
107 403
232 84
315 59
5 393
45 492
275 234
446 42
280 57
349 118
229 91
30 62
156 413
279 491
58 350
360 188
91 329
413 467
378 176
69 228
72 235
469 466
361 348
257 268
386 141
85 106
20 115
381 467
310 177
379 160
348 368
197 239
58 292
468 462
43 436
172 389
356 115
315 493
261 217
210 72
30 499
115 147
114 51
80 348
8 425
145 459
199 208
0 195
9 257
46 320
210 52
20 70
63 418
487 335
260 177
28 197
345 290
193 495
343 311
88 273
85 351
412 86
133 284
393 264
85 142
47 439
9 295
213 67
402 425
102 200
249 14
157 130
126 446
258 350
476 321
25 198
284 413
197 437
201 417
412 90
30 286
433 459
26 391
316 498
50 280
295 270
253 300
98 452
154 231
52 356
407 482
395 77
14 43
313 444
35 68
354 225
184 417
160 140
138 62
194 477
247 189
341 489
293 0
231 439
148 300
282 136
213 55
450 30
474 80
148 263
488 361
130 354
494 24
438 291
268 485
174 133
474 367
368 367
306 120
420 451
87 306
361 54
84 153
233 312
427 411
124 233
439 416
292 255
398 434
271 231
364 166
385 297
164 338
310 105
57 322
129 230
285 496
149 342
154 221
484 234
319 434
350 109
216 259
193 142
225 114
132 316
113 89
280 17
123 277
451 90
173 32
380 80
423 310
383 382
116 429
363 368
329 288
47 65
60 397
11 92
408 285
227 495
364 21
150 7
449 339
371 101
34 474
284 104
486 457
238 168
388 454
242 102
167 217
466 289
381 79
365 477
324 289
162 92
451 188
28 164
118 252
227 251
207 152
461 11
31 193
0 199
153 419
488 242
384 173
252 454
283 265
407 117
209 459
148 421
86 12
265 28
131 56
208 344
355 191
384 21
220 239
10 236
479 374
399 351
157 215
480 151
269 293
252 239
13 330
195 252
132 451
7 460
156 116
307 67
88 363
102 191
428 160
386 113
316 259
474 285
437 473
266 306
398 58
388 371
123 411
214 435
395 256
372 221
140 403
267 179
222 228
388 369
334 2
113 275
60 150
476 439
246 349
407 94
465 496
259 148
83 89
197 473
46 331
234 69
100 186
266 1
371 174
29 6
133 57
60 142
82 46
395 36
130 180
176 303
303 96
37 287
260 386
217 234
155 158
344 452
305 107
281 462
468 176
86 310
305 102
148 146
182 387
67 395
50 312
260 95
382 353
240 297
383 494
152 309
261 38
145 348
310 419
447 279
89 278
232 33
179 246
133 232
480 361
26 52
499 30
384 138
436 381
227 124
285 319
210 379
227 47
318 355
486 389
20 265
299 428
174 104
337 478
192 308
212 317
199 70
208 212
445 83
59 496
168 25
404 345
244 378
85 484
373 62
327 72
0 245
350 126
457 174
334 39
208 1
71 399
111 407
343 131
128 408
433 402
99 148
26 190
174 195
257 111
35 399
497 437
415 387
62 347
386 224
225 248
147 94
1 296
280 110
19 344
99 260
408 304
494 50
246 434
397 20
272 355
292 285
172 269
468 60
284 86
335 354
300 10
158 334
445 153
350 438
198 316
120 449
499 106
392 467
339 245
101 290
427 463
84 245
305 99
186 52
258 90
452 21
355 410
64 110
401 152
468 414
215 451
58 441
260 66
312 302
444 99
415 265
362 371
471 351
256 20
110 157
30 14
277 414
24 237
390 341
107 277
229 358
299 322
388 139
441 411
363 52
169 238
109 278
129 32
52 80
89 237
104 14
428 119
357 381
222 304
82 99
457 181
3 163
302 109
20 391
296 95
333 383
13 465
349 443
375 495
232 401
267 465
436 188
69 47
352 145
244 143
324 286
449 54
15 327
71 103
198 35
271 367
332 32
475 136
483 34
435 350
167 68
256 55
102 456
453 326
469 306
444 50
104 146
473 245
348 119
6 396
263 47
79 129
266 448
482 406
108 249
169 269
176 276
84 426
252 131
289 37
87 73
219 234
479 43
162 45
441 328
227 21
150 57
357 306
212 268
370 339
460 320
448 39
465 137
120 384
274 217
143 409
143 213
257 362
259 475
155 271
292 201
110 382
40 443
63 467
158 104
276 433
473 118
107 77
461 438
8 227
489 235
301 151
365 484
459 58
329 477
30 466
200 474
269 140
107 240
196 332
266 117
87 473
50 239
29 195
274 363
451 37
40 115
100 252
162 258
235 59
378 343
317 265
257 78
171 86
271 216
333 367
192 37
276 420
467 94
458 305
195 94
209 261
365 235
345 309
221 27
370 80
197 99
177 40
478 454
170 200
68 249
286 355
276 260
355 414
72 243
337 165
426 267
354 47
208 291
170 200
132 429
28 392
432 182
488 58
258 411
160 159
366 178
439 447
213 142
238 146
311 285
52 75
474 89
232 259
311 183
464 402
146 295
477 345
403 79
342 466
477 13
192 2
301 343
486 131
129 15
152 76
3 440
381 57
316 478
13 113
367 127
274 329
174 13
444 252
70 77
91 286
141 47
390 283
266 442
309 228
156 395
187 462
19 160
138 68
33 187
166 3
332 400
265 440
192 7
436 210
348 262
161 379
14 489
284 404
484 132
27 445
407 141
301 66
486 278
317 291
294 19
271 483
424 478
337 37
99 468
231 126
5 447
289 244
148 20
152 73
18 133
274 32
98 278
408 427
218 85
456 226
209 364
194 228
117 485
454 32
158 216
15 37
281 15
35 304
229 430
415 40
72 100
378 41
468 22
459 138
364 186
402 268
496 426
411 96
480 113
181 217
254 490
6 196
353 388
170 393
433 82
182 85
478 357
232 412
403 446
484 43
311 119
45 386
482 307
272 309
26 315
305 305
354 133
21 311
205 207
141 43
480 490
200 176
440 458
404 432
475 343
463 240
126 139
298 360
169 460
275 423
228 48
181 433
244 82
141 54
449 301
292 283
459 429
387 492
276 251
95 143
383 103
242 410
270 361
173 41
464 292
340 301
234 44
127 373
279 330
132 268
403 228
157 276
120 214
466 396
39 248
351 413
323 274
487 446
487 445
237 160
461 303
199 77
302 47
378 326
447 81
309 10
138 350
417 466
214 258
6 383
148 105
379 209
155 471
268 366
379 494
149 6
435 192
240 349
27 238
319 470
332 474
177 481
447 470
80 94
329 14
119 438
147 477
300 499
217 303
149 68
74 448
141 299
148 362
100 233
203 175
2 271
252 35
357 179
125 52
66 437
375 454
431 185
36 22
177 231
151 106
54 327
126 226
88 47
132 126
301 40
311 187
222 155
334 64
116 431
368 311
265 34
219 95
118 48
131 108
214 147
474 283
361 120
20 452
78 301
341 152
340 232
239 4
68 414
346 426
237 36
70 66
162 355
255 142
102 132
279 387
22 168
288 106
410 235
36 160
165 341
425 377
233 357
271 164
90 302
190 469
36 328
35 113
107 50
182 290
177 209
377 313
419 51
286 17
178 330
23 322
51 343
52 448
112 285
439 323
145 203
383 481
94 181
231 418
208 201
262 265
78 238
141 139
157 498
180 428
102 187
382 55
3 6
291 434
109 467
22 82
63 254
287 405
175 158
211 370
135 236
474 474
465 214
64 467
395 474
161 96
151 498
4 43
329 6
473 147
229 439
193 496
253 144
154 333
203 429
17 218
192 339
405 343
310 9
484 321
269 206
56 145
41 272
278 412
59 370
161 103
99 140
136 207
40 353
134 291
9 243
434 151
346 53
62 339
12 156
362 46
44 133
405 270
182 437
159 35
139 93
85 321
28 238
443 222
13 68
163 429
432 374
279 98
289 278
435 341
240 302
435 149
420 136
73 193
228 454
48 84
405 367
458 485
207 285
205 253
183 72
298 369
319 115
246 77
271 108
262 181
182 363
499 50
243 454
409 424
8 323
191 309
294 266
403 1
254 354
426 461
330 289
257 225
154 1
109 3
36 425
288 224
126 218
173 139
63 369
44 434
95 424
42 87
88 389
243 445
406 195
484 22
247 88
89 241
244 401
179 51
127 132
351 467
107 253
474 376
162 22
446 18
106 257
498 340
286 46
241 242
264 44
485 78
319 363
116 426
477 416
48 295
263 104
209 251
479 222
244 183
202 141
398 43
383 160
58 397
491 21
66 300
378 107
470 403
329 49
465 86
382 159
115 366
117 497
219 325
8 97
238 463
358 62
222 489
238 242
263 281
433 229
188 181
84 163
212 158
96 414
73 30
396 330
327 40
365 365
462 398
214 226
288 53
42 72
314 11
144 132
213 78
259 429
92 401
59 344
110 156
38 7
338 35
75 434
152 17
416 293
19 114
167 130
202 307
170 61
45 17
447 314
95 258
159 58
254 187
196 70
78 364
251 234
21 416
433 327
120 173
287 201
331 491
298 307
220 34
403 469
135 266
24 202
260 231
270 184
106 15
231 466
201 184
452 483
162 74
247 386
87 134
125 386
193 271
157 275
244 266
32 412
114 232
315 408
444 374
241 85
52 51
235 325
160 105
179 188
426 174
308 278
164 365
136 285
60 210
476 145
57 157
241 360
268 171
398 56
141 213
116 491
316 45
2 351
391 476
150 33
311 169
35 310
447 476
38 23
169 360
17 14
374 226
250 258
314 494
59 148
491 307
353 175
27 308
136 207
241 270
440 139
449 52
380 327
202 249
109 418
284 223
450 126
236 10
5 52
52 402
209 64
92 43
203 414
122 119
241 340
479 363
267 181
360 280
29 0
418 63
286 490
116 55
65 88
140 204
106 422
339 44
88 168
82 431
402 291
483 56
419 143
177 314
95 39
39 37
452 476
467 309
364 239
179 435
492 282
56 172
216 450
118 395
178 156
300 53
109 80
76 283
98 381
420 253
142 45
373 459
268 95
186 192
480 485
267 365
389 324
274 323
71 106
114 245
298 249
330 414
50 259
140 258
363 148
45 60
371 5
452 270
315 140
125 490
208 295
119 244
67 97
55 245
490 138
388 170
84 140
400 70
328 134
134 40
453 43
48 31
154 324
316 353
343 469
116 441
37 51
1 87
332 105
95 56
226 175
315 483
405 163
297 215
108 85
128 284
167 413
237 29
382 321
290 54
347 77
129 406
345 385
342 482
38 178
205 437
273 117
280 20
88 30
116 429
213 48
461 96
125 381
202 50
456 359
437 345
103 156
393 66
400 449
479 235
24 438
55 184
56 297
328 335
265 144
44 296
392 330
63 357
408 370
229 118
463 364
372 166
84 418
367 265
0 484
275 198
382 377
174 330
18 439
435 354
2 135
465 332
189 247
117 381
499 97
314 198
365 314
232 186
304 301
286 452
150 156
33 61
243 385
176 60
414 261
396 463
295 269
16 214
95 485
434 133
331 446
260 100
139 48
350 344
148 443
451 488
401 299
36 485
45 144
258 212
175 311
80 6
220 471
308 96
229 167
465 94
195 413
461 77
274 186
481 163
151 422
221 432
417 404
49 109
321 314
126 159
165 497
320 206
303 238
257 128
74 384
149 223
152 269
307 463
126 426
349 140
73 130
34 422
32 342
157 435
94 353
202 135
341 112
350 22
2 496
233 459
34 77
198 382
345 187
113 358
498 472
454 314
237 71
266 488
276 121
326 423
58 370
334 29
403 251
248 36
496 258
335 481
215 30
69 385
243 61
385 35
349 94
165 339
179 438
59 283
206 455
178 386
267 116
220 12
49 22
280 320
301 45
427 467
205 16
429 497
384 300
394 314
153 233
24 412
195 333
140 83
321 402
370 318
331 440
315 442
262 380
277 95
415 415
432 204
53 472
272 213
28 437
23 167
79 33
218 47
482 274
28 359
177 304
96 251
193 360
240 411
359 456
371 17
74 274
246 155
369 479
417 370
37 249
134 292
339 468
95 205
64 321
477 123
226 93
454 74
337 420
228 46
416 196
322 99
107 342
321 420
291 328
77 238
382 180
1 63
268 221
395 96
219 184
278 372
298 298
218 84
130 488
184 446
397 398
240 359
131 4
332 62
152 422
455 261
325 35
108 456
404 445
130 3
228 475
273 408
344 26
14 491
289 326
225 51
262 187
43 317
379 393
168 228
489 384
271 123
431 166
464 379
383 335
310 94
354 111
489 84
427 198
24 356
259 217
256 101
419 21
414 299
27 150
386 82
57 369
387 157
389 488
175 351
445 124
87 338
274 151
349 76
284 53
270 226
179 43
64 378
30 98
101 479
61 409
130 339
497 471
311 18
221 238
362 339
177 19
170 449
25 303
356 372
98 162
205 479
357 277
228 270
249 239
149 181
20 162
485 279
149 17
107 297
136 371
390 469
418 165
468 412
284 296
458 324
155 234
12 163
285 365
104 92
273 386
49 253
385 293
163 386
183 34
405 270
92 319
484 147
60 10
158 304
129 196
431 468
484 136
1 295
387 269
156 106
211 12
305 57
443 96
483 320
443 127
298 388
388 35
397 135
439 448
496 408
376 420
57 427
74 360
482 58
16 461
325 138
47 80
176 131
303 490
469 159
400 98
133 120
255 288
88 383
291 194
115 436
364 167
380 172
82 438
252 362
0 99
31 77
60 47
389 59
71 216
314 211
331 471
111 300
183 86
280 51
487 474
493 247
419 203
494 373
235 354
305 98
175 87
486 336
395 88
156 376
87 466
289 470
270 270
356 252
303 305
279 136
236 143
346 273
498 155
361 192
290 234
173 166
2 318
258 160
388 250
216 414
236 327
97 358
110 7
312 453
441 266
409 444
69 177
185 107
300 67
153 46
65 442
260 179
339 67
317 18
284 79
258 386
244 21
380 355
160 206
472 44
488 453
483 233
341 409
329 20
418 493
435 334
13 483
51 196
66 204
283 220
458 351
372 393
248 202
261 252
296 260
214 233
467 137
398 49
69 308
153 227
62 487
471 88
136 75
280 374
94 203
406 415
309 53
107 130
382 409
170 368
454 30
19 236
285 421
81 418
145 354
193 234
174 59
135 164
390 311
14 267
34 337
242 420
50 195
105 349
70 284
166 127
215 24
297 38
456 0
206 230
316 453
13 251
268 490
301 0
119 158
495 315
87 153
201 89
291 489
273 306
285 361
237 292
330 0
352 386
116 138
91 410
161 284
274 456
456 429
440 76
243 75
81 435
25 183
172 282
440 316
29 298
90 77
77 118
4 272
410 281
43 472
256 353
310 204
486 382
458 266
194 426
213 54
237 275
409 90
258 409
207 349
426 139
257 149
273 355
488 113
437 183
37 31
87 193
428 199
317 73
499 386
440 11
138 65
155 29
439 47
248 266
405 498
0 26
381 163
128 273
309 221
252 66
111 198
397 340
265 39
426 214
78 117
182 218
248 216
116 189
455 39
37 364
391 361
376 389
15 124
346 4
70 324
22 450
142 182
221 271
337 408
377 499
70 415
132 59
248 318
209 248
464 56
417 98
488 207
332 145
149 3
179 30
480 220
254 53
324 475
235 327
327 161
429 112
171 397
67 61
161 271
179 276
374 477
185 448
93 214
69 17
399 243
315 248
301 379
206 421
248 477
491 441
53 75
324 420
333 76
348 391
167 346
323 27
476 394
108 8
377 421
164 178
278 276
8 331
252 80
409 214
8 1
428 400
320 61
490 253
144 5
351 338
217 164
410 175
35 45
319 18
48 413
41 335
167 327
259 49
116 271
124 168
421 124
37 53
158 93
99 27
217 154
318 450
477 287
184 228
99 13
426 3
339 499
326 319
369 358
481 437
458 337
313 106
11 379
472 202
82 169
175 423
374 299
438 494
74 351
364 475
478 25
25 142
462 169
379 203
141 183
372 361
467 451
182 185
387 330
351 6
430 469
121 26
372 156
7 411
386 447
472 224
218 217
238 349
53 32
215 118
479 46
497 439
124 298
480 31
37 364
185 331
357 319
475 158
70 230
29 335
59 308
25 353
203 129
162 264
234 256
154 229
169 65
215 3
34 145
361 195
26 423
243 399
57 235
465 218
53 479
288 346
200 464
94 165
281 403
11 256
485 15
80 17
20 6
152 295
490 54
329 13
412 368
104 72
291 322
301 421
268 196
161 441
107 320
75 255
363 388
256 438
455 200
207 336
484 475
381 211
224 326
195 210
283 489
163 151
72 426
474 316
258 192
364 135
242 217
105 439
377 105
158 213
50 332
159 365
76 34
360 40
251 152
493 407
58 386
164 8
325 483
27 138
274 83
300 392
183 368
326 257
471 413
97 484
201 373
259 257
297 129
133 471
379 400
286 479
487 289
272 302
441 312
395 152
396 67
435 47
157 79
344 113
97 480
353 442
199 150
279 112
435 496
249 265
244 314
456 387
190 231
396 80
232 131
198 291
191 128
60 485
99 348
180 404
198 48
199 33
497 397
246 330
95 432
99 495
234 339
423 55
135 424
407 319
462 368
348 457
443 153
353 260
17 394
442 33
418 215
465 493
324 415
200 211
58 419
111 299
206 292
69 34
353 341
61 328
286 315
321 262
22 81
475 26
60 391
459 269
263 330
98 424
487 87
358 298
449 397
41 469
3 155
348 110
439 208
376 410
24 77
158 197
75 398
290 485
254 487
318 249
25 369
456 416
66 12
409 167
136 15
22 450
413 492
200 370
132 204
281 428
477 156
55 439
424 53
40 345
446 30
400 358
274 323
187 208
375 340
207 96
398 364
356 229
100 163
367 408
189 232
389 0
439 166
219 296
141 215
98 260
118 439
262 498
58 245
437 449
397 286
150 145
226 147
163 358
118 326
411 382
383 307
474 152
448 174
242 45
305 441
232 340
190 276
373 346
147 248
386 310
307 396
43 388
98 386
212 58
441 217
376 475
479 324
350 202
248 427
220 92
432 405
181 452
298 474
223 406
69 445
341 461
350 376
262 237
147 448
17 327
154 88
264 246
448 134
413 467
59 48
454 134
438 344
318 487
394 89
386 393
355 463
191 228
317 205
5 306
485 464
405 23
269 491
125 21
488 69
118 391
377 48
244 424
411 315
404 62
456 157
472 291
371 163
368 16
322 40
356 373
248 159
150 113
135 17
87 128
19 475
23 57
481 396
63 119
182 244
254 320
463 490
153 78
94 334
226 373
246 268
279 82
48 347
364 430
58 183
158 303
212 429
177 34
153 45
142 240
60 187
177 248
326 23
209 182
55 421
41 287
222 154
1 321
103 270
305 217
373 13
442 463
349 85
483 471
211 355
394 125
373 124
499 424
106 199
472 61
348 14
168 366
187 70
340 21
238 290
155 145
461 111
49 97
420 162
369 32
9 131
107 264
188 382
433 459
20 146
160 258
124 368
291 180
201 163
305 131
129 292
255 460
409 442
104 156
188 329
312 326
90 49
283 272
231 130
128 217
327 103
471 141
321 303
466 114
98 375
19 123
83 227
21 274
283 344
25 477
303 471
373 189
461 245
375 156
373 44
147 4
497 52
355 471
85 170
45 173
296 183
410 416
43 231
75 283
261 326
149 452
142 64
310 22
179 455
0 37
393 404
309 147
118 390
61 164
338 204
387 458
375 134
218 150
285 270
96 293
98 46
111 97
120 240
195 273
310 151
407 195
195 204
94 216
381 313
369 7
466 71
57 109
111 341
463 275
421 396
443 59
8 19
259 406
31 128
131 306
354 341
397 391
107 49
214 344
351 340
411 436
397 317
10 469
96 8
256 473
384 17
36 51
309 393
373 147
454 340
34 5
248 160
209 431
127 355
48 275
211 479
296 311
132 108
468 159
132 229
246 77
128 17
410 283
282 438
130 135
492 88
248 164
448 240
448 309
85 75
406 496
307 148
109 55
214 440
169 77
6 346
215 267
402 135
425 477
113 185
273 407
424 105
198 22
331 372
299 146
142 268
417 206
261 301
241 26
455 475
173 262
30 462
449 389
218 432
117 374
133 331
289 243
117 57
429 339
485 300
69 81
139 127
428 338
364 252
227 22
284 171
485 252
493 314
99 434
160 212
395 68
311 294
351 36
375 428
81 133
66 212
191 150
488 205
457 472
494 204
227 36
288 130
445 213
147 134
198 396
464 160
454 93
482 276
56 157
142 209
422 137
139 208
413 113
85 479
35 222
258 79
210 263
476 399
33 7
403 475
135 83
176 219
347 441
451 10
220 256
393 93
154 142
255 385
364 67
142 341
272 400
15 252
151 334
193 343
318 36
119 96
168 306
247 148
158 15
271 50
144 230
372 17
402 298
217 480
173 118
370 211
464 297
132 385
228 115
4 325
274 399
205 123
123 442
309 304
207 134
364 433
450 351
1 89
69 204
174 70
282 94
391 45
282 98
213 375
53 363
114 69
45 179
473 171
475 168
302 282
215 34
237 19
108 17
221 238
161 29
123 396
293 295
393 366
94 427
290 458
28 147
326 256
427 73
93 299
433 255
289 396
415 149
18 27
117 375
404 240
488 278
73 379
245 281
60 318
277 191
190 203
459 305
230 16
167 387
142 323
71 453
454 431
310 486
213 472
212 428
206 117
496 52
185 132
450 94
285 246
449 79
384 476
344 408
295 466
290 364
317 289
73 361
200 271
243 383
311 413
383 308
212 370
354 379
473 398
144 304
236 111
439 93
353 472
439 283
499 1
290 81
442 316
439 215
99 494
260 35
195 410
132 143
374 407
305 486
143 348
311 449
394 379
351 250
385 248
101 142
223 385
53 391
107 18
12 493
380 58
320 124
267 75
482 453
439 142
342 140
89 434
313 153
255 336
436 17
159 140
377 37
280 383
401 431
276 239
297 265
390 156
231 118
71 9
3 65
205 362
149 345
350 147
483 462
331 457
98 271
308 491
226 475
258 88
328 127
244 34
190 477
95 134
144 273
339 18
233 147
345 44
191 382
196 47
5 26
297 28
371 455
282 457
46 97
76 41
427 226
203 320
307 118
243 151
169 303
302 82
479 402
136 499
47 22
49 333
361 52
359 198
156 84
181 141
34 202
280 109
281 462
432 335
486 440
243 175
258 8
262 398
397 89
111 399
232 444
348 12
211 445
29 59
201 367
69 62
171 235
197 201
36 304
245 481
157 375
383 340
238 267
356 145
44 488
284 467
480 128
73 485
44 191
58 454
16 245
333 479
32 39
344 382
364 420
295 441
281 21
288 30
176 372
360 496
315 72
53 144
129 295
338 126
433 174
271 248
79 449
489 456
339 111
32 185
126 55
76 179
210 407
131 216
212 238
162 491
488 27
175 215
194 469
495 365
466 127
428 267
223 45
9 417
102 414
469 393
72 80
488 397
113 282
372 119
463 177
57 35
250 451
420 84
449 296
275 416
35 415
313 204
121 110
25 322
215 76
156 346
244 287
422 496
468 357
387 294
181 431
234 296
380 284
80 154
422 329
97 356
60 309
420 262
84 33
461 445
291 151
290 470
466 387
97 212
359 434
217 484
280 40
176 451
458 160
341 257
465 232
42 290
52 377
262 462
259 488
139 224
194 402
290 430
494 12
299 387
223 205
98 16
320 355
367 274
31 130
362 208
351 348
225 404
218 403
244 488
64 329
232 383
165 110
122 374
261 160
365 421
290 336
191 315
90 462
92 58
118 473
322 306
63 321
225 399
239 281
111 469
204 303
413 195
69 370
382 36
309 182
370 99
415 451
265 61
471 5
478 357
16 441
263 152
404 79
212 340
161 143
447 175
370 365
87 212
100 291
473 469
69 262
213 343
256 484
341 479
188 79
21 171
324 204
283 284
124 228
223 496
171 285
2 170
235 394
185 90
59 335
97 11
206 128
464 163
494 315
394 305
477 182
387 415
199 153
233 22
370 175
460 456
479 394
288 463
405 214
401 325
188 464
445 499
162 395
210 409
67 156
190 104
372 396
49 429
304 71
99 134
442 174
420 59
374 421
487 60
386 279
96 389
388 426
321 41
302 402
410 383
340 369
117 452
382 212
135 166
152 186
212 234
146 95
16 133
193 372
4 356
245 79
6 100
493 485
239 179
415 295
17 149
453 107
319 134
153 335
373 306
41 305
252 86
219 39
411 269
477 412
344 415
367 222
207 202
381 360
8 298
447 148
255 25
11 252
88 426
233 164
322 461
47 126
17 74
195 118
31 428
196 172
246 375
77 63
276 453
251 310
459 136
13 50
303 66
493 24
41 243
56 78
204 363
289 456
74 221
1 485
9 457
332 49
465 256
209 261
72 241
377 313
215 383
449 390
266 370
465 294
372 307
22 22
478 428
149 312
297 404
362 3
52 158
414 46
308 17
110 476
141 232
467 339
81 356
79 416
63 348
155 44
66 435
364 178
342 396
301 365
368 491
149 15
61 273
290 64
40 369
453 401
240 181
389 420
189 322
22 468
13 252
187 29
207 431
328 51
269 401
392 481
496 137
410 42
106 57
279 53
454 498
179 232
153 46
220 420
389 342
446 242
124 254
185 133
37 331
85 13
494 306
295 477
19 342
400 58
111 477
475 179
411 417
463 6
279 416
110 36
130 168
274 56
42 254
438 459
325 79
237 23
352 171
14 32
90 372
201 414
445 53
470 29
387 356
125 286
322 166
186 235
144 304
411 460
272 186
117 201
224 97
120 354
238 428
300 134
400 181
234 354
383 345
54 205
491 270
289 31
266 165
321 475
288 262
448 232
433 60
157 65
271 9
438 129
264 10
191 90
296 16
362 425
482 179
302 268
299 473
490 91
418 417
180 312
396 206
266 480
46 182
43 275
405 317
179 481
424 21
37 370
148 220
252 251
19 130
456 406
349 170
440 298
462 267
326 120
100 359
41 92
220 498
168 84
418 477
498 347
70 194
266 387
139 218
200 18
276 10
33 8
307 125
393 473
445 121
480 219
163 397
396 373
458 235
212 64
411 228
274 62
450 481
51 40
411 441
303 104
464 187
313 188
161 271
393 58
129 458
356 225
99 292
380 252
168 409
489 92
7 431
265 263
155 309
250 316
272 66
106 405
94 237
360 271
329 107
66 105
331 310
454 274
378 282
191 334
279 46
477 180
443 286
95 242
411 450
17 197
102 183
272 475
246 48
8 133
238 427
237 426
200 69
203 43
378 78
476 394
426 157
295 453
48 221
172 390
87 311
346 189
164 41
90 119
104 262
189 450
376 342
264 278
321 76
6 467
362 199
208 482
287 140
362 3
245 187
350 34
75 332
226 197
168 91
353 316
118 272
466 394
172 494
422 230
50 493
45 428
262 412
404 105
461 49
89 266
300 206
39 439
488 375
466 117
285 156
280 171
65 403
397 247
329 237
83 319
99 379
143 480
85 361
262 48
314 46
105 351
291 467
194 144
113 279
288 161
184 398
301 420
167 250
487 198
369 497
228 422
402 320
181 372
420 340
238 295
147 86
53 343
339 290
421 248
261 452
350 61
482 445
47 151
201 1
350 387
309 70
390 79
451 64
404 423
219 223
309 142
486 218
360 215
315 325
130 281
343 428
225 480
132 177
178 273
160 333
256 29
108 321
385 498
274 411
486 141
284 345
63 147
362 122
299 275
56 29
457 429
262 251
280 183
456 394
79 459
488 468
289 187
186 448
211 27
168 312
157 197
344 304
278 220
495 59
88 78
359 403
7 46
229 473
219 287
246 37
5 299
338 86
386 146
173 376
188 449
146 342
146 345
417 343
254 425
355 264
168 342
240 66
40 27
314 321
358 111
410 413
351 215
214 101
477 90
39 387
81 166
11 38
233 80
5 429
193 487
329 212
130 213
240 70
243 22
134 407
172 102
169 396
497 375
317 383
123 475
141 209
247 204
284 4
433 480
319 141
205 479
44 148
70 188
210 137
396 314
268 196
93 68
295 289
25 442
417 113
322 148
204 410
267 421
253 341
482 200
31 72
72 40
228 76
213 495
161 438
135 109
29 281
70 80
22 176
141 95
95 292
202 315
236 152
493 469
22 341
265 475
367 405
333 190
185 95
386 46
7 346
479 373
453 388
65 49
497 327
119 206
22 444
96 322
143 110
452 89
417 17
275 69
259 284
232 108
7 444
142 118
343 14
255 121
23 296
123 320
378 372
316 243
417 400
363 265
206 412
282 315
236 123
260 57
165 496
440 492
462 24
391 435
408 305
453 146
466 431
303 428
23 196
97 472
237 292
205 312
127 443
419 339
248 363
211 31
375 265
290 152
439 189
494 181
327 347
279 299
227 145
341 434
258 103
395 290
102 495
291 452
291 81
297 62
93 39
305 8
12 320
9 95
128 451
299 355
154 455
100 430
364 233
188 293
84 123
470 84
36 186
268 113
27 180
219 417
425 472
292 376
323 438
241 153
8 451
406 40
322 14
100 358
152 39
14 288
372 88
274 336
450 409
89 394
311 329
154 160
37 89
27 446
100 212
164 268
161 460
475 422
133 483
22 75
363 137
225 36
373 88
497 351
98 175
356 438
450 261
350 10
309 339
52 229
350 261
221 68
342 363
198 48
123 475
464 73
109 339
427 189
393 334
361 276
66 343
104 70
80 16
208 307
388 389
2 112
180 90
453 224
272 22
350 152
225 248
87 314
356 186
373 366
142 101
444 86
156 60
428 400
59 89
330 136
248 448
390 333
57 280
155 344
348 181
429 5
171 425
111 368
86 27
128 336
275 80
140 424
325 431
372 69
205 236
36 203
36 306
86 427
123 445
126 93
98 471
396 408
128 270
149 359
48 215
295 278
54 323
106 436
357 231
468 479
34 414
220 4
283 70
15 159
252 406
377 493
253 203
325 125
337 382
449 474
104 385
60 244
32 159
390 166
497 389
156 210
67 31
101 376
387 350
257 468
314 492
195 486
464 67
449 20
494 301
38 250
495 99
110 98
116 379
121 0
63 114
497 277
153 130
480 451
271 393
385 89
76 85
5 432
452 40
193 306
57 298
249 231
181 52
283 359
212 149
115 404
181 275
405 113
64 187
80 385
475 335
273 317
249 403
295 278
84 53
351 488
71 141
45 101
312 104
253 329
233 376
151 369
482 267
454 408
294 398
85 386
203 121
376 210
488 452
5 171
11 73
66 208
161 434
38 112
293 474
350 291
12 26
293 354
262 346
244 99
485 408
381 182
392 188
492 257
280 233
306 349
58 291
225 224
188 219
45 115
407 481
360 248
102 271
118 5
105 216
125 214
248 442
131 6
264 141
374 475
325 44
188 32
108 383
454 265
381 297
278 0
100 140
411 490
496 202
418 381
96 453
395 395
402 344
337 378
354 18
414 63
95 179
414 102
368 204
353 368
220 101
241 131
474 320
374 4
386 470
275 145
40 334
178 170
49 442
312 368
431 255
434 227
329 379
83 200
420 49
150 436
419 493
165 243
248 245
215 40
37 486
320 342
13 77
372 350
218 414
169 184
411 150
29 455
155 93
494 464
252 427
420 497
240 23
269 86
478 340
326 336
179 15
444 146
497 192
458 316
353 215
217 127
82 116
209 98
414 89
16 56
53 166
190 437
375 145
486 459
147 353
220 164
311 326
370 164
333 160
227 328
455 186
154 445
395 389
478 216
272 310
476 347
136 177
322 18
329 11
216 160
325 477
155 288
452 136
296 26
354 137
175 23
320 162
51 330
46 68
378 382
229 318
495 206
225 365
228 169
330 406
383 296
84 155
143 39
417 388
26 291
166 123
285 201
383 339
407 189
423 429
99 285
343 152
369 94
116 68
327 449
245 446
453 210
101 329
69 448
91 18
142 95
149 257
448 279
320 32
314 355
492 243
395 413
360 336
256 116
65 476
274 83
146 310
491 79
27 247
118 61
8 470
227 112
243 157
42 176
383 64
307 356
269 376
212 55
171 481
457 320
404 89
399 83
162 50
149 243
304 41
11 119
231 164
174 91
267 475
391 216
424 150
378 198
253 45
27 90
263 277
366 336
420 167
69 117
360 82
124 218
338 16
181 487
78 421
248 355
423 345
348 139
338 347
392 78
21 443
220 271
108 284
451 438
56 28
462 20
90 416
433 438
426 280
202 466
321 4
202 302
442 244
443 402
480 132
75 187
459 1
285 148
86 67
447 88
108 142
411 409
348 51
331 196
162 274
130 385
188 335
79 332
86 130
114 374
61 67
68 189
189 20
87 206
294 276
270 34
296 255
158 181
377 144
270 489
227 391
226 400
85 415
397 157
31 171
90 11
52 93
113 11
217 94
370 53
439 363
118 492
26 235
231 276
118 255
147 1
254 345
112 373
31 191
362 361
224 62
155 305
316 276
370 121
26 33
396 92
437 465
53 367
495 463
218 284
138 113
310 365
91 392
435 274
135 122
36 297
454 211
340 44
165 270
303 62
7 191
156 52
271 444
259 61
346 266
232 477
195 484
228 394
169 138
260 163
312 156
368 296
340 267
37 60
122 357
400 193
97 129
73 409
470 368
486 332
162 316
152 218
465 209
347 232
247 134
142 459
107 412
179 362
422 300
157 68
113 45
174 58
467 62
430 100
284 437
106 269
487 446
7 110
343 304
438 354
313 90
354 433
295 421
221 33
454 70
467 230
140 419
482 493
93 107
397 264
33 230
28 355
465 373
177 36
242 160
103 468
401 56
329 457
343 48
470 402
132 297
216 437
431 273
232 50
315 376
106 481
336 348
73 135
171 302
314 251
71 413
321 417
375 324
224 2
404 218
15 195
132 389
14 83
486 415
292 98
80 301
1 250
385 416
70 75
178 408
174 385
302 101
425 347
350 29
247 149
344 106
495 114
50 329
96 361
460 36
337 240
491 40
308 190
117 228
489 231
116 147
248 163
362 270
300 25
175 212
319 399
14 371
52 166
380 64
452 149
241 340
232 141
331 84
313 392
123 301
448 154
169 91
362 49
74 31
96 14
413 249
473 415
433 279
343 25
26 313
5 147
288 120
204 237
130 472
273 369
23 105
197 221
122 192
224 411
425 197
446 172
87 190
470 271
149 372
38 165
313 175
147 43
133 101
425 352
221 115
220 198
272 245
289 417
180 394
91 365
37 105
296 390
161 476
201 266
431 310
338 239
282 96
50 485
189 267
382 475
174 411
8 103
372 446
192 297
15 405
10 284
26 52
381 158
276 39
202 82
321 208
156 392
377 455
223 206
182 419
330 457
412 356
154 190
339 137
42 346
482 354
259 52
63 360
400 140
74 339
399 454
346 247
202 56
262 75
494 277
87 444
152 176
366 499
136 306
5 206
412 178
83 339
52 171
163 146
337 452
258 237
484 237
293 104
179 39
168 55
352 26
202 255
255 4
163 421
127 243
274 20
359 39
63 357
355 263
67 226
316 192
429 325
429 152
191 74
130 461
339 212
467 334
338 41
462 74
170 353
373 441
333 444
153 85
348 396
122 360
52 416
241 290
443 334
408 23
336 486
198 390
224 175
68 18
444 415
268 31
324 114
410 142
227 157
53 63
423 427
195 28
318 328
162 437
312 261
100 422
313 148
323 298
316 389
304 391
274 113
227 73
67 99
108 490
405 146
73 162
42 329
9 269
58 212
326 23
445 222
370 426
224 110
0 45
288 393
6 156
81 415
366 85
427 148
146 474
488 333
162 220
341 30
95 23
46 251
473 421
347 491
454 195
240 423
316 306
462 28
295 174
112 44
44 161
136 39
372 191
263 124
7 386
409 456
207 102
23 307
151 32
227 222
145 105
411 319
199 314
340 225
121 495
156 452
344 166
209 292
269 216
455 472
280 128
230 216
24 339
371 105
179 175
132 450
121 324
490 43
120 320
315 331
135 242
260 324
468 479
48 469
293 237
217 355
71 73
264 447
404 447
122 487
437 83
260 106
149 58
230 250
433 122
364 398
222 69
400 124
445 190
280 448
303 238
163 497
297 227
174 427
414 201
137 149
255 203
113 249
351 257
379 343
241 285
206 243
219 315
358 106
407 164
254 138
487 210
289 417
196 284
338 464
113 110
165 327
76 368
477 130
473 279
416 356
451 67
234 122
81 170
186 92
82 488
50 440
209 70
206 340
156 405
367 396
223 269
489 384
14 151
283 467
175 340
259 199
322 127
149 493
438 255
95 336
128 20
442 145
337 190
95 149
397 345
114 315
199 473
476 456
275 214
406 259
459 450
77 165
10 133
388 79
267 448
321 483
480 395
85 263
264 170
15 33
348 162
487 482
438 399
465 463
223 213
15 371
388 182
315 93
172 399
199 55
38 439
186 20
284 18
188 124
9 400
414 204
186 209
108 401
365 476
41 74
297 440
474 56
149 186
437 141
196 173
464 136
157 234
104 3
127 293
193 145
349 136
345 460
361 387
215 305
231 78
18 256
312 29
67 492
133 314
339 356
344 329
415 304
159 1
146 20
165 286
274 192
152 366
105 471
276 13
444 320
428 360
389 462
455 92
406 308
16 440
122 98
254 360
214 37
409 413
51 360
404 426
144 325
148 408
274 101
421 424
284 218
180 201
294 25
185 487
280 52
150 53
414 402
291 404
317 128
340 53
331 368
193 97
5 476
77 341
118 279
497 351
404 254
132 30
17 198
251 169
223 149
51 401
306 137
117 195
248 123
492 457
54 431
407 37
231 412
191 337
40 201
307 41
71 444
143 439
109 440
90 246
147 332
321 493
188 453
429 438
395 288
220 273
162 302
214 479
168 245
446 257
298 208
153 254
45 369
162 148
394 154
338 252
245 41
347 159
97 286
426 128
253 345
147 146
478 415
161 213
470 146
355 459
65 121
342 360
8 111
265 4
256 402
295 456
115 354
492 494
474 213
410 418
417 227
495 409
122 395
393 8
467 444
417 100
460 33
496 260
264 320
222 113
69 373
227 370
216 185
250 71
489 191
418 160
69 258
5 265
273 43
339 399
499 241
126 257
17 460
280 474
87 281
6 355
77 157
194 85
156 145
336 444
104 498
256 107
372 25
68 262
161 146
239 407
16 12
472 217
191 33
167 105
312 130
287 173
259 241
386 481
277 415
265 75
182 233
258 22
284 406
404 178
438 297
309 495
64 454
488 134
91 255
386 7
180 255
496 25
359 291
59 234
309 136
370 324
346 343
250 480
159 482
279 6
2 97
51 89
75 66
174 391
398 166
421 412
437 431
222 417
3 148
285 281
458 313
156 7
487 304
287 258
265 498
95 418
359 119
37 499
242 434
100 211
475 493
424 373
142 265
413 498
132 146
459 198
57 90
394 467
226 45
43 33
304 343
314 491
342 163
98 351
415 84
429 50
276 390
155 353
204 418
64 69
119 336
426 375
343 177
74 320
206 421
116 117
460 10
25 430
281 302
239 123
26 196
439 168
374 302
72 94
15 78
414 137
364 487
164 340
12 59
480 238
207 70
80 96
26 168
322 458
81 160
356 61
230 459
113 147
242 104
34 186
175 109
96 448
288 39
99 112
202 152
223 431
380 262
430 155
113 406
418 104
166 47
358 127
274 248
352 472
158 368
478 238
186 333
372 426
391 326
478 323
255 93
355 53
61 135
393 137
242 174
73 312
291 260
8 432
404 65
434 212
450 414
247 264
42 136
314 471
295 433
379 144
198 402
389 86
76 259
285 282
446 318
430 359
143 237
155 438
150 47
313 89
205 452
88 60
383 247
33 254
398 30
432 412
498 96
207 173
456 74
244 493
204 254
344 26
464 347
246 499
440 466
418 59
471 145
244 358
112 354
237 277
41 11
459 169
195 40
466 167
12 151
257 63
89 68
415 101
100 406
372 13
424 40
37 143
1 395
101 282
411 114
477 338
360 453
493 436
103 55
58 311
226 467
35 167
269 168
74 302
167 221
114 298
441 91
338 151
285 295
261 440
130 197
150 238
174 490
397 495
158 130
449 455
123 385
405 485
139 244
317 331
129 307
250 431
435 423
70 89
381 72
269 331
69 11
354 271
266 95
77 251
59 277
162 379
364 34
278 419
250 355
14 447
379 231
6 265
354 166
238 76
407 235
98 360
131 328
276 452
204 250
27 205
84 115
149 41
460 300
156 279
226 210
293 170
287 457
475 300
376 141
228 66
426 284
464 327
279 57
159 240
446 335
302 186
227 382
183 451
82 187
249 339
361 309
118 43
343 149
142 446
12 219
355 371
50 438
347 172
264 181
369 7
193 62
445 171
475 273
312 128
319 57
218 414
457 180
181 189
135 152
223 324
47 147
85 431
103 449
130 432
291 219
282 351
23 337
110 79
207 498
407 274
188 26
58 126
315 497
1 240
416 450
97 225
8 463
264 34
466 463
182 246
98 110
447 316
395 121
471 409
183 102
480 378
4 224
221 391
131 171
121 223
300 399
214 70
104 308
271 478
224 423
33 305
122 322
295 332
241 369
324 118
497 276
0 304
195 353
25 222
297 178
429 498
69 97
405 143
121 173
96 28
333 198
20 481
313 307
177 168
286 54
331 1
157 135
489 183
405 205
235 366
364 54
151 165
308 285
459 408
436 282
480 407
389 122
281 352
372 202
109 310
163 159
294 292
475 321
26 135
1 233
287 113
278 218
3 439
347 439
221 314
222 136
110 53
405 111
165 243
54 278
289 274
66 217
390 435
71 394
127 416
382 424
142 414
205 160
99 498
312 53
41 172
225 34
497 3
246 483
261 15
141 152
370 402
337 60
454 260
29 408
185 81
347 263
423 179
177 53
458 375
47 490
376 499
354 125
108 226
241 100
105 221
123 382
294 327
439 460
221 248
181 468
231 406
85 29
82 7
234 115
105 40
391 133
258 481
207 245
197 366
87 300
35 154
481 62
23 329
78 421
241 96
354 111
140 325
332 291
406 74
466 66
199 11
345 357
454 310
176 404
205 4
158 116
178 92
421 140
61 53
149 351
463 302
127 355
147 103
30 311
229 53
417 496
354 281
91 262
166 160
164 119
87 223
315 323
315 118
171 89
440 376
30 173
28 403
359 10
321 27
81 389
237 51
184 498
112 443
104 275
246 130
354 120
295 334
452 21
110 110
338 123
148 403
306 369
231 29
56 17
258 52
455 137
487 496
291 491
266 99
230 395
368 13
199 436
457 163
274 151
126 420
323 464
185 275
304 481
351 416
321 212
350 109
457 128
120 337
289 101
348 386
251 19
455 216
380 450
453 264
36 6
322 80
207 359
193 8
424 11
223 44
5 97
226 425
115 315
416 346
84 404
275 264
333 188
490 230
346 65
423 444
24 383
94 245
253 231
94 287
183 30
127 169
447 41
208 205
51 414
318 476
92 488
176 93
175 425
490 166
462 21
256 265
11 486
69 351
490 116
146 15
37 174
67 126
331 484
398 275
103 235
223 68
13 195
473 251
417 188
61 315
81 380
218 318
21 92
208 140
155 11
185 207
185 44
28 104
231 368
103 426
346 334
30 326
77 359
399 3
318 347
79 461
131 399
343 149
141 4
15 404
463 149
193 53
157 148
16 222
0 389
223 472
150 347
206 105
460 80
427 458
271 279
30 358
359 402
258 226
130 1
150 273
326 93
93 343
417 484
225 461
433 418
117 300
406 84
16 175
133 366
497 443
153 404
158 28
106 12
13 416
190 236
181 15
211 368
204 274
87 128
398 429
230 21
457 15
43 488
206 473
268 176
81 204
84 273
285 91
8 190
426 151
166 50
418 459
233 229
358 123
52 320
193 256
124 134
122 2
475 167
343 329
385 95
368 276
368 469
11 6
157 228
278 289
248 175
405 196
171 481
153 263
371 224
210 199
201 347
14 185
14 29
124 210
338 251
220 345
351 58
286 83
372 360
35 64
113 120
453 292
55 284
360 458
157 279
126 71
256 211
240 493
55 122
225 216
413 393
452 297
380 264
124 90
7 252
372 12
304 472
256 325
283 212
491 469
392 293
4 469
314 0
122 244
312 221
115 347
496 226
342 419
361 376
128 467
479 368
340 0
177 135
347 449
418 312
105 190
160 162
162 109
205 326
48 136
483 18
96 15
286 331
207 438
405 147
368 335
187 236
372 208
9 364
176 219
262 279
441 134
243 422
100 103
239 449
319 148
15 74
405 415
353 301
449 112
299 111
199 169
377 486
202 423
495 239
18 231
365 257
179 312
415 460
409 131
132 7
433 228
143 147
301 339
303 349
460 102
271 455
293 159
83 0
239 348
431 78
335 258
422 296
108 366
349 337
196 18
98 481
481 130
321 94
443 282
384 476
431 255
414 7
7 77
425 349
279 247
357 356
4 466
184 279
468 112
482 34
367 17
499 433
27 348
482 320
148 470
77 218
225 432
9 343
193 233
332 434
142 324
291 41
172 146
110 327
361 140
9 93
26 229
429 8
180 405
227 412
130 329
261 304
147 208
441 270
56 340
17 125
166 198
344 160
487 338
330 306
399 349
430 192
200 277
182 211
475 381
210 409
213 106
314 323
93 361
53 107
84 149
199 422
82 102
292 395
201 70
271 474
166 453
230 53
264 367
100 413
174 240
198 162
485 388
101 364
323 430
431 6
429 407
361 130
25 11
433 153
127 78
31 204
257 294
13 262
27 374
466 113
127 201
441 16
380 112
394 394
253 55
314 325
307 182
45 175
328 184
262 479
35 455
249 294
408 145
371 262
227 435
488 337
353 354
318 430
176 85
140 212
37 429
111 454
129 344
28 9
340 457
264 143
437 227
372 14
128 345
132 243
432 208
414 120
402 285
222 233
297 79
8 362
168 335
31 472
333 149
458 412
407 173
252 223
89 344
41 125
220 69
277 173
145 153
290 192
277 48
479 13
227 74
261 487
311 396
45 145
57 144
169 4
79 464
160 422
399 168
237 53
78 471
124 367
59 223
123 267
280 188
262 102
442 7
255 376
21 105
102 153
9 430
246 123
397 88
256 406
311 296
268 345
212 389
112 244
11 123
163 88
42 291
151 278
154 336
442 258
411 175
457 44
167 272
360 203
109 65
213 468
166 272
161 333
78 230
354 125
213 89
233 17
295 108
444 236
494 449
476 386
282 258
382 433
136 302
219 95
415 97
369 432
266 81
312 382
8 344
285 18
35 73
181 370
106 183
484 126
364 453
211 313
246 147
301 93
40 235
184 20
452 456
37 406
288 70
266 201
219 148
222 52
422 107
290 403
381 29
334 126
439 246
245 45
490 38
273 46
418 383
339 309
67 370
441 228
430 356
356 207
111 149
256 78
334 386
267 398
25 67
165 101
498 464
2 262
308 340
223 127
289 78
449 62
291 356
64 242
301 221
222 421
351 413
151 331
229 185
253 418
19 106
423 270
33 17
357 277
405 193
272 81
495 194
50 221
315 286
359 467
388 116
381 82
265 239
277 32
302 346
453 382
152 321
190 228
5 185
379 48
481 410
456 151
224 476
115 359
326 39
7 474
408 214
305 241
125 25
372 82
464 428
101 177
405 469
154 292
340 410
173 33
36 173
1 129
488 112
3 116
443 166
232 11
104 203
229 38
472 229
9 453
482 289
258 111
403 387
297 412
298 95
120 470
452 186
299 121
90 292
459 302
165 385
88 191
81 269
351 169
474 54
343 360
323 456
343 101
365 226
173 493
315 163
350 293
267 119
412 1
303 357
242 371
414 469
90 182
204 496
402 441
154 178
135 245
198 477
56 330
175 63
79 229
375 491
462 281
282 142
351 374
97 85
406 93
127 12
360 497
290 331
10 262
359 444
422 497
327 409
324 330
411 355
198 403
184 286
280 160
35 318
256 131
76 484
496 162
11 204
387 208
322 302
246 397
246 33
442 20
202 426
281 267
22 114
252 479
139 59
377 33
16 26
11 485
148 93
149 359
68 11
313 36
286 242
128 412
432 32
458 70
189 487
101 239
70 212
123 353
238 210
88 352
338 255
200 99
459 338
349 201
237 379
473 163
75 375
408 101
24 359
346 218
310 213
277 299
153 380
442 400
253 391
498 31
130 443
281 198
399 441
172 130
293 489
364 146
99 220
432 124
343 123
189 130
430 153
385 466
219 435
178 328
359 324
267 177
227 341
135 48
30 479
320 159
305 176
396 184
161 257
232 180
163 4
9 421
240 93
380 394
74 311
135 58
87 285
127 254
154 167
146 114
273 184
360 466
2 431
188 109
141 163
19 420
342 304
397 380
127 434
245 129
188 201
487 380
486 127
294 466
80 140
176 292
110 353
284 37
498 465
480 324
245 139
444 352
232 439
225 193
323 359
413 470
202 363
490 400
366 188
180 137
281 298
151 356
245 392
209 288
112 243
383 189
41 209
0 327
20 126
485 225
47 343
58 398
150 249
289 49
38 368
166 469
178 319
63 170
458 423
167 272
314 422
132 402
229 355
481 484
62 101
297 319
69 109
211 355
256 220
440 0
322 294
114 107
277 352
127 177
302 87
9 294
48 116
471 493
478 129
231 305
476 392
353 380
235 45
117 64
417 344
138 410
17 91
443 252
282 146
233 70
217 84
200 242
236 265
247 23
180 66
310 478
210 156
54 163
228 445
141 23
433 145
88 280
384 302
448 383
453 166
102 181
424 22
140 154
30 12
430 387
217 210
219 240
403 427
224 125
148 483
128 366
146 434
236 68
451 30
49 37
218 257
279 151
158 494
358 271
158 188
250 288
380 375
154 469
446 284
267 379
245 447
381 248
316 243
273 469
6 268
25 174
178 225
71 156
428 336
24 430
70 438
166 274
96 451
87 320
51 42
489 354
454 296
391 222
192 123
243 17
191 198
275 268
276 369
57 347
129 56
495 433
208 199
2 161
333 156
198 89
444 385
33 40
262 250
373 425
442 454
5 116
236 485
207 132
331 13
421 264
198 460
12 416
429 258
414 14
104 115
352 464
4 400
150 385
162 119
425 376
492 456
294 282
415 81
446 1
117 246
207 367
136 315
425 71
85 417
32 191
156 41
441 384
122 12
483 444
320 136
93 409
191 164
245 239
240 106
205 191
411 357
25 264
335 47
464 450
142 420
462 349
233 150
162 255
199 207
344 146
407 371
36 289
28 98
57 133
177 120
477 262
26 88
135 2
305 361
133 451
300 447
97 447
203 386
445 111
109 254
126 141
282 16
115 14
147 162
282 172
434 324
264 112
466 460
173 251
203 271
70 158
106 355
93 19
131 161
415 39
32 92
109 393
407 315
477 224
248 407
83 112
76 182
494 348
99 42
166 19
177 154
10 88
108 283
296 455
494 91
183 64
457 379
194 292
368 217
476 23
487 116
150 59
407 63
458 496
15 359
13 124
64 193
328 375
331 24
115 477
41 177
56 151
295 498
67 102
126 16
132 43
103 113
177 135
131 362
221 135
111 147
192 235
462 175
52 372
349 293
471 19
170 242
241 379
482 318
334 160
204 460
73 318
453 159
373 102
89 437
84 95
182 52
80 128
352 144
438 132
151 202
296 261
140 174
492 389
50 474
434 178
348 106
265 360
314 302
239 138
85 404
308 175
155 267
264 388
372 7
61 54
167 24
50 358
247 159
134 394
72 297
403 68
280 420
74 20
11 95
351 165
192 448
216 159
400 347
355 332
386 124
0 416
126 53
212 50
444 374
23 198
119 368
141 279
151 399
346 215
233 162
111 197
209 425
273 179
363 109
233 480
248 101
154 234
136 375
101 218
269 81
301 124
403 388
139 442
158 407
69 486
35 243
168 32
63 244
205 293
273 426
27 439
25 22
397 33
104 13
94 498
474 373
113 248
190 230
137 104
90 200
443 58
91 126
222 464
257 154
433 428
367 31
53 460
346 244
257 302
152 450
175 204
452 126
356 140
244 494
195 345
404 335
313 490
454 347
1 35
463 212
243 286
99 182
278 148
450 445
395 388
92 102
80 422
62 396
242 289
134 306
493 437
280 390
237 306
194 234
298 91
377 9
44 41
189 476
421 322
210 491
445 168
90 154
402 26
167 152
311 145
434 301
192 304
463 214
301 429
20 9
18 99
141 250
226 62
385 182
26 148
168 447
102 471
349 259
263 4
149 16
170 426
231 436
150 214
495 194
55 451
51 16
118 73
136 44
78 344
344 373
320 456
280 13
124 274
279 129
498 239
166 280
216 168
234 397
443 219
22 229
97 498
423 73
469 215
60 411
136 400
356 256
121 457
83 136
118 245
337 214
347 468
488 3
252 63
134 222
451 47
397 157
82 49
116 320
84 404
304 28
285 220
29 12
1 406
4 113
327 119
439 341
196 174
90 427
149 448
347 224
233 100
1 244
416 316
220 118
146 0
73 376
240 283
42 102
67 241
212 46
239 247
421 151
78 435
235 363
440 79
32 82
326 25
341 33
3 94
447 413
141 2
137 20
474 382
123 179
225 42
289 188
339 316
251 62
278 270
349 486
68 218
243 381
267 246
341 437
202 122
124 288
160 344
78 262
441 134
176 201
241 19
335 317
380 81
203 439
425 158
228 52
286 346
92 471
260 405
27 285
425 463
159 4
266 85
72 237
290 59
430 248
66 32
465 118
57 298
456 168
72 334
180 184
7 210
115 125
262 120
83 143
499 188
125 94
331 117
28 197
298 121
153 459
429 216
14 118
138 338
172 322
358 211
421 205
182 217
337 389
384 444
484 420
14 383
0 110
159 197
319 28
339 309
25 324
295 268
106 391
65 433
496 131
188 275
493 270
159 370
166 330
103 43
426 151
113 469
167 426
306 124
434 338
14 146
414 311
55 309
95 373
4 472
248 91
361 192
414 241
71 20
63 80
83 26
496 341
119 48
173 15
353 426
72 459
122 367
29 338
211 177
2 124
215 67
111 250
491 429
449 25
458 414
441 365
58 393
442 289
304 178
104 467
426 157
376 28
366 48
78 405
29 78
497 80
182 97
26 109
486 173
439 327
44 296
190 380
169 103
133 484
451 325
482 237
117 229
129 211
116 483
413 59
139 498
447 411
20 173
346 473
152 358
155 138
18 197
152 345
181 40
217 285
374 132
213 200
263 491
326 342
402 379
229 240
151 393
67 176
1 23
381 265
403 6
203 388
85 274
166 207
344 266
250 383
435 218
61 463
306 198
430 387
127 208
453 11
188 130
5 372
138 41
47 239
127 393
167 102
309 213
331 333
69 153
223 82
45 4
55 136
24 351
411 485
496 3
134 365
89 36
430 491
230 227
121 477
80 358
423 140
326 241
247 254
336 395
251 322
459 382
85 306
143 483
338 497
214 492
380 324
316 303
383 310
288 46
256 356
496 220
313 179
286 322
217 60
383 474
208 321
127 194
177 294
143 123
115 367
192 209
364 495
306 8
406 247
455 446
18 163
194 452
274 331
244 480
307 344
165 479
173 15
309 144
119 202
69 304
365 234
82 261
121 230
329 240
38 28
191 285
237 56
387 237
218 363
59 483
462 25
392 224
221 135
337 54
358 340
427 407
20 76
306 9
101 142
170 487
124 139
47 213
450 213
77 286
270 20
397 136
213 232
368 290
344 286
126 57
464 54
130 405
414 337
479 288
128 367
358 1
66 252
466 405
192 16
389 395
383 462
194 286
428 448
234 414
472 124
179 213
118 288
125 161
302 385
252 456
457 430
34 111
16 375
392 0
247 60
22 281
419 131
79 69
335 348
324 166
379 307
96 3
17 497
382 73
30 171
101 135
98 339
215 135
488 466
27 459
92 235
218 401
470 363
63 298
464 306
465 388
243 195
192 413
487 260
431 75
62 369
60 384
20 160
126 127
86 360
95 5
407 30
394 166
316 229
387 457
345 132
327 205
118 89
349 19
94 457
326 133
369 156
168 239
366 389
101 147
152 453
483 49
215 411
493 229
187 31
163 232
437 32
121 490
9 56
13 323
308 456
464 192
431 177
419 485
132 297
102 20
69 136
400 438
167 136
167 393
125 354
239 330
172 63
471 212
387 34
490 336
380 47
225 306
291 311
461 496
368 275
412 415
353 438
426 164
409 373
79 94
276 34
449 318
383 449
483 272
109 270
318 325
131 489
153 395
391 275
50 466
381 259
49 314
330 87
460 476
422 239
126 39
358 198
147 75
200 241
363 482
307 161
150 181
428 291
418 155
121 319
431 320
487 3
442 480
308 317
57 402
441 230
429 183
110 151
244 428
263 310
471 108
141 70
213 474
129 70
241 483
304 103
458 172
5 291
460 400
302 313
396 17
52 95
247 177
105 163
325 343
451 368
291 149
475 445
367 356
192 456
59 108
281 496
139 369
269 138
451 99
469 423
19 199
376 21
36 118
461 334
54 214
363 265
62 197
54 190
146 429
37 246
94 206
75 170
308 233
184 197
120 112
311 5
27 491
461 40
374 415
481 423
40 428
126 196
386 102
383 32
130 33
91 272
443 224
309 18
215 103
215 345
351 188
31 379
419 230
497 493
268 293
73 479
175 160
262 51
83 62
95 497
269 65
141 38
56 212
316 302
148 272
312 383
262 351
81 343
188 181
326 78
409 456
116 252
303 85
499 230
227 239
304 446
484 349
61 446
100 40
164 229
465 248
99 476
320 227
261 32
463 8
317 439
191 372
457 433
16 347
86 456
402 95
444 242
40 238
279 358
87 141
389 443
420 404
132 341
373 92
452 245
184 188
61 121
407 228
75 370
327 423
18 13
255 81
172 315
173 296
289 451
246 112
17 30
223 18
110 1
246 97
137 415
36 282
10 198
69 443
218 437
450 248
181 89
404 206
354 353
304 429
41 495
25 403
421 58
411 249
198 384
299 157
292 335
386 187
483 154
92 455
203 201
290 394
452 384
90 46
475 158
153 246
149 17
427 31
132 71
455 339
348 182
17 106
293 140
147 255
210 276
330 91
485 265
2 472
19 438
96 92
338 494
363 102
133 340
411 291
482 265
447 218
324 330
323 316
72 469
98 470
61 134
400 280
252 398
336 254
346 271
118 285
387 36
376 481
124 20
137 139
357 458
141 436
252 33
355 464
286 176
311 305
85 199
449 63
317 337
461 286
423 15
403 79
412 310
182 132
271 389
199 319
255 481
366 340
156 359
388 73
378 294
345 199
114 463
153 295
433 283
298 114
45 356
166 53
185 309
198 200
371 309
290 398
90 126
337 8
82 247
41 225
276 312
276 239
34 242
25 429
395 467
175 175
229 440
249 193
393 414
223 300
50 264
242 365
226 140
387 79
157 308
120 281
20 285
28 248
29 406
225 405
81 276
216 400
93 310
76 318
118 486
250 152
369 168
160 344
275 95
255 400
181 432
70 228
328 53
459 450
355 358
134 184
84 436
98 203
373 29
15 175
179 491
11 117
461 48
496 23
423 236
21 251
331 104
157 443
393 160
370 468
152 100
37 356
59 88
117 487
162 432
275 484
101 193
242 138
162 414
3 238
341 437
42 376
319 173
333 51
372 64
164 55
411 24
465 53
41 471
255 82
67 55
249 383
373 20
435 491
81 35
473 290
166 422
447 367
270 337
401 132
187 142
19 417
471 99
422 336
270 12
67 29
412 189
210 316
159 286
173 497
287 92
15 498
217 305
142 314
447 488
482 395
312 134
85 353
189 283
147 7
37 460
149 215
383 449
87 211
60 395
487 261
259 347
4 354
169 329
317 146
393 116
102 151
357 206
341 188
195 46
358 489
56 84
386 360
423 291
186 473
86 484
183 26
380 346
27 188
186 401
17 344
347 80
286 472
160 204
103 127
468 207
292 313
25 24
316 178
3 449
285 354
232 90
288 468
156 113
14 315
11 195
275 384
356 358
415 413
40 16
75 18
183 361
385 367
397 209
10 53
260 401
491 295
263 492
457 131
446 272
467 324
208 457
167 242
155 416
284 82
452 47
408 359
79 136
197 146
51 476
229 207
354 163
156 72
203 117
241 465
289 1
458 60
154 349
265 478
412 161
209 401
261 365
353 469
467 340
168 50
109 371
34 398
470 463
432 42
360 174
27 174
234 149
351 486
316 241
402 116
18 228
445 463
285 131
471 298
348 104
475 139
389 457
420 362
404 360
386 205
379 116
266 413
251 465
58 117
85 67
148 461
424 455
438 93
392 61
166 261
253 92
402 141
355 142
354 322
379 112
228 240
6 258
76 494
463 257
177 134
447 401
208 177
270 372
433 147
260 14
107 99
93 13
156 9
183 448
60 10
103 63
173 289
135 109
218 101
236 451
204 395
424 183
407 412
411 195
209 193
144 172
37 168
29 89
38 193
56 213
128 450
91 159
120 301
403 79
382 338
86 491
26 86
350 10
57 286
479 114
138 119
287 123
65 175
221 317
382 103
405 129
288 10
163 349
280 260
98 66
409 162
100 36
47 436
222 450
416 104
75 53
28 406
82 215
32 93
48 155
284 266
276 306
155 424
184 439
358 435
449 134
171 267
55 49
351 218
174 129
182 268
26 250
465 211
156 108
115 349
467 205
11 399
175 243
34 166
453 359
494 244
12 402
303 165
235 419
49 154
274 261
363 231
294 301
261 328
29 451
8 377
128 496
91 19
37 304
15 478
222 342
96 361
378 86