8800
433 31
219 109
33 22
205 344
364 428
482 248
169 93
229 437
469 8
68 164
0 259
307 247
148 5
112 314
117 342
373 132
241 402
424 444
141 274
202 481
81 5
451 37
326 102
111 180
197 295
55 31
278 197
202 214
28 426
121 166
298 145
47 346
143 391
166 323
304 284
141 220
257 385
488 92
125 435
231 451
482 322
19 138
352 112
38 73
240 232
377 11
358 390
282 276
99 353
137 300
20 255
492 130
223 130
65 332
283 348
170 148
286 117
229 41
466 138
370 120
131 58
449 99
375 341
194 83
383 326
81 183
166 255
385 426
258 389
89 303
451 394
11 111
152 238
228 93
213 470
29 99
50 196
38 330
265 426
252 84
120 148
403 186
112 286
27 141
444 222
116 116
227 247
485 480
73 231
53 66
165 138
334 82
264 215
493 224
161 29
29 98
284 133
271 285
426 248
470 150
266 222
321 439
419 345
428 159
225 344
334 481
416 242
309 20
245 180
210 303
401 258
243 91
376 37
137 366
16 302
376 107
46 134
331 198
357 317
13 259
240 434
176 347
368 156
189 485
140 465
75 251
342 41
430 170
36 219
373 67
27 404
390 102
300 425
243 221
332 9
295 108
456 424
81 471
456 176
141 122
373 97
490 216
386 215
286 273
340 274
178 160
262 219
145 68
141 414
275 240
348 473
397 70
41 156
332 330
452 349
298 473
41 177
393 141
414 279
53 179
191 106
326 83
3 453
219 471
211 144
469 494
64 411
68 219
49 457
307 400
226 354
31 457
98 267
47 276
308 364
471 452
36 499
305 149
120 39
36 24
19 183
446 5
224 435
393 14
267 126
480 52
9 493
260 363
492 460
324 159
112 300
299 147
296 148
39 456
481 268
303 75
433 0
435 250
116 157
135 328
232 383
376 467
331 94
54 489
148 323
475 230
230 260
260 126
83 378
147 300
375 64
64 302
52 308
318 351
32 21
404 453
421 264
358 281
122 104
279 264
347 270
383 254
380 77
455 143
443 463
379 454
257 171
331 295
147 161
182 149
455 31
147 87
220 228
184 6
122 342
464 463
69 469
398 347
491 449
265 354
308 286
457 144
440 417
79 141
290 439
470 261
200 97
325 117
475 272
466 361
324 98
419 431
278 393
195 318
24 121
260 312
456 332
250 69
210 248
187 181
294 353
450 9
127 495
267 128
489 454
404 234
17 166
59 324
494 295
269 106
418 18
202 29
98 227
327 304
485 161
14 15
376 280
127 464
444 3
310 246
480 286
452 214
38 497
145 363
470 384
254 266
147 240
319 457
113 245
258 147
14 99
231 272
89 390
246 210
456 33
171 56
270 437
286 123
339 161
45 283
49 309
401 152
109 196
294 221
368 222
173 52
177 382
272 256
466 266
151 370
426 423
212 323
298 49
210 498
134 137
298 107
259 35
84 200
273 220
295 230
134 141
375 468
77 311
429 499
370 43
318 81
256 148
197 30
381 54
192 259
219 367
402 490
42 330
51 486
68 315
308 346
166 203
14 183
183 95
491 296
377 405
53 309
192 133
39 251
10 73
440 83
426 81
412 194
33 468
136 463
161 101
304 444
480 179
127 171
467 15
420 118
427 196
181 473
76 119
44 220
156 439
20 336
383 82
402 432
247 416
17 38
335 408
440 174
345 167
182 67
185 164
360 454
427 464
436 393
465 356
295 332
169 121
203 167
100 52
320 106
496 347
108 337
363 183
350 400
467 208
224 32
486 4
320 436
329 266
122 256
441 295
268 269
436 110
14 472
430 388
236 334
23 278
462 196
96 387
447 312
197 415
271 24
460 183
301 91
200 142
289 275
44 141
103 57
381 333
221 117
303 311
90 309
5 178
417 404
216 453
368 217
241 413
449 139
231 53
195 102
378 283
424 484
394 274
107 27
496 275
439 181
490 151
329 381
285 348
301 99
316 1
267 170
161 57
110 216
318 244
27 158
494 48
323 451
478 388
16 282
315 326
477 455
336 306
6 307
406 121
474 307
477 74
131 241
309 139
383 93
103 480
28 411
214 98
486 203
338 45
371 354
309 153
311 349
8 145
118 317
477 266
340 93
186 454
445 323
416 496
476 181
444 20
470 356
412 158
55 308
163 250
255 427
276 472
470 419
88 284
50 440
33 65
372 242
65 72
68 317
350 481
353 396
252 294
305 175
484 164
266 360
287 147
471 22
441 415
51 293
234 381
447 453
195 119
191 319
488 260
94 259
155 339
485 299
475 260
424 142
3 311
458 191
65 142
410 281
75 358
239 461
415 161
280 186
357 110
223 472
83 198
389 317
116 91
351 374
17 443
254 275
318 372
366 64
346 383
241 276
238 273
434 481
19 5
467 66
390 229
427 190
359 474
65 168
42 476
271 416
43 411
283 26
90 362
97 150
278 288
61 339
172 16
21 347
414 43
124 341
31 304
130 403
71 391
219 195
463 466
377 490
368 359
73 13
15 459
247 170
361 293
162 161
360 385
281 35
376 126
283 405
161 408
151 413
461 84
50 222
212 276
135 428
293 433
392 208
231 160
453 491
4 444
330 115
3 365
491 463
220 379
139 274
40 381
466 290
364 1
129 368
148 429
362 265
325 441
101 254
97 408
353 407
374 102
467 35
350 377
257 310
437 70
304 396
39 477
330 122
490 403
332 459
76 139
432 194
300 402
162 386
293 398
352 15
402 167
397 319
481 252
175 6
402 418
395 479
101 293
49 77
37 443
82 381
428 113
367 15
253 80
478 30
397 46
65 182
353 300
404 462
468 335
253 79
410 223
368 1
78 11
455 417
151 467
81 389
256 431
11 448
330 9
407 342
24 228
380 473
287 378
65 136
216 108
183 318
171 126
490 51
321 102
69 297
38 324
255 150
451 295
156 118
460 281
361 64
389 337
67 241
378 28
136 132
302 446
424 171
75 474
76 266
63 396
72 145
148 102
249 327
445 99
232 257
173 258
447 94
187 62
443 14
146 417
363 431
103 448
274 288
54 178
426 202
348 470
424 498
177 348
299 25
282 474
84 31
477 308
370 31
397 17
434 165
97 43
344 298
438 200
230 470
173 344
314 156
6 373
221 90
115 183
9 20
403 250
58 94
477 233
250 280
446 375
270 184
334 43
95 466
437 124
469 325
333 110
335 135
226 339
374 56
428 193
443 235
329 331
416 1
134 307
182 166
203 80
123 452
419 389
14 218
395 208
170 483
118 228
419 5
413 196
390 293
28 341
24 333
187 210
369 441
459 321
253 403
355 162
52 376
446 126
186 418
401 341
421 356
213 371
68 340
485 126
319 310
495 365
75 196
489 182
355 444
347 448
463 108
336 55
33 367
285 134
327 220
428 38
409 248
88 494
472 329
139 73
439 144
340 135
169 366
163 329
129 377
485 10
417 92
311 174
308 303
375 96
486 136
384 303
149 396
77 325
250 122
266 69
56 41
408 458
287 225
454 71
433 416
361 440
466 203
6 172
121 274
410 381
36 107
355 147
324 38
160 433
2 74
116 278
236 58
135 376
299 23
291 90
382 84
287 152
177 348
474 145
378 298
257 385
384 415
453 113
398 208
134 465
95 252
310 250
478 331
206 297
239 277
214 497
2 121
321 353
499 31
181 296
33 229
496 438
403 269
477 301
266 301
405 111
214 361
44 215
365 192
322 250
100 104
78 388
241 454
485 251
47 92
322 18
456 432
201 318
120 212
365 30
142 238
452 271
338 208
252 496
247 55
160 426
314 347
153 90
341 408
352 138
156 241
173 174
345 464
28 227
257 317
407 394
17 251
459 359
356 355
411 64
490 455
154 423
365 157
65 307
445 58
151 417
444 453
269 177
404 141
458 298
44 161
265 365
77 61
268 224
140 433
388 31
306 131
288 42
349 171
82 205
122 146
451 233
410 418
59 72
370 314
328 369
87 266
179 93
169 164
97 300
331 310
293 337
231 490
161 433
138 432
430 95
329 112
31 233
305 239
406 442
312 28
294 86
31 399
415 326
126 52
362 364
201 457
447 7
440 284
216 461
408 430
43 498
231 237
329 426
220 36
64 87
173 32
283 211
37 56
108 198
414 163
472 471
330 115
251 272
85 123
53 319
317 493
83 448
374 48
437 412
351 447
479 1
64 376
432 115
165 101
116 40
363 80
47 441
65 194
317 299
118 150
495 222
171 288
336 78
342 397
344 125
127 193
69 176
291 43
145 1
42 308
240 113
54 405
451 288
439 471
121 120
343 409
197 469
47 14
411 386
11 242
287 256
432 490
34 209
62 75
235 31
496 104
362 476
116 51
374 165
286 55
464 496
317 129
143 14
252 216
458 406
14 263
106 98
307 298
373 140
23 369
326 461
437 19
422 40
205 53
460 297
145 491
472 276
290 462
178 467
226 42
158 489
87 240
39 264
256 394
115 264
225 131
150 441
481 14
67 425
222 187
30 27
156 219
181 355
322 446
341 211
52 48
141 351
467 139
385 180
296 223
206 1
442 22
36 356
133 276
315 456
335 207
426 345
200 491
290 459
23 375
275 131
334 75
67 416
448 301
376 452
305 245
267 82
290 100
376 155
111 424
131 191
388 447
438 410
369 441
316 228
211 392
468 443
360 45
198 35
339 308
53 74
8 145
245 172
328 299
75 473
164 291
238 206
116 404
345 29
109 338
230 13
457 173
70 50
437 169
329 269
343 277
274 235
407 352
3 19
344 87
379 78
136 8
412 469
498 105
443 110
123 460
133 25
76 432
101 203
472 13
142 283
18 168
372 416
287 277
365 375
453 131
139 96
65 441
46 404
14 416
228 489
15 489
274 361
416 443
308 227
10 389
409 451
367 380
158 281
8 155
286 375
471 313
254 278
34 388
156 301
142 400
389 384
245 9
452 163
391 14
255 261
64 253
134 164
297 431
438 292
19 305
118 77
355 342
230 372
173 241
141 387
123 168
177 382
398 369
235 130
243 289
394 490
154 307
90 28
172 451
108 381
310 43
385 78
450 165
258 116
355 476
144 399
281 478
199 321
303 179
320 434
424 398
57 67
95 430
233 0
381 120
163 193
271 191
208 49
17 222
50 466
217 224
54 46
367 350
382 106
40 23
421 54
121 317
99 331
331 69
189 185
378 64
255 204
105 150
224 315
133 122
198 274
320 202
52 253
359 39
414 434
489 251
420 188
19 462
31 372
57 350
414 220
277 435
437 21
188 382
5 161
435 321
23 203
308 107
499 427
362 167
419 413
101 203
165 191
63 120
322 197
269 120
408 236
109 46
429 345
7 297
118 286
341 294
402 493
421 150
317 253
166 135
338 88
132 120
92 355
404 195
168 415
3 174
72 76
421 113
262 1
287 280
75 233
226 481
131 329
82 499
486 300
389 100
220 176
32 21
68 165
80 436
462 236
312 435
400 35
36 86
366 163
396 176
157 441
270 474
326 140
440 204
305 312
489 181
202 377
42 21
309 123
359 474
410 272
307 24
110 162
325 195
223 476
418 73
400 232
372 40
97 226
38 313
494 402
131 379
252 49
172 174
0 62
186 383
407 262
425 493
40 17
494 102
176 264
496 264
156 76
154 221
34 253
7 44
424 380
281 139
165 176
90 453
337 17
280 276
121 96
114 205
307 14
278 108
224 335
263 126
199 380
486 417
462 233
466 345
484 238
414 247
53 1
19 357
133 242
338 151
356 107
121 452
412 15
203 251
229 488
221 466
236 429
14 207
52 50
288 480
80 389
242 54
411 133
227 113
264 397
356 65
370 472
340 477
80 134
123 43
361 309
238 196
403 97
147 105
85 307
48 287
342 17
2 143
108 253
2 229
295 373
197 358
187 17
151 37
432 267
429 126
322 294
243 19
124 77
237 391
178 62
79 137
132 372
126 82
311 241
114 480
339 458
327 163
201 26
294 331
457 133
279 75
94 132
61 23
266 219
281 150
140 296
169 212
294 272
13 147
127 458
268 127
291 466
345 96
427 344
329 139
66 236
220 109
484 160
379 134
284 250
46 12
225 276
49 67
214 371
329 62
190 342
160 450
46 333
29 5
496 325
413 358
319 62
223 486
120 303
405 454
467 256
33 452
19 44
415 82
496 234
428 97
47 186
371 88
94 445
122 252
111 90
5 35
373 282
86 228
182 345
102 491
295 1
45 487
421 167
253 461
410 417
456 181
121 457
254 179
432 215
158 376
263 395
177 163
243 489
334 115
459 425
427 436
275 254
421 472
285 48
466 26
207 195
4 274
453 329
396 258
486 385
132 406
69 102
91 310
425 164
90 425
214 236
491 369
193 341
390 264
291 479
26 356
130 350
31 31
141 435
173 428
334 480
434 305
115 256
420 25
302 393
129 362
83 368
210 472
89 277
108 452
160 232
434 486
369 142
77 466
394 11
343 250
56 80
188 277
154 23
416 109
323 456
177 398
222 407
36 239
191 163
395 496
482 351
493 330
296 352
363 422
173 42
474 58
335 81
104 163
124 489
297 21
271 447
206 474
213 493
9 242
238 256
107 404
86 221
425 452
375 234
128 140
198 400
481 103
266 33
374 85
458 390
189 171
498 229
75 396
138 211
468 84
340 229
302 427
380 427
13 227
367 107
7 142
97 65
450 488
73 363
105 324
347 32
113 294
190 345
409 188
124 181
262 229
156 465
244 64
143 388
347 257
251 10
427 354
194 348
63 229
405 120
152 20
167 252
450 117
306 209
390 359
88 430
247 4
68 96
337 491
101 211
73 184
391 352
53 352
81 85
205 468
489 338
91 209
327 156
365 393
252 485
267 108
112 192
140 15
6 33
96 477
14 107
312 170
374 405
342 365
333 308
146 400
461 174
330 89
482 288
125 48
156 86
278 393
260 120
153 419
248 266
226 102
124 262
19 390
107 498
306 362
114 440
467 305
394 75
216 149
197 377
463 341
234 205
178 94
13 494
113 183
285 261
376 191
81 409
260 395
109 188
480 66
371 223
299 299
449 118
495 15
208 146
204 310
404 443
289 382
65 269
31 254
445 351
112 259
154 378
418 372
439 264
487 251
50 162
280 138
5 499
498 127
438 214
9 202
84 342
112 298
405 1
352 495
254 202
433 465
337 260
24 351
454 128
143 364
354 357
356 423
51 360
74 206
260 341
35 83
233 196
198 499
494 490
193 50
367 100
361 126
329 57
185 237
453 284
141 328
104 308
20 349
56 7
348 94
29 316
13 383
383 114
105 63
465 229
182 298
276 333
242 395
484 105
389 279
460 438
98 382
232 64
71 118
212 140
308 271
6 93
207 173
236 241
323 164
314 202
387 5
252 90
196 129
408 236
174 437
320 368
432 272
390 404
396 355
478 454
399 204
378 337
78 459
123 466
168 253
110 438
380 407
36 362
99 76
14 445
165 125
250 186
442 450
157 492
447 338
42 136
473 198
157 272
239 403
157 133
423 259
167 267
482 303
380 55
0 433
58 246
284 166
116 308
301 226
64 273
261 100
298 106
231 86
342 308
441 322
81 351
470 216
19 100
156 452
385 251
497 8
26 296
104 281
359 494
120 257
209 423
382 381
320 360
20 113
435 162
13 313
29 368
321 483
288 48
300 329
189 173
469 149
283 216
210 426
35 142
66 182
64 97
457 300
413 236
398 477
142 200
420 411
246 171
219 93
422 34
60 371
21 112
180 29
307 156
298 242
425 195
292 216
16 341
77 101
430 429
481 475
238 72
243 254
347 336
371 314
38 270
234 431
312 411
67 266
8 472
167 365
82 433
126 459
412 450
232 203
30 342
414 213
467 268
105 9
175 315
437 328
111 213
124 23
289 423
247 191
409 149
435 414
225 343
293 61
117 137
331 25
91 147
416 97
106 58
225 373
201 134
347 14
389 164
87 472
163 30
32 335
101 72
267 467
380 327
316 61
438 497
145 0
97 29
440 413
138 56
190 17
32 191
355 37
9 273
304 442
129 25
449 188
155 83
262 217
130 387
385 78
78 68
98 382
147 28
84 38
55 285
476 274
163 439
65 331
125 173
50 221
409 107
190 351
68 64
303 452
382 50
119 188
422 313
341 69
107 69
354 425
51 14
306 330
13 214
239 371
92 139
246 141
493 1
417 288
92 413
464 220
261 474
287 435
4 183
253 480
257 111
477 459
142 308
375 283
154 155
146 466
108 246
247 244
32 101
14 16
237 124
99 330
265 498
33 238
71 269
232 286
98 328
489 62
345 240
247 216
182 352
98 394
138 290
243 198
214 23
147 258
440 303
301 98
189 206
327 335
473 260
440 60
122 423
15 429
497 319
171 263
9 180
322 270
320 147
22 66
176 386
190 170
120 116
322 343
178 309
421 150
62 4
427 362
143 184
355 295
58 141
173 27
149 67
66 495
413 469
355 89
111 89
206 397
241 231
393 28
30 271
127 314
28 92
128 55
202 172
165 484
363 260
179 338
185 12
333 97
38 99
40 188
438 149
233 246
127 179
302 478
292 157
102 430
337 321
345 82
418 39
299 10
200 281
293 330
427 237
188 126
167 466
467 229
327 105
136 200
178 454
464 438
220 323
496 418
0 57
96 341
203 419
200 247
77 255
344 346
472 5
323 33
114 491
448 290
343 441
248 84
375 21
196 212
482 95
153 192
33 482
253 101
349 88
195 306
152 278
135 40
73 476
320 458
249 187
480 268
353 92
465 228
292 80
175 162
354 274
109 180
282 240
180 362
20 483
261 376
416 24
353 397
355 341
28 173
441 456
400 8
89 146
226 366
28 381
156 254
434 234
326 265
479 68
51 7
235 352
376 165
62 151
492 81
254 269
78 372
232 48
194 478
344 321
203 273
27 224
311 359
476 313
234 137
496 455
159 137
302 231
382 36
117 216
338 226
450 224
272 416
394 183
4 318
91 91
315 59
270 470
284 126
116 246
54 18
7 112
344 213
101 310
26 78
157 71
295 364
132 107
290 67
385 27
118 147
206 329
299 285
264 477
75 435
453 380
492 129
195 313
123 188
267 296
367 1
218 424
31 14
81 350
229 174
321 319
148 199
337 379
208 447
383 101
481 284
265 188
1 325
14 460
109 476
478 133
409 328
343 196
398 292
466 276
95 128
179 139
19 243
43 16
117 227
363 278
466 450
276 129
441 320
296 142
275 402
231 274
322 36
328 426
202 221
201 295
286 150
245 380
397 157
385 288
418 366
317 100
81 385
205 93
87 23
277 353
128 214
250 360
286 302
23 78
225 341
491 76
457 12
169 88
229 206
72 406
359 147
384 389
334 440
463 441
295 421
135 93
453 275
77 237
316 240
433 453
29 41
405 276
364 338
44 427
185 93
93 469
210 44
485 477
419 45
318 300
393 214
489 306
43 199
439 418
371 359
253 224
0 253
443 10
289 364
310 340
309 475
371 403
380 19
416 208
9 299
365 235
393 254
305 354
125 436
148 96
320 348
453 253
115 320
185 397
237 405
232 347
250 398
269 103
312 130
282 186
273 173
279 147
354 166
454 85
181 479
327 102
207 2
174 133
30 323
80 359
58 119
369 312
415 308
291 138
176 79
104 73
220 449
467 384
321 74
405 422
376 2
356 85
218 84
259 31
242 100
219 339
3 301
461 88
78 270
350 252
325 255
204 454
190 398
472 172
446 11
366 230
315 322
258 222
105 385
485 369
60 200
353 204
144 63
334 314
67 74
329 36
342 244
142 386
410 33
44 467
197 356
30 262
337 364
249 289
158 442
494 234
290 219
134 347
162 286
360 468
356 81
325 42
428 199
84 468
435 338
46 480
243 132
496 76
365 80
374 97
331 376
95 369
216 473
259 81
50 378
459 471
13 258
457 285
105 441
131 41
22 40
24 177
254 117
197 20
117 471
347 71
440 300
273 294
376 9
387 384
355 278
36 199
336 369
310 346
387 441
333 442
471 261
378 357
377 225
197 427
499 346
498 396
191 291
300 271
7 419
197 40
91 362
231 85
431 279
220 394
188 171
284 405
262 159
237 163
442 491
337 286
182 441
85 187
310 225
144 385
277 317
179 193
279 368
147 411
157 62
233 219
124 345
4 370
385 386
229 241
27 327
269 66
105 62
287 206
443 415
232 284
477 221
441 412
175 108
23 441
160 332
29 108
478 137
375 33
127 363
191 105
23 6
68 312
18 129
44 208
344 461
34 277
41 173
282 476
417 68
400 157
265 429
418 281
166 244
459 294
251 293
152 150
314 274
403 72
132 184
498 300
429 476
150 32
360 322
390 284
441 129
59 142
423 206
302 477
123 89
235 262
412 374
1 239
311 79
263 256
56 444
272 261
294 337
159 422
206 6
136 49
191 147
206 195
24 466
56 8
270 0
226 291
30 35
114 227
484 193
489 377
139 392
230 262
36 285
291 389
291 243
242 427
474 482
449 448
309 351
351 357
0 79
114 429
157 382
427 228
458 493
385 417
31 97
234 115
357 67
310 25
305 0
334 405
205 279
482 135
492 14
94 185
115 344
226 60
141 272
265 154
423 99
196 150
118 454
21 430
307 327
327 184
89 112
244 161
149 294
161 226
412 141
486 255
167 27
151 64
218 308
407 416
418 141
447 455
237 388
67 469
153 45
157 246
260 94
240 401
480 409
402 401
8 392
271 388
305 28
336 422
338 375
369 96
51 108
497 316
285 289
186 416
163 290
236 343
97 423
184 477
230 429
321 86
327 91
119 92
14 132
7 455
51 204
164 376
193 455
244 161
430 330
473 430
125 93
368 209
38 74
3 52
490 269
360 176
120 317
449 331
286 486
190 457
185 190
145 355
368 378
61 241
23 150
95 34
243 0
75 463
367 282
403 430
107 358
27 115
446 79
66 477
286 232
274 108
315 471
202 271
12 184
186 115
149 387
388 282
97 244
378 463
245 465
175 281
248 204
284 202
31 194
279 350
458 169
141 53
177 274
310 195
310 41
429 348
130 311
55 317
132 228
45 286
419 377
434 220
274 168
362 218
68 158
327 141
47 378
4 320
15 224
265 166
15 177
488 46
363 145
225 396
182 347
77 270
342 453
121 11
229 117
275 484
477 149
379 454
275 24
100 384
402 290
320 218
264 269
415 160
408 480
327 492
263 90
44 256
267 105
74 17
1 348
349 201
156 331
355 229
465 431
73 308
26 367
137 393
406 142
122 404
248 314
257 302
58 11
469 301
170 178
26 43
97 172
3 376
457 253
184 210
370 422
141 109
3 248
391 130
386 409
223 13
167 135
498 480
133 226
404 467
363 156
328 282
10 460
213 183
245 467
241 249
358 116
216 383
365 213
474 107
473 252
239 50
382 140
366 237
205 368
24 122
405 68
380 204
387 415
383 445
194 484
452 476
211 404
470 169
128 77
181 444
346 101
242 420
157 229
97 460
83 214
134 473
177 340
255 14
459 416
252 490
467 5
262 205
226 178
107 232
28 354
308 288
208 227
308 50
362 218
432 257
230 297
137 419
433 407
175 245
235 245
102 427
132 54
85 364
448 210
65 192
333 329
408 373
275 393
111 216
473 489
287 396
315 203
462 276
21 100
345 137
416 109
15 300
16 49
111 100
145 317
146 176
401 478
223 406
122 28
370 335
83 447
2 157
433 398
498 464
453 307
416 196
496 221
122 431
384 12
329 234
262 29
359 327
233 16
44 82
269 207
154 414
423 352
250 156
472 209
16 101
149 277
499 432
215 497
9 121
207 99
128 191
370 470
486 339
422 456
15 382
149 191
396 170
178 72
133 498
99 3
132 149
433 100
97 483
457 149
100 459
150 164
134 81
420 372
180 472
355 342
386 196
218 4
76 282
280 248
103 210
211 232
332 236
71 145
146 430
241 28
45 246
327 391
115 31
4 100
294 296
492 359
363 180
314 62
310 291
353 447
31 414
2 417
414 215
497 425
454 60
158 238
481 351
382 338
438 97
245 238
97 232
265 89
151 312
456 431
230 313
79 161
78 261
329 81
7 492
404 326
65 313
16 415
105 398
495 398
137 395
479 240
181 86
251 96
28 332
498 59
220 110
372 77
11 151
495 201
379 370
183 252
19 296
195 51
449 124
371 42
283 438
377 350
299 316
1 480
39 327
437 499
76 111
262 161
214 87
457 110
362 94
242 492
43 381
357 437
480 345
135 80
430 115
431 364
344 229
408 432
431 235
347 198
211 360
299 461
423 426
372 257
101 285
18 114
52 497
194 227
307 384
499 329
46 90
171 282
215 390
478 432
130 498
358 177
490 193
119 158
267 414
51 343
458 220
217 422
149 362
246 411
93 309
251 97
379 139
381 422
354 446
445 211
388 336
30 155
313 379
293 1
345 432
153 344
266 155
369 222
486 268
429 467
64 79
70 180
102 295
242 303
15 309
497 187
342 255
134 27
381 8
440 279
476 78
233 445
168 94
362 454
421 154
85 291
323 337
132 155
310 426
87 374
413 177
433 84
464 108
116 67
199 345
423 408
354 175
269 8
462 374
28 484
127 235
72 113
120 451
229 204
431 282
460 316
400 196
304 393
312 364
61 272
181 363
38 336
344 387
261 160
496 158
393 141
254 475
278 317
374 226
8 7
175 305
353 320
65 428
144 158
282 378
93 206
42 315
202 132
144 239
249 315
456 140
467 495
312 210
288 246
253 186
343 149
469 281
209 197
207 35
265 353
59 489
305 358
342 454
45 359
175 486
478 146
493 131
194 446
44 306
344 482
483 149
430 40
89 453
340 139
493 296
137 457
167 404
210 294
154 10
348 107
254 329
312 179
477 247
405 6
341 21
170 102
494 324
129 453
92 83
231 321
278 437
342 220
15 298
160 404
12 169
350 360
391 118
217 162
169 368
241 475
429 362
186 264
217 423
358 168
489 309
99 441
161 120
270 441
197 176
197 430
290 61
31 47
62 182
402 101
76 83
445 496
260 357
280 483
151 477
138 490
431 493
465 237
30 92
121 235
17 80
141 318
218 307
341 173
274 280
363 96
92 202
59 308
143 352
181 191
181 147
140 171
261 112
56 457
192 143
223 177
348 209
368 365
390 66
346 62
158 16
70 61
221 250
454 129
172 364
11 487
158 205
169 3
460 271
415 225
255 4
213 138
355 103
169 434
496 97
113 367
428 6
108 183
164 1
365 414
401 188
393 229
232 411
183 62
140 193
197 98
236 395
498 263
49 444
41 19
386 397
403 7
190 166
167 11
277 207
395 384
113 178
89 141
203 198
243 272
222 343
238 292
55 311
255 88
107 456
353 148
155 345
363 256
119 198
405 382
267 396
426 152
293 232
430 16
140 349
192 173
318 215
26 283
371 373
330 133
281 331
28 35
292 437
135 244
126 263
12 392
396 245
330 438
306 190
391 112
286 447
14 83
218 104
329 40
173 442
125 11
47 454
391 5
249 191
306 378
270 228
325 318
257 167
209 155
268 415
362 100
35 406
362 376
268 106
48 43
55 441
248 173
178 454
497 491
370 280
8 303
474 492
11 185
341 83
498 220
172 461
367 213
441 60
166 81
124 210
3 214
239 31
337 251
243 269
49 334
490 465
309 409
95 464
47 321
393 436
249 45
110 418
478 116
197 52
262 496
210 173
205 265
369 301
70 42
229 464
281 120
381 71
35 90
411 476
264 434
331 305
223 13
129 442
494 53
49 178
352 108
225 111
412 409
303 94
410 334
306 32
103 191
282 188
16 490
276 45
202 281
294 108
402 277
330 276
306 248
208 231
342 10
419 433
380 106
293 223
107 290
334 99
139 63
53 468
13 156
437 182
142 68
345 83
359 396
144 176
259 166
28 352
137 102
60 448
23 17
160 353
305 482
45 346
314 444
452 451
133 179
99 241
325 127
23 445
473 184
202 167
371 232
186 231
31 8
378 99
452 406
388 390
88 109
406 286
237 402
433 358
100 222
349 33
330 277
313 372
391 303
387 16
99 114
474 74
173 482
388 352
94 477
87 128
414 182
436 493
203 3
77 222
107 155
432 426
150 437
240 246
114 393
7 127
53 65
47 482
186 226
56 287
267 133
315 143
488 182
37 104
326 43
199 115
393 433
222 483
81 396
289 314
441 195
112 149
131 347
425 11
298 169
302 481
476 66
100 470
74 464
360 489
104 400
185 59
394 498
246 259
73 476
23 35
184 366
213 136
147 167
337 139
120 298
216 139
109 97
413 168
157 35
287 273
184 262
112 472
231 431
407 358
245 156
23 282
418 282
449 236
227 418
216 286
278 348
297 284
452 239
275 62
188 109
223 414
239 224
155 187
397 470
479 414
197 495
277 2
238 467
385 226
365 466
166 101
385 495
86 315
229 189
299 361
128 417
494 374
414 367
189 149
416 311
306 168
170 113
80 83
162 409
227 466
419 27
374 245
60 157
346 460
174 141
411 497
224 302
169 405
54 138
301 358
27 470
435 108
43 197
458 16
334 57
84 185
282 105
262 310
271 194
336 461
310 445
247 247
152 34
24 416
126 58
381 326
286 153
351 316
184 329
387 161
199 18
124 323
134 481
176 238
51 257
202 364
111 362
396 449
217 263
173 421
99 343
349 54
223 385
66 52
213 407
278 453
129 412
246 254
492 115
372 422
286 44
258 74
375 249
364 154
427 444
139 37
444 378
263 488
40 167
74 330
135 254
18 352
106 116
231 264
38 451
347 455
381 176
277 105
111 256
52 141
179 391
269 192
180 123
290 385
215 221
327 216
421 202
319 345
462 379
330 402
210 352
381 29
486 91
200 158
300 98
341 252
444 331
306 462
347 477
50 448
164 414
117 229
426 85
465 288
42 388
93 147
29 252
344 474
132 15
465 44
148 432
263 306
269 445
422 69
17 116
31 324
53 34
119 0
140 479
220 436
436 182
287 313
287 465
480 483
27 419
352 446
104 27
472 467
389 373
342 246
70 406
292 225
77 475
455 264
200 217
251 175
488 488
453 38
21 275
46 286
84 400
428 398
218 188
414 252
499 107
365 108
333 421
397 158
422 262
479 352
379 474
463 82
473 219
346 268
54 346
247 392
143 138
179 27
279 361
320 445
53 130
52 185
195 238
0 449
153 117
444 331
265 32
103 407
175 238
85 449
341 82
72 184
63 484
197 251
48 194
325 17
203 453
191 229
30 250
220 43
226 183
67 164
423 492
230 170
471 98
32 167
351 312
297 105
208 266
461 346
364 257
210 286
367 419
169 254
297 397
432 389
53 376
368 499
21 476
427 450
470 492
156 459
416 173
440 305
152 125
234 401
39 16
435 444
50 406
303 456
346 200
76 235
86 251
228 296
246 459
303 7
318 216
242 459
265 235
212 182
83 417
285 446
242 122
28 220
176 293
345 183
418 374
126 421
217 356
315 206
65 315
384 470
429 383
470 126
308 46
315 34
332 243
217 100
172 427
72 97
280 201
75 417
338 50
406 53
259 407
222 73
43 324
60 106
84 324
371 382
417 392
487 186
287 101
28 204
301 311
12 100
17 433
483 88
141 207
114 241
314 253
429 189
147 209
34 341
224 232
476 405
443 493
94 464
20 82
394 475
75 322
255 406
346 445
152 91
332 340
93 119
308 147
356 374
216 455
39 242
499 440
285 16
332 443
377 379
354 352
26 123
30 282
227 282
373 228
68 231
350 205
204 13
240 158
466 413
155 456
248 5
373 7
302 33
264 205
410 179
303 119
253 436
218 185
265 480
63 443
1 186
51 414
424 205
470 291
247 390
248 478
485 495
28 473
179 287
318 145
264 441
377 473
158 369
201 96
391 276
462 264
178 392
450 13
305 455
197 272
250 404
400 445
271 87
374 280
425 450
391 45
18 41
262 120
68 29
305 463
228 460
204 119
132 258
213 6
279 289
194 411
208 381
469 446
78 479
281 195
240 4
397 24
145 111
140 160
475 213
25 297
416 55
314 230
88 400
190 379
142 367
249 236
182 203
34 218
265 260
116 168
44 6
117 366
26 189
255 109
258 353
409 132
214 174
426 223
454 303
170 116
352 449
152 271
341 386
147 186
206 107
113 115
481 251
292 82
43 359
213 399
32 301
327 122
197 246
401 253
370 3
452 72
195 74
461 104
143 37
144 460
75 349
452 109
191 57
416 245
144 86
387 129
103 176
275 66
319 152
156 176
100 41
468 108
65 296
333 429
389 208
409 477
438 316
373 362
107 481
67 290
271 103
132 306
372 227
379 407
435 191
85 35
144 36
184 53
482 209
269 17
346 223
39 178
392 136
117 265
55 351
455 184
490 178
257 87
346 362
405 137
24 281
169 490
43 20
229 205
74 377
100 350
381 420
56 492
257 273
477 173
209 164
194 432
371 199
413 452
441 217
350 319
309 465
486 20
225 205
82 67
418 300
72 183
27 299
424 481
6 284
448 401
185 216
267 494
446 56
273 181
0 387
205 476
496 161
366 191
258 73
225 449
484 28
179 150
483 363
147 104
357 489
57 447
293 43
451 177
358 240
479 77
53 210
223 184
227 401
474 90
391 338
366 52
202 227
442 46
2 37
378 89
388 211
106 436
113 181
273 58
135 323
385 253
289 188
89 108
50 369
207 415
319 293
372 73
471 373
410 314
255 325
37 289
77 495
177 143
53 42
365 302
407 188
228 102
210 49
418 169
437 113
258 125
50 256
130 131
297 374
199 392
181 53
48 88
84 258
152 77
232 137
178 17
119 139
188 406
428 182
147 458
83 365
473 405
36 486
212 103
348 334
239 411
352 381
492 139
217 436
73 144
162 449
440 251
10 133
167 481
439 438
303 314
72 375
361 276
232 460
146 73
336 432
313 385
25 40
476 305
450 94
395 402
5 464
97 335
168 15
453 117
283 108
483 108
237 355
316 196
121 321
253 462
200 309
350 66
372 77
171 178
80 322
286 418
105 86
101 235
204 274
382 407
367 488
195 217
265 456
277 11
326 238
47 382
301 378
455 397
76 173
347 478
396 8
94 485
72 1
275 48
307 277
117 9
78 174
483 312
176 343
81 112
495 354
232 481
230 296
321 187
17 158
167 168
5 413
414 113
161 77
206 42
51 468
495 323
488 482
325 478
90 164
370 259
92 437
233 102
141 322
481 54
74 158
71 0
113 79
9 337
231 275
95 67
391 283
265 90
420 231
247 442
53 363
300 117
219 145
320 34
440 212
370 153
153 367
446 293
482 266
393 307
375 214
349 489
431 118
349 466
260 352
67 96
213 314
311 367
253 284
496 131
284 194
61 218
363 437
56 359
19 345
411 449
438 394
364 260
226 222
426 213
161 487
153 493
360 226
362 464
448 114
160 358
428 84
374 73
284 291
488 430
231 155
49 400
12 170
244 265
330 91
78 170
163 491
69 83
399 375
489 431
141 347
284 1
426 69
360 158
440 211
366 201
101 171
341 268
385 465
56 437
107 216
59 486
69 270
498 129
60 469
168 339
341 202
123 452
462 119
182 336
37 402
74 49
169 490
455 267
205 406
122 12
498 312
435 182
163 420
389 433
272 75
129 409
214 465
85 253
89 176
79 267
168 478
468 153
420 189
96 275
139 477
290 70
104 490
410 77
362 267
343 151
412 486
452 472
225 126
303 389
8 166
496 382
387 177
218 316
92 307
285 166
237 83
73 427
356 341
109 335
338 218
204 304
276 251
377 8
249 354
372 180
414 258
435 369
185 301
461 5
172 129
213 246
25 409
250 138
474 381
99 211
15 312
63 155
16 144
350 293
325 265
23 222
91 240
41 310
316 129
258 2
100 488
249 471
110 125
358 351
63 436
248 309
465 430
426 164
309 481
246 276
499 134
374 122
432 442
71 268
122 248
88 182
153 223
200 337
189 115
51 59
368 104
386 152
316 185
166 313
441 125
111 265
239 440
235 486
106 171
272 158
340 228
451 360
198 346
461 4
63 239
195 13
165 431
117 81
246 333
310 135
252 188
480 421
259 491
15 215
226 217
446 287
147 418
264 249
253 197
436 78
91 316
100 483
65 108
293 69
56 311
351 455
376 161
152 332
399 488
205 167
306 125
44 3
253 454
151 160
238 358
175 440
423 181
141 127
48 340
4 434
389 104
265 355
187 118
458 270
289 87
64 15
19 96
402 460
121 124
482 53
345 211
245 9
136 121
461 386
173 36
141 317
173 62
32 258
380 360
299 342
358 170
118 216
176 229
353 20
425 149
361 335
345 123
244 458
344 333
370 57
375 17
432 363
473 48
260 316
159 354
376 60
276 17
246 346
366 304
454 451
286 143
266 167
125 483
169 362
420 321
339 391
106 147
195 123
439 79
433 307
219 450
467 161
7 347
152 65
368 225
369 458
477 7
490 487
350 454
275 11
402 122
269 466
89 8
440 316
123 381
331 225
387 343
190 151
68 394
472 194
152 437
444 193
180 129
83 286
150 382
4 211
177 404
265 125
441 119
0 205
430 65
260 331
334 317
64 450
497 403
192 388
81 149
131 136
274 261
496 66
277 424
329 0
478 307
426 94
299 419
336 426
109 229
399 96
399 296
199 315
203 396
397 243
379 284
397 28
95 5
430 393
246 224
31 259
205 76
495 457
235 4
85 332
428 197
493 336
3 179
75 192
287 206
342 473
353 18
23 240
485 300
25 453
64 83
159 408
366 121
477 7
339 453
150 415
251 119
299 143
187 255
313 226
51 474
492 156
248 405
205 16
321 85
21 82
491 238
359 180
39 209
162 337
252 378
350 165
308 355
462 1
227 496
322 276
432 279
36 167
183 32
117 93
28 356
94 138
171 19
80 306
495 210
441 94
259 99
454 291
144 68
416 417
45 371
2 90
257 329
361 390
484 292
149 478
117 12
383 95
401 140
202 315
409 396
495 143
286 169
89 302
71 430
154 357
447 116
445 156
399 57
349 306
136 383
247 498
94 105
245 482
297 347
96 448
443 58
227 443
97 230
12 168
25 168
136 166
175 325
382 81
239 74
309 231
82 376
481 408
390 28
375 79
379 39
97 323
119 322
52 177
345 216
237 417
83 223
48 373
455 258
184 430
13 46
422 493
401 95
123 256
187 143
182 351
26 66
388 132
309 145
214 293
210 6
229 451
324 145
404 277
59 131
178 440
434 73
20 452
60 187
331 496
199 247
165 365
497 225
223 406
199 158
165 437
240 261
258 394
172 64
196 162
103 83
8 226
178 389
76 29
377 91
338 407
125 76
153 4
410 122
133 228
17 461
74 298
192 257
322 332
347 216
300 370
448 302
191 160
41 126
217 119
379 418
346 408
264 4
478 0
228 174
487 111
409 98
355 61
245 454
170 29
251 92
394 322
335 199
326 437
57 376
295 395
155 288
292 141
493 419
445 122
234 74
172 432
345 495
449 27
409 91
35 472
146 160
360 282
219 481
210 38
285 128
268 5
498 441
360 60
35 492
66 306
90 269
116 90
469 288
379 418
242 378
39 414
48 240
74 399
289 120
248 284
289 74
15 369
429 139
131 228
386 464
85 49
491 476
264 54
472 461
339 495
262 214
306 230
481 310
430 380
164 270
345 31
400 305
445 212
440 181
498 428
478 326
155 435
489 321
282 271
267 313
379 474
204 381
43 186
66 186
456 474
357 231
388 301
14 109
290 333
262 306
133 140
76 92
413 140
411 417
231 196
170 30
411 462
148 226
412 455
281 67
150 369
22 490
99 38
372 388
195 241
382 486
78 180
320 310
79 343
391 231
114 162
125 413
140 25
332 125
192 52
421 465
455 342
233 296
184 54
148 457
443 231
411 30
192 373
216 231
315 123
286 108
21 281
158 263
388 161
66 491
456 433
275 339
135 412
318 360
317 172
403 466
348 112
485 315
398 392
16 54
14 65
346 154
417 35
49 5
348 305
238 467
306 304
68 366
78 442
114 239
205 396
8 17
184 406
298 494
400 83
0 166
320 414
301 199
204 89
395 350
169 404
60 485
203 476
270 129
220 282
178 384
253 425
183 38
384 290
225 334
0 284
198 225
424 173
262 0
202 480
384 9
495 372
348 297
426 50
332 118
354 146
423 362
401 459
249 459
293 285
422 474
52 293
466 120
472 476
309 81
90 175
47 45
342 85
136 247
217 120
118 320
183 423
234 42
353 436
73 484
310 146
291 495
468 362
191 258
191 440
115 0
45 281
219 14
113 388
8 355
27 182
105 127
21 62
498 340
176 226
372 424
419 338
201 163
273 387
180 392
392 464
246 147
162 289
29 465
172 127
310 38
17 51
114 267
459 390
116 112
36 487
326 340
3 308
47 27
271 129
93 227
227 163
304 191
8 389
368 334
224 32
84 178
298 93
483 198
162 257
97 451
143 199
359 423
302 146
127 406
486 73
236 221
264 213
454 392
226 273
305 322
353 450
395 241
439 3
112 230
181 102
153 209
132 324
323 12
270 434
7 450
23 108
321 95
340 288
413 127
302 66
369 70
312 7
10 264
495 103
205 122
184 28
205 210
222 316
103 380
182 345
305 462
410 206
346 479
106 250
168 111
181 408
267 389
154 345
449 277
252 1
381 6
217 436
104 438
318 291
136 207
22 1
59 442
421 284
34 405
16 379
140 54
444 49
247 407
37 450
303 196
202 289
77 184
475 419
63 181
241 293
146 51
345 263
47 205
110 118
498 433
487 478
380 490
397 283
233 127
175 286
75 36
73 229
149 152
186 48
193 64
115 427
42 340
45 461
79 441
374 8
338 429
419 213
497 218
197 169
455 230
119 372
102 383
387 44
92 103
167 73
352 285
125 134
95 394
335 23
31 27
456 61
275 369
440 228
249 124
206 489
362 204
439 177
221 316
271 179
104 313
451 290
424 457
203 428
451 372
399 39
452 334
56 207
287 227
203 496
485 36
93 410
87 199
367 384
63 309
474 138
428 168
477 277
206 205
77 180
219 157
344 328
387 172
251 400
248 27
63 307
217 85
285 156
393 156
317 4
143 456
476 292
69 423
480 453
134 127
137 409
89 205
229 481
381 477
4 333
140 129
214 419
428 209
365 351
356 321
277 183
327 351
126 254
59 248
376 107
368 193
399 13
346 458
435 480
313 227
356 291
210 453
14 70
274 138
311 380
415 130
333 89
195 94
194 459
418 254
300 70
435 287
245 51
31 281
360 32
323 345
150 216
139 385
376 165
397 413
395 187
128 164
258 228
39 323
430 452
375 458
245 230
281 310
444 342
374 164
9 304
373 49
286 12
29 364
129 162
202 426
90 24
104 330
6 348
152 143
101 288
370 27
190 198
40 3
167 486
142 266
315 177
41 15
379 102
116 70
348 360
384 170
1 438
138 340
484 359
499 290
170 437
488 369
372 360
198 28
147 39
68 340
356 462
416 461
31 87
448 385
55 379
169 184
377 408
267 307
450 361
150 118
487 472
184 138
19 211
251 382
222 166
480 171
133 430
18 249
134 164
396 318
354 189
450 417
77 231
444 69
188 27
351 95
85 175
387 35
417 456
122 490
13 139
422 455
56 146
163 440
110 190
231 411
328 464
48 181
251 405
284 492
87 291
466 135
170 25
481 205
47 439
431 456
411 61
59 353
293 319
9 222
485 255
71 92
126 314
219 119
112 229
20 4
491 51
76 338
396 162
101 58
14 295
208 32
385 277
96 268
342 30
137 457
401 328
494 209
328 27
108 213
69 440
492 480
319 61
75 68
478 67
362 28
61 344
121 71
191 298
181 69
378 33
213 170
379 280
159 207
273 208
0 268
100 342
255 344
265 419
338 330
359 243
88 53
476 272
422 61
483 167
52 455
126 361
493 118
177 357
65 153
273 450
145 418
262 373
145 400
83 27
271 483
388 294
418 211
124 364
383 192
148 459
321 288
406 126
483 314
319 83
386 401
319 92
466 31
283 433
461 463
298 218
12 84
147 187
403 282
475 123
83 287
75 475
453 404
70 333
268 288
189 242
334 154
37 360
294 152
115 321
39 107
43 266
453 404
186 190
313 356
495 13
488 248
4 70
255 441
230 75
317 24
30 271
484 3
8 68
389 130
237 123
389 280
184 280
322 194
403 223
236 135
236 398
321 77
18 240
315 76
452 100
224 484
340 335
403 208
338 348
323 144
424 75
207 65
259 461
36 29
16 162
413 272
349 252
493 234
162 220
172 160
497 467
302 396
104 337
185 205
201 294
221 8
73 477
290 428
309 185
199 326
99 326
430 112
198 300
372 275
436 361
328 45
293 433
122 130
187 398
44 159
167 388
365 266
194 93
130 156
334 4
182 329
294 285
86 464
240 492
205 458
355 176
461 33
15 149
399 435
94 202
442 443
209 113
58 160
168 256
112 188
370 2
140 294
110 16
8 226
36 350
378 214
99 244
393 191
126 115
169 292
87 72
186 464
476 149
405 244
285 496
498 17
163 7
23 138
216 273
124 31
97 105
349 354
46 197
164 94
238 172
245 185
1 325
474 283
27 477
473 231
248 164
171 324
314 263
37 194
78 383
488 13
367 175
224 189
283 413
438 240
278 21
198 35
318 279
257 173
404 197
362 230
406 5
268 33
80 221
104 157
170 158
185 444
133 390
303 262
354 416
437 93
128 132
412 135
160 446
144 169
251 417
274 358
243 10
231 394
52 323
333 187
131 74
464 371
485 264
32 120
65 339
472 469
456 194
140 384
405 469
238 136
494 8
370 12
406 238
413 101
140 310
237 99
470 271
387 53
173 455
146 419
240 91
285 118
354 49
18 277
414 111
472 108
472 260
350 342
296 230
41 116
215 436
60 278
183 37
344 299
219 209
300 490
461 311
360 85
362 167
279 230
338 128
241 103
445 162
393 443
59 93
30 434
64 274
163 442
241 247
308 7
350 312
124 108
193 163
330 336
67 408
388 461
64 257
420 129
425 362
455 313
99 484
111 337
279 15
114 274
134 373
185 423
31 484
499 161
498 77
337 329
143 417
26 225
207 207
421 446
111 132
116 229
66 62
429 79
354 198
71 44
319 340
176 256
270 202
279 175
4 268
37 116
194 147
207 63
362 401
33 480
209 473
388 1
81 276
474 317
213 287
127 397
153 32
235 155
330 275
43 366
483 186
186 432
496 177
430 245
225 358
183 315
168 435
63 423
241 101
388 389
286 454
339 367
22 291
67 426
292 204
391 462
395 275
304 77
174 391
101 86
401 399
186 284
208 422
23 249
138 301
107 412
131 424
216 446
372 6
210 135
97 165
292 101
30 492
235 449
35 204
456 336
473 289
211 142
392 33
334 86
498 382
307 441
240 482
488 375
10 112
129 50
152 107
452 274
223 34
91 187
376 110
251 47
41 349
382 314
401 433
316 68
9 251
85 475
350 249
214 73
124 212
171 195
469 128
14 123
163 44
7 457
356 39
240 110
425 398
183 122
190 178
281 351
326 51
153 367
292 28
240 219
414 268
396 412
387 384
280 263
220 50
441 139
250 77
327 181
155 27
205 10
362 197
249 338
205 40
69 254
473 350
118 309
73 387
123 367
130 313
215 256
395 202
131 157
190 145
172 458
321 198
395 229
68 35
75 496
250 125
475 144
306 223
463 446
313 231
44 86
342 295
497 260
269 238
383 129
439 311
9 408
137 112
147 257
253 57
35 223
367 4
79 362
308 25
257 42
129 121
416 153
265 323
61 266
247 386
198 297
57 186
299 207
464 194
104 446
21 70
74 139
1 241
266 5
48 310
283 375
29 29
352 52
170 294
181 266
415 417
103 231
290 472
18 254
53 255
177 122
113 74
315 103
108 115
277 434
309 8
37 412
316 190
485 242
360 486
403 18
249 275
99 359
113 39
146 117
92 18
445 323
426 205
172 112
46 387
395 449
214 208
398 433
27 30
17 235
253 387
14 420
131 354
394 113
82 97
115 392
68 174
232 412
25 346
233 404
206 423
483 481
414 420
450 382
117 293
180 319
92 223
77 194
159 223
320 323
216 241
268 436
200 136
482 352
256 225
1 216
197 314
234 484
366 463
108 37
208 336
59 288
334 300
24 488
312 493
86 344
132 380
16 206
58 333
410 350
418 167
333 411
396 115
430 68
457 114
302 38
178 165
318 361
202 12
357 342
38 366
98 296
354 23
356 114
316 265
432 118
30 235
202 265
185 278
244 133
23 494
12 47
260 54
418 330
24 462
180 276
424 414
437 278
244 278
43 145
264 61
296 327
445 146
424 498
483 130
477 168
67 359
413 489
171 328
142 331
459 47
461 323
101 235
366 399
44 346
259 409
89 160
306 55
405 34
16 82
251 241
100 345
334 170
498 365
48 357
404 493
316 360
95 366
117 269
467 461
223 13
174 226
133 312
198 332
415 391
484 214
412 18
188 436
301 246
456 39
32 201
61 360
78 200
469 9
470 47
413 289
367 45
357 87
419 353
244 407
474 334
352 228
16 386
484 393
432 317
370 440
153 464
164 284
293 83
483 485
126 115
161 396
483 494
347 370
278 254
441 443
23 104
490 145
38 39
208 474
267 470
286 78
362 420
355 302
288 7
123 338
234 414
260 284
154 217
324 107
50 284
388 265
410 73
464 230
205 301
271 172
251 472
244 410
212 465
473 99
438 352
119 96
232 172
242 379
487 238
375 66
183 389
315 263
494 93
246 279
452 51
23 18
428 55
372 267
218 492
345 345
293 156
329 464
195 25
116 71
489 34
424 491
254 172
265 91
370 100
151 12
382 174
81 26
145 162
154 454
151 364
20 351
315 297
174 201
124 363
397 290
281 113
285 321
264 388
340 403
267 487
13 344
370 149
163 95
401 368
84 169
21 404
201 456
158 188
51 376
18 282
248 449
122 300
40 33
436 387
374 380
76 203
204 387
334 299
167 219
389 87
492 251
59 410
450 193
421 217
352 2
303 440
92 100
485 425
164 484
364 422
477 390
278 293
92 34
253 464
52 259
362 142
404 44
89 421
491 355
357 363
303 195
147 160
437 247
231 484
258 102
492 447
240 236
122 122
87 332
443 375
370 491
387 157
431 274
481 476
339 274
321 190
350 494
241 468
452 140
242 324
272 211
299 86
209 364
197 421
148 148
491 492
2 18
145 378
206 433
207 126
317 46
392 28
348 19
159 486
310 152
363 253
192 434
299 14
287 401
401 348
340 436
306 244
122 342
127 451
430 328
226 186
214 99
118 471
457 414
67 130
235 267
202 282
149 427
180 353
201 436
224 433
177 393
88 31
334 299
480 67
254 116
215 58
29 320
235 334
464 486
254 302
436 51
479 308
13 85
22 159
93 66
459 246
129 270
422 399
467 316
432 402
460 221
41 148
482 490
328 128
430 298
349 434
94 219
304 180
340 107
173 326
425 285
407 485
384 406
222 329
83 203
424 155
303 396
238 318
446 137
435 66
1 229
300 136
317 95
203 104
283 9
294 228
213 208
114 201
383 98
301 189
344 466
362 78
248 147
284 100
167 46
127 71
59 20
115 427
32 376
385 170
399 167
375 31
85 464
414 341
382 468
434 68
498 226
225 149
101 246
144 9
432 120
140 272
51 492
220 108
130 435
102 458
489 381
346 329
23 426
394 260
328 405
132 181
330 326
424 357
219 431
404 69
193 151
495 44
152 96
32 216
174 283
164 134
464 15
442 362
123 487
392 336
17 303
482 376
234 199
483 258
327 305
308 387
283 372
469 304
372 288
71 1
487 46
61 87
302 303
290 3
192 277
80 35
263 61
113 414
173 349
154 96
335 352
77 315
119 118
406 46
399 491
389 329
269 238
42 302
306 71
348 184
71 350
411 280
195 335
184 24
472 220
72 339
6 307
278 149
47 125
468 36
218 298
37 209
11 487
410 431
115 169
19 110
390 187
22 283
307 437
9 58
249 132
291 434
83 255
232 69
458 483
133 200
261 176
163 22
453 273
294 425
35 421
108 314
97 277
67 482
392 256
388 76
10 142
397 32
101 446
281 130
182 411
87 414
437 444
69 102
27 242
163 363
177 414
192 123
457 126
235 111
187 350
492 475
7 50
496 241
371 461
372 277
43 406
350 312
266 480
223 419
134 294
60 238
362 164
290 104
215 319
169 377
205 403
305 13
255 212
25 301
430 126
32 250
414 473
454 234
5 180
474 29
267 140
304 387
491 481
301 446
324 207
462 322
336 29
93 267
420 91
69 471
73 350
323 454
188 487
167 129
10 46
186 142
381 130
111 342
288 372
431 412
235 464
345 245
364 423
14 291
262 284
486 83
389 335
322 162
143 430
476 489
483 154
136 14
356 216
89 247
12 496
461 372
118 99
22 158
449 482
119 388
323 63
250 105
267 213
143 424
266 411
417 119
485 249
318 53
300 341
337 259
131 164
263 150
309 101
436 137
25 258
174 55
160 201
414 424
349 280
43 409
28 115
216 460
13 365
206 34
293 165
182 395
46 277
378 445
435 355
465 314
221 312
13 139
64 234
14 427
336 265
380 57
369 216
81 96
483 234
399 139
35 128
405 81
379 81
436 136
450 166
478 253
393 172
258 492
419 457
74 272
181 108
176 454
402 50
284 110
249 237
366 35
469 284
217 271
407 348
366 5
259 210
234 344
336 152
461 492
116 108
216 35
341 149
199 244
354 243
481 335
222 104
240 347
470 191
391 458
463 230
292 257
102 222
226 378
370 290
398 187
74 338
487 466
211 415
11 38
225 417
21 492
191 447
139 114
72 13
95 382
140 35
110 387
265 94
384 336
376 487
177 135
453 450
218 164
54 16
434 229
73 279
227 307
421 116
129 218
452 493
381 225
464 444
38 343
31 82
421 275
262 407
210 99
115 215
232 280
9 22
301 166
473 82
50 380
450 395
240 179
256 403
347 473
316 73
155 238
13 348
107 428
27 127
342 169
449 495
17 74
92 310
244 170
51 418
165 294
474 1
256 405
231 82
155 104
342 399
99 162
91 207
334 207
228 470
317 28
103 178
488 334
5 47
465 233
27 408
261 130
388 353
288 18
122 119
370 443
458 316
375 470
177 401
223 61
89 405
435 41
227 44
92 424
9 84
492 409
392 388
242 106
124 280
251 382
177 98
266 121
91 135
388 141
202 120
378 112
153 143
188 313
89 232
317 132
41 450
339 161
267 433
65 433
315 243
341 316
290 492
480 459
100 233
206 368
480 154
298 84
249 485
218 338
470 191
141 35
48 11
297 332
265 316
59 362
179 432
425 253
212 321
54 405
125 165
319 260
196 106
91 469
307 298
341 161
196 129
141 334
167 245
413 290
152 284
217 472
225 183
4 494
251 290
455 411
23 376
482 126
96 220
370 426
87 255
385 211
45 136
233 378
168 64
349 146
470 172
356 418
412 48
338 360
123 163
391 293
419 147
219 226
152 367
475 89
152 91
227 360
90 197
114 312
458 110
282 463
381 429
477 138
351 145
308 167
460 474
121 51
277 231
451 340
281 281
373 426
138 433
483 452
117 228
338 97
412 75
356 120
111 293
438 333
352 462
288 98
1 164
248 262
102 279
60 199
125 236
21 285
90 115
343 4
453 207
134 181
153 365
158 491
176 264
78 448
398 29
45 367
129 400
179 293
492 83
171 91
229 469
84 193
197 171
230 427
460 151
368 216
207 466
82 379
327 236
117 161
380 78
478 162
456 361
296 9
452 300
270 468
161 181
204 206
486 210
213 286
3 446
264 82
461 62
298 347
360 140
218 267
430 92
305 196
57 386
186 101
69 10
43 308
15 82
145 100
386 1
299 358
292 389
452 416
115 253
246 102
370 475
419 464
13 300
38 224
325 70
432 76
237 247
181 476
76 104
105 326
185 314
204 256
24 477
83 8
462 139
466 181
145 332
484 385
109 10
433 374
303 287
34 365
193 40
144 215
42 121
436 101
209 79
408 492
0 234
373 343
24 314
147 340
77 22
32 483
358 187
326 317
35 161
53 360
427 80
202 197
150 321
252 490
482 211
445 161
4 334
148 171
363 381
403 295
131 440
479 287
105 489
2 305
17 492
72 55
104 445
118 126
116 254
465 371
384 98
432 263
286 388
269 433
80 149
89 24
312 211
200 421
226 269
113 202
109 244
41 185
312 213
319 11
234 280
379 137
400 118
359 163
448 186
187 480
5 29
240 276
49 169
438 293
347 276
372 51
88 457
170 413
276 252
33 342
479 11
129 264
279 231
269 488
469 228
257 456
84 326
495 497
290 134
410 433
336 138
447 134
399 424
177 469
311 175
186 62
326 142
373 168
156 105
333 494
450 477
155 90
440 387
21 150
435 82
72 283
417 271
48 19
489 316
343 77
139 152
295 30
50 465
422 20
15 58
36 108
50 465
352 43
194 490
425 225
8 129
253 497
17 277
445 301
378 358
10 289
171 369
186 157
178 221
279 460
68 193
10 167
211 119
109 215
440 405
386 34
384 301
78 139
292 401
111 24
313 22
391 473
131 484
57 429
390 309
2 336
356 458
77 364
79 67
324 39
73 20
321 62
202 457
210 399
275 494
17 173
147 88
424 260
190 278
87 481
170 80
390 441
305 26
445 468
7 385
257 121
183 432
242 78
329 237
84 304
478 105
45 101
213 125
255 322
155 255
187 194
135 325
203 78
46 292
29 0
121 405
189 286
216 157
394 431
236 46
3 478
431 66
43 48
222 497
252 298
492 378
55 440
370 479
271 259
111 416
173 153
439 85
242 362
294 156
54 488
319 382
300 57
457 102
99 195
493 180
58 204
144 337
168 113
224 14
282 291
444 188
273 307
169 236
244 367
207 315
49 298
355 378
481 349
44 164
344 80
284 389
78 254
220 280
146 98
390 296
484 428
87 186
422 109
328 257
72 166
464 388
266 474
323 171
336 247
180 220
461 32
287 316
97 392
490 359
155 95
376 380
419 492
453 463
220 341
8 282
170 145
119 324
348 288
36 294
366 36
68 68
384 328
72 207
66 333
429 62
295 74
66 305
268 214
407 371
153 489
486 415
92 175
464 105
251 440
476 352
420 118
298 396
104 304
138 370
284 22
448 419
224 431
145 366
238 492
333 53
320 243
419 319
424 264
56 235
439 176
146 384
281 211
367 444
166 237
111 357
276 450
382 60
426 0
493 379
284 164
408 178
498 457
221 179
266 274
302 278
162 57
268 448
244 295
32 135
493 410
213 144
56 269
122 95
474 482
499 467
145 111
68 259
438 495
270 289
419 56
113 424
373 434
229 381
368 469
380 114
110 213
483 93
40 166
148 457
424 366
477 499
258 421
417 45
187 48
104 187
111 458
392 69
302 336
306 474
88 171
384 38
131 50
216 219
176 23
389 216
216 452
374 367
264 474
23 291
330 303
262 479
49 441
130 154
480 351
374 288
326 68
118 259
330 309
332 186
403 7
311 73
292 119
445 185
328 57
360 468
448 158
452 474
129 349
200 82
222 109
30 427
186 48
357 0
39 368
375 41
114 442
413 39
224 259
168 358
179 53
63 380
355 479
328 15
449 336
445 380
307 171
71 327
180 345
214 280
321 219
13 441
480 288
399 426
136 57
462 67
447 315
146 25
393 302
138 474
207 194
218 436
263 366
212 289
70 295
366 278
71 243
383 379
305 52
461 282
349 294
461 423
300 297
451 108
434 45
240 90
26 141
8 310
99 141
289 72
350 21
117 155
35 421
325 0
135 192
486 138
413 336
485 448
56 214
111 437
379 490
484 203
13 405
398 344
416 465
486 187
195 118
391 455
456 230
274 69
207 443
131 261
61 121
187 117
406 469
459 298
354 285
42 295
139 367
332 292
332 55
25 171
126 27
257 269
338 434
229 383
144 397
370 361
330 205
174 57
208 236
21 486
281 62
281 415
207 273
180 466
489 39
66 206
327 115
402 175
59 17
414 131
344 55
113 285
194 174
410 139
125 254
316 283
198 259
32 450
268 406
297 64
122 257
224 216
391 449
466 478
110 302
358 233
18 306
481 471
110 64
319 243
379 88
199 487
437 77
335 83
147 57
314 485
201 270
219 391
369 92
247 38
271 331
138 105
428 141
205 471
66 390
478 24
364 445
375 177
112 301
211 62
47 260
382 377
268 248
193 453
491 138
321 440
397 114
255 459
282 325
215 313
189 349
294 46
75 53
207 169
84 188
300 418
295 131
232 182
135 416
54 425
217 479
445 375
187 114
291 53
366 469
170 6
52 407
461 317
486 480
168 20
438 422
54 468
2 85
1 286
63 489
468 407
135 280
394 414
467 174
495 185
43 185
92 166
483 448
428 405
425 321
244 448
416 215
301 150
436 270
259 154
414 499
131 228
494 49
223 25
62 313
350 70
236 457
257 294
200 71
393 185
133 125
341 489
139 401
23 494
0 427
426 283
363 414
315 57
434 209
374 390
461 348
305 224
18 197
121 63
100 70
196 14
355 86
339 389
235 494
273 363
498 87
354 199
108 361
70 169
60 394
242 444
20 373
422 399
314 390
461 43
409 267
353 9
398 264
110 44
259 485
72 383
434 257
118 426
448 394
288 40
336 360
233 382
282 208
99 155
199 448
215 60
69 460
77 68
465 319
304 187
423 224
482 228
7 209
104 452
493 455
315 392
127 181
390 48
55 409
357 489
401 106
67 425
345 470
141 144
183 310
35 297
25 458
168 17
469 384
339 124
368 314
496 6
406 495
404 386
227 314
420 114
39 128
450 339
335 236
47 91
388 371
329 82
451 265
150 349
473 272
87 341
200 342
337 435
173 458
272 94
60 400
28 193
384 451
187 478
69 220
91 234
168 309
426 272
474 471
244 428
122 447
141 183
118 322
132 331
425 291
43 405
450 337
288 71
401 334
406 327
414 322
483 497
122 82
54 409
338 96
395 150
333 460
134 37
368 303
446 266
171 145
482 489
412 473
308 122
301 313
135 214
64 215
298 118
379 38
134 204
354 217
29 29
418 39
342 163
430 286
283 288
277 453
427 117
239 189
2 87
301 393
108 489
459 217
255 258
462 338
408 241
123 168
207 437
101 41
180 49
189 383
188 315
433 466
7 467
54 24
417 361
350 208
277 378
136 161
352 33
126 451
119 260
197 101
143 179
80 298
33 175
342 270
236 222
41 275
152 244
105 96
156 69
299 308
321 433
318 436
387 173
433 445
46 358
37 131
281 41
68 470
240 315
389 411
38 328
424 430
378 190
112 382
190 34
468 411
347 363
37 286
83 86
297 470
453 130
23 334
304 235
402 92
355 396
225 143
425 393
436 149
31 304
190 48
311 73
437 158
297 11
97 474
296 380
362 394
81 250
337 386
330 237
486 239
234 185
78 211
212 159
315 14
414 244
169 6
16 226
89 106
432 313
46 186
433 81
331 408
146 366
455 168
259 476
161 441
152 493
4 92
458 217
461 320
326 373
451 482
441 194
8 40
78 373
306 406
314 363
229 137
157 313
289 37
478 268
113 303
247 483
200 118
290 205
430 13
495 116
310 381
273 288
162 170
76 352
215 468
458 243
56 297
334 467
236 197
352 164
499 201
319 451
9 51
64 109
77 439
173 412
200 240
262 446
298 214
35 191
434 366
163 345
312 342
391 349
365 400
102 96
47 365
416 273
235 56
348 333
245 312
404 21
467 297
364 167
358 118
336 399
96 144
338 499
200 260
161 229
177 65
430 115
240 77
485 199
32 475
288 333
354 129
426 44
63 174
144 142
41 421
417 480
331 489
250 255
337 383
448 263
230 366
443 231
282 470
446 429
262 314
443 86
130 469
495 221
364 194
467 491
471 257
247 385
492 154
37 349
112 181
48 337
68 342
164 491
420 202
16 110
196 35
356 311
33 179
225 203
194 397
6 44
281 17
171 253
454 274
455 208
397 66
260 3
347 318
20 425
387 119
6 37
348 436
115 362
417 233
482 192
236 463
480 489
94 18
292 3
63 49
467 99
455 461
279 80
357 154
273 299
188 244
180 280
494 389
122 147
339 412
227 105
446 76
446 208
211 40
441 90
41 127
88 261
341 496
150 219
18 50
294 276
56 59
448 327
326 50
314 422
379 166
94 42
102 325
218 392
482 165
292 11
272 23
372 380
451 465
15 374
150 470
381 162
341 206
109 329
103 167
185 275
169 483
160 131
23 271
437 230
242 357
233 81
462 366
184 105
479 413
235 199
213 130
188 468
149 54
74 149
425 253
88 111
243 94
218 100
331 118
328 155
236 425
143 61
166 50
316 327
379 497
479 403
372 92
499 168
169 21
126 425
36 94
41 214
315 131
102 259
266 498
423 430
491 354
257 66
246 9
6 425
328 125
69 486
6 52
426 68
345 27
474 52
119 382
365 15
126 434
284 467
397 244
98 207
125 240
249 207
132 371
348 108
94 461
365 418
338 452
479 291
344 184
418 453
320 315
249 283
103 298
42 33
92 352
93 493
200 69
293 194
302 333
146 141
59 248
200 11
303 250
434 32
337 499
314 204
339 10
308 415
300 442
295 203
196 244
313 240
434 248
81 458
100 89
337 227
91 11
261 390
274 394
245 47
251 111
473 59
326 91
385 134
337 126
222 32
272 385
133 35
494 59
148 67
146 446
457 485
227 237
483 71
118 1
113 228
139 370
313 438
72 465
443 198
231 261
146 165
53 355
414 132
51 399
345 414
252 197
287 154
225 479
481 270
351 196
66 446
384 490
308 231
429 309
70 103
121 160
368 69
53 174
425 282
49 104
153 270
276 301
280 440
63 354
50 113
411 414
404 468
199 148
457 64
168 480
141 379
448 289
315 9
143 1
457 240
362 192
345 463
403 138
492 478
443 318
232 394
362 355
3 489
405 413
394 460
339 73
214 387
248 140
493 29
269 391
436 451
414 131
122 133
111 169
488 466
361 55
262 72
413 75
489 265
77 319
244 235
122 416
408 459
488 370
113 402
353 110
93 401
35 119
140 67
34 498
405 480
53 247
174 167
432 318
137 15
250 361
278 382
341 372
242 38
440 181
291 208
109 145
116 237
304 496
495 257
237 190
437 252
420 142
461 464
479 204
66 450
332 230
102 196
234 25
207 197
257 27
172 350
87 366
215 289
398 244
434 62
314 135
130 224
188 86
143 91
393 167
397 209
257 226
251 352
401 343
370 310
161 158
376 395
36 100
344 91
153 434
421 131
355 320
406 403
346 43
62 49
110 240
466 312
164 219
63 69
380 65
75 285
32 393
345 451
395 68
354 42
173 400
72 276
31 380
275 331
380 378
118 337
149 343
62 84
5 165
82 477
115 385
130 157
461 147
68 476
18 208
460 274
402 191
71 33
364 434
312 198
35 96
439 430
366 185
350 354
183 371
257 433
442 150
150 239
215 255
463 70
344 233
276 424
457 247
181 199
397 173
269 493
423 285
322 61
267 141
12 172
457 302
453 121
361 252
7 103
173 76
162 323
247 17
264 290
342 56
229 297
290 239
376 350
263 65
206 198
223 30
333 219
340 32
284 138
93 53
482 144
467 266
135 144
286 66
122 252
49 128
220 203
405 192
257 96
147 169
51 464
35 370
402 384
374 227
281 187
183 467
233 115
259 150
216 221
325 397
378 190
393 226
418 98
46 150
319 176
492 193
63 371
107 379
106 318
5 482
449 239
354 188
190 35
108 465
363 406
448 433
159 241
191 341
343 78
106 89
283 15
238 450
329 198
16 345
179 287
27 373
413 481
16 233
199 103
361 476
409 414
7 309
2 420
350 50
139 198
213 308
258 274
325 451
296 439
227 193
67 328
309 106
191 332
288 177
153 390
156 149
311 414
186 163
65 165
363 37
197 205
331 76
27 456
247 156
350 176
4 326
284 269
101 165
194 476
366 389
391 347
113 375
390 54
219 299
188 456
13 83
11 386
194 344
353 39
67 441
268 55
324 71
88 52
28 277
19 282
481 247
122 410
316 94
245 12
320 35
470 434
172 333
178 482
21 366
159 31
86 88
11 279
332 262
39 451
233 212
311 410
172 214
160 285
150 488
24 257
43 470
304 494
476 215
433 334
217 349
289 93
372 155
417 152
103 56
121 308
219 336
402 432
70 391
380 414
172 220
42 404
250 67
283 198
32 79
428 216
161 249
404 218
222 34
90 173
482 326
14 63
496 53
444 417
183 418
138 176
432 207
275 32
231 183
262 410
478 263
365 42
112 140
174 121
295 335
161 116
180 129
182 27
444 28
446 478
7 480
187 436
468 439
474 314
224 199
315 88
131 203
343 32
153 95
282 369
337 300
281 295
323 369
249 463
294 119
99 47
483 301
92 139
453 304
355 67
155 178
381 22
54 138
234 76
445 208
360 16
312 134
4 142
457 487
106 253
153 103
404 206
345 136
292 497
416 298
328 148
170 71
62 61
137 225
285 296
164 434
69 145
139 328
315 425
30 97
200 422
480 183
172 457
306 177
327 464
464 222
145 156
217 135
212 207
3 207
141 497
494 20
200 62
339 134
83 368
290 370
405 135
92 122
299 77
394 398
472 126
282 358
493 118
325 352
59 57
54 329
201 52
115 401
387 401
269 454
176 322
457 411
385 82
11 50
300 184
163 405
264 273
391 297
149 109
167 216
397 60
113 73
474 98
352 228
34 213
35 121
385 211
293 493
395 270
307 156
62 195
468 470
267 178
139 211
428 417
477 306
232 177
276 90
170 58
272 128
101 205
268 159
152 338
109 413
69 399
95 268
238 483
161 415
479 5
274 153
311 407
84 104
46 43
454 212
192 217
274 78
237 146
484 42
455 242
141 445
213 376
360 88
356 451
309 373
26 335
94 83
187 338
233 30
243 234
303 187
265 287
433 429
471 3
97 270
67 278
154 90
179 281
84 14
240 387
222 245
329 266
456 168
198 368
454 190
377 293
81 109
38 495
350 366
488 9
139 447
37 56
189 294
160 68
455 125
371 252
19 29
197 52
420 475
17 248
41 227
336 247
242 474
193 375
236 92
391 33
89 228
22 280
201 130
256 34
287 8
38 479
31 158
485 87
187 303
30 3
102 81
407 219
446 344
288 452
486 34
262 179
311 427
58 136
171 12
21 166
145 310
320 411
350 176
479 157
12 38
119 362
81 114
310 26
331 379
413 98
277 317
244 176
312 89
453 154
320 335
497 474
385 465
493 317
327 236
126 473
187 339
306 245
123 120
499 116
215 454
123 412
88 344
285 368
22 401
236 239
213 195
160 86
255 451
39 6
331 82
422 165
262 18
138 80
196 385
192 137
49 411
256 315
35 138
391 393
132 58
105 479
65 198
149 117
123 321
403 188
353 454
472 177
257 467
352 462
99 306
217 396
212 149
139 325
219 99
9 382
361 203
401 114
232 427
100 402
90 355
310 3
33 295
262 134
97 142
448 467
215 196
197 18
195 427
379 188
70 266
470 388
3 284
63 223
126 235
442 163
18 68
364 104
239 403
46 478
297 188
236 346
364 13
292 286
326 60
326 171
60 249
33 296
20 415
2 96
111 498
66 444
401 129
385 430
261 140
180 431
277 58
423 416
202 142
54 216
239 381
130 380
29 299
66 163
111 401
399 68
365 74
55 465
248 266
258 440
371 9
419 438
206 1
495 343
411 261
142 49
281 150
450 272
435 310
63 368
437 398
472 462
428 302
68 27
468 176
37 326
264 191
44 456
151 470
83 39
440 62
65 225
497 74
384 367
235 284
182 448
262 172
474 6
386 190
218 394
220 206
249 255
64 336
159 294
185 67
482 242
468 126
200 47
414 465
102 436
236 149
322 136
495 499
41 148
43 381
87 112
219 115
452 188
482 283
203 463
205 168
146 185
84 25
343 198
486 498
499 445
433 75
74 173
322 428
309 467
79 217
332 248
437 299
434 136
99 419
439 489
26 157
182 437
135 110
108 377
322 474
49 460
133 256
36 475
442 307
24 346
446 374
25 209
197 383
155 311
301 149
306 446
384 327
290 340
70 371
345 250
210 244
0 394
369 344
151 389
235 164
390 28
237 181
417 415
78 286
435 72
18 231
411 93
286 254
126 201
451 356
100 471
218 162
358 453
342 439
455 9
389 77
110 345
112 478
265 379
451 191
274 200
294 322
428 185
386 80
436 54
378 338
352 36
341 448
387 210
71 183
112 343
188 461
439 223
102 153
196 204
257 406
80 470
156 51
483 8
415 42
232 271
159 293
241 84
294 1
184 480
323 366
179 297
372 364
369 118
175 326
232 65
35 432
335 164
173 191
86 170
441 440
233 318
403 452
305 326
158 49
267 342
491 334
50 446
417 363
189 419
484 92
376 274
290 19
63 63
233 463
403 149
467 26
330 488
166 222
272 136
478 325
11 391
190 469
184 61
480 107
51 225
351 316
187 279
342 142
457 250
399 427
453 361
201 367
441 283
271 220
45 213
457 249
70 408
469 147
106 106
332 301
117 9
288 183
177 304
55 482
409 135
496 306
25 362
497 49
269 467
180 269
370 166
74 489
136 293
399 43
196 242
251 231
267 313
470 391
373 444
79 377
183 282
496 427
477 209
176 494
115 98
265 208
198 485
130 339
235 334
429 30
261 431
97 32
424 380
177 419
296 149
432 256
36 479
188 280
126 13
463 216
425 241
79 228
420 475
161 209
239 7
290 90
475 353
233 387
158 251
400 410
19 454
434 184
465 55
420 474
43 91
185 383
464 468
295 264
325 236
243 456
399 65
270 33
273 374
125 355
118 431
386 377
414 489
44 172
498 379
322 316
51 393
213 359
123 367
103 8
465 301
218 346
380 364
238 488
195 5
436 215
444 313
302 174
198 358
89 198
366 49
442 412
271 418
285 156
164 247
400 389
235 129
493 118
458 467
472 83
150 153
467 261
287 95
453 121
172 486
387 43
307 38
456 329
485 430
29 94
335 2
483 429
399 422
390 329
412 357
11 214
327 415
10 330
451 115
453 315
210 123
14 340
21 369
152 470
416 7
361 181
463 251
174 344
173 362
220 416
482 438
353 83
413 162
277 215
30 364
340 82
422 241
462 354
176 295
154 114
296 445
196 15
360 111
473 222
490 385
323 45
128 325
487 176
391 41
258 264
198 274
15 450
156 472
267 329
444 184
129 422
437 240
203 178
252 149
35 28
74 243
420 358
387 54
448 407
23 278
52 58
8 221
193 419
249 16
200 312
234 45
137 182
360 24
173 340
368 464
59 208
419 294
349 479
386 306
436 297
355 409
130 341
112 215
231 175
488 361
406 431
113 222
246 43
235 325
290 272
332 104
398 349
329 251
409 99
396 215
477 346
39 103
318 459
135 151
365 49
333 475
49 271
167 298
124 148
420 254
358 266
115 252
356 109
208 296
364 117
463 457
60 341
300 354
6 379
280 287
262 371
494 113
412 312
460 13
268 388
154 232
336 478
87 121
418 192
310 148
105 134
475 125
480 165
396 127
267 486
209 177
142 381
45 203
217 406
294 357
89 337
315 448
70 278
322 255
403 340
474 132
110 360
377 301
280 442
280 274
303 399
281 489
44 445
352 326
36 261
98 498
447 125
255 266
21 369
61 78
210 424
284 35
188 172
466 161
287 468
368 246
235 90
388 1
327 132
393 92
90 363
341 344
110 389
258 96
26 131
407 319
206 89
261 43
204 394
215 228
326 344
434 435
436 62
46 174
266 115
331 439
135 209
98 172
120 245
228 209
380 499
88 135
30 87
333 349
429 235
79 400
335 256
170 365
392 271
239 216
7 158
219 70
94 143
240 318
27 66
65 469
456 259
198 153
3 487
74 32
284 284
40 5
222 120
243 62
278 114
125 482
404 286
429 344
14 498
65 21
342 393
153 130
284 299
138 351
235 139
423 64
421 20
492 316
378 495
110 87
422 157
295 87
283 326
325 76
97 298
43 390
372 440
91 196
48 156
147 81
497 283
155 71
239 418
413 147
235 117
126 375
462 9
335 421
349 98
248 12
402 447
239 291
488 127
135 182
263 36
171 283
206 260
30 327
326 445
414 443
171 61
70 41
314 485
83 258
270 164
463 331
123 25
152 54
236 463
351 287
70 351
463 22
201 128
73 493
288 28
441 488
381 459
297 364
122 195
359 380
64 392
269 174
228 39
2 421
61 316
167 205
227 483
112 130
475 281
309 185
25 264
75 250
466 406
102 224
105 88
333 313
340 21
60 102
376 68
385 414
119 437
420 404
35 198
479 384
422 10
126 140
243 447
206 54
278 209
298 308
473 235
256 483
85 313
234 168
434 461
250 471
375 53
104 23
407 262
273 435
76 329
129 251
157 319
380 335
143 288
23 30
13 468
134 132
152 451
412 368
191 87
492 15
38 66
329 96
384 445
127 454
57 460
131 256
91 215
3 363
394 86
406 378
10 407
358 40
260 163
102 123
138 451
370 94
43 28
325 199
5 279
239 452
60 62
129 222
437 151
89 484
363 331
91 496
36 225
240 301
424 149
100 194
289 414
294 322
21 184
463 120
424 378
293 54
128 485
488 422
259 65
249 430
426 474
199 340
141 314
463 292
486 418
184 416
238 127
163 479
451 112
342 126
32 375
212 135
410 12
430 53
483 169
143 179
371 261
75 194
486 364
282 391
307 325
452 319
150 397
361 116
94 101
328 204
339 479
491 393
446 101
270 421
100 281
42 413
460 323
188 117
360 298
123 322
493 19
417 428
396 143
244 130
334 342
321 425
318 26
127 313
86 116
249 250
15 39
362 291
260 475
274 402
225 121
140 249
177 218
362 409
40 73
416 458
235 226
104 89
402 405
373 232
334 341
380 122
413 349
325 94
497 174
147 451
200 222
292 139
49 378
303 6
465 441
167 71
161 52
458 272
356 415
256 331
454 190
39 488
83 219
245 216
167 80
154 392
32 220
450 446
453 433
374 253
177 270
322 393
165 338
253 132
464 373
415 362
350 270
489 307
375 433
13 235
127 43
115 167
466 11
444 65
170 419
41 318
212 347
185 363
496 229
455 291
153 312
82 370
29 3
289 71
158 405
300 154
174 138
149 415
332 140
59 446
264 2
350 452
315 328
410 387
178 163
475 217
87 183
39 409
333 469
374 328
334 491
129 174
441 8
148 279
225 273
275 59
11 341
22 125
365 179
342 284
1 395
79 170
79 440
409 118
298 412
256 283
309 132
141 385
16 250
23 141
201 93
287 299
276 212
391 309
445 493
389 86
256 446
386 468
438 187
452 148
431 236
220 208
93 93
343 213
355 462
55 367
18 56
120 342
3 146
140 364
450 448
394 29
349 58
97 133
281 287
375 49
257 64
157 95
309 203
165 1
220 164
72 220
415 90
88 192
56 418
367 228
109 358
268 113
246 458
245 366
415 379
444 120
216 25
228 101
454 377
41 245
317 26
116 113
157 232
3 205
285 66
424 222
335 395
353 45
411 434
165 451
71 178
203 109
63 139
368 283
380 17
396 409
374 198
430 12
69 384
450 285
7 207
102 226
271 195
129 307
110 182
213 294
256 34
25 416
52 319
188 394
155 432
130 84
449 30
414 413
198 370
77 216
442 58
253 31
191 66
100 234
380 153
187 313
230 136
307 213
107 134
66 348
284 262
144 49
462 85
456 410
126 12
70 385
269 421
487 175
409 312
465 87
401 290
278 153
218 483
117 438
286 325
439 35
84 70
156 436
346 398
263 464
201 325
246 185
361 470
134 85
172 122
264 100
105 425
260 395
333 323
0 229
117 119
41 291
227 201
452 49
13 426
251 215
252 67
37 349
434 465