800
266 123
382 142
137 466
494 253
371 114
353 140
247 77
156 124
315 446
360 340
96 41
161 147
434 418
467 367
340 66
189 46
40 458
277 424
177 177
292 123
263 401
330 145
121 363
161 486
179 288
330 21
21 275
45 491
210 455
373 364
410 402
213 63
339 302
480 342
465 16
269 272
269 80
295 99
86 243
31 456
330 117
244 213
57 351
158 141
6 119
374 31
94 268
71 87
429 285
154 51
175 246
326 423
23 296
39 474
430 461
78 71
136 260
463 322
463 193
313 121
153 321
442 187
126 99
385 13
416 55
153 391
314 443
239 331
305 337
298 279
202 88
348 228
402 338
384 164
285 218
39 49
88 290
390 481
346 214
121 127
18 114
409 126
457 184
22 149
280 263
351 172
401 482
172 51
215 303
21 408
457 353
143 413
246 397
463 385
364 93
59 436
62 382
67 469
470 20
135 441
465 250
84 338
241 366
22 256
17 457
162 395
160 474
224 305
43 407
352 187
476 407
142 263
232 38
410 61
354 202
304 45
235 319
38 388
497 477
286 60
307 14
340 448
105 320
227 64
104 0
408 431
194 80
118 402
463 279
481 381
426 169
488 138
26 14
491 26
438 23
37 277
77 98
418 378
294 34
35 145
76 398
478 295
197 122
401 449
330 12
181 235
373 108
122 169
48 399
275 465
242 486
84 312
42 171
206 2
499 337
235 93
388 427
50 66
15 85
97 451
186 345
453 130
299 59
311 76
41 199
186 86
398 136
159 270
125 293
130 217
310 124
404 217
283 198
135 454
405 298
143 84
214 444
355 449
25 366
65 166
252 418
406 103
374 3
296 66
283 351
327 278
495 94
144 231
37 131
429 280
364 295
239 425
226 431
149 94
261 103
21 214
318 365
368 428
346 44
247 164
442 129
75 74
158 290
421 72
352 195
490 202
479 68
351 229
176 205
308 0
215 289
154 182
110 385
429 23
39 308
437 28
102 334
124 365
437 112
308 397
451 141
209 298
380 431
136 61
413 408
197 297
479 128
365 203
78 441
249 146
174 118
304 38
403 277
389 280
177 192
333 49
200 128
411 43
456 432
340 48
197 369
350 389
92 176
469 215
362 171
141 218
256 36
165 445
225 12
204 407
308 402
382 38
433 8
440 294
194 241
462 280
21 391
419 312
380 114
137 240
458 94
482 278
223 66
430 148
407 448
202 135
25 67
76 84
230 458
51 368
1 276
19 13
326 22
136 438
178 206
152 273
51 488
407 134
134 126
74 337
472 41
461 128
213 349
159 37
405 295
72 210
224 406
281 91
382 50
108 417
43 412
253 260
246 446
425 160
497 381
274 499
128 322
171 235
272 193
340 331
393 30
288 412
356 117
19 69
339 90
354 127
239 234
180 107
267 486
219 105
457 117
291 493
229 437
482 314
497 353
235 322
87 391
8 24
93 295
385 28
7 284
18 91
199 99
437 51
8 318
287 156
149 317
254 78
393 230
436 236
411 390
281 171
195 498
145 142
170 141
277 382
473 29
128 296
199 172
343 417
73 207
25 130
61 75
157 279
368 454
196 93
265 279
129 330
324 312
305 274
8 346
375 83
231 481
6 356
273 430
137 349
331 347
274 14
146 392
198 431
377 14
145 247
429 142
306 126
252 253
99 464
399 260
241 326
182 482
412 99
300 456
155 401
268 132
376 281
212 414
280 75
174 89
83 425
403 103
208 242
206 7
267 307
133 457
439 360
312 168
124 351
104 112
244 131
412 372
286 121
48 124
66 66
343 74
29 1
243 98
105 237
396 301
258 224
85 29
49 197
400 397
9 173
304 357
229 106
79 216
193 368
286 479
53 111
464 130
80 82
171 208
361 186
410 67
448 472
21 347
96 498
171 274
131 458
416 328
396 212
80 495
326 441
52 367
349 379
313 17
77 429
467 484
51 290
262 230
429 499
349 136
410 378
188 373
201 41
253 104
451 97
391 186
405 277
8 443
312 254
35 321
305 241
32 355
85 208
59 146
282 366
244 409
282 44
437 432
388 335
284 43
229 339
116 175
471 134
240 124
297 283
25 127
482 454
162 57
55 419
286 74
335 338
234 382
315 469
304 172
215 203
395 440
116 296
430 11
488 87
370 22
149 285
240 247
156 132
403 254
328 212
402 189
424 15
484 136
308 239
294 140
81 23
319 189
53 49
136 101
123 41
178 358
106 125
109 418
25 114
326 12
54 205
221 228
365 478
69 205
198 173
49 215
257 279
328 220
174 310
203 316
174 149
274 381
152 132
247 383
396 177
234 425
154 302
280 455
13 371
396 201
416 211
342 297
18 173
335 22
338 192
193 38
272 364
349 468
203 424
453 448
373 99
253 187
495 379
250 385
86 8
71 147
444 355
28 413
435 314
358 216
254 125
489 52
20 26
302 338
286 223
175 107
295 12
391 280
166 142
150 142
289 104
459 73
486 85
400 340
56 273
398 258
162 162
189 239
430 182
258 343
451 216
80 285
65 98
240 472
114 83
188 242
315 255
340 147
339 153
426 92
203 395
58 176
415 365
400 99
442 345
414 10
295 245
195 494
466 212
296 435
29 432
187 336
483 344
497 380
472 323
70 275
451 27
393 480
79 219
416 293
303 374
471 182
29 450
162 167
102 347
280 310
146 484
328 319
51 482
157 178
305 376
403 227
208 109
328 296
441 139
365 96
131 244
194 337
4 160
359 209
19 458
294 139
311 18
0 123
153 214
90 157
236 458
67 494
142 296
288 247
196 84
180 153
342 327
339 227
436 198
9 198
190 307
177 303
426 353
67 177
186 431
242 158
4 275
71 309
409 146
82 359
365 457
136 263
490 59
258 475
25 278
85 267
70 215
68 263
292 349
280 136
294 479
106 22
184 150
296 177
389 445
402 379
494 106
165 38
365 484
262 423
42 390
106 199
314 113
462 26
162 107
438 94
469 308
310 44
73 5
302 107
338 314
420 204
94 184
20 86
361 311
201 282
333 404
369 159
186 148
107 183
277 200
361 45
441 98
455 171
130 366
181 257
313 320
4 101
39 407
218 24
158 253
157 272
431 492
492 378
61 469
22 99
496 190
289 383
54 289
155 244
2 37
357 336
290 315
75 362
386 329
82 145
269 45
389 91
469 53
22 381
332 382
73 44
279 180
469 214
458 186
223 124
313 312
480 80
294 103
432 407
404 33
78 367
310 174
227 319
52 132
14 101
498 384
64 439
153 277
463 385
361 464
276 38
471 174
277 108
367 265
298 62
281 272
298 228
47 91
75 25
126 451
335 442
381 476
254 251
488 35
499 69
460 350
24 127
88 431
48 154
216 455
79 347
427 497
440 377
402 327
278 16
458 381
357 114
217 191
226 463
385 58
408 77
205 345
276 432
438 145
100 176
23 154
3 180
409 451
278 444
312 312
45 408
374 122
313 254
218 92
150 40
117 455
300 410
194 174
319 428
104 133
287 272
304 480
283 143
439 213
25 61
321 251
373 422
177 196
288 38
78 247
202 290
200 48
74 354
282 246
379 394
166 386
218 19
162 322
35 1
62 101
204 61
335 236
432 429
467 364
111 72
362 398
446 165
19 414
160 20
266 153
392 392
411 284