8300
437 423
482 254
304 402
121 5
275 34
130 446
105 459
292 311
87 141
57 84
347 252
444 468
417 470
312 98
324 140
415 261
367 261
163 398
403 171
206 136
82 178
489 188
351 187
329 281
218 438
42 386
206 417
239 338
436 123
264 51
164 112
373 179
77 32
203 389
25 333
363 261
301 460
147 353
486 152
442 328
67 56
473 484
322 273
397 213
116 111
223 13
44 133
165 449
190 474
307 220
334 67
27 170
375 135
140 27
355 362
418 82
419 274
48 244
309 241
204 297
162 425
58 280
81 206
180 75
296 271
190 339
362 130
117 218
245 237
99 257
340 452
227 370
114 259
352 127
276 423
200 409
41 438
496 111
38 122
245 177
16 334
316 435
153 378
468 434
43 250
203 419
289 383
494 282
261 255
30 199
108 37
327 83
46 149
123 323
0 84
271 368
155 369
99 439
373 161
411 67
487 269
4 466
100 128
384 499
50 361
250 414
497 158
159 77
401 395
480 282
2 253
122 251
190 9
170 74
141 416
37 434
252 480
109 41
392 353
66 493
259 442
452 317
394 109
4 463
245 147
401 484
87 99
461 375
301 130
398 483
269 443
423 435
328 22
227 384
377 221
15 145
462 137
98 468
431 209
208 102
439 29
480 461
337 378
360 441
277 138
433 258
45 46
420 209
93 374
447 499
145 323
312 462
430 459
20 410
364 214
95 229
190 303
34 75
369 379
370 394
5 146
44 155
364 50
276 465
464 310
133 223
186 461
421 445
355 468
34 293
22 219
375 129
205 65
296 261
155 426
424 166
174 160
63 468
433 390
200 339
415 250
63 333
130 101
421 336
130 337
409 456
85 4
69 284
45 142
420 366
384 52
65 344
313 410
301 480
171 98
200 1
187 86
39 264
100 317
155 461
269 230
87 64
200 206
201 156
374 97
1 121
466 111
21 66
398 131
81 322
176 70
156 282
46 363
180 196
9 146
229 187
103 278
484 316
324 155
252 37
159 51
14 106
24 477
460 387
210 423
493 41
323 386
101 149
197 369
368 133
321 206
484 449
117 424
80 321
358 293
196 184
290 369
198 210
98 315
238 158
200 160
398 83
232 23
245 499
132 430
136 465
266 305
230 473
146 235
28 162
198 356
78 225
287 341
156 276
435 385
397 246
329 487
362 295
146 413
195 459
424 131
436 184
9 42
277 18
180 155
363 306
383 379
72 441
70 22
260 228
326 357
344 157
305 7
272 206
18 451
82 468
152 442
337 19
37 161
168 114
272 70
301 31
325 7
30 373
453 395
252 290
299 131
138 448
6 104
408 410
230 24
319 342
361 382
395 156
270 251
173 63
447 395
402 326
199 272
19 284
74 4
135 123
71 374
330 125
387 77
102 238
81 118
352 421
77 294
397 248
163 199
94 422
248 110
234 349
133 447
451 253
376 60
434 438
63 447
377 116
207 451
69 479
252 288
434 421
21 181
380 184
106 185
295 327
28 355
302 30
135 161
221 106
44 12
311 7
124 460
411 188
19 331
471 332
253 271
452 257
441 127
312 185
364 48
403 107
489 392
405 57
15 125
137 127
486 412
372 300
489 462
145 135
467 8
132 116
226 72
199 84
121 167
67 11
471 485
229 470
380 460
85 135
114 247
159 74
375 100
63 31
166 216
76 208
177 485
58 208
145 403
422 257
121 266
104 490
312 92
52 333
320 192
440 490
416 434
387 451
335 143
359 450
10 353
339 436
144 39
294 397
6 289
408 217
207 127
219 12
197 19
64 124
466 18
304 356
307 382
26 191
141 142
496 237
173 4
43 187
84 170
311 190
407 90
218 219
231 466
485 289
413 281
299 401
109 379
114 103
295 417
411 140
377 288
144 259
298 403
73 40
230 382
325 384
104 137
455 395
184 187
320 292
194 450
181 471
427 303
72 295
435 74
362 336
447 165
68 359
399 246
480 141
377 481
470 305
200 333
373 425
217 237
187 193
165 263
419 368
164 92
166 491
179 451
116 380
91 127
225 36
29 342
323 205
363 407
92 293
70 63
152 465
11 288
403 339
60 28
472 322
166 76
27 490
370 345
324 496
32 314
156 401
107 62
321 480
125 470
385 413
231 196
336 38
229 242
270 239
414 141
217 94
84 80
277 97
93 306
120 454
355 477
39 277
257 314
136 360
126 234
282 374
264 357
451 118
210 493
135 73
167 124
56 204
301 251
57 185
139 394
372 178
455 347
161 263
476 64
298 150
24 454
311 81
51 288
133 114
187 113
89 120
325 354
105 145
331 478
225 14
192 470
169 97
212 499
63 331
333 40
494 214
147 357
497 157
271 198
164 130
251 458
164 253
399 428
406 121
136 82
404 131
80 328
328 74
257 145
185 243
457 90
299 180
189 456
155 296
278 461
271 319
72 381
309 436
57 323
405 68
199 193
374 310
384 132
277 202
445 141
83 314
346 255
211 382
178 36
497 218
389 456
190 268
56 314
137 499
67 114
159 395
57 119
103 33
87 293
286 232
46 33
140 369
251 393
429 203
422 281
89 278
398 163
477 279
131 455
421 467
214 198
169 80
466 271
64 124
356 53
438 350
71 255
148 78
134 322
455 429
59 408
71 44
176 457
264 401
220 307
357 185
118 434
57 27
3 84
137 473
175 360
115 428
6 246
420 115
396 492
400 375
271 455
412 472
225 447
106 29
66 445
231 464
343 184
120 288
261 346
58 110
38 436
34 173
140 396
389 454
181 36
491 289
113 304
104 256
137 338
135 210
174 203
388 366
154 17
216 360
470 267
55 274
300 360
257 441
395 440
329 498
287 428
85 172
280 253
443 189
399 417
121 79
445 426
443 361
221 452
219 159
286 44
404 127
68 86
26 13
11 316
244 355
28 151
404 181
370 308
78 347
426 122
48 199
412 224
176 343
355 485
29 247
374 141
227 286
299 443
111 105
313 163
314 207
389 193
1 218
417 259
233 431
130 196
420 281
477 394
380 96
195 332
325 261
47 70
365 404
9 199
362 476
35 174
367 176
246 424
36 221
152 163
359 269
403 135
29 131
79 380
64 409
171 275
197 389
145 70
269 414
242 154
181 131
159 277
202 48
269 405
421 238
7 274
409 132
264 410
142 438
200 195
470 206
447 223
293 19
433 92
247 415
398 175
453 280
328 58
315 155
245 450
224 236
221 252
15 485
275 337
32 157
216 327
50 355
374 163
256 344
111 308
335 355
135 9
67 288
295 315
265 235
323 40
145 341
178 44
381 12
169 306
133 266
121 237
401 184
380 495
155 9
364 491
0 491
131 351
166 420
155 427
467 284
477 478
375 464
476 156
462 256
374 498
235 447
131 495
343 488
497 363
354 350
341 213
64 207
127 325
252 231
367 134
464 71
36 344
0 339
448 12
10 314
262 322
170 98
86 245
109 13
363 84
297 315
22 57
382 214
445 1
487 486
409 312
8 452
291 445
310 361
175 91
414 172
270 289
387 84
449 209
145 496
163 312
221 442
156 38
391 103
441 453
117 379
183 351
296 126
487 474
418 458
131 14
156 332
268 253
462 43
391 217
29 107
402 406
444 251
206 410
216 336
67 148
499 185
163 250
76 147
106 2
17 494
178 89
194 25
420 446
163 9
468 311
69 45
148 222
133 14
202 206
206 201
386 269
371 57
205 50
52 447
294 163
104 421
298 472
419 150
159 218
381 434
331 128
202 451
465 331
390 187
388 19
140 96
154 127
29 11
310 211
226 81
355 104
429 330
332 153
372 348
134 492
472 105
56 318
1 174
362 373
392 391
340 102
229 384
395 346
57 258
192 58
162 135
317 47
52 91
291 149
141 276
382 278
448 465
140 438
164 449
193 354
456 408
293 385
231 38
148 188
246 140
275 192
239 261
204 92
93 144
420 348
126 235
200 302
93 74
375 192
398 257
165 420
305 207
245 458
499 36
28 245
438 97
210 303
247 29
173 415
115 341
428 446
248 241
167 480
25 193
450 394
315 423
130 468
278 120
9 227
325 129
79 37
193 263
144 289
56 292
485 318
264 171
264 413
246 364
58 283
178 271
46 360
180 345
465 29
256 459
440 326
216 433
196 19
309 261
53 193
11 217
241 39
304 127
343 5
289 402
173 401
114 319
164 220
249 294
105 481
160 357
291 46
65 376
137 339
32 226
444 42
433 395
374 37
42 238
140 218
471 183
354 166
238 85
232 18
352 339
196 337
383 12
240 339
31 449
27 377
271 63
311 471
360 205
443 185
255 255
290 435
453 227
164 145
15 191
30 396
234 367
231 79
270 469
418 471
200 301
217 446
269 472
177 28
65 482
237 472
259 321
48 27
172 213
404 212
461 40
407 287
366 195
164 491
462 136
290 435
233 163
487 7
35 354
336 164
136 452
273 425
453 395
460 173
238 477
17 365
4 199
394 277
268 222
210 410
197 82
97 0
7 430
137 84
248 394
347 325
251 236
484 472
146 204
181 444
161 384
83 51
328 17
239 329
91 96
30 450
450 289
71 128
212 310
56 208
34 313
401 403
228 285
341 385
182 374
110 22
73 343
361 193
374 253
201 100
402 465
254 232
212 205
15 326
386 424
89 71
327 420
57 491
376 55
281 398
273 58
254 391
436 198
452 467
419 310
275 5
237 322
27 382
208 449
226 394
317 94
367 315
158 496
51 276
175 387
445 184
75 300
498 51
18 11
173 302
308 438
112 449
183 397
347 491
237 243
337 425
92 54
51 56
333 251
138 454
491 360
160 435
487 66
430 10
165 357
147 103
404 325
222 111
102 439
182 421
198 339
246 372
428 291
42 149
455 113
473 32
467 446
365 485
348 306
164 295
250 365
190 163
275 7
446 264
186 229
421 129
353 384
27 167
168 281
247 69
101 123
422 72
58 421
227 287
82 258
123 243
259 184
43 165
429 34
115 490
471 467
204 36
55 324
457 231
153 75
199 204
277 106
27 121
260 187
445 255
350 194
378 420
85 109
495 422
264 14
482 111
499 87
263 38
269 55
130 72
129 422
29 181
154 406
445 56
163 414
108 242
162 366
475 339
113 99
465 323
434 377
316 299
337 285
192 431
3 107
381 175
356 132
390 410
319 363
129 335
429 482
200 238
429 91
42 176
351 42
271 8
307 137
422 439
370 497
104 115
142 373
358 485
248 350
213 248
436 67
401 343
433 365
309 102
130 214
256 351
211 481
470 379
318 371
368 392
359 188
413 324
161 1
352 123
372 409
476 417
112 160
25 230
184 397
111 186
390 314
147 219
98 101
324 469
361 416
456 192
368 73
74 222
345 30
439 278
196 69
229 268
498 308
206 107
293 34
200 317
37 35
489 199
168 487
256 313
358 29
102 212
286 226
256 29
307 132
53 196
316 3
312 135
242 166
200 370
187 387
423 400
99 76
64 264
77 267
148 320
384 435
14 251
132 23
155 270
318 439
443 60
195 134
152 107
477 437
177 352
104 16
445 452
216 203
322 9
181 293
81 471
74 417
440 95
217 206
145 447
8 36
22 440
399 203
493 175
379 376
245 22
474 484
39 190
51 42
187 362
185 84
1 268
215 259
317 294
93 433
321 314
255 101
157 195
222 154
383 2
24 454
438 128
318 350
392 329
191 221
305 431
52 228
487 158
452 267
52 304
471 46
499 225
421 226
232 8
10 495
449 467
447 386
88 239
69 117
338 332
264 112
341 143
302 316
435 328
485 106
4 488
65 456
34 356
364 486
334 118
438 227
465 283
23 385
3 54
238 444
56 341
337 2
170 397
78 491
449 458
446 415
223 454
162 363
202 257
227 26
105 36
171 165
51 423
477 46
490 406
99 67
422 47
296 288
279 92
50 374
141 81
387 348
212 364
473 49
427 266
302 201
218 33
308 473
20 269
27 137
204 10
409 127
415 126
71 58
284 47
128 473
174 426
290 15
416 238
4 264
317 343
228 306
131 35
157 36
173 151
14 36
163 378
356 275
333 431
478 279
253 118
44 458
473 279
17 186
302 389
84 21
179 471
7 313
201 310
314 16
52 375
105 180
307 68
499 313
93 141
111 329
287 198
477 7
193 112
353 494
367 348
319 437
102 398
60 178
46 304
31 226
406 451
19 136
301 66
59 370
199 394
92 170
29 338
450 421
415 74
422 155
92 134
32 242
272 195
351 445
171 319
270 382
370 430
496 289
11 171
66 55
77 62
400 10
432 458
32 202
357 199
186 455
49 301
348 70
15 321
140 199
81 187
469 410
51 451
475 317
224 414
476 41
403 301
259 228
282 187
387 143
98 491
293 425
495 147
321 141
341 11
50 461
224 274
78 371
188 127
42 53
446 412
65 370
99 349
37 176
319 233
225 276
201 418
417 18
11 48
59 238
52 204
331 461
184 128
255 409
462 372
284 149
20 260
109 201
377 471
204 498
126 49
319 429
299 179
228 236
327 163
367 139
101 231
359 198
459 285
10 466
116 273
33 146
348 136
459 495
345 77
126 163
445 472
151 445
34 96
259 379
19 213
296 479
29 472
109 155
121 489
114 119
266 89
77 148
143 466
43 36
52 340
312 22
467 349
445 316
195 353
418 57
388 66
390 214
221 417
258 0
119 343
284 373
373 237
203 362
250 368
208 99
121 302
151 21
189 440
294 449
358 236
303 64
279 246
15 193
45 0
195 126
351 17
254 480
194 76
444 310
409 444
247 152
25 30
470 250
51 214
303 116
181 409
7 106
151 312
164 375
1 197
214 360
192 204
280 320
130 386
330 224
228 39
69 429
180 106
172 392
8 231
493 475
433 41
353 0
375 85
134 18
230 228
432 200
20 422
160 64
288 3
42 490
272 369
475 464
356 304
35 499
475 216
110 380
381 408
345 315
185 108
337 331
31 415
189 121
186 404
407 349
192 326
47 301
265 316
120 374
374 473
42 7
388 201
461 152
319 269
229 307
490 5
420 418
392 22
426 462
311 430
108 185
486 355
171 156
30 104
77 291
299 256
309 471
475 39
160 271
430 295
300 389
308 420
442 72
34 52
482 220
405 198
405 90
246 244
348 77
220 129
237 277
249 371
410 47
318 76
371 70
312 248
168 171
96 472
24 463
183 130
180 6
96 441
185 86
15 195
176 385
162 235
459 413
460 263
340 221
292 130
378 211
235 456
428 399
362 331
313 452
310 397
190 494
80 258
453 227
112 95
182 129
395 127
242 141
215 207
338 82
146 7
315 68
467 233
416 243
47 181
431 81
75 357
467 121
349 7
454 421
402 313
440 137
130 149
357 35
117 345
204 195
263 115
348 19
114 83
116 116
198 161
370 47
169 273
133 338
111 18
183 87
224 13
15 476
11 207
52 372
419 128
96 109
128 34
469 296
413 243
256 86
133 111
236 127
465 302
172 369
309 76
441 356
184 385
92 308
180 195
175 497
458 451
486 271
68 438
181 307
393 333
444 290
417 27
329 32
254 234
162 354
62 63
300 455
264 246
441 393
242 296
248 116
240 200
138 86
393 160
493 172
462 287
166 289
321 231
317 347
201 427
342 479
434 263
361 143
36 50
347 302
271 130
182 447
385 363
23 320
344 278
417 368
157 158
389 435
283 330
258 206
37 336
100 100
243 324
374 313
468 131
113 73
20 239
454 295
468 257
388 477
345 312
471 157
93 354
184 360
419 376
212 294
395 308
132 164
330 490
474 359
432 298
37 87
235 305
414 343
172 203
15 302
460 17
223 486
199 53
281 407
202 470
278 345
362 449
291 263
474 192
490 265
205 406
63 379
222 440
495 478
132 394
263 10
349 92
497 486
245 400
370 278
476 299
248 0
115 338
382 392
157 89
348 372
103 214
6 263
93 325
71 1
12 226
318 334
172 213
113 168
446 417
69 335
187 274
464 169
61 155
244 346
218 71
137 444
208 321
498 144
145 301
379 69
255 9
74 50
218 427
197 187
374 16
291 266
287 62
217 255
102 349
272 313
258 172
346 409
53 318
471 196
266 51
412 351
401 21
301 487
26 119
487 350
116 401
463 278
386 403
104 32
197 340
12 376
286 455
273 210
407 191
94 245
448 25
398 7
494 349
320 199
401 20
421 307
438 17
273 236
120 324
164 229
458 318
125 28
91 244
287 399
496 498
375 382
389 444
145 273
325 235
255 465
124 226
96 29
117 62
238 221
450 90
408 402
283 408
4 385
136 374
224 292
26 132
428 99
372 267
2 73
390 49
276 109
490 367
429 224
445 108
198 20
422 395
156 458
343 57
431 160
304 480
464 7
106 182
449 393
318 331
380 451
413 61
428 8
232 403
11 209
229 29
425 61
371 4
61 433
445 67
399 345
352 102
284 363
108 311
142 234
37 279
192 374
235 450
354 120
181 319
349 217
131 411
267 126
59 2
69 328
25 356
458 320
184 230
41 243
329 144
275 35
261 218
21 467
87 496
168 375
444 121
32 17
495 75
430 299
479 406
262 351
172 5
235 221
316 208
352 128
163 497
215 480
447 424
273 236
463 387
8 441
310 260
335 40
191 305
63 265
469 22
27 325
398 141
349 114
242 66
63 53
33 257
182 131
219 333
220 307
100 183
443 228
120 410
67 130
248 163
185 130
307 217
210 65
179 206
124 411
464 274
31 40
171 350
35 65
224 242
277 255
335 324
234 220
203 307
470 301
283 303
20 7
72 91
149 82
493 104
378 125
165 309
159 261
179 188
431 46
301 403
228 208
281 488
295 314
468 484
287 117
125 251
194 159
241 49
153 343
469 234
395 383
145 486
175 55
453 176
79 458
166 255
95 159
474 299
135 243
360 442
193 422
433 337
239 240
83 26
112 392
128 404
243 8
415 125
301 418
376 368
475 380
40 394
194 71
314 366
308 329
104 26
364 353
93 389
416 103
347 29
285 380
388 475
452 28
298 303
24 253
486 26
421 499
422 26
244 467
296 88
115 52
257 252
142 331
286 351
232 410
290 485
313 17
398 31
186 265
19 196
223 210
62 5
383 496
463 484
73 127
31 111
216 40
371 288
491 210
120 9
494 223
93 262
145 307
73 343
39 332
42 444
449 114
110 456
441 184
311 73
37 366
406 342
482 253
463 129
138 474
49 435
197 484
292 494
337 343
27 217
161 377
491 421
378 462
146 454
379 319
37 309
3 416
169 295
424 485
311 484
419 414
398 213
207 469
164 42
111 45
274 191
112 124
86 117
71 490
161 84
245 451
219 198
493 248
86 241
225 269
183 397
462 497
466 434
328 170
67 482
173 292
416 341
310 137
480 355
291 234
37 141
192 37
137 256
349 185
307 223
473 75
424 490
276 435
105 242
224 457
101 24
365 249
238 369
76 28
262 218
360 368
257 299
55 52
89 394
118 405
332 396
239 91
378 108
350 367
176 336
360 426
27 277
147 78
106 265
484 223
443 368
19 344
248 200
447 426
331 337
86 65
8 15
475 325
192 238
74 325
103 369
498 435
13 130
396 145
221 471
339 232
76 16
217 358
284 176
365 16
433 468
335 451
276 441
179 311
488 321
42 106
41 444
74 40
38 54
25 322
54 111
127 216
426 482
158 196
212 62
382 24
327 145
438 70
233 104
277 118
224 73
17 171
211 117
23 444
266 101
212 400
116 173
7 340
36 394
308 166
42 249
246 43
113 369
325 185
155 198
271 454
125 231
348 289
85 337
290 223
123 203
376 3
343 91
485 384
402 231
332 145
188 296
17 79
116 153
351 343
297 271
354 123
264 275
112 202
425 349
52 254
257 400
491 281
17 452
36 328
473 419
67 368
299 14
167 84
279 267
390 19
142 77
204 244
298 406
107 168
422 75
475 11
292 180
484 466
294 309
80 20
241 120
134 499
84 392
160 153
172 363
292 402
147 314
72 496
164 445
21 31
43 87
119 496
315 335
497 103
476 461
433 429
429 69
461 67
221 365
228 473
376 245
60 373
369 375
320 484
16 386
473 193
42 59
246 444
399 357
170 243
25 375
296 104
23 454
319 258
83 96
342 399
272 311
186 254
90 494
380 359
404 106
17 205
149 446
155 264
359 48
276 178
282 236
42 72
182 305
254 361
113 118
429 96
202 385
379 468
179 292
399 111
316 83
382 268
384 465
366 37
215 96
332 494
66 349
7 375
88 101
219 261
209 201
439 148
468 411
203 170
282 147
231 454
75 98
416 113
2 459
55 282
128 70
419 240
467 194
147 426
39 55
109 366
367 248
11 48
218 335
335 215
169 352
451 66
31 96
56 367
1 33
455 463
55 129
175 375
153 22
78 323
41 45
145 39
439 408
96 157
372 157
362 431
349 393
490 313
32 380
265 398
361 385
366 73
300 417
291 393
68 453
350 221
260 110
370 496
153 199
209 318
249 377
122 71
236 450
182 112
362 120
5 448
21 224
493 223
116 321
126 136
358 185
147 329
325 118
170 369
188 330
59 379
302 437
240 181
146 38
158 422
370 8
84 15
238 243
416 429
66 206
243 395
224 424
394 242
112 401
83 64
295 300
89 142
323 97
487 329
252 469
478 145
12 474
70 414
344 102
309 338
85 410
186 404
147 161
414 80
497 259
411 497
139 292
390 0
182 315
284 377
375 286
260 114
29 387
342 182
373 225
135 151
407 458
120 173
253 54
165 34
384 250
395 76
429 375
190 137
366 463
249 327
293 241
481 361
44 174
399 323
326 269
227 386
59 85
140 199
86 165
415 157
86 470
345 162
299 15
478 388
215 166
259 79
440 8
183 92
267 336
105 434
321 445
31 185
384 232
397 23
180 470
292 165
327 266
133 490
378 127
145 111
42 445
305 256
349 483
171 340
275 468
414 277
462 448
180 297
320 198
169 78
243 0
267 313
303 422
49 400
364 33
330 46
303 258
241 136
476 4
472 413
42 103
51 238
35 4
54 84
162 355
208 223
389 257
179 327
227 44
78 81
127 443
202 408
396 282
138 295
60 225
328 463
201 454
310 232
316 89
296 365
88 330
439 4
331 329
374 118
51 411
206 452
212 31
313 260
56 109
334 304
267 468
423 14
98 320
409 233
98 414
96 58
62 39
368 35
6 246
157 242
46 57
88 363
124 111
220 254
58 32
352 406
272 325
497 275
361 371
137 407
465 459
350 234
121 379
125 219
313 127
185 134
498 212
323 125
379 474
358 395
301 437
114 62
190 425
296 112
371 51
362 434
20 188
67 213
284 141
269 193
327 449
161 306
431 177
3 484
379 163
100 213
276 32
310 67
179 466
17 106
392 402
90 231
296 412
54 157
202 80
382 175
333 382
411 43
380 264
427 415
128 111
496 380
299 256
222 306
264 478
380 91
323 157
69 470
479 119
52 475
2 182
416 434
329 335
452 327
94 209
173 231
463 75
331 169
475 262
240 54
145 239
248 472
294 320
440 170
145 126
308 492
278 0
335 76
403 107
169 139
371 498
73 342
363 334
97 256
310 190
281 189
14 308
480 30
200 160
286 420
264 197
197 446
22 394
2 33
24 278
128 23
217 395
82 53
309 80
270 31
220 472
132 51
81 86
247 112
385 133
331 33
480 1
396 28
413 2
132 250
273 438
185 260
313 490
70 267
298 123
95 192
243 371
309 79
191 177
310 56
90 76
78 493
22 422
276 474
76 287
77 409
169 201
191 115
382 335
310 113
157 33
256 257
336 400
429 65
122 27
104 240
85 64
338 34
8 459
247 114
375 436
137 176
291 397
232 180
293 26
59 394
151 302
202 315
232 487
14 484
76 206
270 470
4 161
121 108
75 364
152 368
396 302
199 289
469 188
214 283
177 114
416 125
292 328
167 471
455 24
231 34
4 31
192 353
314 361
77 313
33 389
191 230
19 430
470 243
26 341
455 36
161 56
384 224
195 453
329 404
438 2
33 60
414 442
155 77
243 80
469 233
315 276
58 12
107 334
175 28
64 486
42 483
207 77
30 278
182 254
256 212
272 120
415 141
218 38
118 422
155 313
90 439
304 470
157 0
381 263
249 184
19 297
375 291
422 226
332 257
469 456
77 440
81 94
484 344
266 152
465 455
394 274
96 407
260 50
314 253
290 493
290 63
207 309
388 17
127 129
437 220
161 448
394 366
210 94
98 379
334 329
103 416
323 80
131 51
305 435
428 297
212 95
404 71
440 419
400 144
365 67
368 338
204 378
472 262
141 267
448 423
339 327
408 51
102 14
450 391
40 259
206 230
301 252
24 463
107 242
161 424
114 324
202 29
292 171
290 27
450 285
113 238
141 289
303 373
116 95
355 105
336 8
260 413
376 489
231 284
61 336
160 245
274 27
50 363
390 418
204 340
78 192
481 169
394 219
315 136
242 362
370 22
287 78
67 130
267 164
352 151
248 180
59 12
227 22
441 110
302 469
161 497
18 381
452 142
279 412
274 119
141 373
451 496
478 429
445 370
373 245
277 297
161 121
496 189
299 389
358 289
286 101
334 372
14 156
68 287
406 145
18 194
190 400
181 321
44 168
266 478
127 417
391 395
84 288
29 387
176 235
337 240
112 314
470 23
310 478
476 390
436 69
321 494
168 126
146 354
332 212
481 264
12 459
99 372
111 448
184 481
221 287
453 373
396 185
163 275
165 59
480 139
486 101
79 153
7 6
218 78
194 339
150 199
424 206
155 101
82 35
175 191
64 155
340 128
404 312
371 356
495 421
375 203
356 333
339 454
384 363
54 409
109 79
285 204
158 33
420 292
483 240
396 95
224 399
212 88
444 480
401 435
139 292
125 276
83 347
211 317
226 467
398 117
174 187
72 36
328 332
424 493
88 164
63 320
261 164
496 127
415 205
497 398
26 54
253 475
144 461
281 316
434 222
262 179
215 108
440 334
179 396
412 216
37 120
136 327
455 150
355 133
383 370
276 205
32 409
223 29
346 176
250 356
35 132
240 12
347 103
351 32
248 378
498 263
90 137
287 487
120 397
267 495
52 3
264 395
277 84
112 487
343 123
107 362
375 231
186 347
231 74
452 37
300 331
321 303
290 242
140 460
307 262
265 259
155 359
443 29
369 432
407 55
418 64
295 14
213 145
219 333
370 296
479 23
178 22
117 300
113 320
82 257
368 420
280 347
229 375
159 223
131 98
14 66
432 401
46 162
495 497
145 265
140 366
240 125
277 319
139 357
466 390
311 222
421 335
210 91
166 150
100 222
288 297
198 115
277 73
422 244
361 272
490 68
193 354
173 231
440 470
361 164
238 407
94 24
115 160
310 156
378 133
431 263
230 167
92 481
78 7
131 14
82 291
145 474
57 127
98 170
335 497
404 311
335 73
85 498
7 302
435 248
11 385
404 366
200 241
100 496
11 278
69 83
409 445
73 67
237 466
464 171
334 424
498 220
71 169
471 83
331 78
463 258
477 194
287 368
216 177
455 387
323 227
25 376
443 232
199 98
121 33
457 15
87 307
476 307
243 158
88 299
57 426
121 404
272 386
63 408
148 488
68 370
99 323
407 445
395 42
427 106
473 16
323 385
192 61
71 151
302 435
362 160
64 211
98 335
95 188
28 161
384 95
418 448
393 483
25 326
284 288
156 305
190 110
171 331
482 234
22 94
254 136
348 236
71 170
358 446
459 18
114 239
187 343
326 384
62 81
221 204
9 347
309 378
61 199
285 332
426 396
32 307
43 33
203 380
178 466
485 414
153 138
481 99
335 192
125 308
12 398
97 347
77 373
72 406
238 138
34 357
17 16
49 67
299 60
27 105
371 478
468 12
463 376
68 449
109 298
48 194
393 473
346 145
403 470
108 270
480 141
10 143
62 497
57 59
16 361
191 436
300 239
115 159
461 263
414 36
230 70
44 462
460 475
445 242
13 363
357 53
48 493
490 367
278 462
176 399
336 295
386 367
379 136
252 2
38 340
410 18
332 120
447 306
49 292
8 392
297 62
407 365
232 346
160 397
148 362
9 336
204 336
473 396
398 435
275 77
95 288
260 185
344 427
72 207
451 393
307 80
297 248
446 214
463 381
243 107
443 463
300 253
149 499
434 273
202 399
39 209
247 297
76 299
358 443
336 0
432 309
409 495
61 229
110 356
463 24
487 354
459 258
110 139
264 108
359 44
106 466
115 398
49 205
148 192
44 259
420 336
331 477
58 329
185 392
268 169
375 0
111 107
247 334
294 221
265 11
478 153
403 223
428 93
137 304
63 76
412 34
11 483
312 95
487 69
90 350
202 107
215 465
151 313
34 462
473 297
302 152
375 303
249 205
9 304
232 238
272 72
407 145
92 283
205 72
422 80
187 295
113 124
290 254
216 264
62 324
476 42
197 364
422 204
8 446
185 283
208 240
237 457
93 115
187 330
262 298
93 461
438 301
56 58
323 228
404 124
166 237
453 381
437 364
162 227
11 445
37 199
157 219
186 127
309 250
400 374
335 71
224 345
404 125
353 280
257 79
168 258
491 423
139 473
201 428
225 154
353 64
283 114
241 362
464 469
195 50
473 364
210 383
8 50
330 466
45 362
472 439
215 65
38 315
95 206
360 91
155 320
434 66
428 290
260 28
78 393
257 307
190 404
454 319
285 51
265 136
76 182
247 237
404 291
497 138
229 499
319 210
276 385
27 105
133 204
449 287
447 64
468 59
378 137
188 422
410 16
50 305
42 486
129 150
140 446
445 479
189 369
106 116
222 317
21 134
273 207
271 323
382 220
210 239
13 112
480 250
56 276
262 383
33 450
249 244
223 25
394 46
15 412
229 353
339 89
296 102
277 112
185 68
159 159
124 247
349 25
301 104
339 405
208 415
159 224
249 309
355 382
146 496
349 370
459 227
182 188
152 256
176 459
119 189
436 187
212 95
199 286
43 365
281 391
115 103
412 292
27 365
361 268
490 173
401 62
250 450
58 83
42 254
444 86
273 13
108 232
18 338
55 160
51 414
17 188
481 166
383 282
402 8
181 244
306 392
194 434
369 408
163 252
190 264
277 459
191 464
154 238
250 62
476 209
398 301
319 345
479 231
239 55
299 381
274 272
59 458
218 468
73 428
192 233
192 263
79 322
412 236
298 233
295 162
315 126
323 45
276 486
41 303
184 15
287 193
151 458
279 346
127 221
455 352
467 171
493 147
383 399
132 257
419 181
159 279
324 86
73 483
286 100
115 466
159 470
281 255
453 162
384 60
264 80
252 339
338 83
482 97
355 222
255 467
246 126
65 267
250 423
23 490
456 36
358 491
98 468
482 139
51 51
484 366
57 167
251 88
37 396
470 233
52 244
371 77
344 151
74 436
426 446
334 97
440 234
202 193
184 38
442 185
403 236
403 278
218 313
61 6
92 255
0 31
460 144
295 223
11 157
103 221
319 289
23 438
483 111
2 78
115 167
255 296
74 370
183 11
369 144
399 244
127 461
458 251
326 440
97 105
327 337
478 52
342 498
109 354
432 325
345 463
259 399
121 452
315 185
329 157
401 185
146 81
184 381
321 456
62 11
348 270
322 241
239 327
33 17
342 348
164 317
216 39
344 423
109 189
346 159
344 290
371 100
481 343
151 56
67 154
424 213
454 267
446 98
115 45
246 479
296 310
201 410
333 364
54 45
57 294
85 252
352 401
96 456
364 185
339 248
313 283
51 115
214 120
165 349
329 181
491 263
173 477
194 193
90 7
153 100
352 147
401 238
47 205
242 497
97 411
195 82
197 263
235 98
447 263
445 252
16 128
458 288
333 189
48 4
104 424
71 202
292 456
13 324
174 339
103 256
190 271
386 150
248 239
3 121
226 47
28 300
88 242
283 338
342 422
198 332
386 446
254 121
446 178
370 120
376 120
243 473
123 418
157 130
103 223
122 12
164 329
423 150
488 253
27 207
391 182
128 77
198 129
307 235
355 144
264 29
2 83
1 8
490 477
200 10
23 93
275 323
325 39
292 198
405 314
348 171
248 148
277 477
64 299
443 437
466 419
2 208
68 469
446 355
365 58
3 499
322 240
280 278
477 147
313 424
448 234
235 14
343 196
495 12
301 407
326 291
351 268
89 180
35 419
329 387
386 400
141 332
111 60
60 273
197 440
26 225
239 145
194 261
126 82
489 41
332 427
195 167
347 183
454 136
24 234
487 283
116 262
323 128
253 79
371 235
460 450
96 397
159 52
486 142
183 137
64 328
495 16
51 112
248 195
429 6
289 124
387 416
396 257
336 62
149 149
452 207
105 461
13 400
42 116
105 0
328 77
93 21
133 175
222 497
3 234
210 152
420 292
50 449
11 169
170 238
298 12
474 474
374 255
223 487
339 268
346 328
349 19
195 291
288 335
69 417
421 291
436 131
81 194
215 338
428 444
457 237
212 226
481 431
270 438
207 204
384 110
129 405
48 234
69 176
446 337
480 490
121 367
413 268
106 54
499 128
366 387
113 456
239 430
368 447
151 9
119 427
332 36
122 101
129 381
70 43
33 75
295 50
171 6
61 208
189 129
16 60
368 407
337 482
429 107
116 205
133 432
320 88
41 317
50 442
485 170
98 120
23 370
229 393
101 194
323 290
202 142
49 192
174 422
29 386
444 103
387 497
85 429
98 208
2 478
1 149
269 340
210 99
492 144
190 291
433 445
88 14
58 487
409 137
376 232
187 438
436 172
101 74
134 373
204 199
348 137
477 205
304 470
466 39
331 148
93 157
23 116
104 181
171 81
165 13
452 399
71 352
278 240
465 172
223 413
402 21
226 424
246 379
270 382
30 212
369 453
70 124
157 392
325 174
187 180
79 490
194 491
83 150
174 325
90 401
422 398
174 492
223 1
383 420
132 493
447 266
242 2
246 369
43 251
432 72
62 230
74 11
14 109
434 157
410 40
290 24
16 185
186 464
384 239
84 421
39 17
371 383
252 281
33 117
189 295
378 317
180 104
213 452
461 46
87 147
171 224
409 377
342 39
278 95
368 226
95 214
98 408
41 466
84 350
146 426
243 125
229 376
180 276
322 442
89 141
217 409
287 112
151 126
73 481
207 281
496 294
202 303
121 94
296 95
22 205
183 294
170 117
393 412
355 350
344 68
477 296
409 61
40 116
97 412
194 113
407 305
460 190
136 461
57 81
139 432
227 431
400 322
86 249
100 146
214 293
90 296
357 43
160 351
263 249
363 257
414 309
351 122
84 226
160 487
272 493
276 151
325 351
100 28
174 411
205 52
200 240
284 147
498 410
159 444
53 113
423 22
497 320
398 274
114 81
426 58
61 238
89 54
82 386
298 41
446 257
497 355
2 146
56 133
77 352
465 68
90 483
303 240
15 439
20 53
112 481
219 298
352 173
412 160
201 435
44 62
417 499
498 393
27 271
123 406
474 104
439 440
181 417
356 94
148 48
29 229
27 112
285 248
408 380
167 49
111 461
461 211
104 380
151 311
217 483
440 126
67 192
109 379
474 100
148 465
194 474
86 177
277 74
306 223
273 37
498 473
36 384
117 311
122 492
476 268
247 340
384 416
295 314
414 493
310 121
95 62
91 357
431 33
257 368
257 237
62 30
266 255
419 98
442 383
4 393
85 418
334 251
417 469
314 482
455 331
245 125
334 403
436 336
56 117
206 193
75 313
420 268
218 194
429 191
85 160
79 433
36 170
492 265
99 453
136 306
283 407
310 381
69 117
86 98
292 477
142 292
60 219
413 415
106 130
291 195
128 43
66 222
339 17
470 58
364 439
346 107
340 0
469 8
106 410
239 56
348 250
322 382
297 261
391 87
282 255
299 34
256 411
428 365
423 96
387 250
357 139
491 85
93 198
460 461
369 51
154 199
433 69
182 476
63 230
486 74
460 346
109 137
2 217
165 389
139 277
268 404
489 349
399 260
221 434
337 211
410 442
11 491
467 196
278 194
120 31
229 116
253 80
149 338
79 255
384 166
70 218
419 153
413 59
345 318
29 486
428 183
174 292
340 291
337 494
25 118
235 457
390 106
444 488
96 391
58 23
93 480
133 128
40 13
183 46
32 385
420 65
209 312
104 95
89 49
19 441
251 466
424 254
243 141
384 220
243 191
171 442
71 188
53 305
203 463
200 89
6 88
400 121
216 215
116 356
150 157
475 135
242 253
394 399
119 337
28 278
73 214
254 199
356 496
459 308
249 412
0 159
280 255
322 252
461 348
357 438
425 463
216 332
83 19
356 110
240 202
268 384
436 165
161 23
183 144
56 472
132 432
39 408
161 264
465 361
151 474
437 322
7 428
448 153
115 90
145 304
41 207
373 413
288 477
121 386
359 471
255 30
438 343
459 294
155 451
425 424
247 306
235 214
367 106
196 183
339 334
394 341
107 380
357 267
5 395
367 331
361 216
59 122
269 299
103 371
295 424
83 380
95 394
0 318
353 314
1 49
390 192
73 395
14 497
245 282
113 19
236 112
86 326
126 147
370 355
132 81
461 166
412 215
33 408
223 265
314 238
430 224
119 56
406 355
138 133
4 151
115 251
430 92
92 201
409 408
489 462
128 41
108 450
359 393
158 141
231 434
158 324
380 13
369 129
114 138
289 7
110 118
63 404
458 40
448 155
117 219
112 289
92 98
343 220
213 303
237 1
177 444
457 247
228 409
48 326
185 342
312 337
94 148
40 375
382 404
123 341
482 352
450 235
455 74
377 293
146 168
464 114
213 323
232 421
100 441
135 280
470 137
137 448
175 416
172 30
371 410
262 295
382 353
280 212
357 189
209 157
124 3
178 173
446 337
279 262
395 398
36 414
214 365
133 173
55 242
152 305
452 426
132 414
478 334
375 412
421 335
190 84
109 45
383 368
130 407
306 14
280 25
242 342
367 347
89 375
32 423
201 241
155 484
170 185
449 485
320 45
481 371
416 10
230 442
350 151
17 360
238 156
350 298
497 480
208 69
344 86
327 240
77 46
83 334
319 247
145 33
404 491
1 478
421 172
176 231
443 123
131 193
343 181
14 481
402 340
278 74
314 247
145 457
143 243
343 228
261 462
305 340
318 17
42 158
389 91
214 218
263 185
218 345
178 459
151 232
306 81
328 430
387 473
216 473
201 31
345 411
251 315
184 3
161 422
13 226
296 403
88 80
425 412
371 306
391 456
37 374
156 197
22 365
190 396
279 91
2 243
58 124
479 106
28 243
321 141
44 41
121 118
30 132
290 399
355 253
127 181
231 244
461 136
32 253
344 3
246 311
287 199
305 157
400 267
408 333
226 73
191 452
436 348
99 73
326 226
260 306
402 306
294 491
244 363
366 326
137 441
140 464
121 424
43 445
278 373
447 451
255 4
204 490
64 191
270 155
313 242
400 30
373 215
430 194
20 469
410 296
261 9
286 50
495 234
108 329
133 125
482 55
45 240
284 38
194 461
204 54
436 359
75 104
151 161
130 357
154 23
33 41
91 267
1 171
352 439
416 461
16 337
78 250
289 414
375 362
268 335
194 79
36 56
217 121
479 39
62 347
240 485
104 447
470 184
123 457
419 323
160 391
142 287
201 90
452 431
118 77
8 220
128 312
434 396
435 345
45 265
250 350
149 285
469 354
311 120
295 444
336 230
18 307
398 330
113 71
0 202
275 231
43 9
257 403
101 329
94 45
395 146
431 196
50 396
16 253
197 214
296 163
471 385
215 166
238 221
423 328
411 238
99 50
454 455
136 357
402 55
53 83
279 149
45 484
89 182
396 414
429 287
24 192
359 252
325 92
272 97
187 249
151 184
491 287
496 105
12 127
210 398
399 65
402 342
24 296
62 491
130 420
464 492
96 7
99 323
272 422
23 371
407 312
99 174
132 398
378 95
345 144
62 440
282 96
392 316
307 306
78 307
151 290
297 43
218 247
21 248
119 343
7 44
219 379
277 458
405 203
199 155
96 250
198 261
429 230
37 442
249 89
379 467
362 400
0 28
276 433
128 21
66 247
126 135
93 137
340 256
263 498
100 39
153 359
90 298
240 82
171 479
298 342
242 402
282 13
446 242
116 58
158 74
61 182
171 284
392 6
356 11
402 156
367 456
106 407
342 309
140 198
40 365
268 439
452 135
229 50
461 250
176 345
379 119
255 237
243 50
413 0
156 99
407 316
75 23
333 365
63 417
135 473
264 456
91 255
157 216
318 172
18 118
89 494
83 249
300 197
197 178
129 213
381 205
228 36
401 309
78 413
239 317
125 213
468 3
72 68
240 126
96 390
237 110
360 38
235 320
499 12
225 284
489 128
165 459
268 69
335 418
87 346
60 74
77 212
280 380
358 1
244 373
483 455
345 481
301 195
207 80
216 300
429 285
244 57
126 446
216 364
210 313
387 304
368 122
3 317
318 149
22 213
168 414
395 357
53 13
445 197
497 260
45 13
70 278
224 141
5 49
362 293
97 216
190 250
419 465
466 45
259 89
4 340
198 279
145 399
96 251
363 90
104 446
76 409
50 26
75 301
94 56
124 290
392 43
360 166
212 311
400 327
167 323
102 256
156 365
468 247
190 104
402 332
93 146
172 479
132 143
51 100
390 78
473 27
194 282
93 333
160 258
81 345
102 180
397 183
283 110
66 366
50 473
119 321
152 143
138 143
243 136
214 42
69 133
415 39
372 115
373 360
206 385
417 454
490 160
122 314
32 125
450 40
213 82
225 421
64 365
1 216
258 308
293 67
458 327
443 209
421 331
68 168
475 127
139 485
151 465
442 113
154 184
118 392
313 219
85 196
412 377
37 438
358 170
349 331
392 316
499 144
313 313
293 67
404 288
105 284
398 408
444 399
291 404
123 62
258 456
333 60
499 22
44 223
406 209
25 246
390 298
463 25
444 55
195 256
41 201
109 300
199 291
195 53
467 342
298 170
231 78
100 484
59 82
291 497
243 465
115 168
193 133
41 78
187 490
43 236
37 80
371 4
409 88
283 418
88 376
454 433
417 171
253 407
404 328
293 44
213 147
132 408
339 258
100 173
410 378
458 495
499 299
239 181
99 408
137 22
308 39
211 443
350 225
54 464
361 106
253 199
460 426
36 238
411 299
29 137
132 173
472 487
20 484
392 212
86 471
10 381
325 394
472 73
38 175
282 378
77 251
29 387
125 389
40 65
54 389
62 69
408 39
23 35
99 428
399 267
149 37
284 410
335 474
1 108
486 225
476 283
23 415
305 5
423 148
389 197
267 477
16 452
339 175
104 39
159 290
179 355
117 308
282 463
423 453
178 135
419 409
177 155
12 294
294 334
31 435
413 184
136 150
326 281
173 327
117 282
137 332
140 296
112 255
208 274
409 35
297 238
245 180
474 326
160 258
45 269
453 43
194 310
92 441
268 372
154 265
97 385
33 291
398 89
363 145
33 458
197 272
305 330
156 442
200 279
400 168
211 98
408 353
146 257
129 0
265 414
151 135
427 214
303 185
182 177
136 166
291 215
45 333
275 448
227 53
221 328
426 128
333 285
394 334
187 480
246 24
159 452
19 398
435 438
116 322
341 117
333 104
437 484
432 230
284 212
392 159
139 357
142 318
5 325
157 37
413 192
144 403
153 424
215 15
338 440
58 183
287 179
163 243
473 224
288 447
106 109
467 181
351 98
275 461
350 356
48 432
187 115
392 45
60 193
133 107
142 398
429 43
286 429
5 444
391 112
221 145
178 350
300 40
354 30
386 75
359 204
320 287
332 398
443 212
171 392
143 77
472 313
94 424
221 259
223 99
244 464
314 444
337 423
305 466
41 191
247 191
330 252
3 67
131 162
407 446
375 154
467 50
326 348
459 61
12 47
12 182
478 109
384 178
145 315
358 189
232 38
143 106
25 63
225 146
444 9
163 484
386 172
20 483
44 213
112 479
13 409
18 476
155 491
159 402
443 152
42 369
475 175
238 185
183 353
362 316
300 480
152 25
8 187
252 172
3 405
314 364
193 368
359 184
438 348
352 370
240 381
56 394
432 67
420 147
315 467
447 134
160 467
6 99
123 20
425 110
475 478
346 91
127 20
220 58
428 65
446 72
318 20
440 355
354 102
70 360
495 21
488 369
469 7
27 347
457 444
423 305
248 284
304 269
327 376
441 24
448 108
480 240
447 267
221 420
133 153
174 291
13 128
487 14
361 482
278 366
171 319
455 201
323 420
296 260
136 2
110 89
181 85
204 443
363 128
281 425
69 496
476 307
322 82
416 463
330 183
354 194
248 353
273 310
422 71
73 421
363 58
143 36
479 44
25 199
125 342
191 158
466 194
128 167
483 140
323 44
238 313
18 30
340 486
409 292
65 262
320 483
371 280
177 316
15 202
44 202
212 492
38 87
255 30
170 166
210 238
403 346
376 301
139 421
65 68
330 49
384 483
263 2
170 107
309 440
494 38
30 205
293 59
89 69
87 48
138 112
458 298
451 41
462 186
254 90
491 380
363 436
290 227
334 126
67 461
499 143
349 413
472 381
302 142
42 414
26 390
40 180
73 336
22 491
433 387
267 128
64 425
152 130
257 206
167 339
482 176
441 18
252 183
177 266
180 54
444 71
103 58
394 336
327 176
416 268
396 261
38 183
166 312
18 42
381 275
303 38
408 364
399 244
10 12
419 77
148 42
100 363
200 252
280 494
114 379
492 196
232 362
26 30
73 398
173 397
435 454
170 476
72 195
60 422
499 435
477 479
194 499
103 78
424 246
126 236
284 39
401 118
1 16
266 428
325 74
380 439
267 112
159 403
325 192
127 219
50 176
27 104
182 245
491 483
71 107
498 117
88 355
224 399
179 89
15 490
282 356
320 247
150 49
241 332
403 327
355 368
325 454
199 235
218 7
466 190
160 289
496 464
216 100
189 220
211 247
104 56
303 493
394 276
108 306
133 488
208 364
318 341
76 33
393 369
59 146
287 359
324 71
171 283
4 392
139 212
120 67
412 95
224 424
230 306
146 184
48 215
408 355
240 366
235 484
130 133
345 147
70 417
53 21
413 94
158 57
476 404
0 279
55 388
46 224
260 137
352 193
400 309
175 261
97 492
478 263
262 228
497 323
344 332
426 50
459 109
13 85
216 435
323 365
89 271
408 222
415 202
11 112
225 167
11 38
301 323
403 489
312 63
248 400
303 8
117 26
463 262
50 131
496 179
302 373
447 438
140 210
323 214
381 151
189 48
223 245
234 343
258 126
379 47
55 6
385 182
296 173
156 348
28 346
72 152
90 330
393 19
234 82
233 68
468 467
212 275
118 192
170 447
346 228
87 49
83 253
278 472
320 380
78 434
439 200
383 150
22 381
464 128
196 108
427 197
472 164
208 140
439 442
171 379
280 137
242 110
82 364
96 21
307 254
307 174
177 246
128 42
170 51
159 92
141 366
382 86
78 466
260 443
322 369
358 283
393 102
318 101
474 475
82 414
441 133
232 389
283 470
21 360
304 453
171 180
118 297
115 405
348 49
418 376
159 22
125 277
230 53
380 295
62 204
337 314
203 3
473 69
281 486
291 346
378 437
87 462
220 348
397 202
78 68
91 168
445 238
143 68
363 27
231 23
338 277
280 420
342 393
232 105
303 123
413 375
190 181
30 0
202 410
478 427
95 133
371 421
489 392
419 366
389 205
334 2
275 79
325 115
72 117
92 409
284 376
409 5
357 474
384 439
219 60
193 215
136 166
59 416
282 478
35 330
185 23
455 369
336 460
429 132
41 261
489 21
27 177
4 398
190 384
296 388
455 409
427 341
109 444
274 486
169 243
119 161
30 206
18 74
58 219
332 447
468 99
128 321
71 347
232 132
373 261
22 380
222 328
124 450
288 183
427 398
59 309
15 46
472 442
13 385
332 30
481 197
370 301
148 109
242 441
55 232
465 467
295 429
231 187
222 272
22 372
181 149
47 434
376 49
434 19
49 241
438 119
420 30
492 308
101 420
5 86
53 8
438 470
9 200
472 169
41 231
233 495
429 75
476 280
300 157
250 262
381 201
84 40
348 153
74 76
162 301
310 431
401 215
415 248
269 410
493 388
235 163
90 226
7 16
173 66
328 159
360 423
315 210
363 444
372 15
316 289
72 34
101 126
226 473
235 17
257 348
363 81
307 344
360 453
19 166
325 33
308 199
409 186
482 123
138 125
266 355
241 306
285 339
164 343
212 363
63 252
333 321
165 426
379 140
307 25
410 250
450 132
170 70
45 211
188 153
360 35
193 455
146 101
296 478
342 162
414 8
181 405
332 247
240 346
223 63
314 47
31 485
407 116
327 54
59 304
339 368
175 419
372 33
363 321
483 169
29 57
463 250
497 211
409 147
62 237
136 133
470 228
344 168
74 230
34 24
392 133
52 226
111 67
240 276
445 474
32 75
325 327
38 347
494 323
412 299
284 408
137 49
69 255
485 333
357 143
128 19
97 101
20 180
456 208
183 260
188 254
81 215
414 13
188 471
270 408
168 453
354 407
162 305
139 423
418 499
370 348
450 398
78 468
176 470
83 386
492 359
426 271
284 425
248 340
100 325
278 371
278 269
426 132
407 292
291 65
414 177
75 161
129 216
186 5
243 158
369 121
392 236
13 296
488 29
354 262
133 441
210 132
264 263
55 488
54 23
200 346
359 320
36 275
280 489
499 74
196 375
111 368
164 88
117 125
239 5
446 471
455 372
487 8
496 71
94 42
388 402
222 146
421 99
440 258
333 53
429 439
308 29
469 392
369 324
329 87
410 108
332 127
487 218
289 319
361 336
238 236
382 101
201 313
423 156
61 141
81 108
489 490
235 241
65 459
398 104
213 247
374 308
26 45
217 214
50 168
404 78
32 140
453 286
442 233
226 377
337 356
198 159
400 327
286 433
38 466
213 184
344 103
0 439
5 223
391 217
148 55
48 147
433 180
265 1
230 228
84 491
151 68
247 282
68 403
369 33
69 458
413 434
226 265
340 413
483 231
139 231
378 483
15 187
40 164
244 280
123 271
191 180
314 126
30 438
323 382
340 251
186 392
9 253
19 412
495 350
433 2
337 134
321 164
180 352
484 362
485 424
104 459
438 176
466 418
153 468
71 289
33 493
99 109
373 42
244 118
472 369
3 178
342 309
13 177
391 22
298 497
308 376
404 254
24 246
66 370
11 177
171 138
247 44
438 270
240 121
490 183
213 212
373 345
374 407
281 386
235 265
493 79
333 43
290 249
119 357
35 356
494 482
26 58
180 94
215 317
352 272
484 57
254 65
472 357
95 129
246 253
184 330
373 92
341 17
226 15
372 313
295 113
23 218
312 174
491 55
327 379
288 343
408 163
372 43
24 232
337 467
149 122
214 21
390 375
390 56
369 468
434 114
333 16
190 457
365 497
377 181
376 192
208 17
412 136
368 80
400 436
411 57
430 401
276 125
33 320
141 167
281 402
419 75
384 466
464 109
143 249
294 193
210 19
8 354
286 123
411 376
286 186
88 322
300 216
389 216
383 333
236 30
457 17
483 7
468 193
295 299
492 463
335 89
295 55
30 343
71 81
120 441
116 357
426 60
276 416
101 315
197 160
29 189
196 154
347 12
164 17
480 142
83 8
63 167
10 378
312 445
387 434
143 432
492 355
123 69
384 268
280 224
414 81
87 309
174 462
479 287
429 338
198 312
331 365
95 262
207 342
128 407
191 446
153 271
341 35
156 276
1 225
159 436
98 267
229 98
385 124
462 61
373 167
384 160
274 204
398 479
239 334
132 26
298 282
318 286
414 491
68 474
262 415
34 79
178 212
336 264
177 415
82 150
163 50
106 466
298 437
123 357
235 37
319 256
42 385
376 489
315 456
224 445
24 430
142 110
226 54
470 479
129 403
453 52
371 292
82 412
121 169
58 205
313 356
242 229
219 207
164 118
415 386
316 240
350 440
346 311
290 77
332 316
221 271
416 286
50 444
113 350
407 171
379 23
252 221
428 473
444 323
62 444
36 359
151 230
41 239
168 498
314 331
455 0
138 387
331 371
73 188
211 296
319 480
201 443
416 424
99 482
426 360
220 161
244 315
54 223
221 285
469 222
74 388
275 424
147 213
253 107
255 220
52 465
260 75
351 254
88 176
37 450
464 366
181 109
332 208
345 235
309 54
294 314
238 384
449 421
28 237
457 202
19 136
211 10
116 279
456 414
364 204
70 345
454 180
240 104
191 286
192 86
252 1
237 486
408 491
80 186
240 288
424 390
400 260
391 487
401 368
424 347
44 118
150 346
450 498
285 243
181 494
495 329
168 433
276 84
122 76
216 357
247 362
474 493
332 499
367 366
65 234
204 143
341 110
108 354
97 292
138 245
75 278
64 133
69 243
171 340
197 191
405 239
84 444
443 380
246 417
3 162
305 311
273 207
413 147
291 382
479 363
493 429
414 406
1 57
398 335
26 172
264 447
392 431
163 348
117 335
350 409
73 120
179 7
6 346
80 445
308 297
78 412
318 153
63 344
179 320
344 461
408 57
341 108
309 152
340 4
266 426
399 190
197 191
389 430
375 204
353 322
234 35
41 284
480 52
372 104
65 160
69 69
177 325
330 410
267 338
117 170
360 385
76 16
298 409
465 317
139 26
61 171
307 373
426 102
206 287
299 150
219 123
301 369
131 249
439 131
301 398
135 56
424 13
274 211
29 223
249 92
263 20
394 162
117 70
357 172
174 175
299 157
378 246
347 452
83 9
260 286
195 236
101 395
459 119
194 375
467 340
360 295
310 82
4 254
278 427
102 362
371 453
199 253
57 101
110 46
332 140
228 370
118 379
351 329
57 77
417 45
193 24
459 277
384 355
282 463
177 162
115 236
342 400
1 314
212 399
392 464
186 397
276 120
302 304
381 127
25 359
235 298
428 70
425 194
158 312
326 59
295 335
236 442
108 489
241 89
53 173
70 485
457 240
44 346
326 259
118 278
428 351
421 354
400 356
20 346
257 58
246 347
289 52
394 482
71 249
422 487
472 477
217 344
43 429
189 113
391 369
72 159
365 320
28 345
43 266
176 49
248 300
204 422
256 389
138 98
85 328
305 413
257 409
339 374
487 300
21 380
39 231
51 93
438 257
23 431
332 333
133 51
474 80
469 338
288 230
410 460
373 226
135 215
441 130
283 474
354 429
160 304
250 246
3 63
346 188
22 378
429 179
111 7
345 403
134 81
41 486
212 44
112 266
248 347
174 405
334 31
188 380
126 346
261 438
478 129
7 108
139 352
360 289
192 250
183 205
191 178
75 76
342 255
103 39
444 443
326 129
9 131
477 14
304 136
117 91
199 283
135 477
266 190
440 495
53 310
489 124
52 96
352 416
455 395
338 307
436 251
382 164
31 445
433 212
303 335
118 403
380 354
44 106
453 498
308 336
460 6
103 149
65 365
260 307
114 20
272 450
466 50
347 6
218 497
185 133
36 21
227 303
261 416
266 271
108 215
221 74
224 420
285 176
483 289
162 397
347 449
351 286
292 314
163 199
184 363
236 348
4 220
488 464
235 265
332 254
180 195
116 54
82 404
46 253
151 418
367 208
346 350
16 219
270 490
353 180
380 454
26 90
54 236
354 14
120 141
337 186
92 300
57 305
58 175
93 103
163 209
412 312
31 361
351 428
460 301
107 57
499 341
77 133
499 405
46 431
470 471
272 235
40 62
89 181
136 451
12 182
495 299
12 424
353 378
180 363
420 313
6 139
273 419
176 436
219 272
96 223
310 189
252 220
401 351
302 341
376 37
188 166
91 223
101 200
415 296
461 133
125 188
459 320
256 398
22 136
359 475
165 118
338 169
372 269
462 91
128 26
193 338
413 168
220 136
284 367
352 136
324 245
65 477
227 283
419 321
149 250
220 130
152 166
287 411
2 376
403 249
440 483
151 448
436 353
72 372
360 220
465 425
254 184
467 383
56 482
84 239
369 205
223 304
215 373
250 10
260 70
53 5
305 52
257 56
280 241
313 330
255 140
176 130
13 361
343 496
235 70
127 427
232 456
330 351
213 299
369 80
85 325
377 274
183 390
483 135
465 315
308 296
426 72
433 484
480 440
362 129
56 67
24 489
192 140
292 354
286 258
83 161
288 371
113 461
96 323
138 96
244 413
337 446
283 170
462 270
251 115
183 176
18 308
300 207
413 210
468 92
106 199
422 404
365 394
217 35
483 313
78 207
6 227
397 415
37 289
404 212
388 289
97 439
146 406
469 397
342 411
110 289
193 448
342 32
419 410
223 411
470 402
129 301
68 476
117 379
91 106
395 22
461 331
238 344
93 460
223 59
348 435
383 334
218 394
304 77
340 138
40 380
33 163
139 22
401 102
208 257
131 344
175 455
299 444
256 265
176 244
32 480
166 25
271 415
345 384
374 75
455 37
200 415
289 489
443 192
301 190
34 151
458 432
228 61
327 257
353 337
317 3
380 385
153 335
71 151
79 350
387 446
213 386
375 440
132 2
192 170
321 433
217 78
139 279
388 297
134 318
322 94
479 303
138 54
58 132
482 210
8 137
23 222
162 221
223 251
421 146
431 267
345 95
226 0
297 336
155 467
61 284
439 329
383 392
377 78
140 293
430 359
433 148
221 306
57 447
93 296
63 330
277 24
376 260
96 4
323 174
310 251
80 384
276 249
179 316
109 5
217 319
319 392
198 150
98 392
188 107
289 43
420 251
11 67
71 296
470 460
211 394
130 280
382 144
460 258
264 61
233 421
313 481
483 404
297 363
470 81
477 337
441 260
179 397
193 304
264 250
496 164
296 476
472 478
236 30
92 432
205 352
333 177
81 19
234 317
250 230
68 57
169 227
124 9
165 348
450 318
334 430
258 446
276 482
365 230
14 12
217 457
134 219
90 50
219 67
298 325
382 322
401 218
79 51
251 26
196 244
174 201
499 382
216 284
14 275
139 81
390 28
248 356
259 376
444 190
15 478
152 94
312 249
300 54
432 391
487 403
104 480
362 14
298 103
230 430
364 165
193 370
78 254
131 293
484 337
168 75
21 351
101 320
374 333
76 253
157 158
138 63
77 261
217 352
283 376
41 447
169 147
401 86
232 248
437 384
311 68
419 105
426 332
165 20
126 152
311 241
157 283
396 449
302 234
462 113
413 437
84 355
294 434
34 337
74 26
446 472
77 385
218 365
238 355
360 235
329 364
147 171
472 486
72 43
9 126
415 35
242 274
208 351
41 36
414 243
215 115
0 360
78 144
0 218
306 316
180 212
383 135
121 179
74 207
186 193
80 83
357 101
305 175
63 66
161 346
461 330
190 376
372 461
32 120
436 224
436 338
325 468
147 171
231 446
491 222
157 417
370 424
99 15
433 175
21 162
344 94
322 334
148 35
7 194
271 180
370 444
264 207
379 47
493 264
338 110
379 336
112 495
362 101
277 211
226 295
241 150
485 70
457 63
110 485
165 317
261 233
440 387
434 377
141 171
133 279
467 479
327 364
466 80
143 189
485 95
245 369
292 78
494 82
67 101
418 104
189 84
323 31
409 129
153 109
388 402
234 138
3 356
288 61
250 469
64 431
153 87
166 161
96 445
398 160
116 15
100 317
200 305
286 275
385 461
364 439
430 273
481 98
159 433
402 269
53 409
497 318
479 206
3 15
175 427
443 401
70 291
96 43
170 123
84 234
174 55
181 300
398 104
389 162
284 409
171 143
461 337
395 20
35 292
220 398
151 210
353 163
58 74
197 301
35 228
284 133
434 61
17 465
479 332
94 406
49 115
304 265
285 10
155 199
449 320
382 375
390 453
27 235
36 448
28 76
209 71
485 164
481 143
328 2
409 461
428 422
39 458
321 233
284 324
496 476
203 234
187 230
465 93
393 66
142 353
276 421
86 203
347 261
264 67
380 27
301 25
483 309
394 340
16 156
132 178
264 12
242 187
132 303
369 59
264 25
299 363
67 392
154 385
304 266
145 270
295 37
346 446
138 130
287 92
270 154
18 271
459 387
190 112
23 91
469 412
127 139
31 268
5 46
164 185
307 309
198 309
107 102
233 44
136 245
251 372
143 259
146 121
85 454
46 188
100 108
247 367
135 228
274 279
316 492
153 439
100 476
78 352
396 208
305 163
387 385
496 409
382 31
485 142
330 468
76 383
250 283
363 176
307 237
229 137
428 123
99 383
235 381
441 30
45 483
220 98
359 433
316 216
210 242
210 153
389 393
176 138
314 491
229 39
28 121
97 310
45 309
42 48
430 132
116 483
81 328
261 188
405 441
35 429
82 115
8 245
383 471
315 36
427 50
23 44
206 308
117 120
21 252
384 159
494 451
279 352
41 75
368 392
173 298
413 403
148 108
79 274
162 384
434 246
290 90
398 309
430 349
101 367
378 451
254 337
42 372
447 386
278 83
381 168
71 452
60 146
272 72
308 491
238 287
229 94
403 380
229 127
346 185
136 182
372 224
96 243
129 414
349 395
63 259
63 82
80 487
411 475
467 353
492 219
313 57
289 221
200 68
254 371
405 46
270 242
485 277
191 218
113 466
226 40
122 177
16 289
265 203
408 427
146 84
493 252
473 311
231 134
5 173
219 485
228 411
188 341
59 65
32 232
124 24
201 110
399 99
154 69
496 16
452 414
166 494
305 445
80 139
164 37
374 437
200 235
428 454
20 389
473 487
11 404
14 97
48 65
134 265
134 202
116 483
477 86
384 134
273 135
24 316
105 289
24 398
205 306
47 452
291 225
481 20
469 155
72 347
464 18
72 58
41 98
37 41
175 19
6 273
441 301
90 30
280 46
204 467
271 485
62 251
123 63
70 43
242 93
463 142
200 207
157 387
428 94
465 46
319 104
257 471
353 112
11 199
166 485
323 215
319 438
353 385
281 442
35 275
417 23
82 350
238 469
63 240
138 18
474 380
351 458
422 231
431 56
42 433
1 449
239 365
102 320
262 92
367 235
259 150
352 136
458 193
285 442
461 373
254 424
234 435
167 457
14 156
442 450
399 408
125 443
115 139
83 227
463 377
379 303
291 74
119 232
174 249
123 405
329 135
423 229
186 63
71 442
392 52
460 13
308 143
134 437
17 423
153 218
373 332
406 32
264 164
266 377
282 291
278 241
470 111
26 201
143 8
61 98
111 35
31 373
163 420
195 165
235 180
12 348
381 108
125 270
147 497
288 243
484 430
393 419
120 306
314 420
18 264
151 227
101 481
401 182
200 264
296 449
297 435
44 308
78 178
28 21
264 225
7 316
87 100
258 401
173 208
324 72
152 191
24 475
10 105
221 426
375 210
497 17
325 24
203 393
414 255
332 83
251 30
482 192
93 339
47 240
313 118
309 371
198 317
422 333
111 60
122 143
160 338
215 120
13 337
92 270
353 280
310 276
468 104
443 293
33 413
31 490
213 198
15 192
378 264
324 289
432 341
32 299
419 444
281 247
17 284
64 225
354 370
474 227
372 322
236 418
260 405
456 119
312 326
90 323
465 190
383 266
417 397
342 415
162 188
473 475
201 179
401 389
116 55
229 376
146 488
246 317
437 258
436 54
229 101
143 26
145 194
92 26
442 62
251 286
113 456
488 76
465 314
221 389
117 434
422 303
120 263
374 20
74 409
10 310
189 156
350 153
32 186
100 294
432 474
282 203
279 46
212 270
160 97
31 434
89 277
393 305
326 209
119 119
429 252
408 481
135 470
156 111
405 167
493 257
312 190
236 275
398 92
41 448
234 58
187 72
229 323
385 80
199 407
160 4
485 481
451 420
383 472
491 460
69 141
331 336
464 381
325 67
15 362
272 366
290 102
425 459
392 20
427 310
166 443
424 439
212 4
328 228
40 95
236 320
156 109
342 67
486 120
334 168
386 354
456 106
66 177
197 233
44 310
253 476
416 62
66 30
110 128
223 395
67 150
111 312
231 75
196 453
473 70
424 382
489 360
37 232
465 407
217 86
62 361
424 470
352 330
458 342
237 462
464 34
198 304
232 75
29 429
499 280
162 354
214 275
7 151
410 103
41 325
186 127
450 456
286 462
305 302
117 97
483 42
199 81
157 181
462 283
63 38
392 314
441 225
229 459
62 449
126 139
267 456
412 312
275 69
223 50
499 432
326 340
422 482
15 377
160 431
469 330
496 223
449 213
172 437
238 178
317 87
43 364
29 436
357 307
357 156
88 81
421 209
43 266
144 195
126 411
241 304
28 447
161 89
26 477
7 185
272 117
333 176
465 167
474 214
370 322
403 184
393 310
77 325
372 288
199 221
377 499
298 292
381 405
234 459
497 260
377 241
270 269
289 62
277 235
57 115
151 499
162 313
490 396
185 91
312 362
213 384
177 41
447 12
323 58
170 33
275 320
442 399
462 397
132 231
346 91
90 41
354 498
246 104
195 344
207 431
316 359
401 272
284 345
255 200
233 108
428 426
325 360
257 370
453 139
230 241
283 152
2 173
277 489
186 248
180 325
184 393
17 348
193 437
137 302
410 300
226 371
231 190
413 404
43 489
82 366
18 126
151 365
207 372
121 280
105 393
138 301
1 142
79 155
457 46
346 217
440 219
262 425
329 171
12 27
393 224
202 95
312 264
136 205
486 19
412 109
410 443
85 402
58 263
309 17
234 367
439 8
433 174
197 201
228 114
190 210
157 473
89 245
450 469
341 78
187 436
232 105
8 98
213 169
186 418
285 23
383 272
298 224
277 316
282 496
58 357
331 472
69 215
36 272
350 20
308 377
483 38
136 40
210 491
261 201
76 248
21 46
123 459
127 319
167 400
110 409
234 225
292 441
213 303
323 329
206 64
102 484
376 189
32 90
143 86
187 293
192 220
179 208
379 315
67 307
68 47
124 177
470 302
106 417
246 36
100 281
265 452
494 54
496 494
432 378
172 139
211 119
327 216
31 391
50 59
106 98
128 118
273 230
147 98
134 379
12 393
198 86
492 130
124 192
70 340
332 56
28 94
310 43
286 355
266 193
144 336
307 372
455 272
370 80
311 454
348 357
443 175
157 398
90 288
128 281
190 12
107 460
4 218
425 269
463 142
331 192
416 107
379 138
70 371
326 101
310 233
260 26
424 106
394 418
199 366
378 22
335 241
459 337
107 191
333 237
281 422
29 164
154 197
421 260
213 76
309 247
125 24
130 70
488 49
267 376
398 39
133 145
335 85
276 444
181 294
216 110
274 462
12 97
357 429
5 433
180 70
446 167
89 305
206 76
452 429
468 325
322 203
288 453
398 157
451 65
27 79
394 19
116 301
82 406
339 325
248 440
459 371
28 194
123 48
329 86
411 427
130 149
103 233
391 271
188 1
432 194
66 215
368 326
84 34
360 303
95 423
146 460
154 54
454 174
112 129
57 283
432 23
257 39
310 35
36 0
46 498
65 321
147 112
499 434
237 232
7 211
171 184
238 6
180 177
307 192
327 293
168 364
255 259
147 425
277 66
416 35
356 324
288 334
120 4
88 287
350 357
41 447
453 21
199 131
175 486
131 358
74 2
113 151
429 329
247 260
296 206
382 16
350 4
360 23
310 470
179 300
248 13
34 72
55 53
391 85
443 230
84 374
26 369
199 197
310 455
13 298
314 458
462 396
419 16
486 323
123 81
94 17
441 223
277 481
66 496
78 20
247 362
231 162
212 273
80 430
229 22
480 445
341 395
412 442
117 112
46 250
268 241
464 492
473 61
58 93
466 40
254 136
151 213
338 485
268 363
385 418
363 349
244 217
159 57
21 156
259 129
370 67
60 379
440 186
132 33
425 350
487 98
311 179
17 490
353 149
419 285
134 90
307 134
43 378
387 318
447 65
484 146
377 317
356 44
430 317
168 488
86 207
387 7
497 249
250 404
41 202
292 21
155 175
405 99
417 51
116 292
290 217
386 100
497 167
337 242
82 427
134 357
364 20
269 373
129 213
267 371
392 170
345 59
10 400
451 251
395 279
496 419
371 186
205 383
477 368
147 42
399 60
80 134
359 115
180 202
73 489
159 447
358 318
70 357
460 368
148 373
292 355
393 496
379 15
236 451
493 357
269 383
369 245
212 349
51 229
218 245
192 477
295 229
438 403
271 365
238 398
106 271
120 382
397 499
450 499
208 133
369 296
393 329
179 238
467 105
350 82
59 37
119 395
298 354
219 57
308 421
45 309
191 414
265 165
16 89
74 68
216 77
406 443
34 109
66 85
20 1
391 269
16 79
434 362
419 314
87 5
315 79
345 132
149 6
447 111
31 166
95 374
317 247
356 1
439 203
205 274
43 459
38 448
310 59
225 472
330 81
13 165
297 145
3 358
321 299
465 303
177 352
99 60
413 346
50 307
434 352
163 107
55 329
389 54
378 217
150 466
131 208
353 163
374 281
80 209
12 195
48 397
309 189
387 499
159 222
427 437
44 93
422 442
496 451
20 163
482 375
83 171
186 113
246 289
498 60
256 326
223 362
51 156
7 32
107 438
228 166
111 34
328 272
76 34
49 325
200 96
119 31
497 135
424 306
218 243
70 422
136 474
482 145
30 187
478 490
8 489
375 58
182 120
6 203
28 258
207 407
439 228
364 326
484 436
179 140
415 203
29 101
99 51
239 12
354 481
470 69
479 362
334 345
48 161
420 192
100 77
157 127
453 39
327 373
14 438
493 358
312 429
480 22
386 411
244 71
492 240
455 214
59 471
133 141
334 459
388 405
32 434
325 46
271 337
127 152
362 285
66 120
495 174
437 47
470 381
474 181
395 315
286 281
422 306
118 271
176 108
42 6
404 208
46 219
223 176
313 25
146 86
260 232
131 141
374 50
231 101
416 348
129 479
285 55
326 404
12 255
262 3
211 407
126 18
46 109
135 350
436 360
92 133
126 48
98 223
176 352
201 182
161 445
0 182
86 298
54 326
329 451
358 168
186 393
2 336
186 233
445 489
474 474
375 389
112 100
453 473
7 140
85 6
40 168
319 85
412 127
430 373
393 241
486 288
124 79
164 489
330 163
137 109
498 305
257 12
338 462
103 62
68 345
366 188
126 109
88 185
410 38
131 18
158 303
234 118
459 134
297 399
8 289
446 287
299 359
321 204
266 489
187 424
465 187
148 405
442 91
481 88
458 352
7 112
82 116
250 241
140 41
183 48
187 1
360 129
333 486
328 33
310 452
139 367
272 275
218 139
227 214
418 199
163 185
153 425
18 98
139 403
303 11
12 174
304 490
329 224
257 489
441 9
228 419
194 432
423 0
66 264
315 2
187 336
113 479
77 192
448 131
494 68
95 251
94 358
82 399
240 275
136 192
111 34
318 364
216 158
274 242
244 282
470 90
421 284
476 83
66 350
270 424
28 61
419 365
116 474
101 354
398 357
243 237
453 361
371 61
155 169
303 146
88 400
36 273
208 9
359 364
289 274
187 481
347 169
143 459
165 463
172 96
333 63
276 415
329 138
307 148
146 484
236 462
235 234
243 272
137 295
421 454
435 278
447 109
420 134
450 442
38 85
148 474
390 223
361 424
424 71
55 168
130 70
156 144
416 217
364 251
205 405
35 285
246 493
479 482
276 166
251 429
404 314
37 251
176 146
217 250
270 452
375 124
268 252
469 31
283 37
294 185
471 340
185 330
164 217
384 165
94 441
107 487
239 498
496 497
247 267
219 213
338 18
270 94
478 458
347 92
277 261
453 142
472 100
170 139
304 136
429 54
393 250
101 37
34 132
399 97
311 133
3 471
65 1
311 274
218 395
8 159
301 495
448 462
101 125
261 118
24 257
7 43
432 417
50 108
206 318
451 449
272 369
222 455
81 338
85 33
192 299
146 94
56 493
118 94
212 9
118 232
127 236
154 477
438 59
377 56
357 144
365 180
135 130
320 87
120 216
367 405
499 165
158 14
108 407
268 129
213 173
261 386
364 340
399 267
323 302
298 128
308 181
163 15
102 296
364 483
240 74
239 232
98 92
351 250
231 58
231 120
358 444
136 493
260 74
228 35
15 436
469 378
393 323
119 132
467 347
274 336
68 59
151 365
115 166
76 355
475 346
142 308
153 185
260 278
165 265
201 488
219 180
356 22
6 112
312 327
163 325
385 86
451 83
101 388
243 419
117 178
338 218
256 112
390 491
108 16
356 408
88 162
184 75
40 296
124 191
368 352
290 139
223 253
142 93
364 324
354 385
456 334
446 192
183 212
80 188
96 292
306 436
364 37
333 490
33 404
108 309
449 402
155 250
343 172
348 149
387 60
394 203
395 195
259 192
380 431
75 339
127 477
14 381
223 491
247 199
9 257
11 207
457 458
482 18
168 153
213 182
385 407
102 459
151 133
416 361
200 31
360 343
224 179
23 226
426 447
56 270
330 287
245 67
86 287
440 79
261 106
13 5
464 499
484 467
328 467
499 400
243 380
59 359
438 319
118 82
205 364
3 27
94 35
174 248
179 32
490 467
472 440
291 3
470 289
256 275
27 150
30 107
319 122
293 442
376 257
473 412
439 433
320 476
76 385
270 495
462 255
47 260
264 286
427 339
466 86
237 36
143 346
320 119
413 462
71 114
378 142
75 44
20 169
406 396
243 96
203 176
437 57
343 251
442 53
491 123
159 260
458 80
200 154
469 279
245 465
107 40
85 123
144 35
283 457
406 50
79 26
83 461
64 16
421 278
401 6
119 412
493 412
67 77
208 45
362 36
76 453
428 470
357 13
323 72
475 140
166 81
42 54
422 101
379 107
465 195
459 281
193 84
14 452
349 112
148 222
28 212
34 77
442 456
381 243
383 265
198 356
262 401
2 241
200 36
231 381
14 165
102 190
495 60
172 468
42 196
260 321
250 70
379 146
389 192
310 260
468 272
173 8
249 82
118 27
409 301
467 201
243 423
335 421
389 90
287 8
329 431
354 47
194 431
123 233
345 435
208 433
442 313
395 233
261 43
345 365
418 22
297 164
85 161
252 133
141 326
257 39
438 322
253 463
196 484
420 228
162 41
206 480
213 456
351 453
170 326
200 48
212 88
250 498
131 149
475 354
393 124
298 85
48 183
168 403
131 97
138 440
420 293
101 197
2 485
164 453
1 173
261 364
362 66
215 363
217 345
321 191
128 110
146 119
22 176
273 314
254 6
151 264
313 26
11 253
58 315
488 175
392 59
477 250
113 254
452 193
236 331
293 273
245 364
392 439
105 119
125 166
282 211
237 277
30 95
410 101
128 88
499 399
1 20
127 477
22 114
297 431
204 110
474 443
382 301
421 366
384 340
51 46
323 166
113 141
242 205
145 24
275 222
95 497
326 276
242 222
153 348
458 392
335 209
363 284
2 217
409 284
182 239
257 461
454 358
415 371
395 196
270 61
410 170
298 365
439 236
436 40
432 444
154 246
382 119
337 369
153 384
123 98
59 187
45 381
104 13
61 461
374 499
21 332
49 284
372 171
63 489
433 160
258 348
467 439
308 140
376 156
255 313
1 0
233 166
180 46
359 337
188 93
277 233
369 61
84 327