8200
328 68
470 284
325 429
259 186
346 53
265 474
410 128
375 52
202 434
83 388
346 324
274 129
383 58
430 59
286 231
300 252
36 466
396 122
161 213
118 155
481 7
487 383
287 243
30 362
251 342
166 465
95 449
359 292
203 478
61 289
41 342
308 213
188 430
495 204
211 349
208 114
349 45
288 195
409 489
331 318
284 12
313 349
493 379
209 173
314 197
391 122
336 356
138 199
256 24
225 133
247 319
364 433
480 449
438 5
323 389
402 121
470 459
190 67
240 463
12 251
374 55
263 403
455 210
86 253
386 211
382 311
244 486
287 99
104 224
113 225
346 279
91 367
287 168
131 281
33 27
434 496
251 259
469 197
302 206
269 55
366 189
27 4
103 462
186 314
391 207
338 151
371 237
257 429
63 158
37 388
236 96
355 472
21 340
46 176
83 324
365 168
172 301
263 392
58 127
334 449
452 449
38 24
454 323
333 295
35 369
317 371
343 272
112 24
200 216
40 10
30 283
436 257
149 54
181 199
0 59
8 367
392 452
128 46
193 198
67 461
184 229
353 384
408 27
96 317
327 460
95 136
246 210
264 31
230 247
307 446
165 82
34 315
214 409
107 14
476 407
488 26
262 160
40 341
158 170
482 136
124 338
48 77
460 370
118 164
462 42
124 425
92 128
37 159
173 158
66 497
23 1
14 406
248 286
308 54
42 406
96 143
220 18
241 144
309 33
75 359
136 123
251 200
211 80
239 141
138 236
90 157
63 13
299 104
10 163
422 460
103 52
422 18
163 175
208 163
374 324
299 136
336 10
443 51
192 399
487 34
191 182
195 77
181 106
270 347
307 191
95 192
62 262
289 18
181 225
401 350
486 56
418 201
104 174
425 213
247 148
330 412
490 290
249 377
224 171
215 371
415 383
497 162
180 477
55 287
137 214
122 308
361 475
149 392
106 465
465 74
486 205
348 295
173 328
0 97
468 249
133 67
229 235
212 130
269 262
328 267
428 406
233 302
194 289
107 234
308 152
210 72
368 147
327 58
7 393
494 179
246 475
62 127
110 328
442 274
394 379
138 270
72 174
463 223
458 118
123 70
143 118
117 333
243 363
108 445
124 250
77 102
82 371
51 139
265 44
423 493
263 159
333 413
137 187
157 149
71 447
65 280
465 214
429 183
128 208
458 389
492 252
475 35
174 426
470 26
19 440
451 245
11 134
173 137
286 0
447 331
463 357
424 12
47 429
137 205
95 175
280 448
483 439
217 255
134 158
450 187
284 5
492 253
390 295
147 165
348 28
386 94
459 312
93 162
367 6
182 82
30 314
253 462
69 14
24 470
9 203
61 326
79 294
441 53
218 470
498 89
35 67
231 236
250 494
353 324
258 470
284 35
349 289
303 390
212 270
326 179
5 74
220 387
440 84
406 13
454 158
77 257
493 490
336 160
336 96
66 189
76 95
384 202
444 425
48 39
218 157
83 374
261 75
11 303
316 201
211 418
27 271
113 289
449 372
468 449
139 138
233 386
89 215
493 469
8 33
42 393
267 78
153 125
428 28
81 16
286 97
220 292
433 313
186 333
282 235
373 154
41 273
341 106
75 482
15 186
79 435
13 58
35 346
226 18
34 316
413 307
451 173
486 133
318 385
120 172
179 100
226 493
451 220
54 67
105 378
165 69
479 184
382 178
48 15
331 460
267 434
107 96
229 70
455 446
118 399
351 427
272 297
369 77
496 223
453 423
345 101
137 118
148 324
191 19
479 48
483 22
470 98
169 442
388 51
450 476
404 359
8 302
379 176
252 378
153 228
329 205
176 350
27 467
338 176
225 218
93 318
268 60
2 63
115 437
414 243
102 417
219 170
346 110
340 451
179 98
156 346
196 360
327 332
8 223
294 18
188 85
145 387
302 456
246 148
391 269
187 12
182 345
455 406
357 28
479 296
142 388
249 135
319 190
414 428
446 179
265 208
447 134
91 410
410 249
19 189
201 153
498 206
464 383
263 454
102 174
62 242
377 96
286 163
92 48
228 52
112 38
25 493
403 59
161 116
157 166
319 32
90 358
241 318
272 54
80 4
99 374
470 143
158 328
377 108
161 250
141 105
98 273
185 166
134 353
19 346
230 291
149 339
157 320
226 242
98 281
7 307
302 197
26 329
437 460
211 403
8 450
224 352
18 458
163 261
459 4
295 183
374 189
9 444
186 31
164 87
394 284
334 171
0 196
157 360
115 437
388 220
424 123
433 464
225 294
298 96
131 36
225 93
389 5
388 86
173 427
63 52
223 420
116 397
257 223
161 125
197 372
347 401
217 121
267 132
229 294
330 65
10 360
218 407
345 399
178 106
159 370
290 242
139 382
458 259
236 249
473 471
372 434
407 173
305 89
383 175
240 386
99 65
472 103
354 317
423 317
39 33
127 82
317 330
89 266
367 275
246 177
111 193
366 470
411 19
46 23
410 294
211 138
241 9
326 183
352 448
481 101
36 391
73 108
226 353
480 14
192 446
139 226
48 303
174 357
380 459
105 72
211 290
151 316
499 304
252 329
431 203
446 85
193 467
172 20
34 272
218 152
230 226
382 357
214 278
237 408
333 446
89 342
158 44
200 240
422 9
64 453
38 353
172 10
30 84
356 344
348 417
495 74
283 78
208 377
138 349
295 445
139 471
367 236
329 149
10 67
372 251
456 74
84 263
199 128
324 467
384 55
481 172
102 379
109 264
465 310
255 247
70 112
349 246
395 437
356 178
429 405
331 229
344 385
365 415
382 43
98 189
361 266
498 431
47 463
273 107
354 12
124 380
478 276
213 325
3 225
130 69
150 432
169 313
228 494
37 34
223 463
81 487
270 436
251 79
38 317
181 376
108 244
20 158
483 86
311 233
155 487
271 293
106 305
152 441
475 187
150 41
29 51
339 83
163 299
469 443
319 201
298 150
308 428
366 318
52 144
131 30
323 59
364 402
195 282
469 368
410 171
74 471
54 439
90 265
208 69
123 411
414 28
308 421
239 74
218 174
56 143
202 349
104 380
14 419
287 299
322 483
306 49
340 248
14 212
282 431
194 222
102 257
30 108
35 410
437 269
265 253
455 493
225 319
90 411
210 239
222 230
279 385
133 380
93 120
403 147
222 375
484 97
58 324
235 14
135 93
198 24
369 400
72 5
416 95
334 162
392 127
364 409
289 24
144 497
497 234
461 47
496 219
43 445
459 406
499 130
6 95
347 50
55 376
471 419
434 472
451 305
66 178
202 315
164 208
442 346
245 161
380 404
349 94
0 276
258 161
108 352
402 265
141 307
227 457
281 112
269 13
191 84
399 336
44 246
444 64
77 338
242 190
284 458
86 444
105 284
136 344
109 65
372 390
200 250
214 451
464 333
418 484
172 8
254 317
233 68
406 50
240 311
121 1
445 376
13 207
403 402
467 1
392 13
115 339
291 444
277 182
166 107
467 195
365 190
258 221
272 98
261 16
17 364
93 382
441 462
364 106
107 345
210 183
375 351
295 177
359 166
125 425
120 377
67 93
166 485
436 177
194 290
155 197
432 211
174 248
206 373
70 390
426 313
17 280
458 301
319 312
237 169
47 444
389 210
47 466
144 56
346 335
385 338
49 353
453 317
190 75
318 159
325 261
393 244
45 342
6 203
373 364
160 244
306 272
238 50
106 205
41 234
72 304
158 426
243 474
49 111
123 285
398 367
463 448
290 144
347 8
372 296
392 72
344 33
83 50
256 435
169 41
345 297
75 94
68 3
467 318
455 469
337 90
390 206
350 152
161 180
328 49
122 385
270 73
123 318
253 205
246 379
28 275
369 92
447 103
273 437
406 266
208 229
287 95
248 98
130 137
186 261
146 311
384 308
127 269
474 359
91 232
7 221
165 119
75 228
165 464
231 348
429 424
371 291
390 216
205 471
232 372
183 392
52 231
0 67
427 31
116 474
47 18
489 475
204 64
29 64
265 369
145 112
403 194
263 17
340 145
18 468
212 73
156 53
121 265
148 156
482 400
270 264
240 30
94 111
28 444
165 475
439 293
487 163
32 195
340 250
71 372
297 210
264 283
48 453
461 237
489 49
165 444
326 111
222 257
201 420
248 102
395 219
382 187
382 383
485 414
138 75
137 56
340 436
389 401
490 240
289 203
147 331
442 307
64 473
245 17
119 118
337 493
33 367
250 71
337 415
342 87
144 327
263 480
233 336
428 5
208 76
407 70
377 355
180 202
71 441
59 425
271 42
409 248
171 304
71 11
99 360
188 414
246 95
283 303
308 479
55 211
281 368
75 315
17 158
452 255
33 88
482 363
112 304
108 392
403 135
348 179
445 354
449 36
339 191
23 232
296 0
220 430
245 77
88 296
51 114
54 40
403 436
240 37
429 367
355 348
380 184
39 203
91 177
221 488
73 282
282 244
26 369
298 3
151 272
238 386
426 54
491 293
330 182
49 231
432 111
295 256
459 164
341 334
175 50
333 62
158 100
321 467
322 185
309 119
358 473
380 47
192 284
318 371
454 374
485 220
476 238
402 133
319 436
338 244
158 346
298 23
343 317
354 119
91 165
491 15
414 449
85 371
94 107
481 404
124 400
139 319
304 100
388 41
285 123
470 79
102 296
465 268
240 445
463 319
334 331
280 454
177 100
207 365
121 123
23 41
212 245
198 162
204 16
491 438
17 341
137 313
434 472
269 102
273 174
5 232
38 459
60 137
354 67
190 119
160 476
221 66
228 224
240 271
210 284
478 232
45 227
51 467
422 479
5 321
405 195
155 362
499 296
363 67
186 206
182 406
324 347
423 255
27 52
189 164
248 89
316 167
486 145
477 220
393 408
104 482
197 298
446 111
30 48
254 162
420 216
415 288
44 244
148 339
355 423
12 337
356 103
100 180
400 343
251 77
412 293
444 207
170 109
9 390
404 200
417 264
52 324
68 184
23 448
371 217
406 378
333 235
416 115
310 434
363 168
314 413
121 127
88 110
352 143
196 98
362 257
81 465
149 266
67 150
219 173
403 438
26 477
92 89
23 294
462 402
316 238
366 128
238 289
284 306
404 91
348 480
445 118
237 281
283 447
120 304
94 2
332 375
464 120
414 424
179 339
78 229
357 347
488 296
102 96
39 124
105 359
477 239
20 402
349 66
370 304
306 321
49 465
85 490
267 13
353 352
81 446
145 283
431 290
238 485
109 385
244 277
16 214
469 74
140 37
341 318
492 363
328 499
490 41
406 265
117 109
407 111
394 50
341 52
37 177
63 79
209 498
65 159
85 225
114 34
204 78
441 307
159 48
89 269
34 1
110 496
107 4
54 17
421 354
383 395
327 310
308 298
458 36
113 373
259 43
121 80
387 316
364 62
183 46
399 454
302 70
74 9
378 261
467 128
376 299
109 351
149 203
91 270
495 107
3 204
284 255
71 476
391 24
70 435
241 426
496 322
183 43
157 70
51 62
213 124
475 427
482 175
445 477
436 73
277 440
47 439
268 414
438 470
406 159
437 360
182 499
395 434
4 366
280 52
28 407
334 493
168 4
333 316
241 465
406 269
61 19
285 305
276 329
340 223
83 34
33 277
63 266
484 280
332 68
327 264
109 361
217 162
330 278
243 50
171 424
295 1
307 232
413 80
303 83
469 253
383 386
4 2
283 446
366 340
104 467
180 194
208 214
344 249
151 390
314 439
441 323
407 109
189 100
35 321
74 344
83 4
358 309
256 87
428 493
313 474
168 384
450 493
95 376
119 146
86 246
421 433
395 379
331 329
150 84
429 366
222 76
238 364
451 80
426 494
320 231
468 239
84 489
217 270
417 179
278 336
122 355
234 51
232 17
101 65
283 234
311 382
246 357
289 49
395 50
133 215
454 215
56 101
372 39
70 274
462 141
496 200
252 84
453 82
499 484
219 407
141 282
491 382
283 240
290 280
496 30
97 275
229 450
341 154
280 453
94 264
464 94
31 90
24 68
405 484
391 23
157 476
358 33
273 148
428 493
23 415
190 276
79 472
126 419
372 420
36 258
353 318
260 353
421 384
220 284
307 178
154 112
497 316
464 364
357 270
185 245
21 232
205 227
499 100
373 331
442 371
42 409
262 147
31 302
87 36
214 103
215 246
63 369
233 212
334 27
124 443
175 371
451 146
246 380
64 450
173 119
381 6
153 215
18 495
31 36
139 457
203 98
319 207
271 266
146 404
347 458
329 122
268 23
255 280
82 367
338 319
177 256
471 219
67 182
218 489
446 450
48 210
269 2
120 219
124 40
498 118
241 471
494 180
312 361
228 250
421 395
151 67
138 99
281 122
464 57
8 352
62 262
264 408
128 183
223 385
355 252
223 74
254 96
458 70
172 66
461 38
105 93
44 112
87 96
153 326
30 51
313 13
422 444
127 430
167 50
302 350
276 22
471 25
95 30
449 429
467 267
213 262
375 425
373 257
435 314
217 378
392 465
409 382
312 314
364 36
239 479
354 166
43 15
398 325
106 491
110 347
109 73
350 323
433 336
150 75
454 368
186 219
102 346
12 95
484 414
246 376
394 75
90 100
425 437
280 488
187 31
456 391
66 297
485 159
234 499
220 136
355 40
386 406
353 309
224 250
126 337
412 470
422 372
310 355
195 347
230 442
333 383
32 38
49 252
251 17
5 284
176 471
229 213
22 415
165 83
272 98
420 292
16 37
392 342
41 178
121 439
174 123
162 454
206 58
76 211
347 310
133 433
498 24
439 215
298 373
471 104
248 422
459 392
86 265
443 203
143 128
251 416
223 169
228 265
477 281
91 156
89 176
52 77
292 440
313 491
448 442
364 284
28 48
165 324
27 115
243 461
377 22
192 346
112 100
382 272
428 441
117 325
402 369
309 170
13 194
136 122
407 313
214 1
177 435
50 379
192 56
79 145
492 70
22 123
395 456
397 404
82 323
44 366
388 484
31 354
476 254
67 19
372 383
171 281
13 49
106 73
71 205
127 37
12 415
371 150
406 407
82 268
486 488
473 126
480 375
129 356
375 457
192 48
182 100
149 215
141 195
252 107
496 212
127 380
30 8
267 498
118 436
425 349
328 456
183 250
106 160
469 164
213 333
433 162
229 395
442 435
394 370
434 194
74 243
251 61
411 456
393 19
220 381
190 170
420 48
209 373
38 378
63 178
192 103
498 349
136 274
144 292
338 382
125 431
492 413
221 377
248 256
489 114
136 468
369 179
53 408
286 430
108 91
194 202
403 153
427 44
188 39
421 423
354 26
291 399
276 199
307 13
479 376
344 296
476 116
24 213
143 381
324 163
217 104
109 370
414 120
11 388
311 454
480 284
183 18
69 124
137 459
187 376
24 468
84 32
97 352
233 461
124 93
49 409
279 341
313 158
46 193
147 324
108 209
227 480
456 292
103 148
376 93
413 291
175 253
105 350
311 124
217 191
100 287
480 266
424 380
425 293
469 322
32 425
257 429
73 111
260 213
158 29
320 488
241 71
421 347
471 199
390 84
371 189
307 490
222 203
348 84
406 148
425 317
247 438
402 182
395 320
349 162
2 53
476 21
220 244
443 398
334 192
233 185
27 206
409 392
476 250
250 258
427 383
173 175
209 26
199 75
89 104
9 48
422 92
188 485
383 494
186 131
168 218
276 271
164 195
445 37
147 492
375 47
74 75
101 49
124 283
387 300
201 66
158 396
382 475
469 346
329 117
187 8
131 497
192 315
353 147
140 490
389 0
427 15
416 464
247 381
33 393
459 487
383 86
413 469
315 117
87 383
243 496
493 274
90 374
374 37
379 295
295 14
381 269
233 75
308 298
43 480
467 341
428 354
323 203
172 341
76 490
486 259
386 171
46 331
368 476
271 420
286 100
369 418
345 167
317 102
434 153
495 360
214 254
309 275
468 389
379 481
93 397
68 217
48 479
455 466
238 269
369 78
348 24
44 238
192 194
199 361
74 126
232 46
321 288
30 41
375 142
39 409
479 468
447 459
426 27
148 254
184 164
41 17
107 32
78 85
446 299
278 278
324 20
161 10
404 498
492 191
452 279
247 31
342 431
311 194
300 268
285 459
329 484
368 326
411 436
236 447
77 209
82 366
228 253
103 243
286 132
263 95
478 90
374 362
408 321
441 185
496 208
192 226
52 325
262 413
360 315
25 350
68 289
394 107
202 296
281 498
445 340
430 396
259 276
449 304
341 167
228 390
117 190
15 272
185 21
337 129
479 397
186 214
173 47
196 433
283 227
67 477
373 228
356 349
154 132
152 305
196 347
37 380
152 313
186 405
34 338
235 375
89 14
413 274
207 114
341 109
438 490
70 260
110 312
296 427
232 116
315 300
180 428
93 353
110 185
375 280
155 144
10 462
236 97
63 424
33 295
137 257
17 472
136 208
135 479
95 284
85 219
0 411
116 117
154 93
225 226
370 29
492 233
182 381
157 80
376 245
2 42
366 13
73 372
351 2
287 60
280 299
62 224
341 280
225 178
256 348
377 303
36 478
211 221
302 70
315 368
411 30
395 170
394 277
132 469
381 97
396 271
495 161
293 458
488 188
36 371
174 96
75 266
487 62
132 286
155 141
23 299
469 66
195 271
92 215
313 327
98 473
487 209
20 445
134 280
151 360
457 22
288 177
91 32
318 128
121 223
375 325
243 145
268 196
412 439
118 360
333 225
286 217
14 320
453 306
167 0
23 456
134 476
8 163
143 225
301 178
4 265
262 176
372 247
38 30
390 284
361 157
226 75
396 148
454 92
93 349
305 473
449 116
131 291
369 309
488 275
392 170
198 344
443 154
184 70
207 482
491 74
149 68
216 69
161 397
98 23
496 106
74 256
47 298
459 206
333 268
290 447
291 225
379 488
59 235
69 63
489 118
186 412
333 490
240 403
278 494
101 338
94 126
424 175
233 494
114 384
183 66
291 405
393 327
414 22
85 304
422 483
247 426
269 461
364 80
426 9
199 494
120 379
407 146
492 397
133 140
59 106
11 316
495 202
225 257
61 409
244 162
89 336
297 491
71 210
71 13
7 350
229 270
416 479
376 136
129 408
367 9
178 188
390 230
487 173
435 115
278 401
89 179
23 219
281 238
251 446
296 352
122 110
89 26
14 391
151 466
327 143
331 18
249 357
383 222
189 88
341 318
497 319
38 282
20 20
319 171
23 271
233 115
493 146
37 323
141 8
151 188
59 320
178 335
57 160
100 61
379 98
418 294
76 228
101 308
480 97
220 420
387 3
1 454
129 381
389 390
431 122
442 392
227 490
2 472
385 136
235 102
396 116
345 5
165 325
422 298
70 497
353 494
300 457
190 354
97 281
403 431
324 28
370 198
170 403
40 372
326 56
24 127
132 223
48 369
19 149
147 322
168 89
47 0
206 469
250 89
21 303
331 154
204 345
248 53
425 226
134 140
267 252
327 159
28 251
401 227
49 400
489 400
400 69
38 388
478 106
410 289
295 499
196 93
147 351
77 296
289 424
28 212
371 56
160 355
82 251
151 413
313 483
53 141
381 213
171 443
84 359
210 433
27 379
82 258
55 26
450 160
372 196
104 479
186 95
346 264
177 121
104 350
343 342
407 9
453 224
84 79
12 37
269 146
405 391
417 351
11 312
8 220
51 235
330 112
229 237
358 29
379 406
101 315
324 222
298 8
87 277
315 382
381 452
343 84
287 286
98 261
481 299
386 458
70 32
121 69
450 299
58 480
147 181
255 11
19 471
249 53
288 459
411 416
352 169
455 254
15 139
290 405
215 348
232 29
98 285
437 206
38 48
81 347
358 185
156 336
389 229
188 257
173 177
198 99
354 25
17 5
410 221
422 307
336 125
263 6
212 286
186 52
251 250
435 267
103 109
338 92
201 345
374 27
478 375
252 73
78 184
406 121
281 341
318 180
186 469
256 81
485 399
1 294
62 236
197 437
381 17
362 388
267 82
309 237
162 245
430 414
35 240
433 188
368 316
286 252
185 406
157 394
188 171
259 159
448 250
268 457
345 181
115 482
71 112
209 425
191 233
326 139
179 226
43 259
11 47
306 181
75 197
220 463
474 263
366 479
288 422
455 486
468 133
97 71
348 40
125 307
298 39
265 451
63 478
377 160
341 74
123 183
499 268
32 195
175 473
248 250
236 315
301 203
126 56
448 398
57 474
365 74
377 356
334 131
143 440
367 63
247 337
105 342
38 246
71 489
239 65
380 319
23 327
384 181
432 149
476 332
258 489
197 341
324 136
428 383
447 320
157 147
490 194
292 114
456 380
445 363
183 47
375 177
211 58
59 111
295 143
484 387
81 54
42 182
65 405
77 470
470 364
58 234
201 460
340 202
418 157
204 137
166 453
11 431
42 377
372 422
310 338
244 209
243 391
148 286
108 308
173 226
312 78
390 83
138 13
22 230
219 56
9 79
10 386
115 372
146 405
243 340
49 308
51 487
125 292
452 52
278 233
164 477
413 442
308 54
137 51
459 330
409 208
94 320
44 272
177 62
402 190
351 420
259 303
95 402
454 236
321 399
377 84
379 485
392 290
341 187
369 29
89 300
120 279
403 184
98 16
206 80
0 0
155 57
312 111
199 250
149 118
55 20
358 378
168 434
473 250
131 361
13 342
473 220
256 485
1 376
456 354
206 208
117 308
419 361
463 281
400 118
491 465
343 455
241 349
451 364
225 214
56 82
154 239
224 30
406 263
117 226
286 215
23 176
389 255
37 295
265 205
170 437
244 256
457 365
229 485
199 408
342 455
46 107
137 497
260 122
348 396
111 229
257 486
242 486
281 147
352 131
420 47
155 374
239 164
1 113
373 321
128 200
159 216
65 174
296 297
45 177
258 497
335 156
142 16
15 429
60 276
175 219
445 480
496 330
443 36
357 497
49 169
385 485
11 209
358 450
479 160
9 403
411 237
105 344
274 405
181 120
191 186
167 356
39 136
173 15
13 334
3 382
368 62
123 388
190 231
391 481
236 169
259 400
97 147
405 364
337 223
409 86
295 28
17 428
444 334
20 42
424 457
371 24
412 144
376 347
328 455
476 119
20 417
64 235
452 469
192 321
408 289
169 101
30 55
241 38
80 474
283 261
285 5
1 154
353 50
357 377
497 182
451 333
421 369
338 15
337 373
14 30
131 97
4 35
74 13
487 97
358 6
11 122
277 496
398 365
242 130
164 255
88 91
460 115
483 361
234 150
180 172
121 100
136 164
177 477
74 210
68 17
139 284
132 432
297 268
251 30
285 39
483 267
235 226
87 443
94 70
242 174
274 126
290 215
192 410
472 320
189 266
402 41
473 328
449 35
65 122
161 200
467 203
281 496
292 54
124 368
394 386
364 366
433 169
431 7
179 125
243 256
149 368
196 146
33 474
96 145
197 450
153 109
106 17
71 434
155 398
136 196
414 49
70 0
359 348
325 2
258 38
406 69
67 259
233 455
452 452
402 329
438 150
167 56
342 44
294 90
286 349
251 430
283 53
253 321
175 142
33 78
499 285
44 439
246 418
370 277
106 199
349 273
329 397
293 368
310 23
373 88
18 449
2 124
445 153
296 255
185 473
258 329
120 185
455 303
432 367
66 326
99 39
288 267
487 280
303 81
169 297
246 28
152 188
341 100
207 450
423 489
170 393
430 33
188 143
10 385
211 121
160 428
47 162
442 448
381 386
183 98
126 51
91 282
382 131
81 432
274 90
483 356
241 444
439 413
150 430
51 449
229 362
24 63
363 128
14 319
417 244
295 198
332 43
26 386
171 214
156 107
315 297
93 139
404 409
339 33
334 407
269 390
453 64
44 145
464 168
412 59
109 381
277 208
446 441
7 303
263 469
266 164
155 430
339 360
393 412
319 178
420 227
143 88
85 225
393 188
99 50
283 306
366 208
1 412
216 164
134 360
24 331
261 400
260 180
444 101
131 5
233 263
203 404
129 228
416 288
190 23
181 367
427 474
386 399
63 428
289 454
285 49
302 165
345 399
0 414
420 141
404 483
387 5
233 107
248 17
392 2
369 438
264 425
324 297
77 3
457 239
289 366
384 95
494 91
357 229
371 346
329 277
282 127
235 69
438 368
370 335
273 182
107 91
388 390
393 431
22 466
184 202
297 311
254 68
150 143
489 464
241 373
352 171
92 376
244 87
274 30
212 466
57 400
290 171
454 298
116 35
237 476
140 300
221 387
30 246
210 223
96 20
43 304
180 448
388 135
165 276
94 14
414 229
252 151
301 204
239 206
182 417
70 477
216 174
421 291
14 246
118 131
435 462
262 161
296 467
95 2
17 313
394 189
341 283
488 146
204 142
412 79
408 387
61 482
273 124
223 334
466 139
453 341
355 253
73 67
422 3
317 168
358 291
74 63
62 51
45 414
494 266
5 457
439 402
379 67
401 64
55 102
443 219
325 360
428 298
302 398
418 350
141 471
386 276
327 67
482 448
215 225
182 476
230 220
139 474
390 109
211 393
464 446
306 7
157 289
39 86
288 311
134 458
234 429
349 21
321 414
491 331
159 388
461 25
499 241
203 100
345 242
40 414
273 310
451 346
285 431
94 491
449 73
355 229
250 35
301 204
387 423
312 292
318 398
139 273
225 317
411 194
109 71
381 451
150 234
17 184
175 435
8 112
341 124
12 363
419 443
366 313
106 306
56 178
303 424
93 48
242 29
100 5
456 203
438 333
17 458
393 455
67 45
169 402
117 260
203 181
347 389
195 422
452 453
377 104
152 256
285 322
327 246
450 237
422 136
94 240
195 439
484 340
94 115
227 6
39 211
100 431
205 386
339 148
104 157
265 68
391 256
354 402
139 70
58 304
44 61
353 153
345 92
59 189
195 439
2 286
69 87
473 103
103 274
284 165
85 207
315 401
304 328
399 21
326 443
357 457
462 222
166 210
399 307
246 225
12 447
34 101
204 433
208 359
376 159
218 344
245 462
142 385
406 401
345 41
351 84
159 54
264 165
325 325
403 15
462 423
24 267
200 348
60 80
239 260
104 436
250 309
194 202
103 393
286 453
37 300
354 489
155 48
374 470
486 332
255 277
44 300
1 280
212 96
357 61
497 304
113 461
163 100
493 160
465 119
419 131
121 2
51 274
96 128
460 277
406 82
235 67
199 302
398 236
297 412
216 255
69 146
246 181
193 84
203 91
223 158
13 123
249 196
324 416
193 345
280 136
203 451
253 15
103 255
167 151
259 252
398 235
268 328
264 497
88 462
120 468
443 163
359 485
401 44
389 183
171 446
397 21
388 375
130 2
6 491
95 149
236 265
445 494
343 4
318 209
177 283
447 439
276 472
16 306
342 178
124 258
279 13
240 374
376 168
11 222
223 382
499 107
453 459
316 444
154 296
79 134
425 183
8 378
185 202
380 24
282 379
392 356
82 414
82 485
207 459
193 93
200 431
242 193
137 153
301 58
193 143
179 233
111 118
172 187
63 296
27 404
261 198
112 420
405 343
154 194
139 464
247 348
41 192
197 490
48 30
174 499
232 93
64 353
392 343
492 236
141 455
153 19
291 254
449 265
311 48
13 104
304 451
143 112
102 197
227 340
191 3
448 401
106 423
119 12
249 498
306 111
482 242
496 311
77 274
322 445
401 240
191 187
300 57
254 186
379 254
257 482
235 70
346 58
70 342
192 465
428 171
413 350
162 410
36 261
59 239
331 211
398 312
370 23
61 50
157 124
458 292
363 414
324 194
388 61
378 395
418 80
283 306
68 184
445 445
36 457
168 356
169 367
242 418
321 39
15 304
448 478
244 474
20 311
224 69
316 408
340 102
260 234
418 123
68 181
138 216
424 456
324 158
428 445
336 418
222 249
227 352
178 171
334 472
393 198
106 411
365 209
295 298
422 126
159 66
134 342
299 297
307 58
4 475
393 235
485 340
44 468
491 64
388 222
272 177
88 281
490 378
177 454
432 138
204 451
293 91
240 338
396 444
419 47
134 252
93 165
133 471
36 489
212 476
153 424
58 484
215 242
48 400
38 244
195 332
423 242
80 340
285 15
414 329
81 56
221 48
20 26
368 206
182 408
184 432
416 336
430 242
495 483
79 330
162 33
128 274
467 437
452 208
389 252
160 366
414 323
201 234
292 286
194 69
1 475
163 231
473 270
253 445
127 468
354 333
459 289
78 482
42 426
30 30
248 432
107 191
277 14
301 308
378 69
396 347
78 379
149 59
356 404
224 255
440 483
272 430
412 399
178 350
232 307
91 208
251 480
495 198
6 380
450 148
347 236
116 346
258 278
182 117
372 114
98 258
189 312
64 370
73 101
260 242
302 157
138 351
49 54
434 485
485 408
144 236
83 332
110 260
378 341
455 144
403 102
415 53
276 92
45 331
73 201
358 306
157 375
281 348
185 59
467 68
304 170
355 111
224 387
80 465
462 454
56 388
293 365
309 323
154 421
122 354
12 227
455 333
33 170
81 236
304 71
93 48
11 109
348 448
266 235
189 281
21 228
93 98
421 314
236 402
108 428
7 210
395 121
143 462
51 429
0 224
124 355
316 445
394 135
223 17
150 160
240 264
362 171
485 333
87 136
416 73
284 47
20 423
386 179
460 163
239 437
144 312
258 215
203 313
330 152
164 426
42 332
3 404
89 405
393 340
414 28
427 309
232 50
81 448
463 470
259 42
354 55
270 404
217 112
116 325
251 399
231 132
388 294
51 234
426 329
209 296
457 340
242 137
437 189
12 324
366 400
455 271
175 72
37 78
403 244
143 153
138 7
153 226
312 378
208 204
352 239
431 417
406 309
350 174
498 343
96 362
486 364
288 51
481 161
258 325
331 237
244 401
128 469
347 397
453 292
31 407
325 157
466 463
137 83
427 316
31 135
351 23
426 17
30 139
317 260
497 288
42 148
469 93
342 22
314 316
76 147
304 346
309 401
336 122
438 298
285 263
138 321
190 136
127 417
177 221
361 444
444 26
119 403
425 413
82 313
460 92
438 158
411 116
238 99
249 247
363 28
350 34
22 1
270 40
113 1
298 447
325 475
378 242
156 296
109 156
248 238
396 421
37 38
489 307
54 275
304 238
124 269
123 6
46 146
147 393
193 160
487 445
188 18
315 217
373 196
434 276
198 473
363 182
341 235
363 204
442 247
17 167
173 418
64 140
33 71
83 64
361 226
97 70
288 49
97 264
40 13
339 383
65 90
178 202
407 406
6 41
60 201
472 23
163 85
156 36
452 196
275 240
162 314
215 372
136 302
316 313
196 28
471 155
209 114
372 149
42 468
22 378
401 102
187 494
382 416
113 195
287 335
149 240
112 450
252 364
29 100
480 420
427 78
44 451
452 137
457 416
147 494
448 479
325 400
317 135
183 208
395 282
22 470
420 44
260 486
86 25
445 142
220 418
370 373
362 264
32 174
169 319
151 31
432 117
105 476
36 101
383 288
258 431
327 405
243 31
56 440
82 181
99 353
78 154
270 321
496 440
112 302
186 165
134 263
91 118
219 239
379 480
263 454
211 138
169 443
383 454
135 77
282 317
323 86
408 361
301 93
247 404
421 265
380 433
403 55
147 324
304 474
428 26
164 419
362 491
445 185
114 245
414 432
19 397
258 237
182 427
183 411
29 430
215 104
11 409
233 119
93 158
185 389
309 374
365 201
387 171
269 163
95 353
250 183
273 466
393 360
124 455
385 428
384 153
414 101
72 396
54 148
389 165
391 91
293 198
222 257
420 32
385 491
26 367
334 488
200 299
107 79
8 176
329 492
445 392
140 96
244 17
35 47
138 485
184 426
35 431
315 258
101 307
175 201
41 127
279 9
88 93
270 386
230 448
193 99
195 28
397 333
380 291
129 432
211 371
302 165
423 98
406 470
23 24
151 81
442 64
157 282
168 382
331 427
379 251
279 376
209 426
70 176
461 442
313 199
364 24
122 467
289 139
163 28
109 312
376 166
449 403
286 386
313 469
72 117
345 44
323 351
380 406
348 393
444 193
217 13
333 308
447 191
220 122
435 462
128 181
85 163
49 429
251 371
340 215
111 323
27 185
91 434
327 259
452 292
157 123
431 21
212 342
317 230
192 284
466 252
267 173
454 403
126 169
384 205
381 318
355 347
282 408
167 298
90 461
85 471
492 100
442 368
99 204
341 259
363 143
168 159
62 131
300 475
32 40
358 36
383 413
173 213
11 17
479 340
163 454
406 64
284 155
212 348
460 235
379 53
212 323
306 399
374 126
166 458
346 407
172 376
89 230
247 346
38 452
258 78
494 202
209 164
365 279
14 421
326 325
0 245
145 390
368 159
117 371
130 34
262 464
46 303
1 351
156 145
224 39
93 414
431 218
349 303
76 296
121 364
109 255
145 473
132 106
478 366
400 250
66 460
115 163
366 464
109 116
8 374
141 185
256 453
256 72
220 105
469 185
440 341
166 431
37 437
303 299
401 367
180 56
71 467
283 295
264 289
164 244
430 124
77 157
229 186
143 186
371 449
142 465
396 163
452 308
107 433
153 108
16 8
327 333
480 87
228 110
207 244
368 392
49 137
175 298
484 130
431 318
283 207
222 73
234 31
317 174
134 193
54 470
155 150
89 233
196 135
380 318
210 403
40 100
398 112
94 67
237 382
441 26
451 373
404 163
338 37
231 221
43 324
475 137
370 198
334 64
382 66
321 66
18 445
409 361
280 417
151 3
29 18
391 93
256 333
370 147
369 446
271 453
90 264
463 98
162 461
379 149
67 397
342 201
414 85
2 251
106 195
65 6
451 136
321 456
455 207
6 191
145 176
441 129
227 87
48 404
405 389
286 280
481 472
57 480
83 247
442 412
418 190
178 7
315 369
428 499
42 123
299 286
415 39
127 240
496 142
32 27
307 401
373 170
151 140
388 431
195 86
276 330
190 465
186 454
453 357
480 114
253 496
387 132
372 168
311 14
42 369
270 195
365 349
490 144
427 368
455 378
60 474
439 83
38 102
312 125
91 343
191 144
276 344
13 79
93 149
370 176
371 135
337 140
136 88
309 179
409 415
389 116
199 469
424 328
305 89
433 236
380 397
93 124
203 157
158 106
134 149
136 28
20 357
446 473
4 157
424 107
75 413
383 314
494 274
364 159
395 300
197 149
273 127
284 290
249 329
478 294
322 235
93 466
440 343
352 391
498 444
210 276
90 73
199 93
104 85
237 63
212 499
126 434
76 338
19 263
57 177
413 497
315 232
427 6
249 255
52 279
55 247
172 114
207 498
435 371
287 311
162 172
458 351
41 140
403 386
416 60
57 313
45 181
39 373
480 472
103 288
35 384
498 10
8 59
430 57
220 295
319 217
421 234
375 129
368 462
23 130
443 284
317 432
157 340
312 356
144 490
226 267
278 31
90 77
134 138
434 20
90 207
441 105
87 11
325 168
299 455
91 348
133 242
83 408
264 290
280 247
15 260
291 7
84 293
283 381
401 70
129 217
175 343
206 423
91 262
69 32
232 390
485 12
420 365
156 68
167 36
296 288
147 34
327 439
320 83
6 111
180 221
417 135
58 207
321 123
155 2
392 390
402 388
253 229
149 174
62 261
50 317
351 210
149 197
133 31
494 321
43 139
274 26
234 312
435 185
187 55
298 91
479 79
309 52
79 84
346 310
127 141
204 248
445 331
362 205
27 78
69 356
382 422
234 344
29 468
24 169
112 216
147 174
226 91
28 308
119 305
299 374
474 246
429 3
60 271
350 291
499 87
9 419
115 234
202 95
265 144
212 78
252 377
321 212
20 479
284 201
427 139
238 83
438 401
172 167
311 499
438 374
146 310
44 300
395 261
258 99
177 12
242 322
34 430
261 415
116 55
46 45
481 43
296 136
156 271
122 468
343 467
129 413
213 489
102 26
125 460
325 212
35 154
436 419
334 69
476 197
95 302
197 23
11 428
199 493
313 167
486 174
87 8
349 468
494 152
464 452
164 471
125 289
60 51
121 414
111 246
400 97
472 58
486 97
442 336
3 38
212 108
116 342
310 151
155 466
270 156
479 119
261 286
338 104
370 321
420 311
260 482
40 320
270 233
421 27
417 212
320 424
118 481
132 289
255 280
436 139
110 25
311 415
372 371
45 149
312 242
76 465
137 73
158 117
496 407
472 79
355 265
246 144
433 474
254 230
369 188
65 43
310 479
203 377
378 34
277 100
417 191
116 205
174 54
462 274
353 170
435 434
430 208
182 33
263 364
404 289
332 484
464 470
199 494
29 19
119 429
472 306
363 36
90 88
362 38
208 404
190 67
276 496
29 121
337 310
99 145
129 241
63 283
278 445
464 114
44 307
465 435
471 368
457 328
366 414
318 171
239 427
275 361
482 15
325 156
301 319
412 277
60 283
80 476
90 190
497 397
332 486
355 314
495 304
218 312
335 361
140 388
249 74
441 267
424 83
402 119
248 77
212 167
143 308
351 293
190 85
72 348
15 22
178 427
91 10
223 396
137 278
353 216
483 386
470 146
117 407
337 224
391 365
174 49
342 386
472 377
225 384
407 44
323 92
102 85
334 266
44 178
394 323
209 249
248 377
137 31
256 365
231 474
375 499
386 257
134 218
454 358
254 211
304 213
151 429
195 258
436 485
160 239
341 182
60 221
253 89
454 49
23 361
360 185
294 398
468 98
308 428
140 423
488 62
343 296
54 139
476 38
130 343
377 136
358 471
412 289
338 111
324 366
404 361
112 36
135 198
479 432
207 295
210 119
267 196
335 53
92 321
16 312
300 74
397 246
35 158
121 309
175 374
87 445
482 431
482 199
484 469
264 461
432 191
239 474
380 199
372 75
239 472
46 389
135 39
198 443
104 170
396 171
117 131
63 484
35 451
420 45
358 19
63 36
363 290
489 302
229 243
215 361
102 320
360 113
408 89
112 410
81 364
495 8
492 50
1 58
455 380
251 273
310 313
103 314
469 173
268 444
306 50
371 335
448 408
498 83
345 208
72 462
470 278
329 419
478 315
195 182
456 285
451 446
113 118
143 54
351 434
484 411
246 157
417 207
142 46
254 415
377 487
266 178
97 200
15 447
129 427
65 62
360 437
55 16
422 473
259 198
109 273
430 244
303 207
253 348
115 446
433 359
389 345
397 51
350 487
266 412
326 480
269 331
347 186
12 325
375 122
395 271
367 337
44 326
26 23
469 150
9 493
190 254
158 399
238 87
351 8
340 4
188 29
216 110
287 387
9 80
203 14
351 405
83 423
446 248
398 461
306 415
21 407
158 497
436 179
40 396
253 288
317 380
342 293
180 385
465 481
496 42
447 21
444 199
299 382
195 390
157 197
457 1
498 178
210 467
364 435
75 250
482 469
262 244
130 177
10 442
336 447
320 358
58 283
17 264
154 209
407 212
214 163
342 216
183 64
351 404
6 399
368 426
23 340
17 130
425 5
304 380
238 261
397 125
389 296
6 266
479 396
59 265
333 45
109 253
157 368
268 313
239 163
4 136
119 114
119 373
253 44
157 424
401 492
140 406
173 290
38 498
115 152
49 98
351 448
317 158
323 361
376 85
73 415
29 380
106 192
88 149
425 211
55 98
4 326
468 48
46 177
181 7
457 162
462 230
241 160
21 131
68 64
479 398
130 142
186 9
10 88
300 127
225 287
465 355
403 81
111 433
440 302
316 292
23 249
410 278
410 116
180 431
329 478
472 12
373 312
400 159
138 235
22 200
408 215
296 487
272 163
465 407
52 65
314 133
412 427
43 224
8 174
152 75
439 189
1 477
488 312
399 402
454 126
341 273
260 214
230 489
249 385
450 47
181 301
228 264
341 93
119 123
50 349
38 271
100 490
154 392
294 88
214 54
327 100
167 407
397 440
325 397
444 498
151 127
243 125
70 379
354 84
285 189
313 404
246 324
216 413
354 401
307 362
314 68
328 134
426 481
230 77
75 251
230 27
152 226
457 474
58 75
264 163
67 196
20 429
195 166
419 88
302 49
469 226
212 116
450 297
374 139
242 32
59 449
27 473
447 64
139 484
147 357
53 255
185 67
233 425
365 232
281 4
230 167
136 250
48 442
433 438
470 274
224 176
1 30
94 103
88 300
157 85
340 87
154 63
340 377
109 239
243 206
373 390
493 325
120 361
299 393
167 53
81 270
152 243
347 434
234 98
183 287
374 244
159 23
401 381
120 499
205 10
253 216
393 431
292 98
491 13
419 444
214 158
254 352
287 218
316 453
240 373
469 351
374 466
347 128
480 127
490 320
36 37
468 95
193 429
295 113
57 184
194 214
418 123
193 300
253 57
431 9
212 493
460 252
233 86
66 159
479 213
250 56
3 15
297 71
36 196
232 444
158 445
420 426
227 428
486 113
474 332
178 269
21 186
124 490
149 254
319 190
98 129
496 422
345 101
149 145
89 233
178 381
308 99
28 98
211 387
219 14
135 185
371 249
239 8
263 495
38 389
370 434
356 136
90 218
364 53
286 239
121 453
53 464
414 281
168 433
299 125
162 239
341 434
442 33
381 80
321 57
492 419
407 43
262 200
106 497
89 126
431 392
209 210
343 484
269 123
101 11
102 68
2 263
149 295
376 297
354 30
301 49
93 198
251 60
58 355
333 357
101 499
209 264
101 310
286 52
415 370
439 387
150 369
17 441
90 151
181 393
294 445
495 334
395 387
94 246
455 305
304 427
192 57
219 365
269 293
163 5
244 36
257 454
396 395
46 274
167 486
283 80
266 314
53 279
377 13
318 148
427 185
94 474
191 471
264 313
171 460
496 280
86 415
162 254
28 334
321 61
493 48
214 456
87 111
125 267
267 317
2 295
270 195
166 448
261 313
274 283
415 284
52 122
228 1
336 214
127 109
9 9
317 120
232 223
490 405
74 209
4 258
305 76
24 126
440 471
106 137
274 66
188 21
23 326
392 269
378 211
220 372
492 387
462 389
294 76
137 452
62 368
296 142
268 367
339 172
162 60
126 297
319 288
466 167
288 194
405 358
230 166
405 477
366 75
3 367
171 13
233 141
135 86
453 382
406 255
316 144
442 68
208 294
313 113
307 174
33 101
267 64
393 115
42 24
243 111
124 46
39 267
353 210
92 174
429 306
303 498
419 97
392 245
358 127
302 205
307 17
433 187
154 426
303 326
437 197
95 46
313 414
476 134
160 18
325 68
418 89
187 480
77 189
317 431
136 435
304 471
10 443
222 237
415 164
213 25
423 204
470 308
294 89
107 446
366 454
396 284
264 137
326 83
14 341
128 495
318 2
298 284
373 328
345 20
397 288
345 58
219 320
261 315
262 365
320 369
5 128
265 68
3 122
463 444
439 369
371 444
80 258
438 169
41 454
94 283
194 438
111 439
255 265
130 372
93 17
497 302
370 451
73 115
411 373
242 388
332 350
460 114
135 265
219 251
386 29
467 313
253 80
197 430
155 8
377 180
482 100
51 226
193 205
78 124
13 104
307 173
139 197
462 267
18 126
155 181
347 405
337 475
405 100
460 387
67 412
13 337
415 401
106 64
189 109
213 37
210 202
251 372
140 201
327 214
395 10
267 483
458 94
194 457
196 215
128 154
343 263
164 141
57 111
220 123
160 246
300 285
158 222
275 52
118 150
12 102
437 365
460 132
89 395
463 154
161 137
400 91
84 356
467 416
391 141
388 39
177 403
125 40
444 187
337 400
355 62
428 201
333 292
40 388
394 274
411 3
94 55
264 163
432 178
319 83
123 323
227 59
452 152
339 204
457 396
459 28
229 312
104 387
127 415
189 496
499 21
429 453
468 93
123 193
128 400
224 295
206 251
403 303
7 158
55 94
122 464
276 14
253 352
267 233
229 380
253 308
113 229
174 182
227 82
482 150
297 356
107 58
361 3
162 363
457 369
185 69
435 80
284 462
47 188
420 51
211 128
209 173
208 325
259 236
386 435
291 93
152 35
38 251
466 365
86 52
121 423
355 272
86 56
96 491
42 133
113 368
394 106
283 323
59 102
37 42
487 297
332 181
432 139
357 222
275 398
173 443
215 248
157 381
372 301
286 253
474 267
225 400
223 368
322 8
402 134
283 211
392 389
381 467
189 176
74 238
181 316
65 100
333 397
198 222
327 205
324 485
237 301
21 49
409 312
446 343
55 311
201 81
400 447
124 82
172 441
258 50
2 353
250 175
249 335
393 301
138 76
230 69
471 375
187 251
447 380
192 485
66 2
301 245
179 466
259 277
180 351
204 17
192 34
222 307
108 293
370 115
36 246
121 452
55 7
388 160
145 2
356 432
177 63
381 10
139 356
207 140
10 319
354 263
70 54
348 76
43 178
276 70
22 431
439 249
409 77
432 327
259 406
469 140
150 288
496 202
343 142
461 55
318 353
407 167
95 241
419 107
177 490
422 48
297 199
129 361
40 59
465 413
53 151
439 287
341 56
198 435
342 184
389 11
179 160
401 149
256 126
117 173
73 434
485 39
400 370
281 466
379 292
443 99
238 285
193 234
21 79
116 391
254 363
23 5
6 285
412 277
302 263
49 29
420 375
97 34
353 320
112 379
478 232
369 407
141 68
147 62
305 162
25 263
121 60
197 400
29 127
390 109
490 331
206 291
326 410
82 304
35 31
263 194
453 365
433 485
47 94
108 80
196 353
265 485
238 317
444 462
424 267
451 335
126 414
325 157
313 304
335 259
306 348
65 451
436 259
206 498
79 335
40 314
300 127
444 157
120 390
157 388
75 396
310 108
118 54
358 487
247 283
484 46
349 53
164 49
48 137
472 370
37 479
106 365
22 189
79 50
438 142
390 236
197 14
68 201
40 167
450 278
176 139
44 434
484 25
14 61
431 384
363 487
204 468
157 469
371 226
221 236
325 161
27 111
164 374
41 447
226 57
196 343
130 254
132 93
154 114
498 146
485 85
406 213
182 189
416 415
4 405
66 137
100 181
55 94
41 265
322 448
291 119
226 18
463 421
387 358
4 117
55 237
450 342
31 313
228 484
389 299
288 232
413 308
254 389
154 320
268 295
267 476
346 412
185 493
351 162
279 425
162 207
49 186
499 465
301 433
232 228
312 43
351 373
262 226
46 105
252 416
244 167
431 19
364 442
104 116
393 67
275 236
422 408
373 176
109 274
2 174
217 194
419 314
392 420
377 181
449 291
310 130
1 45
487 241
209 366
433 444
180 103
11 60
237 454
228 236
262 198
244 82
249 480
252 163
196 141
284 130
112 145
190 94
187 113
331 30
474 397
352 117
29 154
460 215
451 266
317 189
271 213
45 413
429 372
14 150
280 125
271 150
97 392
357 313
343 284
33 41
10 317
323 237
452 39
158 136
325 255
469 327
240 448
321 366
16 169
295 187
337 148
392 418
231 286
71 250
143 427
96 456
194 153
44 272
408 146
402 202
29 233
33 223
89 122
291 354
393 458
106 438
208 83
369 499
101 292
219 292
249 244
249 167
439 443
441 145
348 347
80 343
418 229
351 114
320 360
318 495
285 214
149 424
275 346
138 18
311 376
472 209
376 60
355 73
219 316
163 296
492 67
148 96
62 262
122 352
347 382
448 440
217 484
330 97
468 492
369 468
29 279
191 193
267 406
222 398
46 486
405 237
333 38
153 53
405 247
482 275
68 104
441 430
380 285
129 271
92 200
479 498
44 473
379 22
420 311
297 453
43 466
357 54
107 376
124 10
285 365
321 106
388 205
490 262
386 120
320 120
470 330
303 151
173 14
177 35
488 445
412 326
380 383
260 121
131 488
205 236
194 268
474 26
141 434
55 316
288 379
61 227
379 111
477 364
251 404
350 155
481 92
475 262
383 362
202 87
323 366
486 259
137 369
304 460
129 278
9 211
438 417
380 70
287 317
222 358
13 390
482 72
186 346
208 458
45 421
139 262
21 221
442 125
438 159
289 246
457 67
336 151
73 396
65 217
75 360
251 139
63 440
286 85
43 101
22 347
109 441
14 13
139 483
494 456
55 77
144 135
286 12
260 332
49 360
72 178
169 124
64 175
261 233
334 203
50 304
97 209
222 11
494 463
272 213
290 340
476 327
191 286
119 114
326 452
482 20
145 399
74 151
236 61
264 335
492 71
132 166
178 441
405 206
420 24
365 177
356 62
349 193
159 47
351 320
340 486
385 333
337 337
251 311
147 73
496 15
182 491
432 128
187 212
236 189
218 107
169 453
498 74
122 370
42 158
496 473
159 383
72 233
44 496
421 323
339 43
34 418
398 373
437 467
8 85
192 25
479 227
301 214
84 329
339 275
249 479
362 335
68 260
108 434
258 465
8 29
447 449
174 43
362 346
431 111
136 370
97 476
190 467
149 251
26 126
105 488
176 127
387 319
106 96
61 347
377 364
165 70
113 176
22 191
154 327
197 306
282 290
110 147
398 324
450 111
99 276
404 408
227 127
224 143
491 333
49 137
207 220
396 66
257 172
499 271
77 411
54 49
196 359
35 16
127 446
222 485
245 78
206 478
122 473
158 282
271 465
37 208
274 479
3 433
204 384
147 355
404 133
344 201
217 452
398 379
365 344
275 472
451 462
435 481
115 425
390 94
154 386
217 427
212 280
16 221
428 269
402 164
365 184
136 247
126 435
131 386
358 343
306 406
387 161
86 93
187 354
93 328
107 193
474 310
383 320
89 490
154 311
347 343
90 372
307 483
221 217
412 438
345 432
93 218
312 84
291 180
360 351
45 384
194 468
140 371
213 430
241 81
424 220
92 441
424 15
84 251
189 498
430 496
215 386
323 23
55 379
230 114
498 268
236 127
498 192
122 228
309 64
284 216
157 233
100 376
479 433
431 36
33 168
407 213
89 100
479 230
344 144
412 61
189 342
386 0
228 39
103 361
429 389
475 239
115 438
223 75
464 94
115 7
220 497
449 374
104 309
454 428
341 300
494 218
71 382
274 380
93 151
41 229
469 22
312 16
443 436
383 36
43 259
256 350
224 263
73 205
485 180
480 379
449 179
61 474
206 372
24 187
417 300
174 65
433 386
174 487
375 228
488 57
407 418
33 96
154 131
311 458
337 139
170 143
117 139
11 232
271 176
328 35
452 188
426 2
341 237
318 101
10 216
486 158
254 418
401 20
478 260
400 65
208 168
307 422
6 178
354 170
58 278
318 182
36 362
452 245
198 230
298 270
280 208
478 285
305 34
295 380
297 135
303 47
469 5
35 462
485 476
106 389
423 43
257 424
169 312
42 209
479 219
280 340
125 259
146 258
490 282
270 293
192 287
293 425
240 13
341 180
70 225
120 447
224 345
157 377
87 245
465 199
392 418
30 245
355 369
152 28
321 346
133 274
199 365
230 278
459 439
16 72
371 381
78 136
366 95
341 236
287 453
223 158
403 31
401 253
281 258
456 405
179 454
171 442
220 378
170 402
326 31
264 186
175 197
145 343
431 41
346 486
496 218
250 69
175 399
9 151
56 456
263 318
260 87
465 286
188 332
364 487
26 14
64 128
323 201
94 209
47 254
325 440
9 43
294 427
78 184
493 155
473 486
425 108
394 233
418 242
230 435
449 282
262 256
309 365
426 438
192 403
343 473
368 17
444 204
241 14
170 374
212 234
194 495
81 137
380 88
23 499
133 462
70 325
42 395
333 379
282 469
294 378
247 477
181 163
29 192
418 274
360 199
47 483
120 54
495 128
127 352
166 370
195 112
7 236
467 90
59 193
423 101
78 353
368 170
362 112
386 398
449 133
116 247
153 496
476 88
293 148
19 455
67 459
196 66
156 427
120 163
265 67
421 43
65 195
307 141
39 428
413 46
145 341
189 29
469 298
447 166
121 262
222 318
384 189
468 270
433 393
460 88
483 50
246 233
375 48
328 405
303 266
107 93
122 448
247 297
315 444
206 194
364 436
477 280
50 248
493 445
385 336
386 454
39 220
121 484
242 414
181 301
395 45
346 140
437 369
313 93
139 252
41 20
152 3
103 370
316 203
39 97
403 53
274 277
114 442
209 247
48 356
253 242
382 443
165 99
44 172
276 478
350 183
38 317
188 3
206 142
91 356
409 97
374 346
140 35
282 340
196 349
91 331
126 302
253 326
498 291
122 298
333 274
92 324
327 372
366 132
488 385
334 309
155 249
285 61
401 295
497 419
102 450
252 440
266 81
224 5
155 264
39 346
171 489
213 483
467 350
88 431
240 307
56 422
335 395
42 193
113 237
187 39
480 67
148 439
296 246
363 373
71 304
293 254
89 242
445 358
289 56
215 385
307 29
276 271
317 143
232 170
210 282
349 419
210 42
140 498
223 358
162 3
257 294
389 455
165 198
106 334
219 454
335 321
93 378
373 463
134 262
44 105
376 196
238 393
243 86
445 378
234 466
113 107
415 343
42 2
188 432
239 148
470 407
137 426
390 415
29 363
320 376
72 73
318 197
135 310
40 414
232 432
392 274
118 345
347 159
91 12
160 35
294 182
109 482
249 284
147 499
227 278
203 319
368 299
461 22
436 356
288 1
128 168
366 32
191 98
110 213
101 135
317 122
457 395
31 426
277 206
337 178
350 356
155 40
414 218
74 116
470 350
371 215
247 98
196 237
302 291
426 158
132 403
151 95
374 89
148 182
213 3
360 337
377 63
133 15
484 292
494 60
275 454
52 217
306 22
313 100
110 109
364 91
187 242
184 367
50 61
64 332
169 115
30 424
292 398
42 163
223 276
82 389
106 498
373 486
86 265
226 38
130 48
290 90
458 169
230 474
158 360
475 146
423 327
78 5
20 215
343 120
9 244
94 425
411 468
233 319
358 349
397 459
401 340
9 39
366 211
71 91
89 24
204 398
255 12
79 282
402 276
372 274
199 264
232 318
138 462
311 317
128 348
40 60
100 29
93 401
492 466
490 16
267 433
446 46
328 22
150 377
152 83
199 374
193 203
166 283
100 183
383 329
390 80
461 423
176 342
160 54
71 168
453 150
49 338
212 251
129 377
312 363
89 133
336 11
294 282
317 2
184 246
326 200
475 74
268 288
194 151
171 428
430 265
455 125
376 479
209 168
383 357
490 21
385 472
107 327
181 31
130 424
477 365
291 308
96 304
308 59
339 143
408 479
456 270
249 216
236 185
42 458
332 471
443 385
212 69
100 402
179 245
463 82
391 8
312 254
166 339
482 120
452 5
127 243
459 260
445 377
187 47
18 340
225 371
440 313
216 289
386 393
475 395
403 349
456 218
58 67
40 474
331 40
135 492
104 459
336 446
493 402
242 375
247 11
177 319
460 187
432 393
140 198
48 260
478 395
314 356
330 36
429 354
198 13
472 64
11 303
205 308
36 356
220 299
470 283
322 397
290 430
128 107
367 282
29 28
236 345
234 343
198 418
432 163
79 248
51 404
65 442
299 108
407 101
236 19
268 377
159 58
165 58
192 140
20 32
230 221
416 257
175 464
479 466
215 459
364 58
353 118
227 429
382 4
23 486
364 118
28 291
201 375
15 46
430 245
318 388
145 160
476 234
53 172
132 455
366 268
386 348
277 219
223 465
452 11
481 98
241 168
43 9
55 294
391 411
299 338
350 209
295 296
320 327
282 348
116 452
300 0
219 355
172 429
292 294
244 124
144 273
283 485
131 40
451 190
380 22
83 102
250 231
58 379
227 70
375 192
193 196
51 27
309 264
59 75
200 101
375 303
141 196
236 10
52 124
147 39
493 433
164 230
461 243
166 222
266 189
385 41
420 459
224 288
363 229
331 283
438 415
112 58
420 431
56 200
240 472
405 55
137 233
329 421
495 99
140 495
388 262
221 25
165 160
390 297
432 380
296 73
483 371
154 260
460 403
375 62
117 52
286 133
54 107
206 467
314 50
164 346
223 202
214 237
35 388
268 104
29 467
190 416
28 12
267 345
259 341
393 143
128 377
336 31
498 182
84 42
240 312
366 100
338 315
55 81
37 225
192 175
92 419
283 235
432 472
313 51
46 191
68 207
238 174
208 404
298 237
401 145
245 390
205 268
201 435
160 260
436 238
157 353
440 380
352 441
344 372
63 166
225 390
64 484
240 463
52 124
269 39
281 306
74 367
302 339
99 127
365 463
168 387
119 375
168 108
480 324
490 12
254 43
27 67
30 318
442 268
159 435
241 64
431 292
131 167
294 233
196 83
470 11
238 216
324 442
266 258
122 156
52 108
175 376
194 431
51 57
344 489
405 210
355 85
104 336
69 486
69 250
114 118
186 392
334 352
463 11
19 100
60 85
462 71
3 235
144 8
349 406
469 489
426 254
90 324
310 31
133 12
130 232
124 247
100 316
179 458
410 63
0 51
474 322
57 462
471 329
236 53
42 320
427 205
29 321
204 17
29 191
423 337
85 11
180 47
357 37
452 211
262 119
441 452
267 89
418 350
404 238
410 154
359 298
119 337
207 240
432 175
13 88
100 355
255 450
487 132
195 112
232 291
243 310
399 173
376 10
100 317
472 280
430 363
52 183
424 402
77 259
348 208
63 90
40 300
284 318
283 379
170 479
289 367
40 266
276 188
6 268
48 229
92 330
13 331
233 144
256 289
497 310
401 104
256 61
231 293
173 40
19 366
233 195
461 309
497 126
394 90
319 355
185 295
126 263
259 51
340 359
169 15
471 338
251 422
68 227
119 334
201 93
288 139
300 434
412 102
192 149
357 307
102 363
126 42
93 228
87 237
253 286
476 256
31 224
304 79
413 99
192 275
414 466
253 480
82 66
68 165
324 126
489 425
467 426
154 467
205 413
51 93
202 310
386 27
458 233
332 190
466 371
190 376
208 232
151 295
460 291
269 219
144 285
63 259
78 463
376 70
163 135
445 279
306 365
450 332
22 116
488 134
10 340
425 30
325 219
362 76
295 137
274 483
94 291
254 190
260 173
308 483
262 423
141 254
438 421
37 443
78 312
153 377
407 440
11 430
6 84
74 225
209 153
444 200
390 303
328 198
181 150
426 137
243 296
217 419
362 33
345 254
132 440
233 350
280 391
328 244
470 286
291 402
454 179
334 235
286 345
347 163
300 319
115 125
44 395
428 332
439 259
51 273
124 423
314 284
29 256
395 494
248 499
30 186
274 203
400 364
27 60
379 247
225 179
426 495
179 269
380 206
480 118
41 432
216 456
212 208
202 245
96 459
146 451
6 478
343 420
480 406
5 222
254 211
58 230
352 180
387 238
356 232
164 219
27 250
458 381
478 91
51 160
463 427
405 197
469 469
227 100
323 449
12 233
315 77
109 71
309 19
252 496
67 17
267 268
1 94
186 225
238 480
259 237
286 53
23 164
265 255
56 102
187 440
369 68
491 3
374 478
327 300
170 126
247 394
489 437
163 248
80 27
116 401
306 339
356 402
9 329
284 473
413 417
337 471
326 282
112 329
481 201
179 439
334 151
89 278
379 175
54 104
357 459
151 170
424 163
345 359
332 285
202 129
452 245
379 39
220 131
184 343
283 202
205 363
494 469
496 146
250 373
332 50
220 107
123 335
194 496
281 468
449 378
475 483
374 253
384 354
198 95
149 68
284 333
302 206
353 278
151 298
200 103
63 335
23 420
268 186
6 217
96 49
384 455
208 71
278 110
205 445
13 328
161 206
413 149
427 315
465 266
221 430
266 165
437 284
322 141
358 205
106 328
135 306
230 490
100 196
141 360
40 158
216 154
304 53
368 129
247 83
14 185
202 469
105 132
273 139
196 428
108 483
142 302
144 244
440 224
436 96
254 433
439 476
29 323
304 95
179 249
434 52
373 45
29 136
127 330
258 302
137 175
329 219
315 131
355 473
69 107
40 143
119 176
499 479
75 0
249 303
207 106
151 35
171 432
263 180
334 150
325 373
92 323
455 154
479 407
14 162
306 401
77 406
386 277
278 428
83 461
67 27
415 143
75 70
250 86
89 338
64 436
259 266
421 156
416 214
229 252
153 282
189 387
164 82
362 427
240 294
322 446
441 159
229 89
27 16
207 331
267 116
383 271
279 378
445 156
408 47
330 174
61 414
496 371
150 77
372 211
9 390
49 46
135 450
466 130
461 162
279 25
296 80
310 14
170 428
475 255
281 430
344 157
380 194
272 193
404 30
272 144
42 413
363 321
303 177
191 181
207 264
196 470
336 355
283 359
114 358
289 111
268 248
442 485
30 1
31 214
210 286
199 304
477 252
281 414
448 281
397 473
295 7
362 446
305 132
342 498
461 271
19 131
469 229
82 462
28 351
138 114
270 91
195 189
104 99
380 477
302 404
411 130
428 97
81 125
475 233
4 424
407 436
18 24
338 228
80 100
66 366
457 218
407 188
288 153
482 363
119 20
2 284
233 30
8 430
163 315
91 483
272 20
44 350
79 290
242 234
100 159
229 161
349 58
63 488
204 489
10 45
181 323
354 12
443 414
81 362
197 458
478 24
375 321
111 374
108 306
465 206
367 61
471 46
34 68
58 34
431 238
62 420
284 464
230 268
482 79
38 164
188 31
353 368
95 415
221 316
22 55
116 186
84 241
162 87
473 119
209 72
492 404
220 123
391 276
356 451
115 373
405 246
114 303
71 258
74 61
117 292
331 449
42 233
321 415
386 204
276 146
403 96
219 120
397 123
74 463
188 105
351 41
197 445
55 317
379 268
60 482
431 496
81 391
159 325
30 254
401 45
493 158
279 304
427 65
28 28
133 354
395 216
162 336
5 92
212 69
51 236
232 273
16 482
308 166
420 175
73 190
348 173
477 66
131 479
7 257
463 11
80 492
328 358
303 94
163 186
422 15
140 215
197 7
173 157
184 357
399 445
119 257
324 248
79 96
205 307
319 87
431 168
379 399
493 112
298 182
49 8
223 220
227 190
199 421
130 400
198 383
141 30
130 317
265 317
476 209
148 471
491 295
46 80
192 370
52 391
400 342
62 102
144 123
396 142
394 343
226 379
261 92
409 219
36 391
452 175
498 13
160 453
33 489
360 59
302 77
419 264
218 54
178 333
475 362
57 426
157 370
462 284
355 418
161 224
251 244
109 114
67 249
90 121
180 452
381 450
67 483
37 152
485 285
0 67
346 461
183 57
193 3
274 497
221 49
293 435
401 472
73 402
23 468
272 164
466 56
391 153
305 33
319 280
348 291
104 319
228 46
401 139
136 422
323 175
463 210
182 116
370 364
333 256
272 245
153 457
111 238
272 44
325 416
59 443
114 25
71 15
154 342
116 324
0 143
353 439
407 463
179 387
495 277
375 12
322 267
358 28
425 433
201 482
425 250
127 113
128 391
85 50
374 135
130 202
141 226
189 335
222 401
30 369
233 70
189 405
286 407
340 47
29 211
313 394
7 454
197 440
490 487
474 283
485 364
91 104
439 478
379 132
353 14
84 410
167 439
346 273
173 453
164 39
433 202
9 477
269 292
279 206
489 259
476 254
210 326
305 67
51 2
16 36
298 257
196 452
77 466
271 394
433 250
305 288
117 218
10 314
20 387
146 290
396 362
188 122
41 106
108 345
382 445
202 476
280 32
498 250
144 210
312 122
410 430
148 117
431 27
414 159
301 304
18 413
387 197
155 206
52 281
226 264
92 286
318 280
30 225
435 169
291 26
456 247
365 53
80 105
116 148
304 495
260 417
114 322
381 147
280 269
385 433
71 6
138 330
55 241
410 168
195 342
89 53
106 3
108 306
307 39
386 224
141 111
286 146
145 107
229 167
452 426
284 466
296 23
264 423
443 203
45 27
432 490
494 135
293 391
430 102
179 100
212 316
462 172
132 498
165 107
385 361
327 117
492 170
93 476
179 108
487 36
27 225
212 420
311 373
327 5
458 241
409 6
31 22
20 371
330 163
24 37
6 216
386 203
179 350
458 331
367 211
288 446
218 246
119 352
209 381
122 447
305 167
189 31
254 336
499 61
98 84
152 375
79 456
306 38
369 110
173 117
415 89
187 461
313 133
14 307
106 375
42 488
371 411
100 232
293 125
61 451
327 244
52 214
104 258
220 211
328 326
267 394
207 243
376 454
113 373
248 242
230 219
483 290
374 101
226 435
386 20
116 139
205 65
175 168
379 310
488 396
142 59
302 255
209 201
74 30
272 323
394 322
465 2
455 229
164 191
211 33
173 403
468 327
348 378
40 144
392 79
139 380
135 34
235 293
324 197
372 162
336 448
303 118
348 301
345 258
144 364
267 56
236 317
47 88
84 84
15 440
320 476
362 154
300 456
153 449
111 476
424 377
495 300
453 79
190 343
60 298
207 334
3 327
267 443
379 50
490 351
179 394
401 163
119 393
343 201
177 124
353 306
106 453
33 348
44 412
210 223
409 104
283 417
212 412
462 51
254 443
190 305
468 434
179 91
144 439
415 22
181 173
126 268
116 139
51 11
234 160
116 114
383 495
407 400
303 96
39 222
27 57
343 229
172 347
138 23
397 168
341 53
173 78
70 468
479 289
302 473
87 66
413 418
170 471
67 321
43 473
31 458
40 422
269 226
249 64
233 259
312 499
77 74
394 485
126 499
473 226
144 280
51 60
31 57
230 221
195 450
261 273
47 78
156 301
217 168
427 406
257 450
377 239
76 334
186 271
349 55
335 159
71 493
403 386
460 103
405 133
407 155
85 18
319 454
123 241
499 389
339 50
142 256
443 216
340 70
477 129
140 189
183 313
51 211
166 86
219 11
18 424
442 478
433 455
197 114
3 408
310 48
157 342
411 304
227 100
81 251
440 204
369 221
284 123
61 421
284 451
375 281
259 303
258 317
283 44
304 307
208 286
129 467
271 365
317 392
143 350
55 398
471 83
59 424
197 255
58 120
401 482
137 285
455 13
409 247
55 238
25 214
33 115
480 6
398 304
7 149
47 41
476 62
338 370
477 35
156 36
18 388
173 409
274 155
402 128
219 184
250 309
424 244
102 283
439 256
257 352
245 446
360 304
26 221
109 199
235 356
244 265
26 105
112 417
398 301
337 14
176 117
213 439
74 452
61 167
19 365
164 318
123 264
337 24
223 1
357 446
63 310
267 453
223 90
243 379
394 121
90 80
371 422
374 155
322 445
310 435
254 193
309 474
351 229
230 146
445 426
237 440
245 8
98 4
236 468
441 341
273 130
52 31
38 144
441 278
214 360
405 252
78 468
49 214
361 429
356 279
71 306
166 445
301 317
137 265
458 37
19 79
110 84
80 423
202 1
361 22
126 416
236 119
333 204
486 285
416 46
352 342
139 340
9 371
136 440
478 146
225 446
382 497
421 188
189 463
485 475
243 402
21 111
167 479
116 355
401 153
347 384
224 106
477 486
427 233
380 465
263 257
254 105
293 146
109 27
354 334
237 446
57 97
428 258
113 76
230 44
429 367
473 77
64 153
239 302
267 343
100 119
76 30
176 354
234 222
56 137
83 440
38 293
404 492
69 466
363 17
236 151
228 144
149 209
11 144
487 388
7 130
161 87
294 436
158 189
179 380
320 214
360 114
459 358
177 264
133 28
31 40
184 370
431 111
256 333
74 295
425 95
183 433
369 438
480 329
209 27
94 159
125 29
240 454
70 84
464 269
161 203
425 495
107 345
30 357
4 215
310 456
390 281
72 345
174 259
139 404
415 383
265 85
391 40
125 357
126 461
164 89
437 287
484 442
151 396
111 366
323 155
288 273
119 213
324 360
264 293
29 463
400 179
72 294
151 291
252 197
138 129
416 269
211 427
323 400
118 362
369 286
60 441
6 9
370 179
324 331
146 486
18 353
499 47
338 90
139 150
279 443
212 129
57 47
299 275
489 380
19 418
211 358
367 79
110 218
401 89
428 434
288 399
446 298
240 287
290 137
432 379
360 421
321 144
271 417
150 120
390 260
470 169
100 102
320 189
279 210
496 73
472 59
357 136
276 419
408 97
328 66
339 340
336 188
458 160
133 107
367 460
481 23
125 189
378 81
143 297
370 9
68 139
276 343
114 277
226 52
470 374
214 406
447 161
174 402
361 405
217 307
330 80
269 198
131 308
105 147
9 274
265 328
171 77
207 41
445 137
11 285
192 267
281 77
479 139
396 455
114 192
272 113
163 444
104 41
188 294
420 62
390 197
127 185
79 413
402 186
471 376
496 413
342 163
154 277
84 173
365 50
15 198
494 137
178 30
324 99
13 218
268 96
282 255
168 247
433 213
89 422
335 256
272 85
214 29
202 426
329 298
348 67
204 196
227 343
294 234
304 51
0 307
62 72
171 282
347 82
4 456
213 436
374 191
220 337
263 440
239 274
341 444
141 439
282 397
483 368
271 428
235 287
212 271
405 149
83 383
340 252
189 87
130 405
242 415
355 202
476 357
302 446
386 317
66 443
311 20
449 49
337 434
206 36
38 401
284 111
216 121
61 476
381 257
172 43
246 475
333 379
326 222
392 487
430 64
84 458
360 93
27 385
422 49
450 233
197 460
433 234
63 413
22 346
390 444
272 194
73 136
210 457
444 251
315 102
413 374
467 400
285 273
322 346
432 59
371 272
358 129
394 157
3 421
218 416
462 393
381 490
447 387
139 92
194 243
117 454
206 459
232 436
282 492
403 54
178 214
195 275
432 37
310 441
209 435
181 28
370 171
59 414
6 169
412 198
4 53
12 381
317 211
203 97
151 452
18 458
233 182
219 214
155 17
305 29
410 217
388 486
252 132
302 299
497 259
164 66
448 2
65 28
125 265
69 120
78 129
311 88
154 312
181 30
411 309
378 486
324 173
306 267
66 77
336 460
26 416
270 352
380 474
92 335
455 358
487 161
101 33
197 298
180 255
417 379
365 443
117 295
62 190
267 275
235 481
249 455
159 261
88 19
354 391
249 180
193 161
46 236
386 295
50 244
475 66
10 319
115 192
234 479
254 29
10 353
308 341
102 259
130 319
211 42
74 336
497 460
49 268
415 44
140 435
354 317
137 115
159 364
195 104
133 394
247 449
142 496
107 408
227 96
139 238
74 438
251 213
333 424
320 152
87 100
418 312
279 293
157 407
11 438
332 204
5 496
492 80
488 147
244 100
338 215
6 235
448 264
40 109
261 134
234 360
172 200
494 4
263 303
242 3
208 126
123 74
154 213
213 115
67 494
62 457
192 405
22 68
29 492
126 62
275 290
342 213
69 299
103 336
192 333
459 345
271 400
465 434
50 278
272 178
487 117
375 334
254 179
24 249
311 283
73 2
215 438
238 268
104 285
470 193
38 148
48 281
216 309
439 366
44 266
235 212
398 384
63 462
211 153
436 439
442 375
313 362
130 157
294 403
96 86
235 116
398 486
148 135
1 114
232 87
299 398
282 319
282 198
203 197
137 493
220 491
353 79
88 34
437 335
422 235
351 386
372 9
144 101
215 20
108 498
396 299
119 259
309 30
79 253
246 364
356 216
147 319
353 209
397 236
323 142
380 171
180 174
276 253
125 324
174 343
495 233
345 422
452 114
367 6
371 32
100 465
284 227
288 248
336 489
484 185
356 159
185 364
469 36
213 313
157 95
180 387
310 152
118 25
384 114
498 337
154 255
482 99
199 291
132 270
308 35
46 116
333 16
53 231
45 302
397 118
357 54
58 430
307 19
134 28
365 191
446 132
83 371
162 428
51 282
169 295
263 211
227 215
447 96
251 132
250 344
398 0
430 108
127 456
484 238
429 113
246 201
72 376
156 181
464 87
234 59
270 133
201 497
446 498
482 148
344 197
197 233
193 242
50 128
218 172
286 386
439 147
375 384
65 11
450 32
91 381
367 184
182 214
64 68
216 128
177 46
131 412
154 374
354 324
497 56
442 72
220 135
371 381
244 95
479 436
170 47
231 423
489 37
105 413
393 53
451 173
85 422
297 83
407 91
147 3
76 256
243 441
174 148
95 114
403 270
317 427
350 73
462 49
314 339
244 67
92 60
482 195
278 177
268 131
135 38
294 267
208 63
63 390
4 382
152 158
85 259
184 322
371 287
478 146
213 185
245 222
418 157
334 80
211 48
86 454
221 198
261 233
123 281
15 176
335 479
91 20
342 272
412 275
422 213
250 390
465 487
145 348
428 383
283 331
138 491
190 370
455 211
493 303
480 78
409 360
380 167
291 0
276 74
139 203
446 50
37 390
90 411
146 34
366 18
361 429
299 4
215 51
207 254
184 60
421 187
354 446
298 153
228 145
201 74
476 367
109 147
58 14
48 199
69 204
485 266
122 431
334 137
243 190
250 41
228 428
226 23
177 434
432 24
451 405
124 133
280 427
441 234
285 190
246 342
460 355
286 231
368 83
273 120
162 112
392 375
399 242
177 470
494 76
333 109
94 445
373 457
43 226
268 166
360 329
184 14
97 173
256 322
294 318
282 381
256 308
51 26
496 7
83 80
41 342
140 268
78 135
213 365
383 121
302 481
347 244
417 338
160 296
114 25
258 455
263 248
126 366
374 166
246 474
317 309
78 139
274 309
174 8
129 339
320 57
153 284
122 19
316 422
447 283
90 282
383 57
424 353
20 9
484 298
459 118
258 153
462 389
397 384
224 488
397 379
163 396
416 51
473 285
68 84
366 273
330 158
364 249
259 254
404 236
354 95
100 364
253 464
349 414
402 151
30 425
173 299
350 45
330 89
173 176
449 251
261 392
141 279
386 125
213 252
347 290
6 68
384 299
213 112
115 233
10 115
267 497
42 184
125 469
145 372
123 151
43 446
78 237
362 184
437 464
106 76
496 136
288 113
77 380
466 1
469 192
189 328
12 236
205 231
455 138
289 203
149 431
168 332
368 227
43 382
310 157
146 150
115 158
391 434
435 192
236 357
185 256
492 425
8 50
40 50
253 463
394 181
365 254
334 414
297 233
243 377
27 459
118 389
175 494
186 9
218 462
219 274
199 255
157 63
113 207
23 197
378 218
473 417
184 95
181 307
36 333
292 424
165 64
410 410
271 340
154 449
223 341
97 373