8900
88 24
124 458
236 352
247 81
256 496
78 432
403 108
399 195
248 445
346 479
405 200
267 212
279 8
357 372
337 168
192 143
101 425
130 168
249 189
38 229
162 5
113 116
311 417
362 365
196 411
112 61
273 101
461 231
103 404
72 318
313 441
218 265
433 266
456 200
430 35
40 494
462 444
361 6
223 125
36 76
489 419
372 0
232 262
166 185
355 187
480 90
355 168
434 199
399 141
176 242
236 181
477 68
426 50
175 191
119 1
272 212
212 108
222 144
181 296
484 388
330 36
204 464
15 38
179 491
233 267
300 207
127 322
372 278
321 406
407 48
112 440
48 180
176 176
473 270
10 358
394 457
273 340
230 451
442 289
56 261
320 175
497 356
486 448
354 222
270 307
247 113
293 234
410 147
269 322
32 383
192 131
324 278
229 466
107 54
316 171
199 163
371 136
436 196
418 358
17 142
256 40
126 117
264 401
223 37
272 386
17 107
386 317
135 341
248 115
139 242
257 64
52 338
386 128
338 489
131 157
49 356
473 239
141 176
65 89
475 216
324 337
6 493
186 210
177 141
235 434
350 316
6 492
473 403
244 393
402 311
19 227
467 451
479 492
434 108
176 44
234 409
254 352
62 240
234 293
227 92
260 469
462 78
333 267
12 435
98 77
304 414
217 118
462 123
83 197
93 396
158 260
112 327
420 412
205 27
119 154
123 285
215 231
498 85
372 48
477 10
276 471
441 133
257 494
43 403
152 340
452 136
464 310
222 65
444 384
38 280
65 415
146 161
99 132
180 145
7 471
294 9
494 136
130 235
139 251
444 25
161 291
453 396
313 477
213 175
307 257
24 251
265 372
4 171
168 216
39 36
397 27
163 334
69 392
495 293
318 60
203 439
188 332
309 156
184 1
111 23
126 491
216 135
306 243
459 72
461 326
354 499
185 358
250 17
163 106
167 98
37 481
165 222
231 77
79 475
350 415
258 190
325 476
72 474
399 484
310 383
234 360
218 164
182 419
26 321
419 345
178 45
119 308
238 344
171 350
117 317
359 21
349 376
202 184
20 273
157 453
313 331
495 243
163 384
205 29
226 41
438 476
136 405
101 57
408 374
43 124
145 25
253 402
439 346
120 308
261 459
290 129
372 427
311 138
19 387
428 368
196 246
3 218
276 332
59 456
80 184
61 454
357 77
423 167
327 296
107 395
376 440
367 398
388 101
488 178
398 407
153 269
487 94
279 156
112 263
299 338
292 44
121 213
380 1
149 397
144 207
499 257
155 21
122 367
397 43
302 462
231 296
242 456
464 71
186 21
211 77
121 486
199 356
357 95
492 431
490 7
116 136
157 489
356 123
18 131
94 106
254 320
276 177
100 496
18 241
170 287
125 229
85 143
238 176
459 295
154 230
219 449
290 270
393 228
360 499
105 411
231 306
335 359
355 360
101 436
75 225
307 123
266 52
80 244
39 357
87 39
340 45
315 158
387 130
129 60
323 247
405 234
445 407
267 240
28 153
378 220
343 455
7 185
282 461
318 87
126 321
367 258
416 466
449 34
95 303
402 78
165 270
177 307
400 110
115 444
16 428
384 494
31 359
173 243
183 313
487 491
249 161
480 206
240 166
321 429
7 187
458 224
31 172
135 135
432 431
212 250
96 448
160 448
43 480
145 333
176 226
388 484
190 426
444 368
149 431
470 117
341 156
181 428
416 225
8 168
270 200
0 72
20 367
199 160
345 64
142 196
181 22
300 30
250 371
154 96
213 399
408 477
257 55
132 441
109 173
225 140
213 379
98 226
386 85
1 149
346 84
458 144
26 27
250 258
354 129
28 257
234 419
326 436
377 491
17 458
451 338
70 242
468 164
101 168
318 207
291 103
99 16
395 101
359 477
106 145
402 65
484 135
423 488
480 311
269 153
343 349
91 220
236 413
82 412
119 190
145 252
120 262
363 244
73 15
160 74
139 180
167 415
255 123
286 442
447 87
436 408
128 291
204 28
440 217
407 138
242 411
173 404
148 362
377 388
462 73
253 390
157 101
76 420
215 412
0 363
271 162
453 436
316 251
320 10
0 256
19 79
483 95
309 192
432 483
57 187
429 394
347 310
83 86
350 276
491 298
312 350
139 114
365 266
128 455
64 38
117 480
75 83
128 453
436 385
424 60
455 345
156 353
291 154
430 91
241 141
344 421
35 53
171 335
290 253
291 299
132 206
290 260
213 207
92 270
330 150
347 368
73 137
292 355
446 364
358 74
496 39
93 202
37 383
136 264
416 179
386 427
40 48
107 28
150 253
255 52
420 480
470 103
458 494
210 114
188 257
296 68
122 36
420 241
6 159
191 56
336 274
174 429
309 376
481 281
333 459
291 89
192 106
100 261
375 2
111 310
231 416
452 408
149 353
365 372
429 7
133 56
337 117
345 307
89 146
105 326
415 274
380 248
10 459
314 332
495 237
5 425
185 226
79 458
182 335
194 296
352 463
80 328
135 41
187 425
104 76
203 144
245 19
331 83
268 107
344 145
422 263
341 202
12 108
295 272
69 194
10 341
169 273
315 90
368 157
85 354
351 472
343 288
224 96
203 26
23 344
459 399
101 446
406 300
72 113
160 53
394 493
267 170
112 416
425 434
288 480
304 362
151 139
235 0
26 227
71 438
338 50
348 30
182 291
257 106
11 254
100 417
87 405
173 367
301 51
32 450
313 89
81 188
188 316
43 168
107 67
469 466
496 297
88 169
275 30
284 197
114 286
43 236
103 53
105 69
19 256
198 489
177 184
0 279
447 218
285 395
361 406
203 254
275 209
239 144
341 50
188 376
112 308
213 83
4 68
324 318
159 376
60 22
301 337
407 413
308 101
7 192
298 170
231 63
59 73
475 471
199 252
60 15
98 311
379 274
444 103
331 204
78 104
293 391
304 380
333 200
244 465
487 340
403 394
319 218
41 314
67 294
161 240
52 479
253 259
214 283
339 50
6 45
289 418
298 299
351 445
410 131
323 447
341 397
468 79
393 12
306 9
250 460
440 319
78 154
437 45
447 145
42 277
47 453
104 331
277 197
180 455
402 39
437 3
82 95
107 405
266 328
140 265
84 16
22 432
478 15
12 460
89 277
231 54
238 136
185 335
143 367
406 365
368 397
345 195
452 303
131 304
70 219
87 271
204 6
373 110
422 34
311 237
292 363
351 394
82 382
249 36
401 225
474 7
55 269
424 319
124 7
78 55
179 46
404 166
128 383
269 130
367 50
413 432
327 11
393 264
152 261
486 494
354 53
174 312
484 409
416 99
154 460
358 495
13 333
68 114
244 141
43 189
122 112
475 308
424 301
62 369
215 76
129 400
212 69
478 303
254 48
8 247
94 409
94 366
481 107
100 15
204 77
41 495
303 178
479 17
238 227
155 41
293 453
375 136
439 6
406 205
452 194
455 415
133 46
5 401
268 466
44 457
304 325
3 85
454 107
186 335
228 192
498 341
477 22
380 225
430 269
315 286
53 383
281 122
375 187
153 139
448 144
469 49
135 253
212 324
159 89
134 251
444 240
262 132
357 422
43 494
280 139
374 210
184 186
373 8
499 59
203 378
428 447
52 24
349 415
356 117
368 360
100 490
474 312
86 214
208 183
323 481
43 341
27 49
57 227
139 400
130 56
356 194
219 58
325 260
377 420
280 182
24 97
262 233
447 499
34 348
182 156
497 209
259 225
305 376
128 316
225 444
138 258
169 433
193 209
129 494
176 423
20 262
495 201
52 134
483 442
450 438
148 17
242 299
175 407
75 399
343 303
62 152
85 334
43 231
225 131
54 25
287 254
307 426
61 282
76 211
149 396
413 27
326 297
56 7
407 354
157 484
136 102
436 71
302 222
353 332
357 380
486 259
185 144
278 293
4 98
494 354
233 153
303 259
119 60
414 359
343 378
480 423
495 332
54 269
453 149
381 259
370 310
306 367
12 55
154 436
142 368
374 0
260 376
288 29
388 231
109 54
477 84
416 89
210 324
474 322
433 163
325 207
427 303
210 483
419 291
160 216
217 62
438 386
415 329
60 78
132 155
91 169
110 461
286 7
181 173
188 112
319 114
417 14
497 246
38 480
196 269
183 50
288 413
94 473
51 203
210 6
27 183
144 302
161 490
163 282
394 343
457 351
217 214
312 227
207 67
336 350
252 403
169 19
492 40
243 115
122 395
78 306
108 149
139 74
357 269
464 154
6 251
317 422
1 223
290 130
332 208
463 478
349 85
125 484
100 193
88 221
27 222
223 166
93 487
256 215
369 450
53 221
495 375
451 371
1 496
56 93
424 333
270 371
356 273
467 396
117 456
30 55
74 144
131 253
320 167
469 239
312 190
417 22
245 307
155 220
314 98
284 63
435 238
363 54
450 143
99 330
238 67
63 481
86 312
331 46
286 407
449 152
26 98
258 366
87 272
222 413
477 253
343 6
413 264
407 206
37 215
135 358
339 275
439 198
245 277
36 122
274 383
481 485
204 300
424 239
5 143
396 499
5 334
98 239
445 270
486 5
215 334
461 121
171 406
183 252
374 416
151 72
57 0
301 133
224 261
404 77
76 229
415 152
243 434
204 13
370 189
375 42
163 85
343 337
89 187
455 27
451 464
316 107
240 8
122 469
47 316
398 378
383 475
261 313
179 126
167 318
360 49
487 43
232 376
63 330
209 321
137 18
125 160
21 454
423 217
386 495
225 322
298 284
449 460
87 59
229 128
30 254
149 90
318 17
199 381
203 381
251 409
421 192
498 229
298 294
141 422
96 184
320 367
327 394
306 270
398 266
373 35
477 428
297 22
404 295
28 349
110 459
3 280
361 31
178 2
424 159
196 319
38 20
267 16
138 218
484 425
312 37
317 357
232 142
437 467
316 136
447 466
98 426
309 450
452 311
470 487
159 228
101 18
35 197
415 368
145 173
62 252
461 309
451 232
199 193
181 389
207 367
293 128
79 157
468 102
442 31
260 290
309 101
150 213
81 196
221 418
170 78
387 284
368 131
177 339
228 67
286 358
487 287
444 79
33 66
449 264
54 327
280 61
274 363
411 431
349 207
285 133
417 371
2 173
364 285
204 179
38 444
231 342
273 377
295 27
291 306
486 244
158 345
61 266
49 284
492 472
105 398
269 129
154 374
11 124
155 18
314 67
409 45
422 45
72 182
341 217
314 215
61 327
445 324
108 474
446 495
393 452
434 404
278 15
491 440
311 142
209 146
44 125
171 119
301 466
36 95
311 142
469 202
378 224
198 267
262 338
143 496
252 7
374 77
17 31
25 365
364 328
454 234
353 408
226 477
424 155
149 262
316 235
311 471
238 194
385 361
210 0
359 28
105 462
345 234
99 474
155 370
105 315
223 461
438 458
465 450
64 362
450 115
86 233
279 261
475 176
28 164
192 185
147 387
121 149
124 345
215 73
388 131
92 320
131 112
414 30
244 448
63 478
211 46
308 1
177 491
155 135
320 205
445 200
349 319
164 66
491 325
456 380
52 232
196 48
430 183
484 110
440 27
73 47
401 4
347 233
368 430
488 354
54 40
360 433
351 256
81 24
256 195
427 38
438 309
344 123
85 221
248 328
228 377
381 321
407 129
411 228
83 275
316 399
184 489
245 28
404 36
231 327
217 161
470 10
485 7
228 166
495 422
299 476
150 75
204 181
261 409
36 467
367 196
186 204
232 403
439 431
258 137
298 22
384 327
335 120
286 369
291 63
392 133
208 443
476 394
303 264
232 237
434 339
44 451
354 472
403 276
265 146
20 14
341 63
35 405
274 176
240 174
307 418
361 484
378 368
484 337
426 181
372 68
19 212
184 416
45 226
224 88
102 310
226 244
149 443
120 113
287 424
194 212
196 447
167 407
244 74
107 151
220 22
235 479
248 91
317 419
359 293
455 393
138 461
257 33
147 287
63 229
293 286
233 257
164 489
415 400
52 260
283 374
205 272
215 370
141 453
98 33
426 1
314 54
87 416
204 71
152 86
373 119
229 445
286 458
359 245
358 53
427 263
387 493
363 485
438 102
487 4
357 37
443 266
182 172
95 382
321 238
358 248
45 194
152 439
184 332
237 363
126 42
35 17
2 13
116 250
255 292
181 455
221 464
136 124
359 404
494 84
184 180
226 352
291 229
413 378
242 328
370 151
168 220
234 258
8 22
314 202
157 263
80 496
472 379
135 216
152 183
363 129
334 336
66 89
320 477
305 331
482 62
282 28
286 2
376 368
70 294
410 43
39 80
459 490
206 363
47 446
427 359
47 262
352 113
91 113
297 172
86 248
276 131
486 220
441 62
357 362
405 11
443 267
109 296
160 254
200 315
26 59
321 480
93 426
391 173
197 36
285 188
320 135
208 61
476 306
20 149
12 185
304 426
222 456
210 413
80 234
293 263
243 107
385 115
140 188
225 276
465 190
325 10
423 285
443 385
34 399
436 463
241 47
355 240
153 464
50 417
180 234
193 344
311 275
464 78
354 303
493 41
403 319
456 171
56 326
78 251
215 91
490 14
255 308
272 345
114 260
494 175
19 295
422 187
117 182
485 238
279 472
143 479
150 182
361 452
203 206
149 439
305 270
79 139
336 412
173 203
378 451
98 167
207 249
283 372
463 324
148 269
100 242
277 292
96 102
308 490
281 151
274 310
449 86
351 205
408 138
441 24
43 139
240 391
263 102
427 24
293 226
321 427
219 245
347 450
292 167
319 155
317 73
11 93
298 267
257 362
238 58
49 198
441 282
236 290
314 204
283 163
91 459
204 456
258 162
330 51
58 50
123 1
446 376
495 486
201 244
154 252
302 439
73 204
346 243
299 310
325 12
471 434
390 268
283 27
430 148
50 465
466 488
216 25
12 412
8 211
315 213
4 14
70 469
64 78
240 416
280 364
298 417
186 103
130 41
41 321
286 60
401 92
117 252
16 117
181 481
194 376
390 496
466 51
481 313
229 30
246 221
138 10
113 397
290 176
497 96
156 331
275 283
387 409
27 245
226 255
131 208
56 273
324 374
187 374
257 157
378 268
130 3
252 368
397 96
192 42
226 246
382 200
110 353
98 121
377 489
197 177
302 360
86 105
480 478
135 273
394 237
240 365
233 24
120 345
387 482
229 164
217 113
467 111
232 179
168 417
446 461
174 217
322 248
226 260
386 302
391 213
78 280
156 484
329 164
146 129
293 216
182 227
190 362
41 1
270 423
236 209
278 217
465 410
171 101
255 44
257 57
189 147
131 336
0 345
474 312
28 498
226 268
130 62
63 416
191 24
233 334
403 428
190 12
465 368
412 361
270 220
219 22
358 459
305 202
14 210
208 279
399 395
457 286
203 382
406 373
59 246
174 491
355 462
182 365
78 320
393 447
469 349
308 112
167 179
389 465
245 181
428 449
236 496
230 238
111 291
37 136
128 22
484 64
281 483
156 166
465 359
60 49
13 434
113 221
186 180
214 354
304 283
280 494
232 40
183 10
499 343
365 220
284 479
314 201
220 417
277 470
371 185
120 189
410 385
417 85
440 97
232 483
478 244
136 364
227 210
54 319
391 226
57 271
473 28
445 371
194 193
230 74
264 65
302 202
288 174
123 72
55 80
176 356
220 33
244 312
483 447
25 150
273 226
254 82
306 246
291 200
274 0
417 22
224 38
65 72
144 364
444 188
44 199
233 120
284 117
64 329
331 119
346 90
24 104
203 100
152 330
330 494
368 427
317 100
172 445
161 382
423 168
367 106
78 467
84 452
281 363
482 1
443 464
69 328
281 467
298 272
118 433
212 480
80 487
284 382
116 104
272 445
403 39
7 492
444 482
197 443
444 78
42 31
212 387
207 111
235 493
426 5
485 354
193 491
373 418
374 477
274 489
381 147
139 30
364 240
183 435
13 61
444 480
219 56
19 156
149 426
283 255
109 428
271 121
39 302
131 144
485 413
412 405
435 218
458 51
487 299
212 494
326 352
408 157
313 45
324 280
35 315
95 459
80 496
150 366
10 119
385 281
38 347
66 297
201 326
477 376
370 188
392 190
199 196
94 301
433 364
179 418
377 468
316 274
492 310
429 466
247 2
202 314
464 285
463 120
496 165
205 441
483 367
63 97
250 182
398 9
427 183
3 430
56 157
467 319
285 49
51 248
415 384
22 105
77 231
396 485
426 74
293 101
50 261
295 208
218 301
336 194
124 497
6 340
159 180
229 325
426 297
181 133
90 341
72 55
41 168
242 320
273 319
81 387
95 323
476 376
422 313
163 313
5 398
79 169
495 16
165 160
293 421
114 347
402 236
404 38
358 295
115 498
385 131
306 48
276 332
146 135
300 199
97 161
330 305
173 28
189 177
450 339
38 334
70 64
454 292
88 326
324 312
295 55
103 61
394 454
89 231
430 392
53 241
46 380
260 383
413 71
410 301
136 363
280 300
93 58
385 234
399 181
88 61
123 46
0 191
422 17
409 441
182 205
437 314
197 80
4 197
351 110
326 414
67 487
397 106
192 160
193 134
196 91
490 281
472 171
40 490
284 246
303 301
115 318
251 92
142 312
275 255
21 493
480 453
411 88
248 229
364 103
47 441
74 60
83 37
379 46
145 123
424 15
334 300
393 39
203 85
192 35
28 330
283 213
302 360
89 194
150 402
196 453
365 197
86 270
169 300
423 465
481 314
466 199
238 167
252 359
394 294
124 444
9 274
134 260
306 163
66 224
29 308
5 114
384 247
47 91
409 53
219 323
22 390
57 186
45 113
407 161
457 292
66 383
143 466
482 201
277 302
110 48
162 158
257 468
411 398
304 305
480 320
62 23
61 2
115 471
484 459
251 22
258 441
260 169
222 253
55 242
142 351
10 18
486 156
54 267
424 397
70 358
234 404
259 132
104 147
106 374
249 88
382 209
379 7
260 494
236 453
305 168
186 230
386 315
434 24
273 292
3 359
115 343
476 237
384 374
101 432
20 343
52 350
209 254
248 283
237 321
489 336
66 394
209 27
51 304
97 495
206 325
168 100
189 322
196 496
428 425
268 297
499 301
55 173
456 208
30 304
492 45
291 371
399 59
363 352
348 450
127 460
412 54
376 148
144 101
27 425
74 425
226 147
320 426
486 133
289 129
26 368
240 282
341 318
170 139
441 56
369 18
425 421
69 281
235 301
78 65
490 114
261 5
431 68
202 434
63 417
138 491
273 89
259 378
369 466
23 430
300 162
83 392
25 225
379 4
422 260
226 309
314 412
481 488
422 97
367 183
26 337
278 5
235 152
118 38
320 104
118 493
237 472
198 54
410 263
375 429
90 332
245 102
442 257
354 78
113 216
53 73
78 139
143 183
221 165
269 262
107 393
366 240
294 345
108 416
197 204
37 335
437 287
44 134
212 379
95 251
324 177
316 0
184 255
420 460
74 257
151 42
282 33
378 369
137 428
132 338
174 334
473 21
155 463
195 370
121 219
396 142
143 297
52 65
377 327
436 473
367 303
336 87
308 149
77 215
405 445
131 61
83 431
395 105
475 90
310 90
232 448
245 58
123 227
406 298
123 352
155 343
282 490
139 492
59 91
388 68
129 464
396 20
477 64
155 143
85 304
252 317
375 169
397 497
295 351
203 303
498 418
260 211
203 281
224 251
319 114
78 464
484 301
365 326
321 313
117 20
337 406
76 369
367 65
416 473
128 14
285 471
182 127
260 45
297 237
351 484
448 116
417 282
460 285
98 283
155 282
188 68
437 345
410 116
89 156
171 178
149 70
197 456
1 184
421 457
293 298
267 125
407 241
378 36
171 367
1 329
397 327
172 190
306 186
343 434
112 248
318 366
174 113
297 367
176 175
326 71
196 469
210 445
481 455
174 441
270 153
332 176
218 19
205 4
438 376
124 400
118 402
15 294
13 292
320 165
236 189
158 146
443 284
91 221
162 424
429 265
441 284
303 261
117 159
36 360
113 407
309 12
159 231
24 325
342 172
214 344
342 430
214 372
445 137
413 157
422 459
243 343
456 364
375 398
111 74
481 263
128 224
307 291
468 287
311 183
379 310
240 25
250 73
210 306
463 195
155 124
319 237
453 250
149 275
201 329
444 112
188 35
178 72
211 495
31 498
308 23
400 410
336 400
58 2
198 46
22 373
110 205
455 341
469 64
245 456
68 170
57 41
114 108
104 235
233 325
200 135
397 393
145 453
455 233
132 203
428 5
210 154
496 391
307 18
326 317
487 404
445 247
355 45
132 59
237 459
446 366
259 289
242 196
281 257
460 50
55 413
68 241
132 118
488 416
233 291
195 314
61 72
469 140
200 417
228 102
320 289
78 27
223 431
188 173
223 356
270 1
242 130
100 190
458 226
17 440
255 191
115 212
204 168
437 437
391 256
45 166
45 211
494 476
149 120
476 183
36 224
206 98
288 130
208 307
247 246
289 225
289 354
375 405
194 345
102 312
330 85
296 147
123 375
347 142
177 124
348 324
422 213
195 407
66 63
161 403
480 165
20 451
208 121
467 395
59 402
487 69
216 390
117 135
277 192
316 465
141 455
20 17
424 415
478 216
119 490
155 140
443 100
221 27
274 151
405 188
257 334
76 244
379 326
370 193
10 8
315 186
55 151
67 336
404 331
321 397
37 23
475 329
208 332
483 197
237 335
21 240
484 347
25 97
142 215
76 395
81 153
304 391
79 489
320 223
121 483
359 494
323 10
343 334
383 383
218 178
419 121
320 239
188 255
323 345
240 331
336 399
142 173
162 140
364 222
57 483
477 337
347 416
103 152
387 190
221 486
459 458
197 492
247 131
476 238
421 70
321 68
242 257
397 464
38 256
91 113
450 95
364 420
72 150
192 467
305 460
418 413
405 117
248 467
57 153
75 225
145 478
235 397
213 387
496 485
450 251
198 87
8 253
403 62
381 80
392 95
361 39
156 162
482 266
271 256
481 391
370 199
448 127
366 457
294 161
412 362
450 245
498 110
25 458
390 253
200 258
149 135
149 61
180 157
414 483
375 303
2 395
374 97
406 450
111 93
455 201
446 375
338 257
67 296
49 215
325 310
297 249
163 475
132 446
282 343
146 46
294 9
106 149
451 20
113 12
213 415
142 421
178 11
307 480
47 98
408 356
458 373
348 205
3 121
316 332
379 137
146 462
463 25
45 104
117 267
182 159
80 182
46 324
157 110
208 353
62 204
77 116
173 372
345 277
110 177
314 161
123 341
366 313
417 439
206 263
422 386
421 240
64 354
465 467
172 73
278 173
290 86
458 207
337 315
492 303
464 299
492 159
324 440
379 210
473 241
480 437
177 396
250 401
368 93
167 215
389 392
479 297
356 31
346 437
93 45
344 191
202 409
201 336
46 378
119 80
369 20
268 99
352 46
492 370
86 220
113 11
160 327
210 444
381 16
62 408
451 326
236 258
95 153
383 437
370 493
365 3
454 91
138 133
4 307
379 482
493 442
121 344
288 153
21 331
91 22
348 83
194 43
48 436
226 289
134 432
287 448
39 0
485 241
400 29
11 341
283 280
124 4
9 256
87 265
287 31
466 31
74 135
424 160
301 122
406 150
450 436
288 193
287 489
19 273
115 187
319 382
387 250
7 296
61 248
279 446
477 348
335 98
258 51
26 259
261 412
348 284
478 211
201 488
261 265
304 72
454 228
479 124
420 193
442 338
284 481
181 73
23 262
165 16
128 282
46 43
328 389
453 394
234 306
423 6
78 495
76 227
203 384
78 55
393 475
308 372
297 29
291 489
6 173
307 309
352 134
375 353
99 180
486 328
186 333
328 261
341 264
1 256
311 44
20 431
155 56
438 328
318 304
477 229
38 176
162 284
137 243
423 37
218 236
69 262
23 404
21 250
6 364
409 374
305 170
78 281
461 460
264 16
98 131
159 242
26 488
231 321
211 164
252 155
417 429
185 322
72 440
305 58
432 430
100 66
199 237
49 179
47 12
144 166
408 145
134 303
125 286
302 365
372 188
117 55
229 289
82 154
213 153
83 239
157 497
87 36
67 356
220 136
302 114
260 364
20 62
201 246
463 497
185 3
410 336
477 154
308 491
144 411
150 373
371 80
116 159
367 458
446 35
149 88
452 101
163 261
359 472
469 364
220 323
11 6
160 482
474 488
252 469
194 470
50 402
414 417
227 18
53 281
369 174
275 55
168 174
498 290
7 28
351 320
326 79
61 214
54 487
308 387
358 306
209 2
420 408
279 475
256 499
173 332
239 478
4 300
443 408
436 2
322 302
381 139
205 1
340 294
182 259
66 148
2 392
300 127
102 274
274 431
116 210
188 299
452 355
263 192
195 395
197 51
42 369
222 430
224 247
7 62
210 258
150 425
52 65
339 303
234 154
364 113
265 202
58 53
97 217
112 173
77 144
366 161
443 471
219 88
3 19
278 78
3 213
130 280
435 55
61 470
435 22
224 425
330 200
417 282
308 280
424 381
394 385
356 142
231 337
357 427
357 86
299 135
267 212
267 282
252 203
225 180
458 39
240 449
84 140
420 9
243 392
129 197
339 137
475 337
117 422
8 184
171 474
187 160
442 438
141 306
339 46
85 218
20 297
437 177
39 104
348 210
407 282
271 329
18 246
21 98
282 135
462 381
41 453
392 1
159 335
381 385
456 498
295 319
348 476
432 85
295 387
21 132
461 202
300 293
391 331
467 173
55 26
479 429
282 96
284 371
109 441
440 165
336 65
41 235
172 185
424 325
457 467
21 298
91 270
101 322
495 334
360 68
349 50
499 192
415 131
73 283
300 24
89 365
452 489
174 482
159 125
92 450
248 116
386 114
288 191
378 340
260 135
38 90
282 110
93 389
24 198
222 18
235 324
165 164
498 188
313 191
142 158
126 257
223 242
434 13
353 363
499 312
402 465
427 37
426 185
235 21
391 450
126 457
473 127
167 144
335 472
482 480
89 329
72 108
121 165
28 6
170 326
144 27
416 72
109 71
444 194
496 344
154 336
315 123
119 127
451 482
314 454
284 433
42 255
420 356
214 15
194 449
476 384
456 338
409 393
87 418
262 354
42 84
59 268
396 357
191 178
484 347
133 5
260 268
476 175
42 181
482 190
74 236
426 458
203 383
301 336
42 143
79 415
36 84
293 490
168 432
131 484
341 4
125 116
291 453
486 101
144 334
422 468
279 218
453 349
185 482
477 106
374 79
163 56
46 410
194 456
292 66
71 325
442 485
438 196
149 85
271 277
245 293
364 194
395 24
359 317
424 432
11 336
393 150
60 26
334 291
358 254
431 126
463 429
477 225
311 401
178 126
272 434
128 276
152 136
305 375
307 11
200 81
231 318
344 445
236 291
45 30
156 94
375 329
54 119
373 204
331 365
300 403
31 455
91 280
156 184
47 248
330 315
134 247
44 61
205 330
213 281
227 102
431 369
341 455
159 486
203 66
321 342
297 355
136 353
389 240
489 144
459 436
36 319
232 445
128 80
213 437
40 341
62 441
396 471
309 255
173 55
398 13
368 495
200 47
288 356
352 89
25 277
448 164
461 413
494 180
118 441
282 207
0 10
333 197
304 396
304 143
8 478
325 54
101 228
437 377
466 241
370 289
305 343
257 318
351 267
208 103
162 321
331 343
392 163
59 164
159 196
26 215
269 19
248 203
80 223
464 37
178 46
242 335
153 484
251 351
454 4
325 311
6 116
279 8
25 398
447 191
258 184
56 325
29 28
251 156
193 461
360 215
50 371
355 102
453 56
412 458
122 259
375 90
98 128
379 7
50 123
160 178
355 308
188 216
372 384
198 439
7 417
288 58
160 409
317 496
306 465
224 230
320 428
409 451
310 418
394 140
318 212
21 54
122 173
410 61
1 346
263 460
18 360
269 403
399 30
495 87
317 206
486 71
374 489
259 395
35 185
249 153
59 205
231 122
184 33
379 493
453 37
397 494
398 471
353 166
105 149
355 200
123 274
115 342
89 497
34 375
380 125
182 284
406 440
325 413
258 442
479 57
51 211
34 376
395 301
303 387
439 352
127 10
204 62
412 242
469 294
271 446
82 350
142 453
219 341
283 467
24 477
41 263
491 428
81 75
315 238
91 384
395 254
169 70
164 99
245 81
27 486
336 16
322 462
303 478
297 393
370 86
201 322
102 411
339 193
283 183
68 154
260 374
296 315
414 281
362 313
299 160
28 242
204 135
465 350
243 7
93 262
436 466
229 147
192 38
222 68
74 475
202 142
457 187
468 498
163 223
383 331
73 462
449 412
114 277
136 266
29 358
176 81
228 317
356 405
474 420
248 430
424 400
87 450
300 381
104 56
239 464
278 340
104 164
293 228
494 218
428 429
10 375
193 104
10 91
363 401
183 336
236 111
413 107
340 176
84 214
30 444
136 323
339 308
388 240
459 132
413 235
462 239
344 275
366 7
408 206
42 82
193 443
50 130
158 107
173 390
187 242
417 203
11 323
64 108
240 252
339 375
114 153
429 301
309 310
16 147
229 69
13 410
393 275
382 415
306 403
146 55
110 493
168 415
24 473
225 84
459 116
270 64
218 426
236 51
50 379
448 105
367 280
55 313
229 260
164 289
196 35
380 162
429 306
279 48
133 305
422 357
273 444
370 44
447 491
370 459
416 497
129 171
484 283
396 184
325 213
100 412
74 21
179 480
381 355
161 459
168 366
162 435
331 441
285 33
344 278
275 7
178 260
43 405
441 15
80 439
351 267
140 181
13 277
485 320
131 246
464 498
285 151
444 127
12 116
394 229
89 356
468 21
278 119
134 11
303 72
191 215
248 6
136 331
3 261
360 473
471 486
137 324
451 256
372 82
163 463
171 118
139 252
372 139
3 270
342 358
425 158
16 33
216 173
287 152
125 220
58 147
471 448
204 48
482 275
90 428
46 145
250 262
253 38
160 474
332 256
266 2
387 258
283 283
435 103
175 70
69 413
361 86
134 393
168 418
198 116
113 258
372 97
135 363
337 126
234 147
1 22
132 1
284 388
343 415
338 71
336 19
457 259
152 198
468 91
59 320
431 166
263 172
388 303
281 250
397 77
99 368
369 398
138 83
351 5
76 482
353 189
448 265
315 310
401 101
273 283
301 312
484 56
360 65
167 372
302 493
361 417
167 401
485 82
87 306
288 188
377 16
281 141
303 177
130 96
231 204
16 256
312 32
449 352
77 24
18 469
386 379
132 231
314 53
359 469
157 253
121 499
492 386
64 254
202 295
499 46
302 285
170 367
72 115
491 119
88 1
380 9
93 474
380 364
186 259
364 239
91 343
82 486
92 83
379 498
44 147
432 230
450 199
166 102
74 22
375 157
167 14
341 255
471 112
371 221
312 157
353 235
73 403
487 435
285 18
165 218
300 329
28 449
404 250
124 194
352 478
344 499
106 371
335 185
406 78
87 206
293 71
474 292
79 219
237 313
383 364
194 254
55 184
434 74
121 459
289 411
410 325
48 134
171 17
447 383
441 78
1 386
179 86
305 475
141 258
475 394
0 24
60 169
95 56
367 495
406 216
393 9
495 168
37 441
176 166
96 336
75 117
204 97
425 254
364 361
256 418
294 339
360 256
164 355
350 308
24 384
393 108
128 270
211 240
258 166
2 240
357 207
156 77
183 413
275 81
351 400
91 31
139 146
1 304
112 304
40 203
163 488
258 285
25 291
457 322
62 135
342 312
241 271
185 351
284 277
29 460
343 136
282 472
276 482
138 135
338 388
229 178
315 1
144 487
161 340
328 454
118 223
495 22
373 359
488 180
492 158
294 17
490 335
169 76
63 118
359 308
338 401
254 88
427 154
346 398
204 89
164 26
49 322
34 159
191 422
80 22
392 35
222 374
302 382
352 392
52 365
118 211
299 242
248 224
475 79
168 447
473 179
2 332
344 22
445 36
410 387
275 25
252 302
36 497
389 406
124 389
100 293
36 242
467 252
331 284
231 442
121 351
35 57
79 475
363 231
119 24
402 274
76 246
243 6
412 465
354 485
278 36
131 306
410 166
303 450
392 93
444 386
443 365
193 332
63 23
399 56
330 34
280 153
159 259
224 24
361 424
312 430
88 491
158 295
245 499
444 313
199 489
207 389
221 143
166 400
308 284
319 417
71 491
250 451
327 82
358 326
108 188
180 23
318 196
47 190
3 64
405 492
233 54
197 112
364 306
90 215
133 173
164 261
213 56
138 266
444 40
81 349
372 52
100 113
155 190
106 0
492 158
212 12
124 225
383 262
477 489
14 473
87 462
18 30
296 152
44 9
358 92
496 477
90 230
272 448
448 245
255 379
243 292
369 320
82 367
208 252
226 411
374 74
104 165
169 244
253 252
344 213
191 463
45 192
141 133
379 318
49 89
382 486
306 292
11 251
4 240
152 72
146 82
99 378
122 103
355 268
333 228
191 52
244 376
10 89
259 237
327 241
227 160
304 61
164 386
126 315
239 168
102 278
156 238
341 201
321 131
359 48
452 155
383 402
343 49
286 245
486 102
262 465
26 66
304 66
234 191
211 430
61 325
63 166
219 69
200 256
305 41
48 411
166 109
158 283
29 9
464 445
410 367
285 78
145 289
480 89
20 231
56 43
209 433
2 120
228 429
322 55
466 385
495 222
5 132
494 153
450 34
402 458
36 361
150 39
129 33
116 482
377 1
434 173
145 87
368 436
491 373
259 42
264 310
294 106
259 121
156 288
98 210
423 410
449 487
372 425
407 430
431 489
14 284
223 365
302 11
236 443
485 145
455 347
453 101
75 250
390 65
127 231
493 341
328 50
327 294
225 52
41 234
370 156
374 407
418 446
389 28
173 7
354 227
180 129
231 160
225 255
338 473
314 352
254 183
478 494
47 81
167 55
63 440
348 37
335 437
465 118
477 77
304 139
120 332
344 336
92 203
28 69
421 282
466 343
189 27
108 296
203 236
177 275
164 266
204 377
347 0
77 21
12 177
9 233
421 484
39 205
274 365
148 68
411 47
74 466
262 100
189 182
309 465
83 218
447 473
325 139
161 294
471 402
487 173
10 332
37 409
274 49
117 163
210 274
240 380
481 136
170 354
319 22
240 479
305 403
394 187
333 130
385 55
81 157
341 372
133 91
140 231
394 260
34 110
490 457
93 275
481 323
345 264
95 301
56 437
124 400
31 450
358 310
467 416
140 439
382 308
391 126
386 374
484 286
95 272
399 475
298 188
304 381
34 496
433 400
152 442
392 410
220 183
451 102
393 187
347 444
422 275
150 239
377 308
432 134
461 472
12 332
65 112
108 169
421 99
41 41
303 73
109 285
388 23
62 60
356 281
409 410
1 278
438 59
45 378
202 371
55 7
119 66
235 120
219 79
472 156
82 112
397 276
299 191
103 285
419 362
124 460
90 328
239 125
355 381
104 284
143 57
123 159
131 262
341 211
219 202
314 314
442 153
344 211
349 241
455 300
260 120
448 79
204 202
83 39
323 411
468 187
198 467
81 444
7 329
383 275
441 226
380 197
261 383
124 76
376 462
82 432
11 488
43 382
421 68
479 126
166 244
63 300
244 364
46 145
420 103
181 429
479 361
244 413
490 240
202 220
152 218
59 284
18 16
84 102
80 439
35 415
215 246
463 99
96 311
266 9
290 16
229 448
361 269
361 325
397 203
274 63
199 402
418 333
287 69
8 354
269 367
114 44
495 337
0 429
290 91
459 267
215 80
202 188
365 428
132 63
479 262
164 258
91 30
100 82
288 378
97 108
4 410
247 63
492 499
442 247
14 282
215 401
441 81
10 417
332 158
421 494
104 163
194 437
372 195
425 294
254 160
70 22
438 111
462 169
269 430
213 405
158 135
217 280
197 452
110 79
425 381
45 383
321 29
76 239
385 193
205 353
375 491
102 276
297 165
96 65
322 66
202 161
441 480
284 419
350 490
371 395
278 275
304 268
7 99
144 232
85 244
236 350
478 312
478 190
107 275
342 74
235 429
262 44
315 28
18 46
293 165
440 241
10 72
23 96
328 369
466 168
18 413
225 54
244 496
271 203
129 352
133 465
9 216
244 247
294 324
489 114
356 87
11 281
377 218
87 35
203 57
322 405
459 73
421 48
103 204
408 44
10 85
301 393
141 19
344 398
12 435
374 185
467 368
438 386
273 196
254 378
283 476
401 76
476 243
299 322
218 432
369 59
452 228
248 170
68 93
380 444
481 81
301 255
493 448
497 240
118 266
94 103
179 253
496 347
21 8
292 147
206 239
468 161
183 159
252 68
364 252
185 133
240 345
146 338
430 233
351 495
98 400
154 445
144 129
489 150
150 165
404 281
294 356
15 224
292 478
82 268
253 8
206 119
457 493
78 204
199 388
288 281
78 297
426 442
445 222
387 416
49 95
451 143
368 344
174 319
439 12
21 256
375 192
37 227
431 184
72 467
248 130
279 213
7 178
400 205
473 304
251 139
282 23
219 55
374 150
163 393
149 313
357 184
263 376
60 394
213 46
28 485
198 313
491 307
364 57
362 391
30 338
213 465
20 312
315 432
325 394
59 478
14 326
202 416
162 277
323 262
99 375
40 351
10 149
207 31
274 374
212 421
386 304
469 277
209 259
5 284
114 34
360 65
333 128
405 62
177 496
223 80
431 128
278 264
147 441
167 337
110 422
78 232
9 348
107 47
183 219
105 113
178 297
425 466
380 11
359 330
262 409
38 83
199 193
486 168
5 346
268 6
238 115
463 347
246 247
318 423
36 282
79 424
390 66
77 357
39 122
32 289
224 302
495 422
442 423
121 334
192 447
414 242
441 430
29 229
152 39
321 348
272 40
106 401
258 14
488 36
325 297
99 372
294 49
324 447
133 236
35 297
39 325
107 301
383 332
372 136
336 35
428 193
446 460
326 34
70 56
354 315
187 247
296 305
104 334
422 472
270 89
266 310
111 161
494 373
362 494
382 218
411 198
11 310
344 210
266 337
152 267
14 472
278 192
26 163
487 234
324 300
110 257
271 442
316 74
420 117
335 30
80 302
464 98
308 91
429 161
428 75
399 433
125 294
457 177
264 3
304 445
54 440
382 266
192 177
294 50
80 113
267 481
80 161
104 232
393 240
167 33
319 321
115 67
96 444
300 425
222 360
152 104
222 276
306 35
85 415
380 100
434 18
31 147
379 14
106 135
21 124
445 274
193 340
136 413
190 289
2 436
392 412
40 154
41 115
382 346
299 479
497 114
261 233
99 28
15 493
117 205
331 388
228 415
328 24
166 365
153 370
282 168
174 46
13 322
21 216
195 247
361 320
53 192
72 474
467 152
209 439
328 85
352 393
417 408
125 32
402 435
455 279
177 184
358 130
346 190
289 379
199 393
437 150
476 104
256 361
300 444
381 318
211 480
389 233
265 480
416 14
145 167
203 371
1 322
12 61
293 199
92 153
303 344
449 381
242 132
76 205
375 43
23 309
394 86
67 264
279 159
178 335
206 424
99 233
146 60
259 463
117 439
284 204
85 272
404 233
290 328
223 332
141 166
104 98
363 35
46 23
358 494
270 76
309 65
125 369
333 456
247 236
440 302
74 31
116 378
58 479
163 259
277 281
231 305
192 381
405 94
440 239
315 263
180 211
432 477
433 157
394 117
419 180
64 186
416 346
325 32
291 474
107 488
145 420
154 339
285 338
429 411
26 226
289 244
221 207
364 221
191 6
39 110
149 110
456 455
487 65
40 133
474 131
51 499
338 471
309 57
468 124
202 90
187 495
202 491
64 408
267 418
381 255
218 306
261 30
95 26
12 100
231 487
487 338
309 135
192 177
301 471
61 13
8 3
346 248
9 62
480 411
18 276
434 213
243 236
115 47
499 191
30 127
465 83
218 369
399 126
97 262
275 200
56 159
259 135
197 254
165 268
396 30
243 184
272 182
81 339
382 387
366 81
164 264
134 183
310 234
348 33
85 407
418 476
111 493
100 178
298 161
191 265
301 47
229 286
125 426
165 311
244 359
124 32
215 260
494 110
143 377
285 194
170 80
426 55
85 134
295 26
143 384
431 338
124 297
223 12
175 102
461 388
272 419
179 85
47 340
217 25
72 190
123 354
262 94
228 401
427 347
231 375
213 422
219 14
27 190
144 442
183 202
474 105
43 307
499 5
383 90
133 217
423 455
49 108
9 185
33 130
357 288
210 116
131 423
113 430
224 10
64 257
214 259
67 38
396 109
52 66
135 279
86 185
145 411
448 487
469 154
294 333
450 327
250 4
286 433
295 215
324 363
122 359
250 390
0 41
460 146
277 52
89 447
358 215
202 234
240 159
492 24
351 34
390 294
227 453
168 29
392 374
234 492
234 366
260 336
482 234
138 220
19 111
178 227
461 230
389 232
256 53
87 381
176 107
60 330
359 255
130 80
424 103
469 216
52 159
393 81
153 386
497 32
111 173
403 27
259 425
478 292
25 16
475 418
248 53
309 36
116 459
62 291
7 393
52 383
465 59
297 445
329 470
143 146
173 441
366 398
42 432
448 196
114 420
473 424
312 214
173 134
425 280
173 235
471 284
195 225
23 288
258 492
138 204
497 254
4 311
96 215
412 47
319 396
172 26
93 292
427 484
117 266
354 352
137 290
368 325
465 332
177 243
299 223
329 315
479 297
12 334
233 75
471 276
303 52
196 144
480 396
14 123
328 97
240 368
45 317
1 460
55 10
86 178
346 354
151 267
101 325
400 16
292 186
90 371
367 447
195 287
262 348
297 62
430 90
259 37
349 328
338 261
291 404
259 276
44 137
462 262
130 497
36 214
438 275
222 126
265 305
5 270
332 28
470 303
192 114
442 230
343 42
446 133
409 486
124 57
320 305
303 438
153 450
77 339
317 91
248 300
422 83
111 254
409 254
368 433
15 101
143 311
444 358
345 442
499 205
11 321
259 319
122 166
5 264
207 199
351 174
257 308
62 273
27 220
154 323
276 248
411 169
380 420
362 355
412 77
250 361
33 423
89 361
126 7
206 446
121 185
493 410
183 230
451 407
230 63
163 457
126 7
279 74
281 358
435 493
354 193
469 185
47 239
246 410
209 25
210 305
67 182
412 204
111 102
17 215
172 342
201 180
106 151
9 480
473 387
433 445
482 179
271 254
164 29
406 369
26 225
407 117
321 93
196 172
387 284
478 213
394 412
63 179
11 0
240 72
369 336
368 173
279 352
233 139
360 443
21 140
109 387
480 428
452 430
66 28
242 192
104 45
224 488
340 167
91 88
276 432
457 461
165 144
135 236
180 250
390 496
235 53
481 351
281 67
96 286
478 200
245 338
178 82
101 321
409 370
303 44
5 186
182 260
497 22
273 170
18 29
82 15
367 253
320 415
201 0
200 416
106 31
465 445
119 136
7 66
463 28
66 310
70 468
343 101
271 419
448 116
131 289
42 30
298 498
351 214
131 351
383 51
349 89
226 348
267 468
348 233
395 230
50 267
368 317
237 393
9 491
280 185
68 493
343 174
240 218
69 194
246 371
313 452
301 95
415 39
124 68
150 263
30 371
188 200
94 398
389 425
463 455
448 21
47 383
101 292
486 288
11 170
123 84
31 324
215 276
196 446
210 191
62 346
46 92
491 103
28 140
96 232
106 343
226 396
188 153
441 327
498 27
463 453
129 473
101 347
293 197
388 297
143 355
448 303
406 41
182 291
375 286
130 130
378 481
487 356
184 67
446 280
85 34
359 409
256 215
412 460
257 402
109 152
455 252
293 409
52 213
0 327
309 280
261 130
486 188
255 100
381 22
408 53
314 466
33 267
227 423
177 445
450 336
88 286
48 257
471 234
61 100
380 323
453 371
59 494
94 291
166 166
71 475
294 74
342 385
308 327
125 421
110 485
124 75
184 198
432 172
272 155
478 346
217 5
351 283
75 128
294 445
273 241
167 365
102 67
394 361
283 411
248 371
446 245
443 372
44 131
138 228
74 169
26 469
252 143
271 377
174 179
272 417
134 299
366 292
153 88
499 113
484 288
33 100
472 283
266 329
57 369
390 404
225 483
478 416
145 330
9 101
370 319
119 134
426 4
92 337
302 79
368 444
396 139
422 253
82 368
89 40
444 491
326 479
247 22
352 304
405 392
64 213
347 275
131 35
372 125
205 76
372 27
166 425
178 268
488 440
480 113
104 430
409 276
298 431
235 9
253 2
216 493
268 317
204 63
189 252
328 429
456 246
23 52
320 474
414 201
166 160
90 246
374 271
202 352
361 25
27 289
282 114
284 243
307 403
7 340
269 348
94 335
387 77
51 117
170 59
219 317
63 337
460 310
162 290
315 162
303 375
341 342
86 438
193 477
318 393
93 200
387 439
17 187
156 274
185 420
238 178
15 404
66 153
443 327
489 80
455 258
101 145
83 149
126 39
284 128
328 296
236 377
416 215
341 105
25 72
250 26
282 263
269 118
445 201
281 212
323 287
284 89
238 424
315 219
347 216
365 99
476 27
242 101
58 392
316 435
313 83
199 418
388 95
296 468
180 334
473 430
371 3
279 109
328 109
177 94
45 175
54 42
495 21
265 296
83 53
137 81
352 396
343 336
156 240
426 492
422 336
192 399
8 293
254 323
418 188
215 283
178 315
337 269
417 173
79 454
36 0
396 68
256 240
480 240
84 412
248 407
158 6
151 292
116 19
207 257
392 386
201 423
192 70
96 38
345 110
462 175
243 381
473 359
451 499
411 453
360 35
393 11
304 371
390 396
5 420
306 449
224 397
468 7
398 269
231 64
91 243
476 193
404 334
185 449
402 355
242 96
459 115
486 487
383 263
183 228
177 240
138 341
349 254
23 106
22 99
342 254
447 465
299 318
119 352
59 336
284 373
488 154
141 243
7 326
406 377
117 42
384 436
190 255
213 85
184 213
467 87
52 26
196 266
118 203
39 315
40 30
184 323
67 29
207 177
406 426
320 114
50 24
131 204
141 240
305 197
136 325
203 272
38 41
244 251
418 9
391 136
311 459
488 75
104 230
156 47
161 11
35 329
33 63
155 18
67 27
352 460
84 204
245 408
159 475
484 341
477 430
389 375
302 289
19 229
276 406
417 28
357 290
205 304
175 242
269 361
173 242
298 474
234 258
233 395
237 393
175 69
296 214
355 64
293 98
356 227
255 422
64 126
282 464
206 269
130 457
52 328
154 156
414 202
98 388
133 499
420 335
401 309
373 216
166 109
336 19
293 22
148 443
407 357
126 283
92 465
145 109
265 144
347 299
187 31
30 297
132 321
482 450
166 385
494 355
226 332
206 330
125 19
376 207
490 32
350 3
464 82
79 495
295 229
260 278
75 334
7 290
92 59
444 489
197 110
294 439
269 275
295 0
59 247
279 23
378 49
484 481
329 342
71 63
193 476
310 183
325 268
327 170
159 417
27 271
62 208
484 173
174 184
431 279
154 233
135 62
44 33
375 119
34 373
201 447
130 79
347 11
33 456
225 26
149 45
253 105
278 212
396 237
368 304
38 179
241 23
56 25
496 137
362 283
82 30
109 63
427 213
21 308
186 460
5 98
203 335
399 259
348 482
286 147
326 69
444 176
53 68
205 352
135 49
431 68
131 218
283 392
200 58
371 156
254 238
74 376
487 310
292 325
473 188
257 430
459 299
367 201
405 12
62 425
493 40
110 493
238 476
387 393
401 290
29 258
486 8
318 455
280 474
14 462
244 253
405 271
324 203
68 124
49 229
121 130
475 394
371 232
477 65
356 110
220 231
239 385
340 206
32 57
371 472
226 46
169 115
319 483
107 493
74 239
221 157
403 196
280 196
114 126
236 109
340 470
355 456
15 79
488 47
19 47
94 359
475 97
80 115
461 146
385 188
197 35
83 106
154 452
79 215
325 268
238 315
124 165
97 445
492 139
38 85
445 364
461 132
100 420
418 394
82 61
448 303
261 131
83 32
99 415
36 14
182 424
442 126
72 306
297 39
476 416
132 335
320 421
193 94
488 420
481 463
266 422
405 429
313 379
147 340
355 413
189 183
309 37
195 131
22 233
2 492
179 499
272 134
228 499
419 318
281 68
342 252
34 400
279 99
440 199
112 426
461 295
184 154
285 271
356 379
223 160
11 358
493 402
402 283
101 73
142 173
278 235
135 336
436 164
363 414
193 376
23 328
482 154
277 59
290 119
279 486
344 13
267 290
426 337
263 21
47 379
114 257
93 325
489 249
16 381
257 352
180 209
215 132
191 14
134 345
331 481
346 265
56 175
365 114
487 334
213 128
385 34
359 328
429 330
212 200
405 445
6 321
306 437
452 74
419 497
331 86
351 250
277 177
143 259
445 494
474 131
165 11
191 211
42 377
429 120
418 106
427 334
272 276
350 85
83 76
14 121
223 266
295 217
477 353
347 291
422 274
285 322
33 439
168 476
97 427
33 98
284 367
143 313
398 56
132 346
319 333
99 146
364 43
396 247
38 193
319 95
417 312
251 105
81 303
230 272
222 30
249 116
281 6
63 245
91 179
365 47
46 262
305 316
63 262
307 53
149 101
413 126
231 418
221 17
141 165
47 452
420 363
369 149
394 201
232 284
184 337
99 97
266 230
344 405
458 329
283 151
129 459
378 196
65 213
378 99
403 206
69 277
426 175
376 291
75 320
157 109
58 111
193 109
14 324
6 37
40 324
136 289
337 170
383 14
465 403
461 113
242 221
396 383
26 169
341 273
234 453
65 351
460 144
469 258
148 326
150 475
116 188
210 138
152 453
208 93
58 470
191 170
405 301
322 87
212 431
384 163
14 298
443 449
60 326
152 264
91 208
248 155
293 207
160 459
52 298
268 221
243 463
264 459
398 148
431 86
101 111
409 315
117 116
294 204
468 29
237 447
454 59
118 485
296 247
45 131
352 349
312 165
124 95
95 428
14 23
486 26
193 115
83 247
304 162
191 230
29 272
184 280
118 483
82 302
285 414
115 480
145 137
84 279
207 122
497 179
57 73
41 483
82 103
265 124
354 386
11 309
441 383
218 195
349 59
326 301
281 135
124 441
221 278
400 209
240 280
354 397
232 298
401 395
371 315
53 18
179 78
313 64
111 121
32 32
185 313
300 358
152 318
96 424
133 225
357 497
246 374
24 211
458 479
146 277
147 182
260 51
468 327
448 425
309 79
244 332
43 494
312 44
469 195
272 261
258 454
180 129
341 356
335 56
333 151
333 333
385 481
160 445
371 353
284 460
292 180
27 381
425 335
382 191
452 246
53 154
284 62
419 233
290 477
128 254
440 475
308 314
259 325
30 468
428 482
15 314
195 73
408 42
233 473
219 291
297 38
100 124
210 81
410 19
126 352
327 39
205 66
391 488
456 316
299 273
87 237
310 314
208 135
460 70
213 293
331 31
156 11
444 432
451 366
218 355
246 77
495 45
33 451
119 238
11 342
431 418
84 451
438 241
163 144
438 398
429 377
388 269
53 85
303 184
39 5
434 21
419 137
440 282
20 304
498 60
330 384
335 429
170 267
411 273
23 334
63 349
471 304
242 303
487 24
381 45
419 379
16 168
450 338
494 457
17 470
354 493
422 347
114 41
166 445
131 378
79 189
346 194
497 50
427 88
133 336
215 308
476 52
242 232
41 426
249 237
230 58
257 455
497 4
449 224
454 163
205 80
274 33
436 51
139 123
460 363
23 124
29 175
259 352
130 271
360 300
210 231
187 90
95 468
44 184
199 44
477 498
383 256
159 251
375 319
34 298
275 335
362 410
114 304
427 122
422 244
328 288
230 133
453 15
51 177
74 349
199 102
359 51
154 82
254 18
169 29
216 140
402 296
452 431
53 16
113 379
19 327
460 441
308 250
427 265
466 359
461 1
404 165
100 172
43 59
440 206
198 64
360 9
440 101
469 312
191 345
172 82
375 211
313 485
250 183
42 92
446 217
234 356
380 350
261 186
392 423
487 202
211 91
192 199
11 3
348 161
96 203
266 20
357 471
155 431
23 460
29 49
257 321
24 263
450 138
413 285
487 194
285 253
452 50
405 329
343 464
19 253
126 439
410 137
420 335
295 417
467 295
117 324
440 76
66 141
426 390
84 480
85 266
168 222
51 37
353 74
179 394
185 224
213 305
493 448
217 133
429 288
113 36
113 46
39 53
295 179
159 465
83 231
453 96
486 252
326 357
103 191
416 5
163 141
89 129
263 156
444 306
343 44
90 409
314 308
487 129
446 109
193 499
95 30
282 498
355 81
273 460
465 311
452 41
22 480
488 393
199 137
181 285
194 394
202 123
252 361
322 42
41 51
433 15
14 488
422 215
27 221
32 47
88 492
325 336
229 110
248 313
98 281
175 281
405 145
358 230
272 9
60 180
48 165
153 493
60 414
135 75
474 87
432 20
356 62
25 257
422 86
367 125
406 373
370 394
476 163
173 228
260 248
413 233
79 308
222 419
346 139
79 358
230 321
235 11
120 86
24 112
89 394
267 243
490 348
11 489
69 466
215 184
270 330
138 480
251 349
340 213
423 450
271 419
430 153
91 358
323 402
297 468
211 412
260 416
406 53
20 272
456 475
157 87
419 226
427 296
9 171
121 268
187 284
437 244
454 470
372 28
348 277
42 169
86 412
465 302
426 344
171 485
72 235
313 329
477 492
15 241
9 338
122 488
84 48
18 59
439 38
168 391
60 288
200 210
364 498
342 165
3 291
26 366
195 75
419 339
432 172
10 286
274 293
342 484
43 210
249 360
251 334
122 269
479 164
14 174
192 343
486 209
75 195
122 364
56 122
294 394
180 488
282 156
492 307
17 124
336 35
221 118
387 440
456 196
370 218
414 470
31 62
109 400
117 458
80 232
126 173
161 226
234 158
317 295
271 226
113 187
305 108
400 335
31 193
263 356
178 253
316 177
430 62
20 277
9 47
220 101
327 487
498 233
29 414
140 315
2 300
260 254
89 160
205 12
368 472
225 468
146 399
461 393
171 76
123 481
434 32
372 195
428 114
28 370
37 457
110 168
274 392
52 222
235 215
187 109
77 455
354 413
158 75
151 167
1 329
362 126
321 287
401 86
456 250
59 429
450 345
237 21
244 224
440 141
250 479
434 127
392 328
255 141
160 403
232 407
385 161
449 446
32 207
309 202
132 340
186 220
242 434
158 423
417 486
317 450
430 167
347 103
96 174
77 103
362 257
418 162
460 99
158 219
422 345
185 467
40 406
340 371
147 282
120 350
153 416
435 437
40 83
109 135
90 137
246 187
201 452
403 16
236 161
6 62
29 10
268 192
415 421
203 460
162 414
182 323
112 315
250 118
253 153
142 360
399 343
147 388
256 100
261 50
112 492
354 268
312 494
267 122
434 79
346 471
146 97
412 28
498 259
264 15
375 251
446 406
146 126
226 445
348 402
247 487
107 312
306 453
428 271
203 74
397 362
459 49
429 43
302 224
239 428
31 66
324 466
92 478
275 322
77 318
157 123
436 324
277 117
388 94
20 205
420 91
492 269
313 379
455 422
350 467
386 194
12 233
63 62
385 104
274 339
462 462
138 284
401 250
345 267
473 141
85 217
487 245
124 77
351 152
119 80
126 201
287 5
68 139
95 350
189 305
267 222
6 4
106 405
172 259
400 303
21 497
242 485
415 8
12 219
151 266
320 131
489 129
268 107
457 409
214 216
438 499
3 333
90 444
203 109
413 114
464 455
441 286
146 58
277 356
122 158
289 280
410 442
401 130
391 30
246 359
358 105
290 184
480 213
174 380
495 35
491 87
225 311
369 284
492 371
29 499
279 466
261 171
153 189
72 162
373 45
2 318
355 231
296 293
25 187
223 471
410 372
183 66
202 136
7 53
52 46
12 389
412 183
225 273
288 417
462 297
115 161
245 465
110 322
10 41
12 135
360 85
3 423
59 43
448 205
251 418
159 352
36 115
241 423
341 261
58 29
42 303
120 25
348 139
181 82
70 210
295 45
468 430
325 298
355 379
150 274
126 458
425 161
85 162
275 166
47 426
81 333
211 442
81 202
284 59
269 262
308 206
136 416
66 128
360 314
88 273
231 10
171 66
81 156
175 256
34 356
42 222
164 116
318 253
312 246
360 454
13 433
201 20
149 149
463 267
40 9
371 403
470 123
131 394
3 403
259 306
29 37
153 153
406 45
291 323
130 70
355 4
24 143
144 56
323 25
34 108
363 215
338 257
4 185
88 470
128 7
44 200
353 157
55 50
373 112
182 198
202 355
498 390
446 227
252 143
103 122
337 139
248 318
4 28
350 252
259 444
144 478
488 156
206 350
462 43
241 431
287 496
386 444
23 137
132 185
307 127
118 87
406 496
376 367
119 262
206 226
57 231
387 203
405 45
440 445
228 367
215 181
477 367
5 454
139 352
480 489
77 298
294 98
465 335
97 23
249 437
20 155
210 306
203 259
204 115
482 143
177 432
300 50
4 154
359 157
146 495
293 339
289 75
410 439
462 255
44 359
15 64
370 416
175 225
341 426
421 379
163 175
77 98
105 315
324 433
428 464
303 471
398 221
13 92
199 309
168 475
39 95
11 35
113 262
40 186
417 306
481 461
60 433
100 411
344 165
481 425
248 273
346 136
80 146
455 359
187 280
227 476
363 78
340 91
129 476
282 380
342 47
332 116
27 254
271 432
357 223
496 252
388 105
252 195
406 468
100 59
35 93
172 180
271 399
227 364
97 400
299 10
478 291
45 131
416 357
80 316
420 273
379 429
124 160
480 483
42 30
476 433
465 430
181 148
364 236
488 408
270 461
252 140
123 100
457 297
465 39
313 38
319 237
397 44
379 443
325 230
163 421
203 301
301 128
216 384
145 166
127 56
196 267
368 380
29 172
211 325
215 347
436 376
272 34
477 186
416 151
425 155
456 431
411 128
365 258
276 127
35 10
129 403
135 84
256 497
175 17
216 319
196 390
425 152
338 468
472 254
261 106
37 397
377 218
328 300
279 94
456 104
359 315
399 86
83 347
364 155
474 258
1 80
84 22
343 278
384 275
381 315
64 146
364 271
71 293
388 44
0 351
18 344
430 359
206 417
424 366
476 70
2 250
125 477
107 439
214 468
135 492
138 447
70 51
344 354
398 494
197 84
429 398
109 215
484 211
429 316
238 408
10 406
235 93
32 135
103 195
187 98
397 90
141 177
31 468
462 338
422 281
31 159
374 203
415 140
308 210
118 196
454 399
492 480
116 42
237 376
474 71
162 276
453 223
191 155
493 484
117 153
164 268
471 148
140 390
100 238
435 449
348 70
51 241
283 192
68 19
90 20
296 394
117 104
112 101
437 161
166 105
225 54
202 331
73 197
287 195
144 174
244 222
464 344
36 147
166 99
472 104
350 109
65 120
222 467
128 177
135 159
214 295
478 360
409 268
463 51
77 197
271 459
303 174
321 87
187 339
295 340
301 159
279 145
465 366
396 1
161 445
92 31
243 227
495 70
474 5
202 311
270 51
225 473
61 74
265 399
239 100
259 61
58 40
258 390
392 23
321 154
37 405
132 413
336 133
138 479
290 310
213 192
17 413
339 291
190 430
30 104
165 281
173 141
32 76
99 431
438 424
181 272
186 327
312 165
144 374
184 450
494 287
52 249
40 12
294 391
495 230
363 325
318 13
89 36
320 350
126 40
165 258
437 307
324 351
77 250
52 469
108 113
362 47
411 12
403 403
485 205
382 250
263 349
237 53
403 204
97 57
315 382
41 262
465 105
355 366
187 42
7 407
454 295
307 369
124 217
275 62
312 110
311 157
210 428
484 48
106 466
348 433
47 273
378 389
255 364
258 85
493 442
89 265
135 299
17 248
310 259
221 292
301 475
403 384
285 364
330 387
321 391
16 30
419 220
85 247
332 27
469 343
109 177
477 411
159 244
355 346
490 470
445 429
313 291
155 200
439 98
341 337
367 112
333 210
457 139
166 418
261 141
171 487
398 222
466 0
346 58
380 174
103 188
479 177
229 268
367 487
176 168
281 60
270 44
183 466
384 79
73 201
188 497
220 244
96 87
497 38
64 442
482 229
406 167
288 461
300 487
155 155
215 329
373 288
254 338
417 408
109 490
340 342
86 149
236 412
450 182
476 85
314 367
386 458
272 72
59 174
329 424
253 67
355 397
87 478
238 462
452 4
199 347
349 144
56 285
320 85
171 359
226 148
459 337
410 112
287 83
7 469
36 468
217 113
91 244
206 304
161 330
29 10
155 360
497 378
316 63
422 317
318 339
176 0
465 277
360 438
260 252
72 219
332 296
392 290
94 276
458 450
461 107
467 339
70 468
31 465
134 238
77 306
306 452
81 105
44 271
375 293
13 304
452 448
90 197
325 197
147 36
144 283
475 460
428 111
428 45
283 312
118 415
219 212
317 276
400 301
446 213
369 127
427 459
9 174
371 17
54 334
470 18
479 50
161 445
490 259
71 442
357 125
337 41
170 76
229 6
220 422
49 176
487 441
115 477
346 496
331 486
357 252
302 301
246 188
447 316
258 88
213 371
264 467
43 402
408 434
208 273
301 480
422 258
87 288
285 37
376 285
38 468
121 233
273 340
8 219
307 220
443 266
85 372
274 208
494 129
254 34
15 203
461 55
195 289
178 400
37 480
300 54
139 75
268 421
140 412
485 276
395 299
171 428
488 480
461 297
332 483
186 67
474 199
488 499
251 170
2 166
73 288
364 303
224 212
477 484
112 217
16 314
94 7
340 40
337 83
66 301
369 21
220 104
103 195
365 60
79 354
494 368
23 152
216 358
194 99
316 45
359 307
314 185
225 454
389 6
308 414
436 455
411 29
76 8
421 14
220 442
162 0
4 214
425 185
284 72
118 119
426 453
138 329
135 93
99 215
129 24
331 259
140 65
426 242
108 217
11 347
347 328
395 173
358 203
275 320
291 494
299 245
75 70
163 437
4 210
87 262
374 134
51 418
13 14
83 477
176 473
154 94
267 375
78 49
221 477
324 206
451 12
434 123
413 26
89 97
212 417
403 176
446 86
452 455
284 459
285 388
482 461
336 439
488 102
431 267
473 61
425 107
231 424
451 360
457 496
265 392
68 21
107 169
476 14
326 412
300 260
73 111
50 134
88 262
381 390
451 20
479 354
130 376
88 62
58 433
325 46
67 176
345 393
260 27
291 173
285 438
49 91
77 359
473 451
341 166
38 354
60 144
372 17
80 190
476 461
7 490
166 301
47 426
305 363
388 159
97 96
39 174
385 498
449 117
135 358
64 142
138 173
42 476
18 10
471 474
317 494
148 330
109 483
199 195
206 414
11 87
113 303
301 50
19 498
208 102
244 154
179 272
248 382
244 74
400 119
113 216
398 217
53 261
308 7
274 252
191 14
317 137
39 305
303 470
72 59
65 12
136 168
402 97
171 237
356 147
215 423
141 321
83 465
473 194
298 243
110 99
236 489
146 279
250 275
334 302
166 174
343 252
349 154
391 97
244 372
147 99
421 311
277 288
482 4
99 102
201 132
474 209
489 437
212 120
274 239
265 399
3 440
95 108
206 204
428 338
438 302
114 75
364 359
215 391
345 198
331 314
24 46
335 305
277 365
456 399
298 52
344 221
330 153
357 439
130 388
42 137
213 68
427 156
399 429
127 142
308 96
142 310
467 184
49 477
377 245
149 357
79 27
181 345
285 261
149 390
28 415
335 43
52 93
22 262
256 303
400 149
312 416
101 42
372 279
376 2
360 249
128 377
223 439
200 309
52 360
127 201
96 432
25 462
76 148
452 47
48 332
100 352
246 212
492 201
56 118
219 220
98 416
207 348
9 321
33 259
312 61
493 160
122 408
409 370
269 198
382 213
65 318
30 334
36 163
282 374
95 444
212 1
201 45
218 271
30 211
272 251
411 194
454 118
340 385
435 215
428 110
280 169
3 493
9 310
37 391
335 143
496 484
29 399
170 198
409 247
350 52
246 33
151 113
498 53
268 492
454 285
454 197
42 234
396 309
201 51
194 433
417 388
288 191
389 298
397 310
363 150
183 247
360 461
14 187
31 210
495 135
332 485
219 301
111 226
278 467
401 164
404 324
367 170
469 44
355 108
258 218
466 218
31 294
481 178
389 398
33 364
349 384
186 217
443 420
387 149
313 73
398 140
163 217
262 117
226 484
202 469
39 484
130 168
347 70
468 111
327 236
472 353
70 28
300 10
159 14
439 188
180 324
394 189
307 343
327 156
477 33
369 30
50 16
86 0
463 249
337 407
260 291
171 310
172 331
197 472
12 332
8 136
178 192
36 402
410 485
18 215
97 387
403 239
239 148
397 490
397 55
198 235
397 157
340 369
341 69
401 389
378 353
398 262
164 56
41 286
1 75
462 411
150 99
99 366
208 242
297 496
83 457
466 347
216 480
50 307
48 410
115 303
65 426
482 365
151 82
157 23
286 5
456 471
189 437
31 55
403 397
206 180
27 487
319 173
332 95
5 369
25 380
307 473
338 442
24 141
17 342
347 33
5 303
240 155
62 46
444 123
303 465
304 2
175 330
426 124
345 7
240 283
256 222
17 47
40 447
289 41
427 57
361 488
495 432
330 453
77 57
374 274
277 380
63 31
7 304
164 489
124 204
427 404
303 381
180 444
337 343
401 321
309 264
48 114
67 156
213 379
5 496
377 439
470 134
291 440
281 477
182 455
359 405
138 109
405 14
357 318
139 94
359 110
224 300
456 259
490 144
140 21
461 348
482 369
309 431
261 125
80 442
348 443
404 291
305 486
157 161
255 163
125 148
301 466
226 350
346 109
131 68
416 486
356 444
227 251
376 17
460 488
283 309
100 160
498 187
348 406
421 155
156 104
422 46
248 457
66 0
69 94
81 49
345 337
88 289
306 73
413 317
126 118
278 197
384 78
484 277
284 85
41 405
452 440
397 463
464 52
147 316
217 385
222 228
17 63
488 163
480 175
294 401
450 458
36 72
201 187
124 373
278 486
426 165
128 82
135 176
492 444
329 282
362 209
124 404
67 231
406 112
366 399
357 52
477 168
207 245
118 178
164 331
496 397
331 443
119 477
273 318
452 463
24 103
359 314
397 149
113 426
325 304
208 331
0 34
279 185
364 207
391 398
147 380
323 387
216 330
149 294
257 490
445 101
268 282
431 304
230 165
321 396
228 407
441 30
215 80
139 220
470 431
312 30
270 117
448 487
282 486
476 449
402 39
173 421
225 170
188 456
353 307
214 9
391 433
365 7
228 459
390 356
239 50
168 54
394 361
347 468
269 176
67 176
449 171
342 93
49 175
334 382
391 254
187 401
408 135
94 404
113 488
39 336
391 204
65 59
379 285
313 264
440 148
319 232
325 390
417 13
395 375
481 103
4 139
274 21
425 413
253 220
56 390
94 292
203 299
84 159
424 82
82 249
334 216
106 402
267 159
386 375
479 163
154 368
389 483
248 280
0 166
57 2
146 408
208 151
311 202
136 144
394 87
303 219
121 228
239 262
137 388
403 126
346 116
452 409
189 235
253 200
54 41
450 310
462 53
255 158
302 125
64 391
110 48
128 367
129 83
324 220
198 119
87 79
489 44
131 39
92 178
220 384
195 146
51 170
180 9
486 306
50 334
383 50
269 160
96 363
83 251
370 420
499 133
177 457
349 488
19 308
45 441
439 239
261 92
453 491
149 441
275 439
341 199
212 10
226 110
213 308
80 161
295 435
393 431
272 472
133 94
35 291
30 30
122 326
317 143
84 75
366 467
166 211
222 59
21 378
38 300
461 235
170 118
402 256
81 415
9 174
465 214
96 396
223 347
490 218
145 392
359 426
137 363
422 378
108 211
11 443
30 147
117 473
81 201
468 19
45 162
228 330
226 362
209 324
394 301
194 51
477 391
106 53
431 467
178 28
324 392
39 42
15 354
407 8
380 96
111 376
58 425
288 339
16 284
86 349
401 262
154 132
185 230
49 260
141 469
361 228
122 317
23 252
112 137
85 283
11 492
270 48
240 69
353 58
259 256
18 291
423 12
243 24
137 461
282 144
224 130
447 495
99 346
335 470
253 211
204 273
321 116
185 474
384 61
169 39
182 143
8 40
416 458
419 103
247 53
183 53
48 472
318 482
305 147
358 154
279 410
27 414
240 100
14 212
103 124
120 35
427 138
96 128
231 344
249 367
420 478
302 285
267 468
467 121
127 72
335 177
92 258
358 362
426 332
457 224
112 30
168 429
57 39
383 116
483 140
470 133
418 403
223 273
246 37
462 190
367 225
483 297
11 311
144 193
270 437
319 453
382 382
421 339
455 291
283 305
290 290
193 253
378 60
449 268
458 124
201 411
60 178
489 184
230 423
213 133
438 0
382 32
224 172
463 303
460 31
322 98
352 250
162 367
136 82
207 112
23 446
124 408
445 436
359 466
99 27
27 72
457 390
62 409
64 33
64 378
476 377
479 238
106 180
263 142
254 94
40 470
230 129
417 165
131 27
54 277
201 82
324 433
194 158
191 387
265 259
488 108
346 93
274 467
109 304
398 37
359 215
197 439
456 441
321 114
243 439
373 375
161 445
455 198
437 355
466 499
459 202
147 454
422 157
462 421
458 383
99 212
3 169
111 148
262 311
250 432
159 358
303 476
26 172
28 110
461 463
17 346
301 420
430 164
86 75
310 392
104 396
66 261
409 460
271 29
313 24
382 374
350 472
497 37
499 376
191 25
223 461
233 208
372 24
451 163
407 310
207 114
375 364
324 125
154 285
309 95
469 467
291 43
80 171
399 288
165 79
392 90
298 389
265 126
141 171
333 69
183 49
413 40
165 58
195 237
184 171
138 356
399 6
177 282
422 331
411 77
167 88
329 303
281 318
341 94
15 423
472 174
215 198
109 237
326 232
404 304
13 10
368 394
176 264
96 46
475 99
39 7
162 494
312 368
314 444
367 153
180 330
380 191
428 395
479 489
146 254
116 383
130 159
275 485
383 158
257 371
230 210
204 148
368 393
189 369
374 183
365 56
99 54
301 245
235 27
133 281
16 381
392 249
86 146
305 167
391 469
31 414
415 121
366 236
105 283
318 55
463 479
386 183
429 62
89 187
468 164
397 222
324 337
483 141
160 262
232 140
407 51
25 115
351 322
105 391
447 308
140 424
459 262
325 26
213 388
404 266
489 34
371 153
294 165
427 206
347 307
358 11
127 254
428 235
127 330
139 33
309 426
188 279
305 269
9 365
132 370
404 414
419 473
138 275
482 214
373 417
429 181
287 83
319 408
238 215
100 298
224 377
156 262
383 264
482 313
184 392
158 114
87 440
68 78
144 77
494 50
83 17
100 423
331 370
437 271
69 70
299 389
151 145
262 308
121 34
279 244
358 157
450 437
15 445
22 18
420 159
28 368
292 3
225 481
252 475
397 14
403 322
319 197
5 407
293 81
325 478
488 72
10 35
332 290
308 377
389 206
75 228
83 269
250 219
194 160
174 3
177 444
141 429
188 348
430 498
328 482
54 107
143 168
458 416
146 475
182 266
346 387
156 109
328 281
441 407
262 374
318 467
397 291
139 459
309 437
419 69
29 138
158 326
94 172
499 117
235 240
127 33
142 82
363 284
43 470
345 157
124 157
448 163
475 373
311 87
9 136
274 230
408 38
62 433
402 3
243 61
95 137
71 223
359 89
412 435
444 402
411 257
272 68
294 359
298 99
236 105
187 307
197 362
147 96
451 259
173 49
39 46
269 120
61 110
397 128
382 473
82 341
262 145
4 355
306 56
13 303
462 42
257 200
148 12
123 404
306 451
498 296
268 345
455 267
248 330
155 353
46 482
128 238
445 308
364 484
139 251
146 377
430 102
466 403
159 430
382 89
238 465
310 380
499 358
188 266
471 247
82 344
434 17
178 62
46 379
482 394
124 186
140 128
383 54
336 106
195 43
8 70
450 285
144 319
437 302
401 332
28 260
129 483
45 314
193 307
54 92
130 176
156 178
84 270
376 40
83 420
491 423
209 443
114 293
95 353
37 51
163 497
332 418
232 293
452 378
322 426
454 6
36 452
222 110
150 120
41 450
373 85
29 384
177 82
287 143
47 273
122 325
243 62
207 454
332 475
253 160
18 6
310 207
318 407
27 384
334 320
406 68
304 60
142 287
282 482
107 430
107 181
244 229
183 350
177 451
463 368
374 431
490 334
241 185
421 308
481 268
189 256
316 239
26 493
327 310
92 308
342 434
163 51
401 86
389 199
67 431
362 353
187 293
330 352
13 280
400 252
360 346
85 89
435 176
338 111
271 262
197 283
334 465
51 212
411 88
19 441
146 330
124 233
437 185
465 306
58 302
148 365
307 418
446 233
196 242
4 137
420 320
285 53
118 254
194 189
130 381
212 213
446 128
313 188
494 236
38 278
495 53
323 187
272 302
44 270
407 469
141 401
306 179
285 278
467 424
306 480
193 449
77 370
58 492
228 390
20 52
457 266
305 16
318 281
51 78
399 215
468 310
341 392
170 274
51 126
106 490
439 209
79 152
144 369
259 137
41 224
342 132
148 499
280 0
430 318
33 183
345 329
73 1
276 186
312 243
233 179
388 271
423 25
394 319
308 419
495 153
285 349
348 337
189 285
104 480
163 119
300 137
491 360
46 373
117 119
298 211
482 202
227 186
357 405
176 121
127 165
14 171
360 412
50 215
195 50
169 154
143 211
71 470
343 134
253 470
181 312
15 51
89 163
420 242
216 446
111 96
119 343
107 478
193 479
381 157
163 388
451 51
373 307
441 23
345 68
381 195
98 26
41 248
342 40
486 461
409 58
401 450
280 28
359 361
18 473
213 241
144 182
489 17
40 17
437 282
329 385
263 170
418 428
468 304
265 261
171 306
108 26
54 425
286 240
213 265
6 156
190 279
296 2
371 31
314 188
425 309
479 143
423 188
344 250
363 243
402 461
487 34
311 362
103 393
158 97
106 168
299 17
19 296
328 447
135 243
52 494
137 412
452 383
133 413
8 296
109 496
383 410
273 96
341 194
144 228
248 352
369 250
398 48
495 240
335 226
220 483
247 387
271 210
475 200
348 256
253 483
394 458
406 136
182 19
99 248
100 326
428 347
247 321
413 327
53 95
78 249
136 126
188 325
377 259
16 163
146 226
36 121
109 392
263 442
190 291
470 362
62 290
463 398
225 309
256 377
126 131
109 186
364 262
374 297
312 241
319 242
363 310
55 355
150 324
115 318
33 340
483 85
336 447
256 446
175 61
192 365
51 301
416 153
450 415
157 290
32 114
425 328
184 247
71 480
150 334
26 38
476 183
130 361
160 164
225 239
456 335
137 270
423 7
423 53
195 226
340 432
260 79
326 117
449 296
482 249
139 100
135 9
222 467
131 118
209 382
218 209
479 165
172 207
260 254
480 447
379 307
386 173
142 140
288 64
165 92
44 271
132 156
124 31
1 354
89 107
316 210
227 307
366 147
402 252
51 478
285 234
259 431
423 171
87 402
346 211
482 252
408 390
421 466
321 384
492 275
485 410
69 160
308 65
169 435
413 62
296 220
151 50
73 408
310 426
490 160
412 156
398 472
291 172
57 171
446 112
374 49
209 284
349 295
230 369
431 370
90 495
45 80
340 94
372 118
130 150
158 362
187 42
214 56
227 478
90 271
172 26
310 316
111 234
455 11
381 193
188 387
319 323
417 85
55 159
161 290
152 185
79 319
227 339
169 293
417 306
332 259
427 441
175 494
5 38
83 131
370 238
62 271
208 41
200 331
473 115
300 213
384 478
317 231
25 463
269 487
98 294
235 454
300 378
268 263
246 158
396 352
475 116
9 310
494 184
151 61
274 467
445 304
35 158
473 115
454 412
206 242
48 52
282 294
409 349
7 51
403 155
123 255
418 378
414 132
193 412
379 418
222 319
329 325
440 257
22 302
44 246
298 80
374 445
146 433
484 135
290 5
260 239
469 265
397 178
442 236
154 442
261 322
499 376
485 90
392 291
37 7
88 289
234 187
120 314
302 380
385 456
195 92
210 497
28 165
401 107
402 470
144 407
283 163
254 495
286 120
128 498
287 175
363 68
234 21
253 335
144 36
481 138
488 339
356 191
150 16
338 109
16 52
216 483
478 151
272 322
320 117
292 400
320 108
481 7
195 54
91 235
225 339
30 424
115 213
81 239
348 265
318 420
255 217
368 386
208 85
202 140
392 380
340 347
354 212
267 322
409 401
240 210
134 134
200 123
362 101
218 133
53 210
427 388
274 308
394 148
288 334
67 448
295 181
245 407
229 2
403 364
74 138
125 496
119 60
13 177
310 481
43 232
472 364
24 323
471 247
433 270
71 259
292 0
260 366
368 38
402 341
332 124
120 329
241 457
486 239
220 255
339 296
12 263
438 311
410 389
11 409
21 196
48 82
301 313
203 308
150 169
145 458
139 482
291 265
356 380
487 277
425 76
192 326
490 438
327 130
392 400
96 190
273 413
78 145
305 74
95 134
92 455
289 93
358 83
463 80
209 215
143 303
129 135
425 187
170 471
372 104
294 62
475 320
317 419
493 405
39 123
430 441
34 483
66 72
152 244
311 30
185 214
201 455
142 314
138 126
230 164
226 10
182 24
444 53
459 0
475 289
82 498
334 257
329 116
213 400
282 334
48 24
479 467
134 249
375 474
138 272
134 457
481 217
270 316
168 277
419 229
80 143
401 1
470 414
166 82
416 183
59 449
268 316
65 39
365 402
26 292
249 355
72 160
329 83
212 343
424 497
493 131
133 4
270 246
328 455
490 289
90 97
413 49
440 358
113 479
123 157
13 139
152 225
308 437
280 481
330 20
4 57
413 323
421 489
444 184
473 250
347 286
335 415
273 112
91 276
433 238
230 67
292 298
236 382
215 452
324 368
425 397
221 328
169 339
375 494
96 113
399 200
115 295
408 87
215 388
479 351
418 0
299 209
443 62
14 387
255 158
55 339
19 181
372 128
123 189
154 247
447 71
367 406
493 414
154 275
126 208
60 133
342 397
459 359
246 285
295 474
165 354
387 203
183 36
77 259
358 158
230 232
490 157
71 97
372 335
43 225
359 350
247 103
315 53
191 207
33 413
119 338
393 50
86 6
117 77
235 16
100 475
132 465
414 90
425 203
281 286
137 320
275 492
397 384
443 442
356 88
279 476
26 475
334 172
249 465
481 451
427 337
302 433
23 59
115 217
355 448
120 248
240 344
81 395
338 137
78 24
353 46
373 209
381 231
48 207
159 483
320 381
314 438
349 474
191 337
137 316
64 399
243 257
5 304
294 176
201 195
241 224
433 406
137 114
174 314
297 186
419 185
123 469
444 234
71 472
289 487
386 61
318 353
10 482
158 175
370 156
380 211
117 111
78 165
479 107
145 104
289 129
98 64
298 412
384 42
382 222
283 25
379 268
102 453
481 241
397 261
324 351
315 129
294 442
401 393
497 125
106 46
110 286
50 57
451 261
335 434
460 333
102 470
423 191
432 204
317 404
108 181
310 142
436 423
168 456
81 189
235 17
303 188
245 197
310 205
139 196
30 145
115 451
494 484
40 391
147 278
459 210
204 255
178 121
77 492
181 346
215 159
199 416
465 18
223 296
492 128
273 215
18 374
210 241
132 365
143 103
313 131
387 103
76 17
9 417
116 154
313 190
458 331
202 364
160 275
403 277
344 4
231 29
270 363
228 441
396 254
385 223
178 209
78 272
42 255
409 439
481 158
489 74
438 439
67 43
321 98
454 322
351 165
380 185
479 121
375 460
184 375
437 261
385 362
117 15
307 427
437 378
452 288
80 427
322 242
192 147
469 143
161 147
332 321
294 41
354 163
391 22
135 38
252 328
195 20
300 370
100 2
291 237
16 53
295 223
370 339
334 488
487 191
364 495
389 171
335 11
33 243
133 226
406 168
40 385
107 101
456 340
430 208
261 247
322 446
137 408
248 192
235 472
467 235
407 452
463 208
451 94
320 496
16 84
470 78
179 56
249 429
137 135
234 179
125 250
159 56
100 263
87 407
495 188
140 406
115 254
348 103
99 66
3 20
98 467
23 325
254 129
265 272
451 392
142 351
260 429