8000
6 323
452 200
190 282
308 123
5 465
314 90
126 385
163 116
446 303
97 207
407 289
422 121
390 21
0 432
192 265
440 166
219 50
185 245
368 409
226 493
435 225
463 392
8 62
217 126
185 306
95 314
288 93
114 17
301 30
296 114
133 345
248 88
333 352
261 285
278 53
279 487
379 214
128 94
220 239
45 345
11 405
498 140
9 299
182 464
431 162
8 330
418 64
268 108
393 252
157 29
368 23
237 288
382 99
338 217
414 102
360 235
227 426
77 210
27 236
398 259
89 458
374 258
366 360
464 142
23 259
283 121
410 243
194 372
442 292
247 384
119 356
134 459
169 346
82 64
175 196
6 332
443 117
477 232
226 309
421 441
62 101
344 56
280 324
469 38
422 222
431 68
27 393
239 417
481 196
245 173
358 157
274 103
336 301
462 103
44 414
16 235
291 458
135 212
103 424
498 104
172 377
271 429
347 51
99 362
388 180
337 344
300 246
399 463
66 136
402 361
449 110
421 418
483 92
16 56
12 86
463 15
296 184
87 86
449 495
176 186
383 337
435 13
329 183
171 334
47 395
358 73
344 348
441 279
187 327
265 457
324 199
235 228
167 121
116 322
8 116
305 144
158 391
74 92
278 487
234 97
171 325
26 92
223 15
194 467
276 262
461 459
39 453
74 48
370 206
174 42
39 231
474 331
423 197
36 401
498 201
379 270
215 169
36 405
372 438
201 230
41 0
453 14
63 433
139 379
274 285
16 166
497 313
10 491
244 421
122 398
20 242
264 353
258 235
26 300
383 482
483 79
93 424
357 436
316 8
294 349
15 442
255 162
5 364
137 117
15 249
344 112
465 35
123 108
408 224
58 149
228 143
68 41
330 173
34 277
478 498
440 328
342 345
210 47
164 348
449 347
459 31
66 293
401 277
1 189
190 162
305 59
453 270
444 225
355 135
133 330
158 333
31 425
472 352
200 241
440 136
167 2
147 252
29 85
127 49
63 382
293 169
440 368
446 98
233 236
66 301
486 366
143 76
428 17
110 115
251 481
483 403
155 270
208 130
31 36
418 335
4 94
315 63
162 444
32 261
414 395
114 98
174 400
418 257
373 103
436 380
283 476
247 419
401 438
326 455
142 285
379 244
308 146
443 46
159 322
217 327
426 73
474 331
89 452
407 244
476 314
290 343
114 260
50 389
196 16
301 377
473 338
337 32
431 133
455 132
459 90
164 173
356 237
190 490
86 445
259 97
441 62
174 402
291 55
423 225
454 488
178 76
461 427
61 367
499 392
482 16
41 311
48 498
340 398
195 90
188 426
341 307
209 481
36 15
240 352
340 312
388 194
474 371
238 349
93 35
403 90
401 428
426 297
47 301
392 119
45 242
49 80
61 238
254 110
463 449
261 346
393 155
26 2
351 367
254 117
207 297
225 9
306 460
113 3
122 353
96 5
437 20
258 497
460 350
152 12
211 423
430 413
267 104
471 457
426 471
268 225
234 485
297 493
496 393
246 410
416 119
491 194
44 205
56 249
114 4
427 208
473 325
429 357
166 241
212 400
477 444
429 332
325 63
456 226
489 173
144 203
249 257
462 135
237 293
297 370
78 351
28 76
286 404
497 457
209 452
397 61
393 38
101 178
257 70
243 58
113 246
3 388
23 362
8 317
188 112
463 305
234 118
374 343
152 20
472 371
284 213
251 221
252 177
247 205
263 361
107 343
231 228
442 462
131 106
219 450
108 319
290 34
378 342
362 164
388 30
244 186
260 172
202 347
52 364
225 449
144 167
247 184
146 375
334 190
492 129
449 53
439 100
294 91
255 317
200 8
47 143
168 296
143 159
23 370
171 196
215 248
284 316
43 463
153 282
411 377
282 497
450 360
451 222
391 244
105 59
54 91
387 152
311 222
92 383
431 186
286 116
432 146
461 70
352 475
205 466
464 263
476 487
209 414
10 279
338 453
44 115
119 393
467 284
19 282
320 412
28 450
448 106
176 460
287 262
228 28
144 492
332 192
458 120
399 393
346 321
288 90
335 243
379 408
42 302
214 398
200 363
469 242
54 0
262 498
26 194
38 491
35 22
142 370
264 346
167 394
484 462
205 455
363 319
121 436
334 258
121 188
282 386
387 442
440 189
383 149
492 319
341 273
144 28
374 484
378 260
74 41
496 362
33 280
68 212
470 6
194 403
141 443
385 329
18 28
30 326
145 253
26 22
50 338
322 170
282 276
169 52
266 357
489 18
230 299
306 57
312 52
347 352
181 454
334 232
410 51
304 364
239 407
246 331
353 141
418 420
473 488
345 87
105 239
391 186
95 187
91 49
401 408
214 438
23 435
486 48
265 433
193 143
474 4
145 439
211 179
19 63
3 184
276 216
402 460
0 167
216 498
258 91
382 469
404 472
372 405
190 243
386 137
141 383
174 212
243 139
54 386
422 263
479 57
370 198
217 234
232 370
313 285
255 342
314 47
452 11
254 38
176 495
230 492
56 169
308 257
495 300
63 363
272 417
468 394
128 142
364 37
323 212
54 30
77 430
441 220
259 382
229 48
40 287
456 459
216 97
249 117
332 63
333 312
58 456
451 153
190 187
399 315
197 13
295 306
26 275
9 237
285 285
72 238
49 177
126 381
350 118
181 375
39 34
490 14
167 98
285 441
257 210
75 36
342 306
433 371
108 369
6 442
32 245
274 431
164 434
52 401
276 14
48 85
452 316
414 38
480 471
181 51
87 89
247 257
480 282
151 181
475 440
185 9
440 8
294 311
212 104
470 346
283 489
157 370
409 235
207 423
474 241
182 240
497 413
195 429
110 329
269 198
208 438
298 306
118 0
457 92
290 330
171 427
298 73
309 180
103 59
152 368
108 77
491 334
115 458
287 38
237 78
16 57
215 297
297 314
406 333
16 254
34 196
121 39
220 184
243 430
150 323
253 247
81 259
69 96
134 48
126 356
265 223
20 142
308 481
166 318
72 214
262 182
74 458
142 384
166 294
469 237
484 169
428 222
170 417
466 497
205 305
28 92
87 323
156 49
219 395
462 174
209 143
102 224
460 283
77 96
334 479
148 46
121 318
236 428
277 291
448 54
146 334
157 329
230 233
129 165
340 449
444 443
19 49
332 46
143 332
311 261
159 329
147 311
91 132
424 235
289 368
54 224
405 288
373 212
229 135
436 354
297 69
470 381
279 317
149 154
415 422
251 312
123 427
59 251
338 66
434 335
60 128
268 488
52 465
453 141
496 134
55 241
122 293
462 26
180 254
28 111
423 448
375 280
383 398
464 434
270 221
201 250
239 182
499 469
463 143
277 452
46 459
104 333
211 20
274 67
30 243
191 303
435 454
352 66
353 318
391 169
419 123
305 445
266 10
154 156
109 229
40 283
468 7
27 497
64 31
275 302
105 94
400 466
385 392
210 105
274 238
213 453
398 193
204 370
26 165
394 210
345 487
494 287
284 314
345 22
176 200
146 472
439 133
25 47
152 176
266 235
40 426
471 331
201 439
104 27
237 79
67 350
137 83
249 413
287 273
473 446
419 463
96 120
19 210
386 121
208 171
449 4
335 249
188 272
300 388
467 144
346 37
472 386
300 336
109 221
20 87
403 83
55 439
1 499
473 74
245 387
243 33
282 46
318 78
466 322
318 470
8 285
172 165
1 480
54 324
263 110
45 74
365 166
18 100
174 366
105 491
24 271
169 348
278 159
333 340
310 244
381 152
317 170
3 405
229 170
280 57
483 493
159 178
278 348
66 29
20 305
428 171
19 397
408 450
290 297
393 241
245 452
123 126
32 414
84 126
35 261
106 365
395 18
218 266
147 173
330 284
455 168
417 111
61 326
475 177
270 351
303 220
346 16
430 278
404 230
492 367
84 439
309 98
216 479
152 27
311 364
384 335
446 118
296 153
182 7
210 271
343 452
320 365
144 190
272 103
470 400
340 264
215 54
33 1
29 283
499 37
224 192
311 383
388 170
29 107
231 70
375 239
457 74
116 47
150 453
353 389
5 472
26 45
47 72
356 411
301 428
120 355
91 25
48 283
391 331
254 77
169 474
400 129
176 478
431 17
258 179
151 284
182 115
188 30
293 229
157 396
103 446
472 277
61 46
378 20
449 304
130 132
261 470
448 30
399 289
320 379
16 157
273 324
206 198
427 313
209 351
298 436
65 164
211 270
142 478
134 89
221 443
414 264
147 334
475 362
242 46
56 148
472 258
456 181
494 178
29 235
171 55
219 327
449 88
67 430
371 443
387 201
318 444
278 301
163 465
11 106
254 257
367 67
248 78
256 175
410 242
149 137
317 433
22 369
151 118
62 441
142 375
319 301
102 460
425 98
56 117
227 289
356 310
388 94
122 105
199 496
485 32
318 201
422 154
273 192
133 73
448 187
488 127
88 268
218 442
59 365
154 126
288 286
233 363
320 28
24 355
239 19
72 361
16 409
101 494
420 141
180 86
214 220
340 168
462 154
19 410
36 21
160 26
389 324
352 245
452 209
80 228
90 191
453 153
499 458
451 54
493 419
140 131
151 207
213 480
243 113
486 232
110 279
104 498
243 351
60 308
37 195
239 493
498 479
289 192
98 497
269 240
223 91
150 261
93 374
487 363
448 336
116 325
324 58
410 72
232 67
115 322
167 269
100 206
398 165
15 389
481 348
440 136
397 204
78 442
306 490
327 417
243 254
164 295
367 419
338 426
101 99
221 453
159 268
286 173
415 409
110 153
289 396
101 402
344 186
28 31
301 150
256 355
2 396
315 273
199 369
321 153
459 300
421 42
67 470
380 59
212 482
379 490
392 353
39 332
363 88
239 419
127 16
412 347
120 129
499 79
233 172
324 172
66 44
14 245
304 133
116 246
88 368
221 495
327 480
421 112
32 42
59 12
359 159
140 323
403 332
4 139
311 488
32 328
426 229
363 46
145 82
451 479
326 233
66 24
137 153
47 487
499 21
32 458
282 210
42 172
164 37
25 398
79 327
57 409
307 357
439 420
399 452
186 242
119 225
230 104
91 108
129 129
88 442
152 161
185 222
259 47
445 349
177 136
45 376
233 234
6 352
305 25
119 257
334 343
447 238
346 416
45 38
480 475
488 485
207 484
31 26
375 318
454 477
205 404
490 499
204 439
464 496
253 9
352 83
174 87
3 299
189 20
348 401
386 21
5 336
362 446
116 37
366 90
494 423
274 71
10 485
333 478
487 326
262 87
26 191
342 436
456 382
283 31
52 156
345 21
467 58
447 59
149 436
359 313
384 496
481 133
112 247
425 314
253 451
143 187
475 280
162 485
369 284
440 297
318 273
183 285
345 138
74 130
443 494
342 433
418 180
279 323
490 382
334 204
244 95
375 329
166 219
3 389
186 35
309 444
81 5
143 344
475 426
273 69
2 270
450 115
291 272
155 81
286 133
228 489
170 30
249 456
345 336
372 105
49 384
389 33
377 130
409 384
453 204
475 182
297 307
79 277
359 440
73 86
427 145
27 302
258 97
434 276
381 455
339 158
43 282
265 80
464 272
477 174
356 269
428 304
81 5
446 360
446 440
437 19
173 374
323 464
93 431
239 257
267 326
461 78
159 310
435 226
400 475
97 412
216 108
113 25
237 149
90 411
283 184
410 379
196 456
240 233
343 289
467 331
409 110
273 428
6 420
248 208
472 406
366 197
74 40
189 332
243 312
496 131
363 378
187 258
491 59
200 279
110 186
149 167
448 371
144 274
334 454
213 392
441 306
198 79
411 15
327 387
371 7
385 175
433 234
293 424
203 277
463 493
12 313
37 464
238 312
119 181
73 72
230 332
263 366
381 428
168 27
34 209
236 39
125 271
196 170
299 418
263 399
65 262
79 127
440 102
283 317
390 411
243 208
74 120
401 358
385 307
16 69
460 419
43 253
275 85
3 239
490 74
188 118
97 55
9 267
437 389
300 292
352 179
151 395
254 278
86 52
121 139
411 454
59 81
18 454
45 334
260 21
491 35
443 449
68 89
478 452
97 357
36 131
26 301
80 188
240 280
272 166
120 214
147 183
137 180
366 166
39 34
69 127
428 31
472 364
317 348
206 302
433 266
67 94
282 312
92 147
165 375
89 216
399 138
318 236
254 388
422 36
163 294
177 344
208 443
292 1
303 377
143 350
444 89
253 63
62 227
454 197
414 80
218 43
131 313
54 388
424 386
180 476
172 440
383 209
210 381
110 27
229 365
306 254
169 174
253 59
109 231
311 207
102 23
188 381
269 233
471 242
71 194
486 151
212 243
124 369
249 274
140 235
341 478
4 298
210 362
445 109
168 319
194 109
490 270
356 382
125 260
306 327
331 196
439 292
13 43
318 416
3 262
93 310
460 196
58 449
59 170
341 355
464 227
350 35
418 455
67 206
33 43
91 373
17 364
260 382
298 30
145 430
240 153
349 238
187 200
223 259
115 246
326 64
100 79
386 176
234 370
265 453
326 267
484 356
238 195
226 96
26 389
42 371
461 266
318 244
355 148
247 41
458 470
402 425
453 410
280 288
94 187
306 45
253 272
468 142
238 343
232 194
417 264
382 127
371 378
26 201
94 226
49 125
50 404
314 451
91 355
42 446
343 185
458 201
343 96
440 426
472 82
198 24
151 389
267 81
134 22
101 145
123 80
485 150
453 25
381 151
98 44
82 275
476 441
390 392
170 172
106 330
206 142
383 304
237 358
232 150
147 371
452 333
335 270
296 289
440 288
185 29
304 38
332 267
159 281
453 222
404 329
323 59
215 110
468 206
208 453
324 53
386 355
478 128
417 74
362 126
155 358
248 47
166 459
92 80
154 177
358 45
456 58
169 181
387 172
125 489
394 95
303 301
430 133
207 133
259 199
409 421
321 414
225 10
90 487
17 170
67 245
155 375
57 24
48 176
18 296
244 25
326 412
45 399
32 108
160 252
26 291
57 69
431 347
334 134
304 22
119 203
79 372
248 126
303 488
284 296
321 321
85 380
279 499
108 131
235 311
102 120
41 261
108 11
146 473
347 295
498 450
174 318
444 429
417 422
218 247
420 54
434 391
391 6
489 214
377 351
471 76
338 332
343 12
337 298
445 489
292 184
2 296
225 466
389 447
46 495
49 459
351 319
177 335
401 242
445 166
242 279
463 268
132 432
83 306
296 470
154 380
176 440
406 157
456 254
101 295
255 354
25 2
337 458
200 202
220 91
222 497
265 315
247 185
491 397
367 182
63 139
79 374
383 239
345 486
133 339
45 446
448 240
198 71
125 286
229 250
247 346
161 451
136 364
262 408
91 127
267 481
355 154
245 198
36 238
429 91
389 22
262 475
398 338
476 313
63 23
369 205
156 163
27 30
291 292
271 289
123 234
240 390
89 478
217 337
428 477
499 498
325 318
8 262
75 223
247 484
189 490
153 468
351 197
341 181
322 494
228 112
3 445
424 320
157 444
421 493
491 438
108 273
35 317
392 116
452 462
304 491
312 493
190 458
139 163
157 31
495 313
259 237
409 498
294 35
28 66
4 68
341 371
40 464
80 228
42 433
276 32
377 346
304 88
251 67
450 295
109 260
349 446
296 220
255 258
177 443
11 135
6 33
498 352
80 399
184 430
315 122
320 460
401 192
260 125
272 4
265 62
360 233
453 466
225 157
100 60
195 402
435 463
315 54
453 285
216 247
221 489
449 31
223 41
18 350
355 335
398 143
376 472
438 110
119 182
242 15
269 219
34 438
344 57
342 349
448 149
138 58
441 21
63 87
290 165
0 433
76 497
469 250
361 453
135 259
127 480
52 229
19 396
305 438
140 363
12 0
410 88
110 150
90 352
17 25
458 380
229 369
472 35
340 198
309 185
17 327
56 436
185 421
360 428
291 490
342 0
440 156
306 253
105 50
75 248
480 474
195 386
273 209
259 167
204 465
292 69
357 222
495 200
480 42
385 355
207 272
280 227
480 148
50 86
187 437
411 478
364 167
377 107
126 489
454 136
57 331
405 98
150 415
309 400
108 131
255 46
274 315
315 35
473 106
44 366
344 160
180 307
414 60
401 409
397 393
224 355
305 455
222 129
381 307
438 383
430 489
305 45
432 56
14 472
338 406
418 58
218 34
446 450
359 484
377 347
54 257
212 453
82 359
167 286
169 316
305 457
355 451
7 462
435 287
45 374
432 273
160 316
266 2
487 106
454 126
383 364
318 8
220 447
85 252
68 239
48 106
58 226
188 403
43 417
291 123
249 440
256 76
78 409
367 375
1 417
134 321
182 236
35 304
56 254
493 472
78 477
55 393
149 488
406 243
219 192
132 49
477 468
377 241
116 56
325 244
418 469
57 459
263 452
206 92
416 172
1 51
296 494
483 56
299 445
137 241
290 18
338 122
363 120
28 67
164 331
300 353
313 82
386 209
153 428
100 444
347 69
63 101
9 143
89 46
139 309
179 78
200 282
402 18
85 415
246 430
283 249
183 398
107 448
377 421
365 112
181 329
431 212
356 245
143 292
101 297
375 283
417 133
3 428
343 319
101 440
42 442
192 384
185 77
499 152
264 414
243 364
429 446
43 26
319 137
434 186
321 272
405 161
89 238
409 260
201 285
79 10
247 243
320 271
275 432
346 319
36 392
338 441
468 465
102 233
271 287
59 36
197 93
183 317
77 139
424 445
455 278
373 3
126 54
338 194
365 402
146 36
478 401
218 336
69 446
85 320
208 340
285 144
461 258
397 469
266 391
169 321
176 73
128 43
89 302
56 466
355 454
208 202
38 333
279 426
99 107
300 216
360 307
65 85
406 174
65 314
135 172
246 234
129 163
466 226
44 70
377 374
429 399
232 85
363 467
427 363
79 462
122 227
164 292
466 39
354 423
447 31
117 341
5 193
271 99
169 323
49 316
215 46
483 478
446 300
15 347
161 225
304 95
239 283
323 320
243 205
88 29
370 191
236 57
156 227
402 8
176 178
224 452
430 243
43 208
407 228
453 59
6 68
204 109
430 245
302 379
408 173
364 390
299 130
210 453
461 456
134 112
416 489
232 210
270 347
427 128
39 177
98 233
342 45
142 154
33 124
298 296
38 293
423 14
319 337
145 133
98 132
121 279
342 14
213 354
482 112
142 141
374 21
418 92
246 68
193 412
60 279
424 343
209 98
435 347
333 29
161 81
212 283
297 135
489 54
19 11
4 323
196 13
105 230
150 114
378 203
334 195
390 438
388 258
457 100
481 323
256 290
73 494
129 321
227 223
86 118
293 246
111 442
172 489
455 68
271 174
370 185
123 105
215 260
212 11
187 173
315 193
40 295
116 241
316 169
140 344
442 402
344 433
275 406
474 368
394 230
416 246
203 264
377 391
255 271
444 89
135 442
89 111
352 175
344 58
402 168
422 336
270 196
102 118
486 45
127 429
175 381
497 43
287 230
1 374
316 42
336 297
409 451
126 425
483 113
282 322
159 237
286 204
175 281
178 240
169 161
394 157
53 196
279 244
470 340
382 280
430 286
237 70
347 191
304 215
390 183
272 86
143 401
34 58
151 318
331 212
369 320
17 78
174 274
114 296
428 144
283 348
418 210
401 372
88 118
301 206
144 330
231 73
484 287
457 265
329 135
307 141
71 50
325 324
472 245
241 291
140 253
463 24
397 410
28 365
71 337
167 329
255 215
355 250
367 91
226 164
157 48
98 33
210 228
325 275
67 34
287 67
443 207
117 251
468 192
29 498
179 39
106 48
298 434
377 313
478 17
65 103
489 487
216 164
291 199
85 393
312 358
65 373
476 256
448 35
33 444
483 330
378 64
351 441
255 29
46 228
184 85
72 464
128 173
224 140
34 271
130 309
34 346
454 195
82 10
454 403
233 467
32 289
231 463
492 235
463 338
275 391
355 147
172 347
340 335
106 248
410 374
72 236
284 444
455 27
282 218
186 261
51 367
330 70
305 134
324 175
66 120
268 99
298 421
108 292
41 138
12 214
303 451
395 437
316 87
305 202
464 98
317 343
413 367
353 147
174 70
191 29
128 240
13 311
103 426
65 121
188 496
447 429
366 491
78 195
249 182
132 235
79 65
432 449
449 344
415 137
166 123
216 458
269 146
73 229
351 224
221 490
271 391
382 20
215 138
172 460
195 465
30 157
458 126
471 315
304 407
383 238
196 471
117 99
328 465
189 42
384 31
422 262
283 156
146 156
116 350
315 170
327 164
290 198
365 138
397 113
351 169
492 280
379 47
364 462
4 60
443 406
20 241
397 218
374 303
154 43
213 343
359 321
19 393
31 1
115 236
406 428
61 318
366 398
360 292
352 82
340 217
458 148
218 361
164 355
250 444
139 170
492 315
208 498
0 363
452 91
372 115
433 358
108 433
225 151
86 321
390 430
430 426
139 348
55 148
444 304
326 157
472 84
82 170
386 33
124 82
49 338
48 496
429 335
486 156
477 7
437 424
351 367
67 367
367 490
146 474
131 311
395 325
495 104
489 330
264 381
71 113
462 314
149 119
276 243
250 487
264 105
325 39
406 467
309 392
367 125
437 308
133 350
454 184
14 128
362 295
409 279
445 433
53 223
318 446
285 181
286 69
460 49
16 111
356 367
492 178
486 75
425 281
466 119
99 232
27 332
463 461
247 288
11 408
354 152
333 330
251 492
41 471
435 211
430 410
88 291
366 275
56 74
45 291
23 374
207 144
458 51
339 170
431 205
357 203
385 137
129 42
365 136
347 23
285 300
443 130
405 225
299 161
453 313
188 196
340 328
231 247
269 298
355 423
478 200
338 212
106 363
499 467
342 472
124 198
328 127
352 68
229 85
251 3
199 34
363 439
38 392
190 446
221 307
360 46
110 199
62 198
17 217
41 61
112 360
339 165
85 292
378 44
47 315
349 129
420 99
491 64
11 310
117 33
431 84
284 329
27 42
111 346
260 397
109 4
169 372
164 300
344 107
422 42
23 392
343 123
188 295
105 186
219 51
135 75
404 151
45 419
118 284
181 8
12 378
250 142
442 33
140 414
309 287
31 414
38 184
480 226
412 226
129 85
160 131
134 264
36 65
349 31
39 154
32 382
24 403
437 134
400 318
105 429
344 209
246 488
214 382
460 226
311 126
110 89
353 324
389 96
128 241
395 90
324 19
423 279
265 200
18 212
141 166
227 124
464 337
219 473
199 179
157 179
120 363
187 267
216 326
67 428
370 344
363 315
94 194
394 138
350 360
378 412
388 492
329 105
79 353
384 401
432 130
493 41
161 53
379 32
460 229
73 446
113 182
376 288
427 208
420 270
35 129
121 150
255 275
128 303
56 186
317 364
258 488
393 162
195 419
148 272
71 7
190 73
213 184
244 66
189 492
122 16
166 76
351 95
398 274
460 332
196 306
295 277
440 454
225 40
165 487
494 225
298 236
272 36
103 364
356 369
237 144
72 478
74 256
30 423
107 324
131 342
120 304
110 278
318 412
251 336
413 483
71 97
134 212
76 196
417 89
233 284
263 154
262 157
432 189
13 144
487 40
196 496
274 459
223 158
346 445
280 474
71 260
324 352
400 205
294 252
36 317
323 379
36 299
340 86
82 321
361 354
350 69
28 409
67 477
422 251
225 414
174 202
406 149
354 498
102 306
123 1
380 138
290 299
385 269
90 130
484 467
389 303
212 187
16 417
21 279
45 438
492 98
247 71
69 251
57 454
455 171
162 33
332 335
456 452
82 69
388 398
201 419
458 277
47 413
45 474
264 420
18 90
14 256
7 118
72 83
107 417
302 27
214 121
73 134
55 171
421 7
426 443
73 123
388 236
210 472
392 433
376 474
83 410
380 390
325 442
359 452
331 284
405 161
147 46
69 330
338 202
498 490
113 116
353 71
43 354
287 415
390 287
49 15
257 473
415 430
382 435
219 127
140 214
112 477
307 288
342 33
23 497
466 340
263 489
343 171
86 158
445 482
350 328
153 495
425 107
42 69
48 159
225 114
91 188
476 189
222 250
100 319
11 98
439 66
89 275
433 134
116 175
356 379
226 318
426 9
430 3
162 320
434 478
19 240
429 377
128 347
166 152
102 228
146 30
305 41
175 235
410 238
469 291
110 118
128 195
198 388
208 410
241 213
453 495
372 260
107 234
238 352
80 126
156 340
381 226
461 313
51 56
200 224
194 373
420 162
402 174
85 119
184 462
457 326
438 489
223 330
34 45
23 462
154 115
193 179
492 36
444 7
231 396
121 144
158 277
452 41
12 60
23 37
215 196
185 332
14 153
198 261
75 49
164 74
253 229
265 209
216 98
346 210
206 299
77 319
360 217
129 29
418 373
421 4
337 133
286 459
220 203
252 336
410 295
24 268
478 16
466 142
204 46
346 164
483 262
331 423
304 343
68 461
465 222
355 342
301 154
358 141
329 21
168 110
231 240
256 44
186 209
255 74
238 242
357 453
376 221
416 188
149 32
254 485
179 467
121 461
102 480
353 479
442 284
24 21
417 173
234 132
58 456
198 341
295 296
17 55
96 23
56 285
270 245
212 310
272 301
281 186
165 226
362 134
7 459
484 386
370 425
233 218
60 428
76 283
191 355
378 445
231 287
32 434
97 353
155 97
283 221
299 436
423 300
260 162
400 430
207 244
315 271
51 440
224 375
82 480
425 267
54 312
99 156
10 86
183 196
269 165
101 318
119 68
230 376
307 231
327 483
106 366
159 142
369 157
489 235
2 451
116 415
71 56
494 215
263 81
98 30
348 32
452 52
428 319
50 35
18 235
454 378
372 124
133 113
348 242
45 123
38 350
258 161
376 461
395 252
282 491
375 493
397 131
450 328
215 326
413 353
231 233
209 367
332 103
197 342
317 180
382 243
404 207
169 140
245 133
476 416
261 27
10 352
32 159
485 313
166 99
332 398
118 249
352 393
87 450
483 402
145 405
112 365
358 401
386 133
49 455
482 363
67 311
470 345
158 451
50 307
205 324
73 382
127 175
126 277
179 214
119 109
326 176
78 84
69 36
491 464
179 119
282 326
171 246
197 104
411 329
5 99
481 468
144 430
207 460
175 122
83 239
415 146
82 409
298 345
162 152
123 289
467 341
440 257
361 138
319 489
89 124
444 324
254 422
235 440
62 314
405 410
408 145
407 320
18 491
143 57
198 180
373 118
375 166
304 165
155 88
64 476
300 96
370 8
449 407
73 105
367 363
9 478
150 276
267 268
325 168
200 262
232 23
41 74
239 107
47 198
174 246
342 111
119 326
85 65
170 420
284 158
488 38
166 145
413 491
159 285
47 90
465 212
286 279
238 7
205 377
124 137
100 231
57 318
383 219
492 143
153 406
296 276
421 142
133 462
247 186
128 144
356 146
277 93
452 494
372 367
4 9
240 496
166 104
175 298
441 402
308 167
295 94
88 456
418 216
254 221
218 17
15 382
476 426
421 292
11 280
290 293
141 367
323 30
180 159
61 350
18 473
420 221
177 165
234 8
82 447
464 488
371 152
78 331
475 199
479 499
144 486
353 269
152 137
149 28
379 184
158 210
432 249
414 78
438 109
409 148
137 372
24 225
57 8
207 455
306 32
371 38
308 451
440 224
253 312
496 89
152 484
233 6
84 84
45 147
296 375
247 454
180 285
293 124
79 237
121 352
390 385
188 492
69 50
214 481
70 174
158 211
217 74
158 391
38 154
381 56
362 186
471 480
104 42
131 116
320 35
421 253
97 63
465 461
442 166
340 180
243 365
439 498
241 312
318 450
358 280
318 199
180 220
263 290
258 136
172 246
351 79
494 445
258 449
467 459
139 201
418 308
158 234
47 209
11 400
32 365
417 369
90 202
492 449
85 205
451 103
34 109
54 155
104 28
487 165
218 71
231 479
213 136
197 242
494 112
478 209
430 378
80 247
196 372
77 425
28 281
243 381
36 62
90 297
314 492
415 429
408 32
20 499
93 122
234 218
279 87
317 64
163 209
82 397
174 359
493 11
244 202
116 236
385 280
124 58
488 200
232 392
391 248
222 105
323 484
423 309
225 102
163 240
489 389
100 97
109 164
218 93
181 353
486 187
245 67
119 110
2 85
186 351
456 245
229 408
217 131
85 4
96 443
184 101
198 86
102 284
230 307
13 172
359 411
478 351
461 457
394 97
301 316
413 80
341 109
241 495
499 58
353 178
279 96
34 389
174 478
137 136
160 404
315 2
353 20
329 146
243 167
335 223
156 396
6 248
243 497
407 99
277 95
191 113
2 409
387 77
65 28
284 376
379 225
97 100
98 232
399 426
2 193
90 234
483 158
7 448
399 78
173 414
379 28
437 216
145 382
410 176
53 210
436 195
147 284
16 385
312 97
290 268
354 314
324 232
180 337
268 183
97 431
460 293
362 329
211 397
74 7
218 473
20 479
263 6
391 19
116 131
399 55
221 259
491 254
443 45
80 24
455 63
357 178
359 415
313 219
226 70
395 239
70 296
154 416
287 333
316 398
453 404
163 216
322 175
72 6
30 117
181 153
183 486
401 390
109 42
464 66
157 187
336 359
127 227
412 490
388 415
171 81
149 194
369 186
192 471
440 293
446 223
209 121
11 481
23 462
381 472
12 339
51 390
118 348
190 178
445 382
463 79
125 116
154 112
435 494
287 347
70 376
349 86
67 131
445 361
185 443
282 326
217 197
45 333
364 187
421 236
167 161
130 237
349 292
138 284
131 137
365 277
215 53
184 214
427 135
78 482
308 113
310 212
398 377
416 208
296 114
275 338
75 315
107 405
42 276
413 97
226 173
79 130
345 442
77 115
97 272
385 7
219 258
135 48
256 469
83 52
242 404
219 211
116 317
445 178
275 10
184 359
489 1
295 263
378 186
459 372
379 328
86 196
96 451
420 221
125 204
108 356
419 219
36 327
5 387
398 482
193 132
486 82
197 34
73 281
6 427
255 32
80 237
188 341
415 177
381 461
169 392
112 342
169 88
475 0
334 27
159 373
307 379
414 497
131 4
284 339
371 137
374 391
85 303
332 415
228 352
244 66
408 397
337 208
61 429
456 312
38 395
275 468
465 345
202 41
380 96
85 338
229 103
258 312
227 314
166 91
9 455
204 263
471 417
346 41
205 384
280 155
475 95
441 407
300 440
389 495
333 180
135 326
138 62
377 393
336 217
172 395
158 345
262 228
121 482
366 461
468 179
274 498
405 443
235 67
414 205
237 476
303 247
162 372
118 441
159 391
286 454
152 183
264 445
427 414
227 385
416 145
144 47
490 191
110 49
107 78
54 25
124 344
69 357
151 286
177 39
345 162
197 464
261 497
264 461
199 40
185 491
39 115
158 329
231 381
459 121
146 190
386 366
223 270
57 455
346 226
240 86
402 192
189 438
399 15
55 453
297 450
418 93
274 188
69 76
197 357
47 381
247 195
318 434
241 322
401 375
313 88
132 141
79 216
231 321
127 331
281 139
232 424
112 199
128 358
216 33
266 177
373 263
197 365
40 191
418 439
379 441
434 83
151 11
184 14
197 383
374 311
87 478
30 458
316 51
437 158
187 32
296 203
421 412
455 345
136 461
254 225
309 15
378 188
54 460
195 63
226 251
230 69
27 314
365 112
122 196
228 302
358 309
222 376
222 279
92 177
403 358
226 346
34 64
24 104
19 89
340 220
141 246
60 422
34 21
217 277
80 156
318 297
174 438
69 392
69 248
458 161
7 324
240 184
141 393
482 265
337 12
110 175
449 478
351 170
300 336
344 68
366 380
170 162
54 392
140 239
252 476
152 450
487 111
4 393
10 480
492 339
14 347
177 103
125 315
151 29
449 425
157 496
10 315
59 327
418 65
393 51
2 22
133 397
290 489
469 138
477 300
499 313
416 343
10 177
206 394
319 162
10 155
323 329
156 20
437 234
286 427
449 182
80 140
129 435
73 222
23 450
263 402
245 374
51 32
278 107
269 109
117 97
278 279
152 292
378 287
214 89
124 164
304 15
450 204
426 285
235 375
277 301
176 351
235 374
482 79
41 13
462 103
235 158
302 241
28 387
328 180
197 94
109 452
156 1
139 412
287 435
236 374
77 417
143 412
344 312
325 125
81 385
395 288
29 316
203 49
229 409
3 383
188 278
132 112
376 344
131 271
497 16
433 368
132 75
387 428
406 476
361 65
205 487
303 108
157 234
495 358
93 239
17 498
462 281
478 149
420 339
207 109
477 418
345 140
420 462
438 84
149 326
313 152
112 354
440 468
326 270
361 435
433 420
53 378
380 248
87 31
141 300
70 294
286 470
432 267
352 206
385 223
227 1
356 198
167 339
461 148
84 345
117 322
53 369
117 171
54 433
85 56
202 47
18 156
275 340
399 302
377 127
129 284
482 456
296 337
485 1
347 109
432 69
291 464
487 485
418 260
317 42
89 3
11 19
212 459
114 287
266 111
395 343
300 395
84 229
231 96
205 70
491 78
394 489
474 282
43 382
276 244
100 212
83 217
29 463
102 295
406 143
486 369
264 153
383 286
234 201
271 114
44 292
133 262
397 438
172 460
204 292
356 300
18 156
120 439
235 47
42 222
443 493
499 28
167 60
261 382
348 253
397 32
146 392
182 31
491 395
39 355
7 47
204 395
335 25
424 176
250 422
267 466
347 194
254 266
0 366
471 367
399 348
92 369
400 397
293 275
482 243
290 332
228 489
367 346
22 415
337 291
110 273
319 104
223 309
175 73
440 223
424 146
367 191
88 16
143 119
362 233
418 477
467 5
351 498
413 186
329 374
499 102
58 439
100 318
243 281
357 275
274 35
226 281
149 493
113 166
252 145
122 327
184 170
20 441
127 36
262 433
387 457
248 113
431 445
79 201
476 174
209 436
69 102
448 287
305 70
215 413
240 57
79 338
279 277
313 99
384 407
216 427
40 271
69 316
17 323
497 148
84 346
300 58
197 153
223 248
161 2
60 291
129 254
31 139
91 408
167 196
475 327
99 235
52 15
338 20
168 421
119 187
97 252
257 420
20 294
296 332
123 34
288 208
200 104
13 171
219 143
470 32
268 194
209 421
441 172
445 399
438 109
213 65
337 35
329 470
155 357
391 477
38 130
235 31
202 238
381 100
132 273
467 351
273 252
276 28
427 214
176 222
139 365
252 389
212 476
333 81
411 367
497 225
108 449
187 232
332 311
436 420
123 317
421 404
432 248
463 198
272 212
429 491
380 411
387 182
115 92
459 220
297 26
475 309
393 406
69 14
286 78
395 5
261 410
158 168
366 194
258 473
464 138
401 187
369 197
289 288
361 485
363 101
410 158
416 191
205 303
381 337
343 344
254 128
297 456
150 264
238 15
6 408
448 54
251 407
48 169
154 41
142 409
419 370
61 404
59 188
25 118
462 441
421 220
177 216
481 70
86 179
440 71
125 444
203 388
57 377
270 251
12 64
434 264
168 432
472 495
465 227
20 497
70 428
144 442
364 247
278 477
48 302
246 218
458 174
403 302
53 16
432 173
437 66
350 366
213 457
184 174
171 178
458 205
499 93
192 103
432 215
18 471
189 481
7 116
418 0
16 262
435 324
242 300
166 224
181 444
118 231
261 365
422 289
235 220
175 273
489 427
398 107
440 359
475 440
440 299
61 246
70 308
108 496
72 312
256 126
209 253
471 374
15 470
42 393
19 250
178 69
177 8
367 428
368 469
269 194
440 160
468 182
31 362
26 76
202 103
209 134
8 411
234 180
425 376
478 128
198 444
304 8
437 227
196 23
70 305
466 317
0 10
225 286
363 31
486 251
386 417
181 195
375 246
474 267
395 153
97 453
461 93
172 254
277 250
408 221
38 347
210 374
12 390
273 287
390 227
145 260
455 128
375 178
445 183
336 201
6 192
138 285
39 468
70 310
31 169
368 478
204 422
312 430
69 217
444 438
198 460
88 441
119 5
40 315
17 416
461 228
14 23
343 99
261 405
426 414
392 293
67 147
429 449
166 231
169 499
459 110
404 219
77 399
215 375
292 469
198 84
459 105
204 64
321 155
69 465
110 100
247 313
114 29
261 176
27 280
243 282
354 486
238 147
22 431
252 453
37 166
271 450
366 348
3 475
293 188
288 424
90 255
285 35
63 204
485 398
32 91
429 228
227 386
169 167
472 249
268 422
224 361
210 39
367 91
279 213
490 12
267 419
306 80
284 404
154 369
312 121
201 187
425 94
113 428
30 95
17 86
447 298
189 93
184 9
75 56
68 315
234 65
145 188
92 40
262 281
255 99
286 74
20 456
237 211
158 134
220 119
269 27
121 19
29 458
15 305
121 456
21 435
123 207
248 18
151 68
167 10
84 406
215 305
368 457
91 452
423 27
54 163
182 192
150 175
333 63
19 17
453 306
13 392
262 76
144 261
271 414
320 163
468 208
17 35
339 337
364 108
271 262
306 270
446 305
221 309
326 131
437 92
485 131
60 302
416 247
161 56
220 39
99 334
221 188
25 116
224 413
175 241
12 347
153 334
143 310
441 374
318 321
453 230
384 303
403 365
421 300
340 416
102 141
182 439
56 324
237 59
301 132
480 264
450 165
475 133
359 93
267 268
350 177
333 72
437 234
35 88
4 358
352 227
166 107
283 34
93 74
207 372
136 394
59 187
172 439
32 386
154 31
60 299
223 4
239 245
333 160
19 126
353 338
297 371
257 371
446 432
304 350
97 5
192 292
231 156
395 216
99 116
267 49
406 159
405 491
151 145
123 90
428 22
245 328
199 77
361 2
353 497
354 165
310 302
458 398
114 41
9 205
255 213
225 277
268 161
158 482
72 271
294 133
461 353
282 391
394 12
362 144
161 99
401 216
115 471
365 211
417 81
295 374
3 24
37 372
354 271
395 195
180 278
131 189
80 141
5 414
58 326
425 367
436 219
43 178
242 403
484 408
134 159
35 131
3 138
261 72
119 209
488 156
197 299
292 471
385 278
456 297
17 295
367 234
412 453
208 410
170 154
165 192
176 304
442 200
124 31
241 56
212 243
42 81
52 410
40 186
484 438
85 496
230 353
306 452
214 495
1 14
58 384
189 19
71 234
266 483
39 196
439 359
440 104
14 334
20 492
282 54
402 356
209 368
172 485
480 367
233 387
123 333
204 292
378 164
0 276
472 496
355 39
495 263
449 295
140 9
415 322
178 274
142 318
155 240
107 167
406 487
320 193
337 29
194 25
153 215
212 194
85 477
240 67
215 81
442 42
364 355
129 358
28 394
134 124
143 35
22 94
139 49
78 194
71 476
191 124
170 224
201 255
175 256
189 294
336 390
97 131
341 200
446 78
54 221
256 433
379 197
98 130
325 18
494 29
153 396
121 37
293 176
432 174
468 468
210 473
456 304
356 159
237 150
371 155
88 144
193 480
462 467
485 292
321 287
36 331
368 326
2 9
183 161
481 286
259 152
308 43
202 68
218 17
172 292
436 89
421 260
79 129
421 384
23 64
395 94
273 59
68 115
129 127
414 252
256 110
154 25
93 416
433 208
0 163
105 457
69 436
66 26
262 148
64 339
286 138
197 459
427 59
38 118
222 56
166 452
330 330
246 172
381 275
439 32
489 233
170 44
422 59
59 88
279 37
175 124
435 417
476 224
342 362
418 15
319 416
246 437
109 1
277 345
377 342
76 68
112 218
277 98
38 386
423 189
313 317
235 98
323 248
463 63
430 17
434 381
318 102
103 32
377 280
474 232
300 106
325 402
0 264
151 454
143 390
208 74
173 308
57 295
358 348
365 372
253 141
243 151
36 424
56 346
79 413
372 30
285 231
496 197
3 285
176 147
73 147
455 236
31 246
446 364
236 241
382 164
315 342
266 477
324 351
117 322
204 255
486 489
38 489
127 334
481 41
40 155
391 55
153 496
360 274
367 452
116 449
291 102
79 431
135 409
231 255
10 104
445 287
277 349
183 483
376 256
411 17
424 417
413 154
280 429
381 125
426 147
101 497
281 217
126 181
436 268
372 209
497 299
148 317
152 126
234 183
200 28
445 145
151 476
406 210
188 283
282 139
489 114
184 384
65 270
390 310
20 353
4 262
431 369
347 4
188 83
463 81
78 240
69 261
323 229
12 475
466 11
478 146
30 455
77 162
324 447
153 467
81 196
65 157
162 12
447 412
345 202
294 263
24 423
4 363
190 199
63 368
15 157
112 41
55 45
493 190
157 379
76 146
155 239
103 493
258 317
19 51
166 103
27 166
29 190
389 383
252 220
377 304
345 267
164 341
383 252
132 157
155 41
132 60
53 311
480 87
490 163
267 352
18 156
198 146
29 47
119 440
244 281
400 348
190 442
194 65
74 73
466 178
238 230
393 450
38 144
307 225
77 380
37 426
72 95
495 235
175 454
235 114
463 272
214 488
53 5
78 408
439 479
209 397
347 29
25 454
180 237
118 333
111 109
205 155
242 184
138 52
166 270
42 225
213 481
486 256
16 118
98 417
314 455
337 159
466 161
399 362
47 498
107 17
24 159
195 312
216 266
36 185
262 383
216 430
186 328
446 55
472 55
362 396
408 286
299 199
414 374
372 50
419 461
472 479
144 443
62 167
352 360
95 450
381 115
443 312
219 419
474 241
490 191
329 337
388 398
272 128
179 302
116 496
327 98
394 88
256 471
184 456
406 460
427 279
443 139
59 222
316 162
205 33
222 306
204 34
15 463
117 328
324 46
496 233
322 3
475 390
198 430
390 11
142 457
96 170
392 86
100 155
41 208
14 306
192 263
226 70
398 207
253 344
429 74
78 102
492 251
33 405
268 43
0 424
446 410
348 448
104 338
399 449
107 145
260 265
336 151
359 487
183 86
13 464
418 112
216 443
348 411
306 249
25 468
378 306
254 323
162 227
28 210
355 413
178 135
286 468
455 366
453 497
314 490
454 466
409 232
495 22
124 109
77 301
459 149
473 307
34 214
276 487
400 62
49 132
100 430
297 336
185 407
249 102
68 351
436 55
78 329
290 431
85 202
203 219
26 44
110 176
15 61
123 387
371 267
198 25
213 323
230 347
449 398
102 331
386 369
198 38
321 464
18 340
59 406
303 222
250 85
498 413
300 266
385 474
499 171
494 83
282 212
462 76
259 231
100 64
454 146
462 150
490 276
34 333
55 49
135 337
103 305
423 133
107 255
427 161
96 458
170 273
202 379
110 133
49 313
459 63
213 4
132 274
107 204
253 166
356 14
171 240
226 459
66 447
108 185
144 345
119 204
435 166
299 173
486 46
109 349
205 298
424 174
378 337
355 383
397 484
76 63
374 68
367 154
192 441
286 475
32 188
354 257
430 467
365 154
355 269
419 474
1 412
249 343
78 379
215 456
20 475
395 144
298 394
335 263
238 490
178 474
231 122
90 385
39 14
135 455
282 246
158 54
249 283
14 259
215 327
154 82
226 87
482 49
164 24
367 169
143 255
377 397
282 227
241 467
275 173
271 376
282 57
192 429
40 31
210 206
288 108
195 364
265 14
391 29
51 430
37 110
7 46
273 414
234 142
315 14
242 9
418 87
368 24
407 110
168 409
369 469
185 457
323 64
94 451
233 214
176 145
191 122
36 184
326 317
183 122
483 493
432 426
302 401
363 301
62 62
31 32
489 431
347 217
20 164
231 293
438 105
79 407
91 482
151 115
90 269
115 334
112 73
475 47
200 415
329 190
222 114
397 360
429 211
376 245
38 301
258 459
366 329
163 337
305 310
431 314
148 395
468 46
94 113
28 295
486 146
261 209
69 208
272 158
403 351
152 0
459 442
123 411
248 177
487 286
100 53
300 419
465 100
213 121
268 411
58 93
302 254
315 319
477 224
75 439
291 233
27 227
490 102
279 150
436 91
496 119
38 388
488 297
270 355
267 54
147 38
145 177
348 302
26 312
251 325
410 101
180 394
348 437
87 23
466 127
246 375
263 462
111 136
344 104
158 381
420 111
140 157
459 65
229 488
165 337
290 480
226 76
13 471
346 74
53 101
328 312
274 152
288 92
196 238
119 484
95 206
363 391
308 87
75 175
12 37
369 241
169 303
126 447
21 182
135 472
136 427
79 464
408 262
0 219
204 104
310 472
215 151
239 25
200 24
413 166
259 213
368 135
82 428
463 494
318 456
383 98
414 454
216 462
33 322
278 217
41 89
241 440
466 256
280 332
350 18
83 46
181 110
390 451
445 263
219 353
304 263
217 454
268 70
393 286
3 302
391 23
464 44
300 484
316 282
300 433
479 167
129 236
187 12
127 19
225 485
100 199
153 29
99 170
456 422
76 344
368 459
355 319
304 184
466 7
440 472
491 118
354 271
283 120
492 394
379 411
462 217
246 479
149 115
389 197
42 105
416 465
137 262
298 271
279 293
265 264
234 71
343 257
229 441
335 478
241 221
290 66
397 203
171 36
86 399
356 60
378 480
94 273
396 15
308 392
8 27
99 425
34 242
35 294
124 116
337 222
288 218
273 128
16 38
437 444
357 454
434 293
418 235
102 28
420 315
194 262
39 428
23 145
291 74
190 58
281 416
486 379
359 421
459 259
204 376
330 396
190 61
148 117
145 460
275 250
364 418
346 470
467 403
477 221
280 259
27 19
399 413
334 13
272 110
486 146
42 328
241 169
286 84
45 389
491 283
201 172
494 355
111 400
121 462
221 440
460 253
166 248
113 211
321 353
499 385
66 160
181 41
478 307
49 319
454 23
47 40
248 156
408 42
4 211
151 29
283 77
177 463
26 301
154 290
27 348
360 153
195 445
253 393
212 25
400 154
194 166
174 447
341 294
5 434
464 197
274 9
472 99
400 303
445 499
199 55
208 473
418 411
304 255
280 23
177 368
386 180
480 224
370 413
347 321
19 228
237 311
262 145
449 209
60 163
70 394
219 259
22 278
386 490
365 326
46 166
199 43
119 433
346 31
352 489
217 45
357 223
221 454
16 471
134 170
416 76
188 56
335 488
330 62
389 73
239 195
238 287
220 290
321 209
199 418
464 26
249 268
223 173
144 322
492 91
19 131
187 261
101 59
122 374
447 431
126 11
150 39
181 217
426 371
141 355
381 125
394 105
130 482
305 469
60 127
110 149
262 431
491 297
24 363
294 113
476 323
214 273
490 126
349 248
103 416
394 491
448 336
318 288
109 431
58 475
477 21
452 168
317 239
455 443
408 193
369 101
374 384
363 83
331 216
133 212
203 286
122 379
167 4
435 293
268 128
149 493
13 97
337 453
397 330
24 144
245 157
42 393
328 472
188 405
469 12
298 173
52 25
29 273
66 71
199 316
161 186
284 200
154 174
4 121
265 403
60 380
125 362
334 454
359 306
170 375
48 329
354 320
93 453
24 235
51 159
346 76
276 212
386 130
103 282
185 242
475 220
82 98
52 452
110 269
496 412
93 280
101 396
349 299
386 194
206 226
302 437
1 52
34 430
65 387
481 137
209 250
348 308
261 291
412 253
17 223
4 408
157 462
261 105
151 6
232 147
436 357
261 386
169 437
176 295
284 234
336 9
318 493
137 37
290 431
6 401
310 307
269 10
467 319
325 382
381 119
328 410
296 317
106 90
237 317
51 134
143 22
367 388
425 313
96 4
406 67
374 103
465 68
387 495
377 433
404 64
474 258
427 84
174 123
440 33
19 264
286 492
232 14
328 5
10 9
76 276
231 268
336 450
297 197
482 75
139 174
432 238
322 114
89 211
96 497
113 29
373 115
129 399
256 105
114 309
86 266
34 190
492 169
218 222
149 289
315 200
290 289
255 99
310 113
462 344
225 406
21 75
326 99
204 3
312 82
349 319
361 250
272 235
310 206
495 490
43 459
100 163
262 333
446 355
51 73
331 408
483 277
376 205
208 161
244 80
251 20
123 445
32 465
171 395
385 342
154 18
181 280
114 254
110 444
369 60
321 161
438 200
405 156
318 314
247 113
486 62
359 350
315 109
356 391
234 338
357 93
374 388
142 390
334 488
400 104
118 203
404 73
230 56
223 161
275 400
462 322
172 113
74 321
212 340
178 430
23 298
38 35
426 249
237 33
489 112
168 490
63 107
16 424
85 145
45 91
413 212
325 359
32 437
277 399
181 97
395 308
343 57
306 286
319 121
86 396
386 308
268 254
178 301
299 284
375 263
328 344
56 288
77 153
405 88
185 207
15 86
143 433
71 358
332 450
346 242
402 418
172 84
237 170
454 202
317 36
233 329
469 145
151 289
229 399
106 56
142 267
52 121
331 138
88 123
365 163
433 286
222 267
438 457
159 459
348 244
74 329
474 81
222 395
294 125
33 451
70 400
21 28
166 122
97 353
368 106
392 462
82 302
111 114
425 372
116 271
100 273
354 42
290 426
404 428
232 436
337 289
317 302
277 210
415 483
89 374
189 136
438 333
299 123
495 49
172 225
498 463
358 124
403 205
133 148
84 307
96 365
20 273
484 266
249 297
171 251
387 191
24 212
335 177
79 324
49 182
146 251
228 399
104 4
4 131
290 90
455 440
214 238
4 327
124 50
301 254
297 148
360 41
218 321
145 48
230 149
253 46
446 228
84 481
112 402
492 88
29 254
492 300
127 95
145 349
455 104
252 298
191 252
73 464
12 262
411 71
469 95
323 164
145 267
170 408
348 109
215 14
314 229
324 208
57 294
398 321
472 12
264 150
466 163
277 189
112 479
426 189
205 82
349 249
9 203
312 19
34 358
439 28
88 200
494 264
437 497
361 244
394 261
425 477
166 213
44 54
243 279
361 470
71 301
4 62
82 81
291 316
196 468
20 230
346 136
133 15
259 284
45 494
471 6
71 322
377 490
121 115
85 472
273 334
396 156
89 277
446 330
150 380
111 494
131 171
38 457
93 116
463 149
7 491
313 286
276 78
193 42
367 397
83 130
287 140
270 480
310 228
109 216
62 313
484 72
381 193
162 22
23 327
318 125
411 31
461 131
26 40
289 155
285 393
33 373
353 424
153 155
223 15
328 114
38 286
331 164
38 419
246 493
118 62
445 64
48 30
422 406
413 74
467 211
84 51
475 352
8 289
157 480
446 83
369 337
2 484
404 201
194 392
306 2
419 313
195 251
10 467
393 469
180 423
474 360
64 117
258 302
134 424
8 415
105 81
65 377
430 459
351 321
324 125
290 158
261 243
62 337
306 271
47 455
167 486
455 373
175 231
8 214
129 310
391 16
245 86
45 308
130 176
301 397
407 454
49 443
280 168
292 111
66 86
424 339
212 233
316 380
94 240
50 324
340 75
162 293
101 438
114 59
456 231
37 267
210 363
384 86
197 342
428 176
367 115
348 204
84 79
319 17
341 30
458 221
14 34
472 120
31 468
51 86
205 488
203 89
27 267
109 439
115 77
192 37
93 482
414 393
410 178
208 85
307 103
137 18
138 173
493 109
47 22
10 45
134 252
19 65
5 13
90 128
17 472
307 283
28 111
141 73
158 290
393 201
220 317
343 31
140 210
232 336
381 188
292 94
12 367
233 312
292 369
341 323
458 162
125 0
73 486
276 118
319 84
401 170
201 391
102 96
433 193
233 186
281 166
386 26
190 293
162 119
294 334
496 355
208 253
239 473
91 281
217 368
390 411
154 471
67 443
136 256
443 352
371 370
248 76
369 257
228 290
124 383
90 22
275 473
298 298
432 367
235 390
153 149
120 477
420 307
416 40
392 56
278 359
287 263
372 378
168 8
391 100
475 293
118 333
132 102
469 416
306 416
65 56
33 311
119 38
430 453
362 35
246 322
438 140
371 33
41 310
263 39
184 284
117 90
192 302
71 101
17 14
422 229
41 435
325 456
261 12
399 255
429 475
468 145
30 219
30 339
378 71
207 145
235 63
217 176
278 427
441 288
370 147
82 364
172 411
423 259
366 285
113 322
319 296
367 81
420 349
272 397
394 150
65 479
155 129
409 135
423 285
433 202
418 293
56 367
127 442
80 331
153 345
493 193
274 324
173 361
110 46
196 297
276 5
486 114
249 284
421 247
302 24
170 354
74 220
15 226
58 53
398 95
140 63
388 392
253 414
312 413
211 215
220 360
474 339
475 59
306 223
248 397
103 108
181 418
496 177
230 48
495 406
470 129
373 135
401 210
123 478
193 213
73 186
26 414
325 400
123 1
398 483
92 223
493 354
31 125
25 342
248 114
95 20
155 218
428 468
446 408
121 404
90 491
257 46
446 116
470 82
66 422
497 220
74 10
487 343
185 458
72 12
32 433
4 167
487 39
447 284
40 433
424 420
318 131
99 34
116 117
391 421
142 182
44 388
83 68
26 31
43 120
406 98
265 427
318 410
46 252
37 265
37 87
70 314
348 356
473 21
443 316
499 364
104 437
5 395
427 40
160 32
482 322
250 66
328 100
352 68
186 227
314 242
408 75
431 236
257 108
424 256
472 52
489 275
171 429
469 495
379 450
272 129
48 361
461 374
295 376
103 166
260 481
408 269
357 20
128 340
448 115
19 52
180 273
202 9
356 351
153 171
152 87
300 425
300 52
281 262
280 447
280 236
358 392
412 188
28 215
182 40
444 329
102 202
63 476
327 304
327 419
358 332
258 331
236 158
272 410
357 17
253 404
296 137
325 111
327 208
100 206
387 9
63 397
373 489
145 126
397 53
385 324
155 255
266 495
405 391
260 38
443 114
251 14
477 91
152 429
487 156
18 252
1 374
363 81
60 227
280 360
184 309
65 17
13 191
435 183
221 270
385 195
61 16
108 488
417 39
47 260
364 256
130 65
499 218
445 345
205 59
368 77
446 389
81 285
468 459
82 16
63 42
58 467
307 125
16 18
278 77
333 63
481 495
213 464
309 480
391 10
87 367
256 259
397 33
345 189
57 365
259 427
246 121
98 318
188 53
130 466
381 319
314 316
280 362
194 379
241 441
308 85
345 180
65 417
458 94
459 410
189 16
489 71
241 287
193 439
405 429
248 323
491 138
1 414
145 271
65 195
281 386
66 225
142 478
72 132
394 453
469 383
454 436
223 310
249 195
477 268
92 6
144 225
492 83
207 145
193 137
376 124
349 326
156 442
426 344
297 80
315 173
461 118
428 122
317 36
305 29
35 146
372 249
184 179
177 216
353 243
367 222
48 81
24 69
265 56
136 302
327 62
32 303
425 140
177 460
489 95
241 334
83 376
55 465
181 267
11 84
306 387
468 230
299 206
114 344
499 64
478 250
406 178
319 10
322 331
426 496
330 163
39 168
485 265
384 447
31 167
406 247
478 190
396 226
71 129
46 11
113 422
100 376
239 19
203 419
267 61
77 129
149 449
214 116
415 135
154 99
346 299
489 412
138 176
306 237
100 209
483 352
228 66
437 84
3 467
381 140
122 123
72 458
426 123
110 139
238 194
493 264
28 436
465 334
71 167
228 271
475 24
90 212
296 55
375 379
20 151
274 108
418 494
117 347
338 196
390 228
344 76
364 235
69 373
40 329
452 493
17 120
332 427
335 459
338 128
280 62
170 210
56 406
105 88
284 174
254 443
371 27
262 450
323 236
417 332
177 215
336 370
149 46
357 168
149 336
398 47
258 281
187 68
8 166
192 293
236 293
320 446
249 108
196 434
118 424
492 113
335 295
341 328
348 337
173 50
98 349
130 424
344 208
374 170
463 353
498 67
365 51
159 170
104 114
39 207
173 223
370 31
211 8
197 64
114 411
113 223
147 212
420 243
413 491
196 295
214 228
280 194
364 79
46 291
499 469
44 437
468 172
32 266
330 31
294 82
305 445
9 407
3 304
147 430
77 416
497 344
38 291
222 129
272 403
224 268
205 271
295 120
386 25
408 180
262 69
366 203
110 419
223 375
157 465
382 370
214 86
229 231
212 105
360 452
72 484
108 436
56 130
7 255
435 294
363 416
471 49
468 229
105 433
399 43
266 114
201 133
364 332
437 430
234 76
412 297
233 307
437 20
276 141
436 444
212 63
113 299
381 183
469 433
329 338
452 368
1 95
427 5
436 217
145 365
14 170
329 57
78 100
241 118
415 206
269 177
329 127
163 234
168 62
400 132
352 349
444 204
210 353
422 223
88 146
168 419
476 455
55 350
468 406
464 296
326 383
363 234
468 7
69 378
10 488
337 469
25 362
67 133
357 235
233 341
260 297
252 402
252 88
495 307
456 72
456 459
45 282
141 171
49 366
354 210
31 411
273 44
177 56
144 192
385 34
332 377
131 145
233 84
244 235
308 80
392 200
334 116
287 289
155 327
37 188
99 10
54 420
328 224
416 83
118 472
350 301
298 302
238 481
217 383
316 334
386 377
493 208
497 220
399 132
320 5
15 288
208 419
143 421
4 389
361 411
64 474
128 63
397 362
97 367
201 114
343 413
121 88
160 336
468 471
476 60
348 288
207 343
116 409
298 202
113 120
447 11
427 177
391 75
294 324
290 488
402 348
436 133
321 375
198 448
360 289
429 26
221 61
470 488
190 337
310 120
483 303
332 257
184 410
86 223
63 479
327 376
361 317
193 115
415 182
471 243
270 276
337 252
240 343
181 159
131 430
85 343
452 114
377 269
344 136
467 463
340 408
225 146
113 53
236 270
14 29
157 59
312 136
479 494
5 52
335 12
355 136
250 272
42 307
296 127
443 386
294 115
262 135
188 372
142 375
256 424
484 156
144 413
259 148
52 124
488 264
400 387
160 344
3 3
482 202
440 299
415 425
412 235
459 29
256 101
25 101
110 13
278 361
361 254
230 38
154 414
301 219
63 407
262 313
367 66
218 244
22 308
395 485
14 434
387 354
307 270
135 265
478 417
172 266
304 340
254 402
121 310
217 55
221 36
455 479
76 88
396 173
10 450
236 143
349 24
146 124
389 157
74 134
400 219
59 98
1 56
366 313
221 474
363 436
267 442
30 318
343 195
145 279
422 353
229 234
358 124
281 227
361 99
318 355
306 113
169 230
43 159
133 388
176 264
206 348
18 295
491 237
368 213
66 488
222 290
414 147
375 432
383 47
255 88
202 54
284 61
220 223
463 327
92 205
54 491
287 150
387 72
286 278
118 107
398 204
204 341
273 164
64 79
19 157
211 319
380 73
297 347
174 100
305 112
456 118
269 359
284 243
373 8
116 422
126 491
332 366
382 330
261 458
467 446
265 281
354 30
377 145
245 3
468 403
22 403
262 424
167 143
3 398
320 392
383 119
337 447
129 68
378 220
18 243
24 345
227 284
281 230
86 104
359 379
282 54
478 381
376 396
147 497
389 380
351 467
266 124
44 189
261 248
491 422
119 279
415 367
97 346
302 197
428 183
237 162
395 62
310 67
64 272
4 457
425 305
282 355
44 43
291 178
453 305
437 134
1 72
271 352
401 99
134 425
87 181
243 224
291 335
107 54
363 208
365 463
318 140
184 147
178 363
20 327
462 131
203 309
162 463
414 326
252 415
449 49
273 191
26 192
98 416
476 485
448 462
454 342
341 267
482 490
318 19
150 354
164 132
447 206
32 178
445 362
263 136
328 394
439 388
156 354
192 37
351 133
475 140
259 158
148 168
188 93
448 466
450 190
396 464
494 398
112 281
417 439
186 227
115 245
452 125
14 271
404 144
284 218
376 231
400 396
489 24
343 440
130 289
253 293
43 379
160 99
391 155
382 429
27 77
54 349
473 479
123 420
490 229
461 259
7 366
243 213
153 497
286 438
83 135
14 392
491 127
134 26
456 234
311 369
70 483
314 217
138 43
273 289
400 128
347 234
447 408
257 90
380 452
87 395
287 463
90 454
480 131
365 77
298 288
123 29
246 368
412 437
226 236
217 185
271 479
387 64
6 70
22 144
39 386
201 461
267 179
162 144
221 248
388 27
408 19
387 12
301 155
243 151
188 380
359 460
376 459
29 98
242 382
120 403
217 133
312 322
466 484
84 474
354 39
410 325
337 262
269 297
301 490
370 13
325 489
449 81
179 202
436 330
86 421
407 409
231 303
139 71
398 49
88 76
401 252
366 498
147 238
80 488
353 300
290 451
384 178
232 91
421 64
337 21
430 359
14 244
316 13
414 154
230 214
318 2
352 131
221 36
24 351
152 153
456 377
408 294
385 341
405 492
13 158
18 242
339 295
308 32
38 155
221 222
76 120
103 391
427 280
132 176
330 304
33 136
430 286
479 441
286 167
325 384
479 299
447 195
80 318
325 107
330 118
91 46
437 258
391 194
371 216
20 375
11 53
191 54
347 293
460 171
55 133
285 137
185 386
204 232
339 265
383 29
427 21
132 474
21 216
433 23
398 392
297 453
359 261
54 488
159 207
340 366
355 67
453 477
209 40
305 158
39 401
274 41
367 467
183 406
281 388
132 468
422 179
440 281
270 281
340 346
64 429
496 181
158 420
312 302
460 220
121 470
363 351
170 247
154 230
471 206
174 435
467 455
237 448
82 259
106 7
288 422
455 22
294 137
439 114
186 107
429 251
102 159
406 292
374 125
331 412
200 345
153 5
454 167
426 242
101 36
310 384
407 389
378 266
232 53
12 317
420 418
429 441
233 23
0 335
100 108
305 331
188 300
467 458
200 142
30 245
482 301
43 341
459 241
294 421
91 191
461 307
248 11
386 390
77 334
442 386
217 177
477 99
410 406
400 296
394 462
116 283
476 376
117 159
432 435
126 263
70 23
35 87
329 171
5 421
308 406
84 299
398 377
135 61
210 308
271 388
171 104
480 387
398 147
434 449
212 330
206 60
499 135
158 241
14 328
86 163
462 174
404 170
84 212
373 39
427 294
250 496
235 450
97 82
31 133
315 31
443 95
82 21
114 294
474 240
255 129
155 61
83 69
282 59
99 167
313 155
151 378
329 63
145 386
371 278
162 28
476 38
60 457
252 410
151 26
7 78
139 258
328 163
222 75
242 110
117 173
52 56
471 120
358 233
11 469
349 81
119 173
131 325
88 179
206 235
165 91
349 213
228 157
232 177
287 451
124 474
382 256
376 28
261 206
175 86
167 273
298 24
202 287
318 281
368 142
233 376
442 34
191 82
260 170
473 423
249 399
8 98
478 484
190 236
323 240
365 217
93 490
129 163
297 147
289 448
324 165
51 22
457 266
437 242
17 69
468 410
360 119
455 328
65 339
431 497
214 388
230 296
311 159
307 360
308 460
478 448
323 132
251 29
124 132
201 40
450 493
112 21
350 163
354 67
416 415
155 137
285 130
142 385
245 448
409 301
249 53
38 387
268 424
56 141
181 392
386 257
279 483
146 350
270 481
396 352
489 186
169 51
436 274
223 311
112 34
439 484
223 213
138 477
118 491
384 194
304 151
135 122
472 435
416 133
486 94
281 312
215 327
454 450
113 3
37 29
13 77
290 477
306 236
227 428
475 277
428 463
437 279
214 63
49 410
356 482
294 387
214 137
439 361
364 20
49 404
481 254
83 414
2 272
52 389
166 82
45 379
10 447
362 483
245 76
58 411
298 101
91 204
65 365
385 382
139 282
388 287
201 120
244 471
360 204
286 149
28 379
178 183
166 39
467 40
304 263
217 26
230 454
319 160
394 148
282 57
344 33
6 170
141 397
101 102
251 353
232 239
423 132
23 410
303 441
205 490
16 107
61 274
434 99
247 233
142 180
66 29
51 338
235 72
174 192
45 189
428 278
410 130
392 351
145 433
423 195
302 202
476 292
391 216
301 262
294 490
371 295
133 360
432 422
466 220
409 459
237 11
493 190
41 147
432 386
81 38
240 355
147 236
304 68
330 390
380 105
252 125
337 103
25 385
457 270
229 491
355 367
57 318
317 348
234 450
489 249
456 316
404 81
150 456
346 208
165 332
309 79
182 417
154 147
417 208
51 111
330 498
168 406
255 387
190 485
86 489
157 31
112 42
498 61
269 262
447 197
128 286
203 256
403 310
370 357
321 172
22 274
180 151
39 42
27 287
129 81
112 465
8 286
200 76
191 358
407 321
108 138
394 35
346 311
21 150
174 68
342 342
493 197
91 375
162 384
317 119
436 143
430 281
358 444
155 482
303 49
39 62
98 263
427 433
435 296
216 448
142 110
159 59
286 487
224 250
221 300
444 393
175 158
454 226
208 33
434 109
172 363
127 473
258 122
418 54
354 194
156 134
45 496
335 167
417 331
132 411
305 491
1 76
154 480
365 455
417 362
225 299
124 441
63 204
258 382
428 333
467 112
460 436
103 365
196 148
59 21
364 180
108 364
196 365
172 262
476 61
360 89
30 202
406 336
219 93
426 17
481 499
436 246
111 442
442 39
412 159
192 1
218 276
141 152
415 414
476 314
255 243
445 188
25 286
231 204
73 96
95 158
256 54
348 31
423 219
378 290
144 335
112 70
75 362
128 105
271 490
233 104
145 27
313 31
87 22
118 396
406 160
66 213
97 162
381 415
57 20
355 112
34 201
63 319
277 109
99 44
148 48
427 185
68 145
167 92
489 7
19 285
351 395
58 85
352 300
320 291
403 410
111 27
199 438
47 27
71 476
376 499
36 71
217 304
396 104
463 384
22 237
133 482
67 225
25 43
334 420
330 197
76 238
176 293
172 275
103 75
426 243
167 480
136 462
418 384
120 384
122 381
363 494
219 107
150 283
55 244
441 484
74 385
30 18
145 102
178 203
298 249
81 104
419 465
201 69
453 337
71 174
168 427
34 286
69 388
484 184
21 124
361 426
296 95
198 392
447 441
42 376
332 245
211 475
44 251
441 264
438 350
129 12
298 459
347 164
200 220
344 331
109 221
169 58
450 257
199 367
95 249
494 93
69 427
31 57
322 465
167 472
336 112
71 297
313 486
206 418
102 365
439 403
461 63
321 108
475 263
12 372
317 70
349 6
64 386
204 380
204 238
350 223
372 40
27 422
192 185
403 85
488 146
210 342
450 449
212 383
107 277
199 76
83 424
163 48
281 499
89 219
442 485
378 439
213 315
352 257
342 258
404 255
97 331
132 466
201 399
176 197
273 308
233 227
276 208
207 248
467 57
394 148
88 409
224 272
29 153
411 77
184 372
55 168
134 134
33 187
384 188
496 62
289 158
366 81
329 65
474 426
74 296
58 369
493 14
168 134
63 23
247 431
99 248
382 302
489 86
274 267
329 226
236 270
204 119
36 102
380 33
182 363
84 307
321 92
226 77
100 341
125 290
390 347
1 224
162 272
39 343
69 436
59 369
340 305
259 263
148 228
443 140
299 182
274 27
105 472
314 1
143 57
405 291
367 33
305 258
101 30
466 196
417 170
475 25
140 109
338 235
227 289
471 133
161 26
498 246
99 266
323 164
307 242
127 80
339 175
205 432
480 440
463 171
49 398
7 438
25 189
330 197
331 104
130 154
252 492
110 481
497 351
445 285
218 305
480 72
356 409
201 37
60 336
234 164
455 109
151 94
291 480
85 333
487 122
466 67
400 239
442 428
66 250
55 387
311 136
45 387
424 167
356 246
263 484
446 90
184 218
50 449
282 328
302 135
55 270
361 269
49 455
205 304
191 467
103 112
351 355
22 148
247 127
464 378
321 10
228 262
211 357
37 278
266 493
115 340
461 173
480 477
133 10
478 38
150 176
31 81
82 354
481 406
284 329
191 297
59 457
167 419
49 270
116 204
396 167
340 83
60 357
220 321
359 45
222 198
131 361
67 253
159 65
394 49
198 296
105 437
208 258
380 272
329 258
277 496
432 77
435 118
291 492
38 155
205 2
363 112
365 188
254 283
184 25
321 0
438 382
140 278
403 146
256 373
221 232
161 386
4 153
498 96
103 147
149 388
0 308
349 364
147 365
242 455
455 331
66 415
194 245
244 58
431 97
181 352
238 153
158 342
291 94
241 156
44 394
55 242
459 44
262 404
359 106
290 4
420 166
264 356
414 466
63 360
212 198
203 96
438 303
397 361
18 229
476 491
233 414
459 31
287 192
151 73
77 498
16 441
149 349
315 280
140 415
113 230
326 205
8 316
30 117
346 257
248 48
462 174
205 482
26 273
198 492
342 177
470 276
477 359
139 471
387 145
375 132
337 352
21 54
171 197
454 51
451 369
44 203
37 265
391 101
446 415
93 89
217 288
147 415
239 195
340 139
271 126
330 67
121 460
157 351
254 144
14 111
166 57
323 410
11 203
119 214
303 457
246 64
331 373
68 393
32 70
48 260
179 155
115 379
82 301
297 272
236 189
246 163
73 402
458 69
135 85
42 429
345 291
164 140
386 176
99 84
344 270
426 147
378 375
28 393
18 461
2 326
489 254
8 248
170 63
0 318
99 157
300 394
35 444
473 464
400 421
43 424
71 96
472 469
363 450
263 0
326 233
487 117
217 168
231 347
18 387
397 83
477 117
414 197
14 12
285 239
163 414
363 329
150 234
36 335
335 365
98 151
120 14
182 437
137 338
77 265
348 155
124 474
24 325
190 38
277 390
304 475
156 440
27 19
354 307
172 415
419 42
56 123
60 391
229 90
207 197
204 307
133 55
232 329
367 9
399 422
250 497
289 56
75 406
65 168
84 282
324 90
213 355
246 232
174 125
323 328
487 381
436 379
208 472
482 168
443 76
425 233
289 193
99 214
383 217
499 165
255 319
26 175
259 320
445 272
452 433
314 120
0 439
412 102
122 208
136 246
479 65
258 61
276 269
338 210
227 159
330 189
364 482
302 356
480 123
56 99
220 433
372 222
176 220
280 136
382 298
216 417
478 362
483 326
36 106
117 173
362 263
97 447
303 226
201 251
203 136
69 109
183 423
495 293
282 359
9 275
192 164
378 225
52 23
129 361
34 440
56 247
46 248
474 5
109 202
338 27
136 312
235 259
52 319
30 82
357 334
351 40
265 402
277 229
443 169
462 258
357 329
78 18
375 404
106 404
432 484
148 444
203 420
92 235
317 107
294 122
14 27
281 145
226 132
153 58
316 169
499 115
485 174
430 77
333 361
197 36
332 265
38 346
81 387
346 482
456 251
278 140
137 471
455 59
469 364
385 108
224 137
163 384
313 61
274 93
481 147
264 472
170 165
404 154
136 103
206 251
243 93
64 484
395 233
449 19
479 216
354 334
219 203
117 17
463 384
31 391
215 444
462 148
302 237
341 366
469 439
384 47
384 65
298 300
171 131
348 247
81 150
206 202
71 152
389 323
214 34
331 420
420 282
19 293
159 75
14 212
112 129
194 250
50 496
127 344
443 221
371 327
29 24
29 77
252 453
487 418
190 319
101 318
111 463
38 120
185 123
104 404
154 297
293 298
494 204
425 272
452 437
313 296
226 481
434 342
112 478
149 274
92 155
118 250
223 56
179 156
60 408
205 283
433 214
418 350
474 427
216 195
343 426
260 29
224 69
400 46
320 336
491 49
152 265
321 109
117 375
135 0
283 177
391 192
42 68
495 161
356 368
295 63
92 200
121 407
453 316
5 373
275 126
391 496
458 427
154 212
64 75
105 289
481 347
267 496
10 375
243 114
177 218
418 390
297 269
438 392
265 103
229 443
291 40
319 120
332 249
177 473
262 396
95 282
130 243
470 214
328 492
211 214
104 5
274 481
373 254
357 64
7 491
31 86
206 299
400 351
176 390
138 429
63 439
34 85
299 46
38 5
219 127
484 249
231 175
429 110
175 456
447 138
224 34
333 331
34 282
24 86
367 210
149 14
99 431
477 36
393 250
229 367
117 464
139 213
324 200
156 421
59 351
385 456
287 136
418 71
157 321
31 443
309 376
307 33
421 409
11 136
4 314
278 241
306 473
173 417
190 482
333 181
137 250
386 219
290 424
97 156
451 299
27 129
14 261
22 187
323 435
249 33
274 179
152 27
296 433
415 177
359 487
89 249
320 348
125 327
483 462
113 222
203 435
48 140
327 69
4 70
103 3
182 105
132 230
163 187
364 429
268 78
179 75
276 357
184 499
461 401
475 19
454 74
215 31
100 354
424 394
397 105
210 380
110 80
119 195
476 125
203 483
411 244
453 235
234 187
440 137
156 196
122 415
298 463
317 189
84 399
356 94
474 481
413 418