8400
316 93
253 147
495 101
41 363
3 463
119 349
15 380
232 226
393 16
414 317
6 425
18 274
359 46
459 148
327 81
174 43
42 495
96 280
143 38
353 137
339 499
379 324
51 354
222 111
280 296
221 136
410 286
332 91
239 122
203 291
186 66
413 229
9 228
118 10
499 5
4 471
148 190
396 383
346 51
347 118
255 478
264 420
11 17
139 96
239 103
21 194
424 425
5 435
297 285
290 124
447 296
487 294
29 95
498 383
354 227
205 197
117 109
478 321
417 129
84 118
164 8
285 105
392 88
374 291
415 189
486 164
311 362
310 325
60 192
420 308
358 414
375 477
299 475
456 354
324 68
429 40
498 488
429 214
357 390
80 303
319 272
487 418
95 482
175 149
309 7
274 447
276 167
143 149
355 427
496 451
492 179
20 425
491 490
232 449
104 349
473 164
82 275
258 312
313 29
37 285
84 123
290 311
312 212
140 285
237 168
199 136
413 81
423 219
168 256
457 155
320 272
48 283
95 254
284 158
295 409
384 173
336 379
91 26
312 148
168 231
219 401
482 368
87 484
93 405
60 108
380 50
333 232
487 280
290 281
42 123
296 85
316 426
452 132
132 260
491 264
17 301
21 63
399 499
404 108
68 492
395 317
49 449
81 228
361 388
11 224
309 403
329 159
291 478
238 134
250 276
429 81
144 268
267 450
410 396
388 24
193 479
280 283
364 94
483 213
437 225
129 346
6 99
77 310
444 149
425 315
396 195
315 354
156 393
289 82
458 67
398 177
313 3
98 178
243 177
254 433
279 181
280 235
398 137
287 209
24 342
389 212
419 420
313 204
139 427
346 454
132 449
453 244
274 297
326 403
336 18
199 80
168 467
105 331
40 66
260 392
456 416
188 2
58 227
155 354
308 49
499 1
98 292
89 304
59 372
242 415
348 395
214 293
124 368
286 319
63 16
432 46
400 20
247 121
475 459
360 254
108 135
428 211
367 206
430 17
285 426
321 173
466 485
205 36
207 91
459 491
389 271
291 244
365 290
101 390
497 192
179 313
25 105
311 107
477 392
319 241
414 114
99 492
380 381
324 156
147 88
359 135
379 388
30 2
244 96
288 131
445 241
346 468
427 322
214 9
251 404
18 385
378 17
250 469
125 258
346 426
62 124
365 57
59 441
38 395
379 304
397 178
498 176
498 244
253 426
182 64
450 356
374 201
22 328
86 476
403 0
476 285
342 465
406 341
237 254
58 444
123 116
144 455
51 473
399 142
58 305
13 82
135 8
336 387
364 157
9 275
60 267
84 486
327 254
8 490
287 416
384 418
226 262
235 28
22 277
434 135
69 81
89 448
335 204
213 278
53 51
170 75
61 465
219 254
97 240
157 80
498 384
146 41
422 224
2 381
368 444
377 288
236 437
493 467
97 424
475 59
134 2
467 498
104 47
287 38
470 201
437 444
338 469
45 83
317 112
56 47
336 37
475 286
253 424
348 320
231 202
204 176
26 217
264 23
413 130
184 52
348 384
353 121
57 38
150 250
298 226
263 59
345 486
262 90
411 450
152 111
139 494
212 208
231 165
295 328
232 144
380 479
453 433
323 85
336 362
88 474
385 486
324 351
442 82
384 86
197 205
199 388
96 336
353 263
444 179
175 149
480 176
461 56
141 285
147 285
111 477
463 235
87 348
430 287
374 29
86 314
202 423
112 137
253 150
329 465
466 197
225 4
60 299
84 187
472 202
31 232
467 435
283 495
134 54
435 213
379 360
136 373
11 433
83 100
417 264
461 412
268 384
35 38
225 329
383 119
351 49
484 266
113 319
225 119
332 248
460 13
386 63
496 448
48 397
13 79
343 466
202 326
365 464
145 237
356 442
344 380
146 60
231 180
300 260
360 456
321 132
48 172
121 208
457 44
476 169
487 471
149 171
135 41
130 366
309 280
160 339
399 153
333 307
419 130
438 133
118 131
303 260
468 166
62 424
94 277
100 38
210 433
475 250
116 197
478 105
444 277
282 490
297 343
325 468
101 68
199 264
24 71
89 3
427 344
121 152
42 373
307 74
176 104
302 282
239 292
422 132
122 184
27 204
172 272
340 353
469 126
49 392
247 493
337 139
143 26
400 310
384 37
142 59
193 60
205 296
428 432
116 479
183 50
174 496
201 208
334 367
259 170
163 383
374 6
32 352
14 369
407 284
343 251
163 401
197 36
469 220
199 125
27 437
433 383
443 202
69 486
156 277
12 180
38 171
375 239
108 70
207 242
493 367
268 50
439 156
377 465
442 260
197 76
311 322
376 483
469 254
383 297
477 478
1 248
487 15
437 229
471 447
315 144
47 464
472 435
253 486
246 201
130 195
369 295
130 441
48 245
42 452
430 283
31 19
386 283
12 370
170 324
320 483
299 337
272 367
353 124
325 25
73 451
99 455
397 442
188 229
181 297
80 230
102 463
247 464
334 340
16 111
447 356
193 337
56 246
370 466
343 262
213 48
3 416
359 164
394 252
49 399
481 427
391 482
446 435
276 490
101 132
341 144
481 48
147 34
352 390
152 369
417 196
112 217
382 273
25 323
222 128
55 427
409 204
491 446
436 207
191 267
412 390
290 32
419 245
135 437
159 271
467 139
357 428
201 432
107 91
219 227
154 182
386 274
73 415
474 377
497 361
103 165
50 261
358 394
183 469
240 346
485 342
123 60
344 194
285 324
403 451
133 4
131 409
324 371
101 56
417 298
316 450
211 21
267 366
187 69
415 450
145 427
339 253
447 120
444 183
135 233
89 200
109 120
492 72
128 286
436 93
43 398
271 252
470 106
27 38
340 157
437 443
196 337
457 276
460 495
228 254
454 447
67 170
242 415
201 59
4 371
121 138
242 399
5 392
282 213
222 385
328 474
312 159
436 376
371 121
375 248
195 452
122 181
97 114
174 216
87 298
436 30
282 60
304 179
244 139
24 86
61 466
126 204
80 225
346 414
14 304
256 74
255 209
323 230
446 352
3 349
232 386
446 291
470 14
5 251
189 66
33 30
234 102
179 11
277 167
471 26
452 291
352 79
309 207
412 27
229 107
493 415
206 461
327 292
395 29
447 332
214 436
39 480
343 449
116 218
96 472
263 439
18 400
108 467
495 179
286 372
139 224
185 132
276 345
226 364
196 171
107 174
6 263
212 498
69 202
174 180
119 17
418 290
257 489
20 378
250 252
476 306
290 389
86 13
377 66
89 313
487 426
189 49
399 345
47 253
433 468
486 222
12 404
245 256
134 269
374 265
423 384
125 350
216 214
132 63
376 445
223 74
475 215
61 264
17 374
343 108
182 302
58 181
437 194
316 303
68 71
307 190
392 344
58 284
347 460
406 42
468 76
291 129
394 443
318 204
165 263
66 13
194 347
394 476
280 483
54 62
252 200
44 213
349 496
457 454
349 196
272 215
344 317
261 416
120 90
354 79
92 285
485 272
248 138
121 379
441 380
81 27
92 45
393 477
432 441
137 202
417 281
450 262
30 262
204 211
142 150
288 58
182 86
224 273
4 431
311 197
224 445
342 244
222 168
109 235
438 6
139 99
361 355
469 89
153 391
393 174
84 295
234 181
306 267
50 458
8 310
107 361
458 232
401 449
185 180
38 362
461 123
330 177
118 174
417 152
178 271
419 311
344 262
381 153
463 3
313 431
145 471
56 421
222 103
283 309
171 407
382 173
350 133
307 65
217 320
444 225
388 395
9 363
368 84
87 391
322 331
303 401
174 467
70 359
168 396
156 205
378 191
324 390
455 80
253 484
61 24
419 197
60 449
385 429
172 280
111 473
226 494
314 266
477 400
148 236
294 497
189 156
47 172
105 13
349 354
379 358
55 410
211 150
431 467
247 97
422 103
450 210
477 148
400 116
352 306
304 48
205 498
171 493
358 104
458 128
338 208
470 189
192 245
212 34
483 123
79 311
373 405
53 381
497 202
9 453
353 201
200 313
306 410
14 223
203 16
76 325
366 41
286 47
433 58
182 350
13 416
173 113
494 386
89 78
383 491
44 450
263 236
499 96
319 421
437 365
190 22
415 14
413 57
467 53
403 346
114 149
262 268
7 139
217 108
99 448
398 452
188 496
92 161
82 39
405 412
286 371
385 95
4 54
107 298
496 324
473 363
131 462
101 88
196 138
438 170
122 148
496 336
349 163
202 88
352 283
155 107
55 491
45 40
191 411
235 152
367 39
2 61
1 499
489 455
126 197
197 428
116 100
263 193
134 466
249 466
425 486
477 404
297 332
244 374
27 488
27 479
40 246
245 381
337 41
91 87
367 463
63 140
186 483
301 179
497 320
158 403
307 422
255 136
10 456
444 351
330 389
136 324
57 223
116 233
172 394
209 59
52 391
227 125
304 90
410 28
431 301
75 420
56 91
47 182
33 419
160 344
20 216
291 148
234 77
324 259
319 258
150 33
10 223
313 377
405 314
467 75
495 189
280 395
77 404
175 179
23 463
31 335
336 395
473 322
81 70
328 149
182 252
475 330
207 193
359 140
215 465
6 179
74 211
467 138
317 3
318 142
477 193
88 349
171 165
235 413
62 105
357 416
246 97
142 185
325 306
123 1
180 393
456 129
267 106
110 423
65 436
129 280
130 394
60 70
335 153
258 295
63 250
347 468
5 162
320 489
342 182
75 443
72 375
481 383
306 339
275 443
224 371
266 257
179 354
7 326
473 14
264 118
438 389
403 463
304 443
477 223
166 147
22 405
288 90
281 3
299 95
318 408
165 23
377 436
262 344
211 236
206 88
329 475
291 144
439 232
307 95
94 417
322 473
415 116
472 462
57 196
104 271
146 228
164 122
466 23
111 427
367 29
357 318
462 48
280 148
243 402
171 87
412 190
158 345
307 327
375 130
253 217
445 479
101 399
274 109
388 420
449 386
204 107
155 306
306 18
272 435
374 402
92 295
140 138
465 250
233 300
17 340
172 486
238 462
423 125
45 364
250 312
419 347
5 306
177 75
362 312
214 449
97 237
227 158
408 237
37 193
385 141
480 54
368 409
35 70
434 292
456 432
131 37
195 375
302 489
301 372
174 165
254 367
25 271
360 481
26 285
427 398
304 264
25 259
329 25
317 60
345 115
152 273
0 328
317 348
72 303
320 470
337 98
369 74
407 214
0 82
480 286
50 427
38 136
161 75
488 367
334 330
455 185
13 487
187 456
259 183
153 111
210 431
5 491
205 431
13 264
50 205
484 345
334 452
28 22
241 347
178 368
53 76
415 133
441 418
101 454
417 52
483 255
98 127
411 340
105 303
361 276
474 155
108 345
220 308
7 488
356 313
241 185
171 261
179 156
462 464
17 281
388 380
359 0
341 486
289 122
399 298
453 2
348 225
385 413
401 420
233 392
430 109
370 475
483 101
417 402
35 298
30 434
287 423
409 389
12 480
278 50
405 263
488 83
497 105
25 373
265 250
212 110
437 195
148 434
336 273
71 66
352 371
146 101
342 139
119 407
310 354
117 249
333 215
320 457
330 330
432 345
307 448
143 144
79 245
18 144
62 267
491 89
42 414
406 137
45 384
239 377
127 207
422 208
18 460
142 242
439 348
148 74
71 246
491 292
288 2
121 9
450 350
116 112
102 492
229 22
400 499
206 468
28 27
339 128
222 398
99 481
407 161
259 247
391 330
184 251
112 179
29 306
418 415
259 498
20 20
19 488
308 272
299 77
205 189
87 490
471 427
440 186
434 231
61 200
303 325
357 246
404 415
182 238
236 174
47 442
430 257
29 418
496 239
428 181
171 201
481 15
54 495
226 273
473 340
165 139
237 128
44 374
113 141
316 78
20 349
458 363
281 451
42 488
21 129
183 322
337 192
39 164
289 243
83 265
257 263
391 101
475 494
488 287
218 88
438 156
371 238
41 248
236 4
134 435
257 109
154 317
333 447
190 193
311 122
237 274
227 68
62 481
120 202
143 402
58 338
429 81
181 429
286 470
258 418
379 420
89 15
462 33
227 422
44 153
279 38
106 134
115 6
60 20
275 87
426 203
136 333
115 207
29 318
88 401
173 287
303 467
353 262
36 265
270 80
118 432
66 401
259 76
448 33
121 172
375 223
409 399
106 364
182 24
277 135
423 122
441 450
64 78
195 294
374 100
32 318
219 344
272 451
484 331
3 221
296 105
356 230
94 205
229 462
450 128
250 358
160 373
303 192
486 76
176 498
316 213
57 61
12 388
71 330
403 496
454 74
156 199
257 310
125 251
379 338
197 75
300 482
174 209
286 455
453 12
225 462
375 122
10 135
465 387
236 81
7 220
271 42
204 163
266 28
367 329
256 498
480 64
125 408
363 6
18 411
226 169
291 244
379 101
489 301
234 196
268 77
119 93
256 39
420 323
5 23
21 287
203 113
22 353
359 328
92 237
406 377
473 318
419 197
350 204
252 260
337 436
29 372
264 308
484 286
161 184
323 341
454 34
387 378
58 328
66 98
475 150
468 324
22 301
357 388
0 224
161 110
334 190
498 42
180 98
134 334
175 341
227 457
187 482
310 466
64 246
396 228
405 392
193 217
457 427
3 50
12 457
147 16
59 199
297 146
332 239
433 432
241 8
490 12
479 429
27 152
233 43
435 423
492 138
417 480
383 449
407 272
289 247
446 406
404 200
291 244
28 237
245 224
89 121
50 87
91 68
463 429
205 324
314 251
231 197
147 231
4 466
214 406
312 145
345 160
256 217
454 136
213 284
406 51
490 154
74 308
238 81
258 37
140 443
492 424
8 224
190 139
45 364
9 404
65 210
427 206
194 321
458 233
284 259
413 216
376 274
207 487
377 466
409 317
94 17
241 254
393 102
466 432
336 291
353 475
33 253
427 280
13 227
487 385
101 149
275 400
388 329
296 334
4 265
134 57
311 98
200 376
308 57
200 166
493 496
102 53
333 26
105 29
414 198
199 92
493 367
48 474
160 233
350 344
402 164
262 484
212 213
270 462
480 372
221 322
375 325
351 323
352 60
258 457
401 118
337 309
135 246
479 385
230 296
312 181
18 484
197 75
389 230
455 320
494 370
195 176
499 370
430 399
208 203
321 41
350 109
208 10
247 486
134 39
221 477
313 446
373 91
321 363
35 263
485 128
304 29
399 32
431 303
358 330
371 491
453 31
41 73
411 161
200 289
118 397
344 273
364 432
295 217
332 38
166 182
211 317
202 471
126 111
293 485
477 485
16 16
89 430
443 410
51 353
250 143
417 169
453 446
164 281
319 100
282 348
18 338
309 494
457 220
205 435
272 250
266 182
464 289
51 207
60 407
403 102
123 163
109 172
305 77
29 125
474 477
315 312
158 492
212 124
411 467
69 417
452 184
325 335
394 416
176 376
478 307
470 431
103 101
30 431
57 408
385 60
224 31
375 200
176 234
201 87
356 88
124 270
457 308
77 449
325 203
10 253
36 155
108 332
264 139
47 491
51 321
204 285
337 127
361 431
370 14
454 414
36 226
387 78
379 345
48 464
69 56
63 59
243 105
96 171
162 7
180 495
280 65
192 236
167 470
336 405
171 37
116 290
220 207
52 3
319 99
7 453
364 240
197 70
241 107
467 293
288 256
321 147
236 421
391 366
123 403
441 79
369 295
354 57
412 441
392 259
212 231
471 399
469 76
35 168
313 62
170 2
2 101
374 492
210 238
141 265
344 185
480 434
343 65
358 187
446 255
338 250
1 158
86 161
181 322
237 121
476 494
448 407
251 478
216 322
440 461
147 209
144 284
202 479
166 339
95 412
15 464
474 285
447 16
191 60
34 128
123 428
335 10
340 71
245 439
252 56
265 185
322 251
231 261
101 24
288 249
214 48
333 303
320 40
453 132
261 11
291 487
349 236
159 478
417 189
97 404
442 170
421 214
476 264
140 4
254 429
329 428
232 320
212 14
147 52
415 165
4 260
496 58
36 353
394 7
263 306
476 491
206 205
469 249
254 34
315 109
38 360
32 496
10 270
174 244
410 9
269 441
351 414
120 117
124 387
45 14
358 388
93 21
123 416
302 415
24 377
237 469
465 414
36 121
365 475
337 62
3 127
42 106
224 354
94 14
28 200
88 139
13 238
154 34
449 136
365 308
277 325
240 454
75 242
70 128
191 440
68 407
365 46
253 462
476 89
290 347
338 356
447 230
116 203
339 101
262 417
243 56
10 39
134 335
463 85
378 56
463 6
53 298
112 180
270 306
5 88
296 412
494 195
399 243
197 111
28 90
147 459
350 271
458 157
95 336
392 274
280 325
123 207
388 333
139 235
175 158
422 496
192 323
419 416
379 443
33 116
427 408
31 32
42 129
466 490
264 137
462 358
66 396
230 437
172 306
316 221
70 199
22 238
6 262
205 293
409 386
294 90
123 188
170 177
167 165
154 136
346 283
180 468
405 264
70 262
483 429
480 386
476 53
167 354
148 483
369 224
315 409
98 15
192 290
307 120
256 212
495 461
281 454
219 27
289 186
467 289
28 125
30 447
301 4
339 50
274 449
359 60
75 441
231 309
429 120
332 38
351 37
491 179
59 132
170 62
204 200
325 137
84 232
88 208
110 238
187 428
488 384
326 398
59 416
36 409
448 340
229 220
399 151
284 73
135 458
159 454
444 339
423 336
396 28
266 12
440 6
243 306
56 280
196 69
478 468
160 232
452 278
430 242
315 204
14 66
372 450
142 25
362 316
197 65
429 110
117 315
121 369
2 212
281 30
350 198
283 111
242 362
104 235
291 24
90 419
222 306
331 314
131 216
281 45
156 328
143 211
432 125
337 117
499 434
485 470
433 201
63 268
355 175
51 20
439 147
305 141
308 13
229 136
34 439
119 363
426 190
167 114
83 210
145 356
326 434
135 482
250 259
287 51
71 457
456 338
332 362
228 261
250 140
431 457
172 284
326 402
16 98
161 493
349 452
386 158
140 27
138 374
425 242
199 425
264 348
210 156
269 448
88 438
248 371
155 371
273 420
371 481
326 141
445 32
190 27
54 332
58 182
424 193
470 483
331 475
483 234
34 393
332 253
124 474
345 80
352 132
465 470
112 75
459 144
171 409
241 1
183 78
271 151
134 459
435 241
328 317
211 418
23 362
189 43
475 0
484 34
5 179
255 449
445 469
378 214
68 117
195 472
123 251
63 318
411 110
427 498
268 91
306 490
33 144
496 495
29 360
40 332
133 386
207 147
213 79
196 438
262 281
385 243
413 237
347 448
298 176
268 127
117 418
414 74
421 3
363 262
94 302
41 255
402 228
307 248
38 116
249 355
98 300
38 134
434 363
39 237
216 84
3 159
85 186
189 269
32 6
309 404
12 126
354 350
450 266
382 161
368 489
141 484
118 318
181 31
121 405
489 221
232 337
23 344
114 318
324 64
321 146
124 485
187 333
99 479
492 138
479 334
318 361
179 120
4 288
45 361
434 125
462 35
231 166
336 338
402 345
343 161
146 223
408 468
299 334
324 360
194 143
4 155
275 364
152 36
397 131
256 50
85 183
201 219
409 168
14 38
51 163
387 209
29 49
383 147
7 180
324 59
214 201
417 328
364 342
473 422
472 113
148 230
301 409
77 202
92 62
225 443
153 143
192 464
112 34
215 428
339 471
173 39
219 54
248 442
364 84
49 73
155 336
97 198
252 308
370 175
118 344
487 96
60 123
10 31
459 172
496 225
116 299
205 169
463 335
271 305
378 328
16 173
371 34
342 114
141 475
319 213
161 259
235 158
189 221
246 245
322 1
152 242
263 290
125 357
14 226
406 249
422 392
278 423
389 145
120 473
186 30
141 291
449 199
420 376
473 138
139 166
260 147
437 291
0 23
102 415
164 14
259 8
283 438
83 37
10 172
54 55
346 48
247 196
424 295
285 168
186 398
45 425
216 299
174 335
250 69
83 276
137 266
204 342
380 272
297 139
46 242
291 351
47 392
39 390
410 472
222 324
249 449
248 267
454 318
387 274
51 204
470 322
165 40
164 26
165 397
491 461
313 211
455 134
25 360
184 346
171 287
236 406
26 272
442 336
111 480
37 181
4 14
406 7
386 21
270 70
32 51
115 261
396 345
57 422
269 273
60 94
0 292
64 149
337 378
359 359
40 448
314 248
255 396
417 220
291 493
397 187
301 323
20 364
286 49
174 429
23 407
199 86
235 376
254 264
475 73
373 465
213 15
412 188
408 321
314 181
221 51
226 211
75 22
423 246
28 214
121 97
183 403
279 321
437 271
196 34
351 412
279 69
109 65
238 43
225 18
421 52
116 446
320 148
246 43
257 95
44 274
178 379
52 227
350 309
195 489
253 46
468 47
464 32
76 77
95 202
106 153
451 369
17 222
118 123
218 263
390 375
106 262
341 420
229 10
351 192
90 425
472 104
489 58
136 288
490 65
70 83
452 96
171 21
144 321
85 289
16 362
476 327
247 123
485 317
361 328
253 337
441 452
362 77
365 282
199 350
434 207
304 269
290 238
60 475
116 434
148 497
176 132
107 124
294 423
103 93
430 155
459 357
286 223
6 322
24 152
359 205
475 458
49 15
342 117
52 461
310 458
91 52
177 486
261 198
291 323
478 364
221 73
297 290
464 360
364 155
360 488
299 75
91 187
305 348
161 433
392 209
261 471
457 335
33 438
261 218
82 177
250 92
234 156
16 399
54 198
186 380
455 267
454 337
37 398
184 111
320 198
169 76
263 82
372 126
196 296
325 486
430 279
287 76
475 164
214 303
35 382
149 252
90 490
241 455
419 127
326 425
353 239
173 495
474 116
412 398
236 170
301 238
166 166
182 88
243 493
375 396
148 278
121 376
332 90
218 362
287 251
342 396
391 140
256 368
118 217
240 20
110 354
372 393
482 276
122 406
302 225
356 497
226 302
393 477
339 58
161 463
359 126
118 355
75 102
320 374
246 193
399 412
305 357
485 271
177 287
365 107
457 331
134 221
198 183
93 379
342 37
15 106
313 201
303 133
359 389
434 475
387 105
314 334
105 193
332 300
259 135
466 197
270 68
251 452
331 320
209 196
154 25
226 224
209 468
357 382
357 68
26 143
477 97
290 340
492 83
70 122
172 252
320 36
341 294
115 424
120 172
50 324
49 275
95 128
10 110
31 304
447 220
317 57
249 425
360 459
81 242
346 430
318 105
400 18
442 159
184 15
191 415
42 234
362 92
203 137
441 225
445 234
143 240
165 262
221 392
486 377
307 154
112 184
203 126
137 364
231 145
412 321
55 422
15 454
443 270
495 218
304 384
477 440
54 447
191 494
372 127
133 30
214 31
9 245
461 417
415 147
468 192
115 327
282 376
146 130
200 225
462 141
433 4
303 291
285 487
466 346
228 157
189 99
197 443
212 198
345 158
351 127
307 166
42 318
448 441
166 188
181 0
356 480
271 114
453 159
357 409
66 419
370 86
381 255
306 419
78 93
73 3
169 281
451 380
321 211
251 251
251 339
172 432
398 107
118 295
204 351
122 475
413 271
378 493
412 294
240 184
188 342
123 313
45 209
421 74
325 366
57 24
309 428
35 229
25 207
59 153
481 81
352 181
26 394
41 83
119 439
281 281
446 159
369 257
183 491
209 142
18 361
141 266
348 327
35 177
182 225
306 446
479 15
262 11
446 358
297 303
436 65
77 430
39 234
77 298
440 75
288 286
404 458
138 429
458 104
329 25
323 141
8 488
351 154
12 270
425 297
214 161
444 213
447 291
89 483
410 24
162 381
192 198
480 419
23 182
207 438
79 205
45 30
184 440
210 396
45 49
210 136
349 259
403 154
490 149
173 344
78 252
451 188
107 122
304 431
221 130
187 363
393 153
93 232
128 429
330 303
291 25
137 41
47 493
494 392
88 389
142 167
207 166
140 445
228 314
297 444
307 449
102 484
217 52
334 195
351 197
75 164
57 494
339 212
104 457
346 333
1 192
211 488
285 60
375 351
148 13
315 172
8 455
360 417
465 77
275 194
210 168
162 350
414 120
77 2
335 18
62 423
264 188
249 125
477 401
415 476
148 125
432 82
351 156
86 144
190 168
336 361
63 401
373 351
353 329
347 450
373 40
81 261
387 489
391 330
158 216
193 158
92 306
314 125
122 443
112 400
113 312
65 448
299 28
357 438
388 4
397 56
318 114
455 478
160 57
273 346
356 318
476 466
443 448
244 142
395 65
378 356
156 8
389 295
234 308
312 246
155 474
88 209
39 325
382 44
242 199
17 7
473 451
251 493
136 268
334 495
351 31
391 64
211 360
168 280
379 445
420 332
394 386
211 360
256 433
133 93
100 351
302 2
348 425
193 405
401 484
367 379
295 104
464 110
243 7
452 484
317 474
360 224
437 63
496 71
164 193
44 481
484 116
41 198
104 332
168 86
466 357
461 387
497 113
120 278
262 240
66 425
1 431
494 426
497 438
132 491
324 13
481 28
79 308
140 374
461 35
392 160
47 279
392 205
483 45
137 365
290 98
29 204
482 291
82 376
219 480
345 214
94 43
352 327
201 173
60 344
5 14
293 452
158 52
449 38
403 493
91 439
143 45
188 473
201 477
309 270
336 420
463 155
334 283
308 167
364 35
402 369
173 221
125 195
85 331
177 75
14 340
385 120
93 9
486 426
48 294
66 148
303 237
20 382
401 137
24 328
49 265
486 278
474 223
406 464
39 411
252 83
204 405
266 489
267 149
296 104
252 316
53 362
96 407
396 425
253 498
115 273
51 303
378 102
418 25
289 284
368 457
214 41
382 424
73 332
288 150
466 221
436 41
300 371
296 32
382 197
470 401
56 498
452 21
399 434
219 370
327 188
81 439
363 393
77 463
113 288
10 365
406 431
302 298
330 207
256 98
0 65
63 226
247 408
343 15
385 498
186 62
1 64
457 119
83 216
4 34
399 48
480 366
16 158
217 282
233 199
264 473
51 85
493 327
342 150
149 336
250 227
291 187
307 103
319 100
486 242
290 176
394 237
395 270
53 411
110 464
289 286
371 374
201 340
491 364
53 43
270 492
179 303
407 413
13 338
80 226
254 499
236 371
141 149
60 484
300 46
184 170
44 90
430 407
124 245
140 273
117 177
332 262
175 149
487 239
318 40
391 420
291 72
73 479
315 284
331 133
303 116
206 367
275 199
296 488
114 399
76 436
198 231
232 408
0 225
117 72
492 170
242 8
488 135
271 316
301 155
271 454
322 457
156 477
318 97
496 453
389 432
15 424
184 440
165 248
172 36
206 283
143 164
151 301
117 483
139 422
377 270
227 410
240 199
148 384
189 58
490 496
420 430
370 357
457 456
493 388
23 129
145 199
352 166
2 296
219 469
92 141
403 96
147 319
55 143
201 295
291 244
175 43
253 63
371 45
285 210
192 216
268 308
327 337
134 120
442 329
322 205
153 34
353 225
369 300
447 261
5 422
318 90
153 32
430 423
133 376
93 215
376 177
15 361
333 203
384 149
354 275
309 206
431 359
159 15
276 152
427 458
48 133
166 97
20 53
429 96
163 5
183 374
87 39
94 198
199 421
196 478
184 405
264 358
373 116
120 275
233 1
486 47
144 133
186 152
100 164
22 467
342 116
155 205
255 429
202 250
80 454
211 399
257 265
381 327
102 482
335 1
401 187
320 321
326 45
62 358
325 278
394 84
141 19
449 402
4 396
202 151
402 84
349 265
92 11
493 82
436 194
233 180
2 337
234 53
411 328
106 296
232 88
108 353
255 373
121 57
60 259
343 323
88 315
326 45
127 32
226 172
352 63
252 311
364 206
34 487
135 127
216 493
346 368
93 176
85 101
212 215
390 145
312 407
452 331
363 491
163 80
495 442
253 367
74 248
87 470
449 460
453 222
442 17
193 151
104 36
103 278
276 316
224 493
324 88
79 28
108 40
482 94
314 456
204 235
57 240
200 143
365 7
24 6
9 160
196 218
496 114
282 299
144 272
213 358
387 321
361 144
91 347
303 343
430 405
145 359
2 488
347 197
55 220
380 371
441 65
31 428
79 290
414 313
24 223
396 127
272 411
110 257
452 363
120 414
273 383
223 117
314 128
348 70
293 370
287 80
8 87
377 318
483 439
14 143
271 7
270 411
168 395
110 381
295 121
356 230
347 420
48 79
1 13
235 248
180 146
233 374
192 188
479 462
106 28
35 494
405 229
124 306
187 425
398 86
168 334
254 254
333 367
380 155
255 186
333 468
342 436
476 418
381 387
415 456
302 339
68 450
108 207
484 44
482 147
481 383
137 150
17 88
95 323
361 249
217 350
138 46
465 412
299 115
71 198
37 66
16 373
432 457
353 477
124 268
151 335
485 458
398 141
316 2
103 493
195 29
76 321
85 334
301 41
239 384
450 372
97 128
85 318
147 381
1 438
273 272
82 153
146 110
464 332
177 314
343 67
240 372
58 271
312 325
61 359
83 403
31 11
182 32
265 116
406 329
453 267
272 31
141 387
219 418
84 457
25 396
121 279
51 265
443 179
391 215
119 4
368 474
7 2
119 50
231 272
391 377
409 185
424 163
433 402
360 144
392 17
149 385
2 13
193 200
267 297
302 436
410 386
389 170
72 269
394 360
89 303
340 285
449 498
253 265
261 382
252 113
350 153
167 401
453 204
2 212
148 72
459 156
326 410
180 200
412 398
201 426
211 1
352 394
159 12
247 457
422 420
73 499
252 124
328 92
304 57
129 182
338 452
363 440
492 16
414 395
321 404
258 468
362 384
249 462
419 373
145 496
347 341
465 70
163 451
8 145
328 467
272 489
430 18
35 487
234 274
31 301
269 407
291 289
251 483
356 40
388 22
215 1
72 235
186 180
177 87
406 46
36 357
376 30
17 318
444 263
64 103
10 475
264 334
317 302
194 367
389 26
27 83
170 104
136 451
38 209
255 314
171 445
475 143
313 399
162 345
448 258
233 79
413 459
113 350
217 82
108 307
242 459
415 488
291 413
122 404
70 182
127 229
373 93
493 454
151 38
296 7
86 452
411 382
84 351
286 376
183 153
112 246
86 278
191 380
136 378
60 313
394 206
299 39
345 267
158 144
4 497
449 454
188 442
146 212
440 272
426 432
30 123
401 390
122 117
495 444
109 258
316 407
446 4
123 468
464 143
140 281
88 320
263 441
5 276
401 261
45 445
421 179
69 75
192 174
119 44
154 39
298 80
84 471
291 244
388 208
341 255
76 380
174 429
58 191
452 31
477 459
138 497
424 250
424 59
103 469
360 395
476 110
81 159
255 412
472 224
479 143
376 314
243 55
98 50
81 153
112 50
399 410
160 102
162 324
145 437
332 117
79 5
164 308
73 160
384 420
415 45
359 216
123 143
45 455
108 222
124 127
389 73
175 24
200 402
339 189
159 345
350 23
184 238
251 367
287 257
302 487
203 54
198 162
469 327
401 243
222 429
2 25
49 464
366 178
219 249
446 205
228 378
117 149
16 264
21 368
355 155
209 324
338 411
238 259
3 307
236 491
16 225
189 91
269 66
167 407
464 340
219 466
115 45
309 188
56 131
138 331
155 263
26 347
459 345
4 116
107 462
39 92
183 124
190 81
488 304
145 209
175 453
498 364
52 290
273 159
490 460
75 411
111 497
342 102
218 70
384 346
439 326
302 423
356 122
427 492
53 345
150 72
288 229
371 0
159 340
152 497
260 150
499 227
181 371
293 342
40 400
78 177
453 479
454 380
224 309
6 233
157 277
358 156
8 445
137 82
79 168
170 289
368 191
63 21
363 50
302 208
238 404
235 380
112 43
204 41
274 188
465 211
219 431
228 176
110 228
248 365
6 41
232 270
291 375
425 147
208 7
263 79
459 446
341 350
392 423
111 45
256 18
302 428
456 328
408 30
248 66
107 8
130 254
481 192
339 421
280 258
337 47
345 43
394 148
71 186
232 138
156 34
463 340
20 458
341 419
338 428
288 89
195 297
489 418
340 177
435 181
228 472
16 125
273 426
112 262
400 197
231 196
389 408
219 194
466 409
190 412
1 304
101 478
397 48
77 443
124 89
61 365
490 204
130 429
191 115
312 95
291 443
352 44
90 32
442 423
335 56
212 132
462 188
236 314
257 359
448 166
31 233
437 362
291 373
488 68
15 335
278 301
197 158
191 482
405 287
344 485
469 240
280 408
222 431
291 369
35 331
416 91
305 418
291 354
274 97
284 279
432 289
299 62
397 129
269 490
475 302
395 465
373 444
376 27
396 448
131 19
462 431
349 48
402 268
217 492
124 176
317 1
415 56
38 116
459 312
467 159
124 434
231 214
241 349
297 459
478 138
69 429
477 292
412 271
263 231
259 481
482 387
296 428
44 250
414 186
197 355
290 381
95 321
170 373
332 189
327 320
101 162
454 248
371 78
161 367
200 487
226 420
348 183
285 22
60 244
100 199
81 257
430 242
115 28
217 453
273 299
461 396
497 226
156 267
486 368
355 317
89 187
370 82
456 289
33 7
206 369
126 485
227 139
20 409
362 194
493 89
486 487
213 306
74 483
203 369
38 60
247 59
493 127
416 469
476 449
318 301
287 183
322 297
206 366
413 342
432 420
259 406
213 270
105 324
45 139
199 308
219 83
62 447
416 212
14 478
131 393
428 332
481 270
137 102
297 187
459 50
308 81
351 218
394 373
12 308
468 439
374 64
11 188
252 436
266 279
172 266
451 398
168 452
55 432
120 157
59 352
433 431
2 220
93 136
444 396
336 458
374 412
452 62
499 385
164 205
323 117
367 189
141 274
207 36
45 196
400 179
110 105
177 333
321 112
9 270
80 265
30 197
259 454
191 334
391 110
228 208
397 215
489 95
483 390
87 196
227 29
486 487
173 338
302 163
285 494
112 163
360 218
24 494
180 472
82 68
276 72
287 162
258 173
63 276
325 93
122 2
342 52
242 460
475 367
361 45
208 113
331 325
171 421
245 207
275 352
424 327
490 51
76 211
339 100
193 492
346 16
69 168
480 188
55 163
208 456
69 269
446 269
42 252
459 470
322 287
114 87
490 98
161 456
56 67
411 352
369 102
270 257
446 438
101 250
58 353
122 162
283 127
231 421
391 325
112 43
130 65
163 226
35 120
39 324
176 443
45 450
208 397
187 167
418 6
359 141
303 328
456 334
107 86
411 39
82 498
63 23
101 64
37 78
254 488
432 76
379 282
180 477
145 439
445 367
8 415
243 156
490 311
249 51
443 449
447 12
387 377
442 362
440 341
329 331
259 46
329 261
91 138
429 9
376 88
355 374
31 237
400 450
354 373
323 150
14 297
174 122
337 402
243 468
299 129
176 424
38 411
49 5
366 481
69 479
205 242
331 276
226 88
314 232
382 80
229 137
111 248
150 404
372 448
78 245
170 24
435 106
111 208
41 336
167 477
71 110
238 225
313 403
135 316
249 127
116 369
117 478
382 228
28 120
217 107
483 458
64 239
447 270
106 27
356 488
450 126
351 428
183 40
357 16
144 170
39 106
84 260
340 8
480 319
278 221
179 198
437 261
31 96
123 237
77 489
115 480
260 380
420 318
335 443
113 277
235 331
443 4
364 320
139 136
357 345
395 417
30 388
484 332
421 61
402 460
292 499
379 370
40 52
347 151
281 375
58 312
316 16
188 2
138 180
377 327
96 495
235 272
457 478
391 220
32 378
377 294
16 324
228 108
112 56
284 75
239 393
261 342
344 55
87 450
129 334
181 317
89 226
56 417
489 46
425 448
242 21
197 154
115 258
166 277
352 227
472 450
293 443
350 233
183 489
176 437
254 313
391 357
126 196
94 447
247 115
488 19
26 489
99 37
314 493
220 118
68 18
461 44
129 213
203 311
101 165
478 379
88 207
403 221
20 215
182 498
369 268
109 171
60 247
240 61
179 375
245 312
356 247
461 207
370 486
151 16
247 471
179 481
54 335
50 434
284 426
194 85
256 154
401 304
217 168
43 494
306 396
495 289
348 163
1 308
324 218
42 4
337 423
259 221
7 243
169 161
246 292
446 364
20 354
23 199
193 89
485 418
59 0
15 480
141 407
478 368
224 465
241 20
93 61
304 0
13 100
392 473
189 260
466 190
242 61
150 341
260 435
287 487
320 171
431 154
22 461
278 409
429 246
159 19
371 22
122 463
289 385
497 367
57 330
244 463
305 299
87 246
234 417
88 374
381 54
367 19
280 255
354 497
17 209
83 13
329 240
125 58
425 470
300 122
438 334
134 396
143 95
364 73
299 377
283 304
176 180
436 2
499 456
18 290
155 16
257 453
363 484
454 234
209 288
475 107
3 499
446 461
34 498
375 310
466 333
366 10
12 142
451 154
444 12
380 321
274 99
436 489
76 138
278 242
349 285
136 105
66 205
203 82
392 452
286 431
293 210
353 4
158 306
170 156
477 454
405 402
392 103
93 341
84 320
105 224
329 285
490 93
175 396
200 46
477 419
129 486
342 270
428 334
490 0
454 450
353 319
423 360
53 97
417 368
92 137
423 374
467 422
170 265
311 494
413 370
209 140
263 394
229 51
52 43
494 71
243 358
218 347
296 18
386 124
261 213
439 479
401 36
154 258
252 423
293 317
310 165
411 354
406 73
116 492
64 310
168 462
161 159
177 239
363 457
170 63
42 476
365 461
219 295
70 19
188 471
488 364
218 498
423 400
392 476
286 392
354 308
467 307
46 16
473 144
60 261
89 496
309 454
102 454
325 29
352 172
388 366
364 341
241 107
435 140
32 485
146 222
29 386
254 113
110 427
40 80
428 22
476 129
436 237
118 78
103 261
127 471
312 491
450 344
484 405
242 386
108 368
106 388
2 489
416 361
293 464
486 308
437 221
310 314
393 373
487 429
400 348
339 466
162 64
469 290
176 146
14 63
452 136
125 121
334 306
270 393
201 127
200 108
422 490
216 10
291 167
15 203
21 43
107 207
497 184
330 428
492 25
161 197
170 296
102 138
383 356
335 224
332 436
426 35
397 106
274 494
197 41
84 141
348 219
403 44
472 345
222 85
134 316
464 235
373 156
364 66
290 108
44 199
86 474
81 323
317 336
377 207
348 367
86 461
357 197
394 341
278 182
350 117
352 265
421 315
381 78
186 138
337 24
350 231
406 424
260 431
138 223
90 489
450 339
36 28
221 160
342 430
399 352
117 192
7 252
330 390
28 241
117 16
99 366
142 467
251 5
81 254
243 389
228 171
52 45
205 116
47 273
125 47
92 298
50 94
485 99
192 232
101 365
231 309
277 200
58 225
479 28
269 139
162 222
268 350
466 214
340 473
373 365
164 317
264 465
416 66
299 249
466 461
270 252
452 198
275 399
427 362
1 255
477 49
399 16
82 97
423 217
435 274
444 296
113 99
17 208
309 381
342 168
420 275
325 465
364 225
87 101
356 144
45 441
457 185
283 444
13 391
166 58
206 448
399 110
318 171
52 417
85 127
254 247
212 358
83 80
181 428
72 170
463 37
74 117
413 420
164 209
267 279
79 330
292 473
144 479
248 462
441 49
296 185
43 195
275 360
140 126
149 456
345 65
34 112
385 420
481 300
79 49
231 249
74 158
489 23
337 219
120 237
275 278
473 268
480 318
297 249
57 120
185 298
262 403
175 220
372 499
48 8
257 451
461 131
6 332
403 451
40 343
121 375
143 315
486 447
196 123
95 135
433 105
360 281
353 195
195 387
396 225
28 95
79 153
337 489
440 437
133 92
467 481
148 106
53 462
85 134
269 101
207 33
314 54
102 67
455 19
96 149
96 351
356 476
465 175
465 46
138 258
91 98
204 458
420 239
374 258
359 358
391 495
50 418
338 57
428 152
301 293
496 24
352 397
425 352
398 317
427 390
488 389
347 18
110 44
302 119
477 484
331 14
432 220
277 381
385 270
415 205
81 38
436 263
468 433
103 213
103 218
107 30
401 443
487 306
426 11
347 142
8 255
476 178
412 292
415 253
311 297
336 330
94 244
178 124
337 62
280 133
15 292
87 240
46 416
427 426
420 324
80 126
305 428
221 56
161 69
218 136
318 472
217 54
30 412
326 247
232 219
363 459
199 247
164 450
229 245
70 443
422 149
78 2
58 79
148 299
287 219
44 366
273 105
370 261
360 155
375 196
155 92
191 238
41 206
452 207
3 270
419 374
376 425
4 497
148 286
5 4
222 435
393 49
162 347
3 263
459 374
318 378
468 467
173 10
217 9
279 477
203 220
497 51
48 431
217 1
357 49
336 75
476 80
427 229
344 139
13 430
160 156
123 332
194 481
490 148
478 411
484 122
173 181
465 481
335 73
122 34
109 192
124 459
40 86
77 404
186 385
41 442
126 347
328 16
164 320
84 170
292 142
176 68
401 317
391 141
175 236
281 13
324 137
223 257
161 217
454 152
94 348
47 495
363 73
393 227
397 27
22 329
249 42
359 198
191 151
239 250
116 366
355 372
130 292
9 430
82 143
491 463
310 29
102 38
117 173
53 347
177 15
57 75
125 426
429 416
19 316
34 169
393 135
427 390
320 23
19 289
104 403
284 10
401 415
440 238
85 18
385 493
68 114
393 442
211 193
361 322
343 230
217 396
138 89
464 144
285 458
213 483
494 390
157 349
87 247
117 97
91 173
139 3
297 11
57 32
207 8
90 418
166 402
491 307
304 304
115 456
439 89
331 180
30 285
384 488
86 469
142 2
357 29
40 134
166 154
15 97
368 225
128 105
265 386
191 119
75 69
10 158
190 367
152 194
182 72
42 37
391 120
1 36
170 248
254 42
491 189
414 269
375 211
98 42
14 492
61 141
299 441
308 423
117 341
414 313
202 300
272 308
344 93
193 274
168 15
204 447
217 159
223 118
13 444
436 321
462 27
468 349
272 113
454 129
442 390
42 220
28 496
89 314
440 225
240 282
81 108
120 296
266 298
94 343
164 279
158 30
379 478
91 479
108 4
394 397
470 402
398 436
250 350
75 339
121 191
151 315
463 202
353 271
466 230
9 447
330 482
460 168
499 61
65 403
153 107
9 459
247 123
325 259
98 350
393 401
68 71
125 44
168 32
262 478
278 134
117 123
143 460
21 429
333 142
101 439
398 338
313 110
221 498
348 138
39 319
390 241
137 108
492 16
346 305
292 106
229 124
84 409
190 225
219 458
397 23
361 321
283 147
145 174
165 5
176 345
86 204
164 67
435 224
381 8
114 281
258 173
434 196
273 194
152 125
148 492
313 49
197 362
388 449
454 194
40 405
110 130
49 126
202 126
487 336
118 436
109 101
149 376
70 44
169 422
267 75
124 169
383 432
381 173
368 124
29 187
170 408
386 491
470 71
408 441
377 457
410 378
106 486
382 412
334 28
103 403
73 453
386 228
253 308
284 119
159 121
381 314
157 329
252 268
209 479
436 160
38 438
276 199
111 144
173 159
62 297
251 276
356 487
296 489
460 110
83 80
246 119
300 465
233 256
235 53
213 294
84 24
223 104
100 360
19 186
483 273
402 434
273 86
75 110
220 69
2 388
7 156
121 100
208 308
361 206
352 444
468 426
382 436
296 43
229 483
256 168
454 212
151 10
121 227
149 226
466 193
349 3
103 474
134 470
28 164
108 495
273 380
316 428
471 156
491 113
133 52
264 247
110 87
166 267
346 231
276 315
318 312
286 126
448 274
438 420
267 477
357 398
326 393
401 26
491 149
201 392
139 124
63 317
85 101
184 229
397 431
243 461
439 67
193 30
302 239
216 483
381 422
315 426
304 59
208 216
108 295
271 409
79 99
201 334
415 164
95 385
198 164
232 190
72 137
377 425
261 375
297 445
223 142
202 464
180 27
174 262
172 288
239 445
279 251
267 292
178 47
211 214
404 228
218 295
73 477
352 95
392 334
476 1
465 468
347 30
293 497
137 22
467 317
420 376
169 99
146 187
401 199
427 209
5 157
134 145
92 430
264 338
339 337
157 92
123 156
153 4
26 268
437 290
19 346
445 357
396 188
387 443
152 149
306 166
312 9
439 441
279 256
445 55
148 471
479 102
107 123
391 485
275 485
331 180
37 146
334 128
71 285
434 73
240 76
437 240
33 404
12 377
432 165
488 458
60 432
55 319
304 19
5 298
478 432
78 188
169 367
152 413
338 92
168 438
179 78
334 458
335 64
81 347
157 119
404 69
389 217
237 459
110 193
477 94
282 88
308 56
469 451
44 312
251 159
238 64
22 282
346 424
123 209
181 428
349 280
498 85
396 90
284 87
181 6
447 261
169 463
267 255
67 490
150 163
79 170
452 240
164 454
163 151
79 288
68 196
281 280
371 66
5 178
36 7
120 186
2 483
90 290
280 269
284 10
180 430
22 363
317 485
136 187
475 333
29 67
347 395
314 163
193 70
77 319
6 229
65 198
340 8
129 155
17 120
403 265
128 50
35 425
464 298
483 23
90 291
187 12
175 437
360 1
172 368
450 437
487 178
38 15
22 327
300 19
284 392
442 203
480 265
63 329
352 297
88 46
410 294
83 275
128 438
158 443
381 301
479 108
475 368
196 370
389 350
242 348
403 26
291 36
365 383
180 206
104 69
215 121
396 14
304 298
242 25
178 463
423 475
195 9
379 251
101 391
91 121
147 343
379 494
230 438
496 96
17 410
383 100
466 232
382 280
157 123
86 124
451 335
344 361
112 147
390 76
197 213
408 482
476 344
134 287
235 206
469 130
82 104
336 352
132 400
23 71
195 141
476 461
323 147
294 173
249 287
353 184
166 298
494 261
401 495
201 128
110 488
93 170
23 44
444 281
352 7
1 320
281 400
399 329
2 456
244 45
229 103
253 449
62 248
243 247
227 463
304 296
319 337
233 249
30 194
201 30
350 235
135 54
384 131
88 386
431 238
342 184
485 12
260 95
195 47
363 355
4 422
112 167
416 323
17 345
375 298
33 70
125 225
209 20
406 361
99 149
333 189
202 293
241 318
365 314
22 436
358 80
247 26
201 470
168 163
314 218
140 43
121 347
220 117
478 330
331 478
168 78
371 164
334 370
184 464
400 51
132 58
84 111
81 231
395 285
355 101
145 61
408 496
465 118
300 128
107 444
22 131
147 127
497 245
210 333
384 33
92 462
73 368
100 28
166 7
108 347
408 21
369 105
75 168
149 335
279 375
358 108
235 153
250 5
190 232
117 312
275 75
295 209
90 200
207 247
94 256
277 168
125 354
375 499
334 201
428 24
132 465
470 287
144 367
451 220
33 335
262 420
482 160
360 409
157 72
328 420
440 103
458 457
308 65
118 185
209 494
459 47
186 193
412 281
2 182
17 215
135 387
47 131
41 117
41 407
179 198
153 221
31 119
37 463
148 339
334 155
54 357
50 293
427 240
423 462
177 429
316 292
424 165
134 215
474 317
15 176
249 154
125 168
484 280
120 162
170 132
490 454
99 224
465 392
207 26
307 240
32 236
401 475
190 308
125 36
64 165
171 492
13 313
94 148
311 497
129 66
20 333
57 471
216 119
498 374
466 423
159 305
281 351
159 413
449 323
340 137
129 365
178 11
12 494
343 124
190 323
8 473
296 62
34 65
440 12
287 32
189 258
109 447
360 322
146 269
258 161
26 486
350 239
234 56
33 362
37 77
402 75
138 45
462 199
63 24
56 254
13 351
150 97
420 122
243 362
23 66
404 1
241 401
309 106
468 475
404 194
270 357
254 307
358 260
284 217
323 421
124 192
289 336
459 274
136 209
127 202
56 11
264 384
490 297
124 74
120 311
20 380
187 390
150 275
344 397
171 286
478 167
4 295
70 268
329 315
369 58
70 309
193 425
74 334
260 183
346 50
431 381
123 367
142 118
368 126
412 338
5 39
334 391
11 361
28 256
167 192
1 398
175 89
423 194
230 102
152 36
269 76
443 83
54 392
18 437
275 274
313 283
26 133
494 499
108 37
229 23
273 275
364 83
277 300
254 139
175 359
436 407
342 296
189 231
21 248
374 59
342 296
429 187
39 220
257 276
151 147
422 339
422 276
76 138
277 51
411 183
442 305
101 199
430 136
385 142
54 451
100 111
299 248
469 381
157 190
337 226
417 160
436 111
249 191
243 365
48 378
183 154
205 342
478 137
279 135
439 215
327 185
434 391
272 478
168 403
481 282
294 5
116 399
90 231
448 217
95 185
339 348
190 131
268 396
384 168
384 399
85 323
66 211
189 19
422 338
472 357
214 255
154 267
350 182
399 97
282 298
146 494
125 474
370 188
356 245
145 254
429 92
155 82
101 495
334 196
405 375
130 158
425 119
301 137
234 275
425 52
399 368
342 423
111 376
122 213
319 320
412 119
201 249
244 420
116 154
29 430
441 374
493 11
148 366
494 147
51 234
103 419
343 450
327 445
10 454
126 301
272 182
431 391
311 473
127 27
310 279
153 8
19 251
469 499
498 168
254 463
383 49
352 357
155 78
32 31
184 165
199 11
402 456
429 130
10 65
344 408
268 320
423 350
201 287
307 392
356 199
100 62
271 91
169 304
335 426
444 53
64 19
327 143
126 466
31 108
16 136
308 228
78 284
424 231
123 279
330 83
497 331
422 282
87 269
47 91
145 422
294 491
135 209
28 121
230 261
249 59
139 98
235 57
140 217
348 159
94 263
447 178
313 92
213 369
313 400
322 260
252 458
19 468
90 239
352 47
459 172
270 101
10 450
168 5
16 150
265 368
399 111
55 212
434 212
112 268
28 247
205 286
255 132
223 76
476 197
369 75
28 287
237 139
145 38
40 257
126 13
476 306
370 25
89 31
151 304
51 201
339 32
164 108
185 94
291 240
315 13
300 12
152 344
234 37
295 149
162 127
433 273
150 491
22 303
460 239
292 174
206 11
120 131
78 222
462 157
170 221
234 130
326 470
359 238
239 412
39 6
279 253
244 324
480 429
20 267
293 440
451 164
296 351
425 423
80 226
447 240
370 102
424 33
123 48
460 284
290 362
116 0
324 422
203 360
479 156
96 76
240 272
475 400
323 388
114 401
141 256
358 414
447 363
411 283
419 71
285 223
75 61
483 401
114 252
408 39
115 93
218 5
405 355
244 45
446 80
336 358
272 439
154 47
182 72
495 417
141 101
14 280
34 216
468 498
37 148
93 229
234 152
359 163
209 491
71 103
462 155
447 260
307 86
10 453
371 341
294 357
138 12
80 308
158 24
172 401
130 47
51 117
281 216
207 411
14 490
497 278
390 328
267 444
398 197
390 129
487 121
485 184
345 125
1 65
318 3
51 25
142 448
16 454
365 275
265 223
354 232
412 263
59 244
294 179
309 309
430 184
221 296
273 267
185 66
421 126
151 3
304 472
279 145
421 320
396 144
376 186
301 250
346 289
320 213
22 140
177 481
129 305
72 250
316 254
380 257
113 237
62 31
177 417
89 341
337 450
136 485
235 66
355 290
3 434
74 27
9 377
182 103
353 490
245 107
216 21
259 125
9 329
98 173
366 38
488 188
173 203
269 476
266 261
47 476
356 269
147 121
77 217
207 181
288 430
304 452
430 357
38 63
88 439
329 137
325 454
9 317
145 350
463 131
107 412
33 10
484 315
32 32
214 413
195 240
44 354
211 499
414 474
265 250
239 2
308 94
263 416
118 170
301 261
173 82
444 260
76 58
91 280
193 460
200 157
11 389
388 245
71 75
177 303
157 337
283 416
332 466
488 399
160 302
384 289
401 185
243 181
461 477
290 186
343 7
396 490
87 355
282 136
439 11
200 459
227 449
267 335
234 411
213 255
44 246
283 450
131 297
127 27
65 444
303 417
407 409
116 199
188 347
358 398
209 479
428 58
393 436
199 195
450 480
78 412
362 346
144 362
389 345
142 271
188 306
215 445
497 447
146 183
81 185
164 4
414 142
430 445
140 160
492 129
394 443
289 70
432 108
454 285
408 173
480 448
393 96
396 47
231 242
427 42
399 164
307 444
389 313
325 237
219 381
324 317
240 113
221 466
251 172
346 27
327 160
108 178
225 73
315 4
399 456
121 95
391 298
463 280
369 280
13 289
458 88
53 338
304 50
223 127
6 407
419 421
451 186
259 28
384 176
485 426
373 283
81 458
238 264
396 45
186 107
48 410
100 496
47 453
432 256
163 122
395 439
125 435
463 346
22 236
162 199
335 7
465 36
152 416
313 55
15 49
311 351
200 415
368 411
167 99
221 301
92 182
117 116
314 69
305 432
132 336
196 319
207 467
235 13
421 360
261 401
104 436
351 72
483 304
403 71
224 150
332 476
444 316
385 302
234 258
95 42
362 218
37 143
8 421
281 273
26 429
365 42
114 130
287 68
140 449
99 42
19 364
181 284
86 463
74 418
313 172
391 21
164 175
448 428
53 172
102 230
124 79
62 319
388 91
40 349
243 28
244 492
276 262
78 277
196 214
386 152
173 361
36 277
206 337
361 336
66 111
191 315
135 43
134 105
306 375
255 174
18 49
312 499
277 294
8 242
394 325
186 395
24 67
256 74
410 82
194 469
285 329
372 237
194 272
147 358
384 0
49 402
253 403
49 213
455 382
59 58
305 201
120 97
171 181
264 376
198 434
115 310
47 483
107 339
197 93
93 106
360 433
336 494
208 113
348 386
296 15
217 407
5 453
134 337
66 28
462 250
60 264
99 77
268 459
52 58
164 465
251 497
492 24
489 439
177 200
67 337
97 473
278 284
474 102
130 413
15 392
8 445
374 428
387 107
17 143
460 292
289 181
57 211
151 281
333 46
236 328
154 401
37 333
287 432
197 363
255 417
214 65
493 263
222 89
84 380
24 239
420 44
108 166
447 329
376 111
439 133
386 464
149 445
378 423
287 436
205 427
492 394
158 420
361 485
218 380
120 445
341 94
260 392
222 449
412 60
193 450
266 352
149 431
354 415
203 379
307 493
388 408
180 151
489 398
130 41
338 59
153 102
495 180
481 266
178 69
371 394
98 223
154 489
404 247
127 360
354 107
367 286
289 94
492 48
441 278
337 474
77 280
312 343
461 424
345 145
391 139
362 216
205 489
89 16
376 461
420 68
354 82
28 139
187 143
274 20
347 129
409 463
158 424
348 73
218 119
110 193
261 110
451 324
192 318
279 40
460 421
3 51
190 166
162 32
404 230
359 436
399 251
175 120
45 410
381 375
68 263
225 492
316 181
499 177
69 9
430 130
33 30
196 285
169 224
306 358
146 74
177 17
489 398
308 205
80 34
297 189
33 1
34 23
52 350
211 34
16 121
151 493
130 50
126 200
410 300
226 432
449 57
455 403
460 438
324 115
156 41
394 121
496 190
392 280
314 48
170 103
448 331
233 173
225 78
378 359
143 136
45 456
360 444
234 352
467 320
213 58
31 475
165 459
240 28
76 57
12 406
89 98
124 312
391 322
33 349
337 121
78 176
472 382
234 290
462 206
264 53
29 176
487 296
176 194
104 227
134 104
203 468
281 75
398 327
28 24
145 283
460 366
248 75
365 432
491 335
388 328
356 107
403 269
464 343
423 431
36 420
388 409
484 239
418 169
193 382
166 298
164 191
118 478
262 265
100 484
164 105
213 340
110 372
67 468
400 426
346 490
399 436
27 234
256 384
118 297
95 301
492 136
466 112
377 463
299 229
334 477
169 463
187 399
368 279
205 254
245 268
56 51
138 496
380 435
232 246
47 351
487 179
291 392
355 454
35 20
349 154
469 221
121 19
298 156
262 489
109 4
407 7
356 17
452 45
143 236
439 184
215 191
435 279
233 7
379 290
296 120
341 229
248 265
273 314
155 46
402 35
395 116
133 310
207 251
339 85
121 351
394 279
58 337
196 329
119 143
115 75
304 415
32 308
123 404
451 305
340 130
247 205
15 87
338 380
318 75
426 30
309 439
128 320
1 219
214 324
252 120
387 329
137 408
313 419
224 112
243 116
321 416
4 490
222 337
264 194
224 40
332 42
362 385
104 460
137 215
335 318
499 389
297 74
493 489
101 462
78 69
485 196
38 400
89 341
36 261
153 353
395 260
146 485
298 109
324 250
421 435
176 11
85 272
261 325
288 430
499 215
411 366
118 484
326 450
63 207
412 214
474 68
54 159
120 120
223 352
139 296
307 496
120 315
140 244
174 382
449 428
147 173
10 212
14 265
325 188
402 77
146 89
101 376
349 52
404 221
18 424
272 395
210 177
274 392
126 350
131 448
474 75
288 130
395 336
24 302
232 72
162 278
6 230
282 263
336 207
131 38
433 206
384 403
296 143
345 158
458 274
350 328
458 284
120 490
144 206
278 496
274 228
458 292
407 133
340 240
278 96
302 472
227 63
58 38
196 375
150 256
84 7
291 352
194 395
101 264
260 338
67 231
376 387
20 377
118 283
379 360
184 248
164 34
72 412
139 222
330 121
128 289
493 415
310 271
387 187
378 263
494 148
387 297
174 370
6 407
119 292
393 237
271 304
68 57
131 344
317 59
349 462
229 297
68 194
382 391
154 456
456 260
409 0
223 343
102 83
228 229
318 221
377 121
30 442
138 297
357 13
475 455
252 58
252 56
447 172
480 486
98 101
454 288
483 7
91 177
258 85
159 319
292 76
370 388
38 174
187 8
463 247
305 15
71 67
240 409
396 19
472 72
361 494
2 278
455 344
430 445
116 65
494 441
329 408
434 364
373 367
466 473
488 188
256 271
33 412
283 348
420 429
275 107
386 281
126 129
74 341
259 408
349 190
450 253
117 30
250 236
210 342
31 216
340 50
462 139
487 373
154 97
205 259
41 429
411 91
284 19
427 337
380 43
148 128
158 330
67 118
460 260
477 129
179 343
334 317
42 494
91 321
433 196
477 296
239 474
493 240
78 376
271 272
252 458
140 420
38 262
23 207
188 350
194 0
169 368
214 28
202 63
259 305
454 487
461 88
329 45
421 306
430 407
217 193
113 182
444 357
417 3
353 467
319 105
325 399
280 340
403 39
345 334
321 14
455 151
196 282
440 136
395 470
163 222
404 112
469 128
131 200
20 386
344 336
236 191
384 169
209 16
350 139
154 406
57 171
305 461
97 105
75 97
319 492
104 90
70 75
275 425
164 201
390 295
339 8
177 126
494 223
362 238
144 344
367 368
329 53
11 24
121 278
270 86
29 292
367 226
4 99
153 494
290 168
28 43
169 481
204 205
444 163
359 66
287 440
494 78
102 116
247 5
443 75
367 369
448 324
424 234
228 452
472 429
472 370
203 0
57 493
8 407
326 353
294 367
445 113
81 140
497 399
474 180
50 292
117 193
279 498
302 393
174 359
230 274
126 146
491 285
193 183
37 499
218 371
336 183
323 163
414 269
450 172
464 240
433 0
350 433
178 212
71 152
278 352
350 153
439 404
87 341
340 484
207 476
11 58
73 43
164 186
358 339
79 114
466 175
460 12
76 316
320 491
343 0
153 98
2 46
239 444
280 442
270 432
342 487
30 282
468 268
107 47
161 179
206 187
51 480
148 166
157 480
480 469
419 353
399 485
430 274
68 490
422 210
198 338
472 265
33 80
127 293
472 140
179 141
121 178
196 83
63 121
90 354
59 395
380 362
136 458
448 162
225 204
394 223
488 275
207 219
12 21
13 335
328 336
366 45
128 301
422 62
268 43
438 365
227 327
137 170
333 215
271 438
161 410
185 165
236 149
22 392
79 248
84 387
432 407
60 450
365 412
455 483
200 133
461 393
416 279
346 98
388 249
159 117
134 49
50 196
88 371
471 72
312 168
427 56
358 244
157 488
323 75
209 464
358 375
154 22
472 126
375 0
469 361
410 386
434 103
326 461
385 22
42 298
206 197
294 322
162 64
140 303
267 485
212 201
75 477
103 366
218 47
260 330
68 187
142 171
484 2
25 469
119 221
271 419
241 325
241 417
220 403
240 233
286 487
465 452
170 361
409 420
251 388
427 169
192 319
322 70
391 28
102 199
470 362
187 225
142 212
467 280
14 362
349 208
160 300
14 166
87 183
71 275
296 190
9 499
421 341
369 183
234 164
26 323
48 205
269 65
345 190
52 236
444 211
364 254
420 457
140 378
153 359
49 63
414 449
290 411
94 335
499 12
335 181
386 25
442 236
426 7
243 288
499 331
85 40
497 363
93 357
217 489
404 246
48 118
29 319
154 338
202 476
157 6
31 390
126 395
402 326
114 52
383 497
37 465
329 320
178 386
227 274
21 247
365 132
451 421
111 395
223 105
111 314
204 232
127 495
321 330
234 381
230 287
252 470
290 268
6 433
208 468
67 234
366 81
2 433
180 169
274 113
279 403
135 238
85 335
17 114
347 258
45 252
74 77
197 149
83 364
185 204
290 143
224 252
37 8
177 78
43 217
120 303
393 323
10 107
221 478
88 28
132 420
498 133
135 206
422 47
103 218
361 459
64 393
401 437
15 101
171 430
234 58
233 143
251 127
458 244
272 324
245 46
32 256
462 95
142 167
237 236
196 246
139 98
387 112
213 393
323 402
312 384
380 409
37 46
142 131
307 347
393 266
22 52
147 277
444 336
72 142
240 181
131 120
232 379
124 370
272 446
182 300
209 437
335 62
45 98
445 477
243 353
257 339
116 265
101 257
399 413
446 25
146 139
370 430
300 378
176 347
147 425
362 211
125 208
307 197
174 171
376 252
443 269
386 133
390 412
325 339
364 141
132 123
53 362
241 355
202 354
279 269
480 201
409 493
190 106
129 216
469 216
337 5
138 264
176 223
414 381
374 353
477 278
141 7
362 382
88 234
3 416
117 219
212 336
442 26
243 254
322 71
428 64
328 159
234 66
299 357
62 148
279 174
33 391
274 272
6 247
163 214
434 361
49 132
158 146
253 343
414 253
169 75
235 194
113 350
59 321
470 412
438 121
13 249
21 323
70 139
353 379
92 85
69 287
286 142
485 80
333 39
466 252
446 355
57 53
375 59
324 116
237 345
446 114
438 102
241 467
198 360
446 95
234 290
432 15
447 372
263 270
374 133
488 230
283 320
232 45
161 10
355 56
170 250
353 301
120 460
321 446
393 318
109 119
486 480
352 393
15 434
67 116
198 389
62 55
452 481
344 294
202 465
215 199
353 224
185 420
367 473
144 6
477 112
92 105
350 463
397 445
413 366
107 464
19 111
444 169
463 323
288 288
488 17
242 4
276 193
18 279
285 495
108 162
119 262
225 200
497 470
188 475
439 410
21 295
465 311
134 318
106 428
446 423
279 446
139 40
319 407
403 10
24 456
70 11
63 144
466 147
122 61
323 154
449 62
225 197
15 266
47 359
134 121
420 345
385 265
173 411
421 204
12 76
439 446
442 82
229 2
415 408
414 204
266 91
288 215
482 343
202 155
128 29
226 189
454 48
460 111
167 127
55 233
31 179
113 346
201 473
233 342
398 468
59 499
215 16
359 199
354 49
430 62
103 483
383 156
267 57
37 195
429 286
465 444
291 460
286 78
272 492
460 371
371 23
39 372
71 86
487 399
313 278
113 417
73 416
325 496
44 192
478 362
307 473
285 295
373 450
294 423
295 497
20 254
478 166
104 60
311 50
180 91
360 124
392 293
141 433
125 217
80 185
10 103
398 239
41 296
71 123
472 335
441 366
384 345
257 420
322 488
431 68
192 2
147 291
224 84
153 288
474 201
156 233
324 484
132 406
29 365
52 204
422 354
199 494
266 307
147 456
24 88
442 79
222 68
4 89
377 299
0 157
243 203
40 157
415 419
137 24
80 445
151 189
35 3
310 350
158 301
241 309
388 182
102 183
272 463
262 458
467 2
57 262
271 210
482 97
474 187
484 119
308 54
57 135
337 196
497 219
29 495
29 239
422 269
232 483
441 47
401 494
109 408
471 458
408 232
271 305
424 382
436 255
242 84
280 346
417 431
278 130
369 298
68 307
142 143
42 152
499 435
196 443
254 460
192 167
324 162
396 464
71 248
184 332
30 166
97 317
447 448
246 376
35 316
311 166
171 178
113 354
297 170
482 309
328 403
65 174
490 152
252 461
146 414
80 289
106 176
476 177
405 53
221 223
241 293
323 32
386 412
434 288
450 36
291 416
443 278
283 209
170 433
347 387
28 168
197 427
457 134
39 173
396 214
7 260
145 138
402 182
471 383
271 337
253 421
51 63
272 196
130 186
426 294
463 329
109 454
89 12
185 418
132 128
241 82
72 492
26 238
121 474
311 497
270 245
308 417
113 322
8 432
226 95
425 434
241 41
53 386
304 330
310 91
25 288
132 403
141 97
423 159
8 115
360 87
4 279
453 20
304 117
65 313
100 382
276 342
228 341
171 181
272 384
172 333
237 297
246 157
168 230
197 170
257 28
307 409
281 261
230 112
426 85
468 295
137 26
367 96
277 365
249 390
223 50
347 274
283 312
395 94
116 303
331 92
354 373
486 491
103 135
73 216
12 29
407 393
489 149
367 274
164 266
168 468
242 240
404 368
314 377
180 299
244 430
303 364
355 98
233 289
357 310
340 158
51 369
19 99
374 40
307 386
354 390
482 327
195 449
178 387
186 9
439 359
223 430
28 94
235 430
240 114
272 93
462 432
32 324
216 333
71 258
0 375
203 278
79 483
370 398
408 257
468 408
191 199
146 43
325 219
185 381
474 66
350 310
486 289
474 382
492 202
430 46
176 345
328 133
383 255
364 50
310 291
343 333
228 1
73 489
370 54
472 258
420 197
338 322
57 406
461 312
210 49
394 391
376 238
493 74
476 259
403 210
395 287
140 246
87 123
29 213
324 309
6 1
324 244
3 196
361 381
282 316
207 71
310 29
455 83
194 155
365 432
71 97
343 112
236 211
277 282
92 265
119 453
197 450
147 443
176 52
368 8
431 458
339 427
362 93
249 295
79 57
154 466
79 2
65 350
132 167
284 342
295 76
27 403
346 345
249 174
34 22
333 118
397 465
59 172
467 260
169 160
126 398
400 175
25 57
224 466
308 10
86 9
264 456
153 465
139 111
485 402
20 25
491 170
343 270
30 402
62 162
61 51
226 40
98 313
279 104
466 174
35 440
248 404
370 300
263 401
303 361
387 248
271 324
446 230
132 114
128 328
379 46
86 41
355 105
209 36
63 486
426 175
80 450
250 26
427 450
163 365
466 231
407 50
280 237
351 353
181 412
310 331
373 60
17 397
285 80
66 227
254 200
151 345
371 186
488 401
267 299
382 152
202 233
470 289
142 335
99 173
356 175
235 410
159 229
161 252
331 444
497 228
425 438
124 148
401 148
447 113
117 168
253 329
470 319
6 75
100 112
139 106
16 457
38 374
479 175
471 200
280 162
100 468
116 205
353 77
42 18
38 153
334 159
330 144
71 305
269 337
443 24
481 409
135 311
338 371
71 466
129 309
130 203
260 81
158 246
116 114
119 200
211 7
3 453
110 42
231 426
450 380
141 174
337 283
155 276
243 175
484 78
282 224
305 466
65 42
8 316
368 33
40 479
285 80
474 395
322 395
127 205
231 272
56 268
397 68
95 63
141 492
216 431
398 275
170 373
41 463
496 30
10 262
342 389
284 295
42 168
373 458
231 170
290 456
376 139
54 39
31 471
402 47
323 99
473 300
263 345
375 366
128 112
1 237
384 322
342 285
244 427
449 215
23 327
318 91
131 399
370 224
271 162
114 125
425 446
291 87
305 41
153 19
108 286
108 154
291 493
272 451
18 387
66 221
164 42
293 236
460 295
310 16
141 232
30 424
363 66
459 322
193 20
306 112
118 301
294 415
218 410
149 66
139 88
482 216
452 156
451 276
292 413
497 113
37 285
203 27
201 252
273 163
275 394
48 79
346 246
8 342
261 64
153 157
373 252
408 135
263 178
443 212
325 407
192 440
319 215
319 396
59 21
267 92
24 186
432 315
10 370
287 440
450 123
375 440
427 175
353 136
348 43
450 296
88 25
240 143
39 260
281 60
4 450
488 400
216 28
399 273
213 78
201 186
478 15
191 76
212 257
300 44
193 412
438 251
246 281
393 30
442 137
87 26
427 447
475 75
348 495
73 226
264 414
429 274
202 242
0 120
17 267
179 300
403 210
343 469
0 149
286 237
263 442
241 225
153 42
37 217
295 353
267 462
88 60
302 49
21 143
410 154
307 390
452 441
411 62
212 296
385 263
205 350
76 0
395 299
16 229
82 432
247 163
223 202
103 335
478 378
384 476
367 240
182 43
106 319
467 445
208 170
20 352
205 265
64 448
29 100
384 432
448 464
18 483
171 171
401 121
97 149
242 138
181 316
136 276
221 287
457 103
308 281
398 330
278 365
317 315
99 308
272 53
37 47
71 290
263 208
209 324
462 212
29 451
79 144
431 165
120 300
433 241
71 280
145 184
499 349
9 462
368 450
350 133
423 405
465 273
97 38
251 174
478 60
56 280
297 57
210 339
80 417
198 495
179 3
353 195
10 30
333 214
348 378
283 183
456 271
310 100
274 53
465 413
193 104
14 21
213 490
259 224
71 293
297 309
5 251
133 2
216 15
393 466
1 64
188 28
128 457
363 350
263 254
359 180
54 308
150 373
449 267
60 409
219 20
123 209
211 76
91 257
75 280
344 336
216 77
386 32
234 344
450 249
282 497
305 161
386 336
103 455
217 335
208 15
225 288
364 331
440 288
68 307
143 368
445 265
149 359
55 331
433 384
233 5
19 215
51 391
198 405
241 6
21 415
55 301
484 98
239 419
226 425
293 159
424 221
432 90
421 426
162 487
345 206
421 395
138 364
269 324
330 337
104 362
15 204
302 160
431 0
277 393
53 10
231 422
12 329
255 164
3 285
492 417
165 200
416 265
90 155
344 38
252 272
476 449
461 268
268 131
24 244
254 45
467 77
407 486
2 331
116 14
284 357
58 460
226 449
456 326
216 168
292 301
102 469
89 269
252 415
159 357
254 276
206 414
252 73
404 113
127 254
111 372
333 263
212 21
200 411
431 21
322 416
237 223
492 276
191 326
183 244
373 350
116 289
362 79
44 368
122 118
491 23
287 86
459 176
87 499
372 159
428 18
241 194
470 165
492 86
182 13
216 175
317 55
486 332
201 179
298 30
54 175
113 141
317 341
192 73
84 404
274 65
111 12
178 367
305 434
447 170
197 488
395 163
348 14
46 382
412 401
76 196
337 466
307 42
115 154
410 352
417 199
64 36
403 28
314 242
264 61
49 262
277 461
328 296
178 477
378 374
70 91
409 455
349 407
413 69
421 464
15 175
211 190
70 79
173 466
27 385
499 437
251 428
225 128
106 79
453 403
346 484
291 375
282 108
29 140
456 47
222 450
492 472
403 433
251 62
299 77
366 279
207 298
427 117
196 284
188 33
369 1
376 386
346 161
301 10
57 375
177 258
82 131
64 169
84 485
414 168
447 235
386 133
250 6
291 313
198 299
300 331
69 419
80 29
39 416
143 234
344 449
80 321
342 426
263 497
165 278
14 30
163 464
470 400
65 413
64 261
92 115
34 365
246 14
430 467
201 285
86 73
246 397
323 167
16 89
367 438
468 33
497 233
485 131
397 467
81 50
17 461
178 25
39 404
371 424
62 321
395 424
321 148
167 141
82 496
434 35
68 302
387 255
238 417
385 373
275 487
449 318
343 293
49 479
256 235
56 272
48 170
318 303
297 221
217 338
225 379
33 3
258 294
63 421
294 349
336 300
118 69
214 137
117 314
49 115
387 225
395 457
261 435
8 65
255 410
141 225
81 481
127 175
96 191
40 190
491 242
163 377
14 461
275 378
345 483
208 176
134 233
20 455
21 247
157 29
106 128
461 298
325 187
231 88
131 421
15 271
148 122
83 179
409 15
498 211
387 254
487 59
14 373
472 360
241 387
16 129
280 199
239 477
418 457
231 470
241 49
23 246
425 242
257 458
169 334
89 255
314 57
282 428
140 181
68 255
236 381
433 436
266 368
326 172
142 184
85 57
303 235
477 108
66 229
415 234
342 236
145 4
433 156
189 427
34 73
307 258
194 271
139 240
264 312
496 317
374 258
493 81
41 30
111 323
409 108
196 26
31 251
260 341
120 316
241 449
59 155
278 400
492 106
418 269
87 256
14 415
348 461
491 360
35 242
350 102
481 444
196 398
91 12
180 308
109 211
218 421
174 169
275 348
118 166
423 193
460 205
166 289
1 161
403 10
464 36
481 105
3 297
309 29
189 94
157 341
263 298
467 228
76 437
455 242
288 194
399 378
20 248
409 418
280 373
410 164
269 96
394 243
124 272
366 55
397 313
111 376
104 12
301 431
25 180
375 256
487 313
414 126
44 7
380 323
488 176
273 142
385 109
382 167
222 9
174 100
476 471
483 286
69 80
113 284
41 94
260 340
466 28
387 174
349 363
39 119
262 189
299 164
331 499
361 181
133 406
377 35
321 110
42 213
497 242
337 7
347 38
418 449
123 166
29 157
277 472
162 420
85 391
390 313
494 268
26 251
287 479
89 256
469 460
203 484
491 318
209 392
341 191
357 127
285 316
288 238
158 414
305 302
115 95
216 195
447 461
441 242
498 86
46 382
218 319
138 101
345 62
253 347
326 186
2 462
200 463
377 143
445 210
158 182
378 413
226 374
116 177
115 167
402 467
138 161
115 120
34 128
475 460
147 139
101 154
117 1
496 153
216 347
29 294
207 374
248 259
288 433
453 216
35 403
417 355
327 174
302 32
492 362
1 130
284 491
345 455
460 253
100 341
135 28
402 482
241 194
128 2
71 30
433 433
288 106
280 202
234 467
181 83
213 227
70 35
342 349
102 415
109 302
331 55
37 244
291 85
88 278
160 419
204 11
117 446
148 344
311 398
333 383
462 493
380 46
247 384
152 222
24 201
256 261
357 207
145 293
424 148
419 85
96 436
382 123
467 213
111 383
118 131
476 444
342 80
316 356
78 89
291 468
229 454
14 399
45 439
87 159
244 469
405 7
482 340
53 140
23 450
433 17
313 141
73 409
265 156
97 241
210 195
149 240
140 291
230 163
174 185
6 170
177 418
110 263
403 11
313 16
33 278
271 246
155 346
354 344
86 420
115 452
44 148
439 117
132 36
221 22
192 159
77 79
195 221
232 40
56 98
229 46
144 441
287 0
197 300
72 494
298 135
283 40
157 342
379 74
96 141
300 452
384 140
361 230
270 79
29 94
492 178
119 258
259 136
288 258
252 308
443 361
401 50
245 226
300 410
403 124
428 249
389 56
286 312
391 103
49 408
86 421
179 41
29 205
463 290
98 318
31 68
470 41
119 284
46 215
339 272
373 449
5 268
80 262
365 143
51 324
245 414
307 137
194 276
67 189
359 10
78 17
411 390
26 48
116 382
154 72
21 455
75 379
494 379
22 8
332 211
126 426
63 429
205 285
326 110
120 124
494 185
427 50
450 405
139 453
25 66
374 146
25 399
130 449
309 19
231 152
78 493
274 209
346 494
104 480
456 173
358 76
126 302
207 286
239 76
143 199
345 265
16 369
318 370
390 146
150 480
325 473
182 81
427 100
432 28
201 31
459 388
191 60
198 85
13 250
449 437
54 8
377 294
17 70
68 48
28 407
232 219
152 353
453 414
294 79
462 237
126 496
408 421
358 169
271 106
43 223
232 221
367 450
20 109
9 384
143 441
12 389
243 375
141 164
243 48
286 436
284 57
478 264
285 192
298 188
411 56
129 193
143 143
105 497
233 16
457 114
4 229
456 469
485 99
499 450
386 228
285 137
401 170
214 115
303 186
95 12
205 214
210 224
73 201
217 315
281 159
240 26
347 285
236 196