9500
130 354
390 439
449 483
10 256
463 334
173 273
326 237
210 489
233 474
146 143
11 308
140 483
422 326
260 139
281 423
130 122
413 264
99 20
128 214
48 109
234 91
181 73
62 60
386 243
387 295
103 32
15 398
77 95
235 289
213 189
163 368
132 195
215 76
290 231
192 343
286 338
263 427
487 467
211 326
121 374
406 450
200 77
172 274
415 277
318 259
128 480
175 481
57 112
344 390
85 347
37 388
315 224
191 301
479 155
381 254
204 100
29 139
265 405
34 202
313 181
161 353
186 441
54 337
79 244
443 250
490 165
389 333
486 306
313 432
187 465
417 194
185 243
148 447
1 451
132 35
240 314
108 293
482 426
170 14
264 62
79 466
299 254
412 320
104 285
102 77
123 291
35 19
466 309
260 35
422 467
134 392
37 162
89 242
256 372
286 111
429 372
478 365
37 228
365 243
320 141
433 467
487 444
253 320
207 305
125 365
109 482
496 259
353 146
370 85
49 461
333 156
21 478
59 311
406 410
52 276
96 227
171 337
9 83
240 276
141 68
50 365
476 250
248 47
484 329
290 119
127 385
364 475
287 1
411 275
51 45
272 463
152 147
82 295
423 161
230 323
40 64
166 132
31 17
198 415
386 16
401 489
464 13
14 117
392 103
149 278
241 296
295 273
69 394
407 378
53 492
409 489
122 93
462 75
342 153
21 161
150 80
446 423
392 466
422 312
90 137
433 71
344 184
430 228
458 265
110 337
327 11
457 19
94 301
454 419
80 289
369 476
251 82
401 315
128 495
132 323
246 70
254 417
498 442
208 184
22 456
320 318
337 201
2 277
48 283
424 456
284 481
415 294
461 387
383 316
491 441
12 367
137 237
180 266
303 135
443 388
58 177
378 115
244 247
382 380
188 293
126 307
101 325
212 41
210 414
356 447
167 201
439 220
338 304
291 119
359 141
318 86
202 269
16 48
280 446
91 398
205 469
146 217
111 158
425 210
10 321
22 281
353 177
333 313
284 191
185 476
62 495
264 355
256 116
415 132
31 36
357 6
76 88
99 3
214 187
360 24
157 224
253 382
48 10
53 438
414 332
328 90
446 328
445 92
225 202
238 212
218 108
48 448
451 146
185 499
23 165
241 45
280 32
394 346
284 328
160 448
38 198
379 488
433 336
390 176
388 10
470 481
429 458
105 370
370 380
398 290
336 245
278 491
338 468
296 172
472 122
173 308
297 363
199 52
228 82
444 90
71 116
74 414
136 0
232 31
322 6
104 130
474 10
478 234
258 312
434 126
434 231
94 459
11 83
165 145
235 91
207 461
375 158
10 134
165 364
222 243
225 487
349 326
60 199
363 179
305 319
402 150
109 240
175 496
141 121
212 193
154 229
387 272
406 382
246 398
493 71
411 468
295 70
270 112
292 207
378 133
283 449
41 280
128 245
366 217
410 122
351 430
202 64
298 90
340 460
384 44
365 185
256 147
259 12
219 26
11 403
353 450
230 147
392 394
463 211
333 110
392 373
290 36
126 447
407 440
485 319
4 143
290 202
214 260
138 402
157 285
235 2
149 362
109 318
29 393
3 72
298 362
398 247
194 440
380 376
195 102
97 217
419 200
312 388
142 133
419 451
453 299
162 154
472 454
347 123
195 353
215 202
449 493
433 465
194 144
98 166
383 389
441 195
435 303
436 106
409 429
229 207
362 362
168 243
366 186
40 15
69 413
259 107
73 370
366 44
210 119
360 464
12 94
249 302
260 299
229 185
393 169
383 310
405 107
293 51
418 271
36 185
293 487
209 295
340 218
337 76
392 50
496 197
351 404
56 245
283 111
132 285
95 28
135 15
66 0
123 280
466 484
323 159
307 111
181 33
109 147
49 18
67 1
258 46
143 271
382 314
99 426
454 367
382 46
398 441
222 449
285 21
32 40
3 109
142 339
486 184
202 103
456 388
434 121
392 214
380 429
356 127
494 331
377 162
104 376
177 275
148 178
218 463
72 181
20 73
257 66
169 359
247 311
432 125
192 33
462 325
304 72
404 170
333 298
26 133
409 437
467 204
167 57
90 185
258 91
157 463
322 367
178 178
155 421
306 110
287 347
272 120
291 443
241 176
309 124
413 268
324 70
480 380
417 491
434 70
33 27
394 91
121 207
480 424
386 276
124 138
259 26
469 248
424 50
26 211
331 85
156 291
23 155
498 488
58 440
319 432
375 444
3 65
489 496
272 336
474 375
253 248
496 233
135 223
286 272
358 161
452 117
124 366
354 327
119 122
54 264
60 438
355 281
277 64
400 344
72 401
2 226
460 177
400 350
475 95
109 186
155 185
51 413
241 279
253 257
373 360
151 307
88 434
350 6
203 217
471 102
328 127
304 473
175 140
236 205
243 150
335 197
110 399
30 238
495 351
212 284
443 221
7 363
369 32
101 357
311 424
51 72
397 491
132 356
61 73
223 220
417 156
55 59
297 27
379 86
370 145
366 443
158 313
197 373
82 27
304 151
223 393
236 355
211 121
46 368
440 124
281 269
180 357
237 188
274 478
475 468
411 496
162 193
66 421
300 211
362 0
245 104
460 438
411 481
350 23
148 457
78 142
352 281
469 259
89 89
409 96
444 64
257 172
93 458
170 175
175 393
498 384
322 420
253 458
481 85
42 455
98 481
262 473
232 450
391 84
180 173
237 300
472 476
435 346
373 65
458 105
489 48
320 456
266 164
249 425
381 100
433 144
117 479
281 196
132 201
374 172
472 312
140 463
161 444
361 75
32 34
434 319
128 22
38 106
31 246
198 287
283 412
243 132
180 400
101 24
196 312
476 327
142 20
316 116
192 303
337 177
497 224
98 271
229 477
223 136
276 261
25 422
54 59
312 269
145 86
398 413
93 194
214 374
490 235
39 31
208 34
111 228
352 57
34 209
198 81
342 110
384 474
385 220
489 290
376 197
463 134
328 274
148 56
143 395
278 490
25 182
263 486
396 488
197 115
196 282
392 247
221 391
111 276
66 107
156 452
438 294
68 119
175 267
14 68
59 171
205 292
130 436
424 468
435 26
309 473
221 132
375 201
330 294
253 338
290 248
43 410
29 228
347 111
32 57
228 213
5 91
379 285
254 136
14 155
480 189
173 323
377 201
348 400
238 207
307 101
363 380
109 350
314 245
154 308
22 346
289 234
19 379
15 20
175 273
315 30
205 155
209 340
241 82
141 57
10 479
360 449
299 226
471 321
481 113
311 125
359 3
383 100
120 378
4 250
280 147
155 319
159 486
420 364
273 252
232 62
11 135
361 444
265 162
128 332
309 98
102 439
392 168
47 337
87 364
364 403
74 220
58 19
235 85
338 330
392 8
495 70
366 403
418 357
41 483
81 46
337 351
371 183
372 229
446 270
173 312
32 310
329 247
333 442
272 64
424 23
93 165
420 271
128 311
294 190
236 22
225 375
411 74
155 96
367 283
95 101
411 40
140 479
421 92
8 325
348 46
63 432
204 293
104 335
26 184
206 398
125 114
40 283
380 36
320 196
149 247
139 267
247 413
5 279
456 20
418 14
298 304
449 481
317 354
39 53
303 195
309 97
381 429
465 350
398 261
360 137
257 399
312 499
131 4
376 170
36 87
244 295
128 334
189 193
99 297
492 80
29 402
183 154
356 262
375 1
490 106
5 235
87 247
251 170
340 218
157 480
275 376
62 253
447 403
201 103
183 398
152 45
199 65
327 336
189 407
13 203
438 179
427 19
189 377
95 178
10 381
257 105
358 137
41 319
275 157
55 94
491 458
375 208
396 43
450 203
406 85
264 464
335 196
74 191
222 376
257 21
478 232
370 14
185 337
346 263
209 460
271 254
314 200
95 146
349 210
147 46
362 107
156 411
455 197
73 82
103 29
261 182
196 82
271 483
98 233
46 117
371 159
212 317
315 185
247 307
353 17
476 394
158 67
116 132
214 113
142 41
223 170
252 255
91 271
5 375
344 41
201 51
220 68
105 413
220 387
404 353
99 426
345 381
365 257
222 462
3 80
250 216
324 227
498 354
81 415
308 355
258 425
493 9
274 330
218 99
304 347
273 474
355 403
13 470
432 73
5 235
452 436
15 107
461 276
43 13
369 394
319 351
213 479
310 165
116 487
334 28
2 420
175 459
430 210
283 188
424 362
150 288
247 376
4 165
31 208
454 399
250 252
231 273
290 463
303 41
421 406
178 137
97 424
486 354
42 27
241 121
261 466
194 392
57 8
68 50
449 440
192 22
147 52
367 424
317 438
196 170
308 239
15 375
229 257
136 1
122 271
90 377
269 383
243 136
187 179
471 311
333 488
40 164
88 480
270 408
430 405
144 319
194 90
347 159
12 275
398 483
213 486
221 488
477 334
365 464
275 164
152 337
1 460
293 45
305 441
346 63
382 235
178 343
354 428
203 25
361 367
205 454
294 426
260 427
391 271
287 126
315 19
479 292
337 316
257 272
188 494
229 455
150 422
351 259
137 5
224 406
212 498
276 429
208 7
278 36
14 100
471 66
210 329
145 450
75 47
41 254
62 115
37 122
382 212
217 240
499 19
369 293
75 211
218 497
33 283
235 349
267 48
229 206
9 477
376 375
481 84
51 417
391 43
256 88
181 125
496 325
119 180
391 217
214 194
329 462
311 248
148 65
123 430
407 377
104 132
68 283
52 438
481 119
60 443
421 89
415 241
273 417
487 386
432 16
478 201
301 261
178 141
71 301
31 302
286 478
113 487
425 355
326 165
461 259
348 386
479 382
151 115
1 252
269 490
44 285
399 99
241 345
499 77
379 164
143 30
17 18
373 108
126 295
54 199
438 87
321 254
370 417
22 324
315 223
9 291
390 359
56 260
337 483
148 55
437 69
87 143
251 307
454 312
11 377
464 8
262 301
71 137
462 484
60 93
384 129
340 69
329 126
110 396
304 18
87 258
401 93
400 26
338 152
30 354
214 202
3 346
336 329
165 426
19 150
279 225
146 403
30 119
367 475
346 492
250 23
117 285
312 151
303 369
76 2
204 185
384 290
471 60
486 220
370 137
362 358
261 1
472 9
336 143
135 339
215 34
320 385
388 332
201 484
486 192
229 129
272 43
455 113
185 243
380 441
151 55
408 95
104 413
408 380
72 292
327 396
133 287
119 147
483 22
66 172
154 469
12 295
261 426
169 319
113 446
354 402
497 264
177 114
495 453
97 438
334 67
354 424
423 467
341 325
349 406
228 407
55 3
429 92
412 316
114 99
353 25
289 320
435 202
155 319
109 430
349 104
29 443
262 55
380 304
63 456
363 229
85 291
383 418
86 14
465 295
172 53
373 318
20 314
133 160
442 27
132 242
37 291
346 13
169 151
107 78
160 232
23 323
241 245
259 259
406 180
233 225
395 79
245 458
119 268
147 378
472 61
205 131
496 361
364 51
130 166
398 324
147 290
35 274
385 240
272 146
223 291
222 5
464 471
239 467
197 435
496 386
370 21
234 201
105 366
32 99
423 87
229 283
409 422
14 116
262 294
85 287
292 338
309 160
127 108
43 48
286 177
198 392
445 156
23 433
384 50
137 407
42 159
81 218
334 451
245 95
382 449
287 183
343 27
135 96
496 322
499 31
423 282
291 50
483 368
271 166
73 367
378 260
479 116
419 459
54 313
262 165
200 289
316 401
497 43
365 303
334 345
480 217
267 257
126 271
437 102
321 249
9 362
330 199
158 488
154 102
267 64
205 268
170 467
362 21
325 19
365 79
296 159
269 345
468 415
17 247
496 257
471 338
37 5
494 302
256 47
464 0
268 23
342 169
43 438
310 56
135 368
379 175
372 432
199 0
247 340
97 217
55 95
101 68
222 445
344 447
447 478
353 308
478 215
6 47
103 21
241 316
343 239
23 472
473 215
407 74
291 72
168 356
276 199
496 121
68 351
329 340
149 15
82 35
434 127
0 88
404 38
129 93
65 99
314 4
78 390
463 73
429 222
421 483
104 206
57 417
257 172
39 238
125 258
237 121
62 60
98 237
182 318
418 79
435 248
490 84
158 13
235 453
288 439
145 8
277 392
416 54
145 387
145 307
429 270
330 383
472 343
161 280
359 155
255 431
16 294
160 245
51 26
465 247
256 339
84 463
17 385
272 352
160 162
433 418
153 441
284 115
396 125
132 297
229 107
254 387
485 245
271 414
13 36
227 236
199 121
7 163
16 69
83 279
197 28
469 16
484 350
328 105
402 380
339 312
200 483
228 93
7 37
425 351
440 21
142 4
168 491
60 1
281 36
416 144
12 478
181 237
342 496
228 361
173 96
80 68
161 225
262 160
12 21
42 187
44 452
443 36
38 64
100 356
0 171
149 368
105 12
361 182
43 447
395 89
157 217
442 475
136 171
192 57
96 0
304 86
474 140
204 247
103 364
35 156
24 455
320 37
219 481
280 181
270 115
332 176
3 280
451 126
183 491
491 495
81 280
272 295
395 55
420 477
485 350
306 455
492 362
343 478
159 64
179 124
300 281
61 11
489 303
295 364
359 173
305 138
286 440
348 77
54 33
383 268
75 392
254 41
19 420
484 97
221 30
312 163
26 373
177 225
442 15
40 324
314 153
446 345
423 100
133 294
414 329
221 369
262 489
409 475
425 134
164 245
408 146
20 328
54 286
154 49
225 348
1 194
392 39
492 447
241 315
496 125
346 155
497 218
45 109
243 406
152 470
469 259
88 412
51 489
38 494
342 205
251 263
154 343
291 143
310 146
124 32
40 307
377 470
431 37
295 422
245 26
286 299
64 214
203 374
220 115
172 93
208 62
405 423
67 214
361 196
81 229
36 485
307 121
158 413
188 91
117 453
105 433
147 255
481 169
284 202
295 201
263 456
231 355
69 169
365 150
380 282
119 298
419 416
182 427
18 77
383 370
303 487
243 488
157 450
4 224
426 293
101 151
6 189
358 332
483 427
210 76
374 363
131 329
108 146
75 313
183 478
466 458
298 338
140 209
433 307
452 144
295 359
401 53
386 301
81 111
187 221
436 143
324 414
60 67
381 433
411 487
298 416
255 377
438 96
256 247
392 372
83 60
114 187
341 484
96 352
425 274
417 135
401 361
428 241
26 313
301 161
430 438
167 99
47 37
284 458
330 155
216 176
216 265
250 182
386 57
331 198
185 311
172 100
341 439
252 452
114 220
10 405
356 396
433 177
135 256
263 69
98 317
83 479
13 314
223 185
235 399
210 406
6 420
211 382
187 199
419 316
73 153
49 429
459 430
38 334
403 446
264 301
133 353
167 199
236 146
46 242
148 471
243 108
343 154
206 455
271 30
183 125
407 344
126 84
418 366
312 164
318 173
27 428
479 451
97 194
437 215
38 495
104 437
92 282
89 299
329 298
275 360
56 12
448 182
400 35
51 366
39 213
493 369
320 66
113 473
40 270
117 402
339 79
361 221
20 283
433 450
162 201
65 209
243 70
457 13
379 144
209 9
378 271
189 202
27 51
173 302
56 68
499 290
12 248
31 360
162 384
438 317
378 176
98 3
17 121
117 56
65 248
19 326
381 295
346 209
363 260
180 19
162 272
20 179
391 26
410 51
368 405
81 348
204 98
220 32
88 221
469 337
16 5
300 341
402 249
9 499
370 117
389 190
221 32
58 409
313 113
18 321
169 33
132 452
484 373
446 204
393 424
429 268
461 409
10 229
228 363
480 20
62 451
483 222
483 283
396 42
363 148
182 267
219 384
110 166
370 55
479 408
176 115
377 408
489 137
352 387
407 218
169 185
407 469
253 4
398 390
39 1
268 113
498 73
239 339
246 460
368 461
428 77
485 397
34 305
193 327
45 239
424 452
422 66
422 331
73 27
380 321
434 464
37 1
192 284
244 128
441 439
16 465
362 370
175 354
181 248
487 220
173 78
496 411
94 447
326 418
91 168
132 58
59 26
310 22
150 252
43 407
224 444
314 411
117 86
186 341
414 298
228 26
289 439
386 76
347 236
404 64
122 438
316 388
410 34
286 127
386 413
357 329
92 110
48 23
216 210
360 86
112 130
421 441
17 254
490 159
223 216
155 246
486 198
232 471
450 249
14 370
199 188
298 371
246 291
353 346
285 314
297 214
155 249
3 218
378 172
241 345
443 453
151 396
219 430
179 235
105 22
210 193
416 156
300 9
207 14
328 153
367 492
242 477
196 22
47 97
443 426
379 288
36 238
168 383
118 107
129 199
244 224
380 192
53 160
26 180
186 112
105 207
184 53
428 199
148 232
10 327
467 443
182 390
125 355
462 202
402 243
319 444
136 146
159 52
84 41
153 185
244 270
176 110
309 429
13 104
283 310
253 24
266 250
105 287
490 391
486 419
363 392
38 158
210 351
392 49
87 294
417 398
8 331
112 93
49 170
480 126
2 332
434 233
21 268
11 391
310 363
255 497
155 26
377 145
195 217
364 122
20 282
113 281
226 28
198 78
204 127
459 30
264 58
326 245
136 137
0 189
186 446
472 107
252 194
411 202
324 299
81 127
408 196
76 47
125 486
113 275
305 181
239 424
169 421
410 417
106 157
104 262
369 144
190 428
482 474
273 454
81 306
354 207
106 490
328 431
58 231
412 442
366 363
137 3
420 388
45 47
162 378
22 1
430 383
357 213
167 412
71 483
42 248
90 425
208 148
379 419
213 266
482 143
146 79
319 119
18 418
296 365
366 180
416 318
383 148
413 273
108 50
151 336
113 150
298 93
12 322
88 29
172 77
9 70
41 170
88 328
45 60
92 236
407 264
412 8
134 290
193 177
13 242
245 344
289 127
449 43
73 302
231 389
312 97
268 240
69 353
265 208
445 114
378 358
366 352
142 143
320 0
95 187
383 186
313 340
235 173
327 114
355 308
258 58
299 167
373 378
86 368
334 138
496 383
235 65
60 215
67 230
417 232
418 162
354 153
326 83
197 90
250 153
211 405
72 8
386 362
82 297
436 325
208 417
334 284
499 444
26 394
126 67
81 295
448 45
480 436
26 274
279 178
435 276
137 491
353 359
157 375
200 436
205 445
229 409
205 39
285 81
0 231
378 263
160 81
17 327
453 141
319 395
24 233
76 106
465 161
36 429
217 122
67 237
498 274
165 149
230 203
286 450
66 82
163 164
491 226
367 33
280 445
30 38
144 304
465 106
387 110
232 354
443 105
231 152
153 441
144 397
199 235
317 430
446 265
492 332
365 438
235 211
250 498
302 265
371 394
4 120
474 258
215 89
93 417
358 447
196 246
333 354
136 247
13 150
482 82
372 357
68 200
198 107
224 170
65 352
472 447
58 421
362 446
363 273
72 307
53 73
427 120
368 238
388 415
498 233
442 223
275 370
478 362
33 325
177 54
2 98
371 150
96 60
185 234
393 312
385 258
230 447
185 165
80 450
183 426
149 78
301 477
340 276
101 131
185 225
175 278
428 187
99 46
132 25
189 285
395 26
325 426
91 125
76 362
140 24
454 111
441 289
417 255
386 281
6 18
297 424
463 33
79 225
102 63
348 64
442 291
218 95
220 267
481 161
37 148
112 122
263 492
99 53
186 181
199 338
262 44
77 496
74 77
140 8
72 28
320 340
435 14
133 390
403 8
8 115
237 441
285 120
25 352
33 384
74 211
107 233
81 188
266 184
193 155
184 406
99 117
484 356
98 386
394 117
84 353
146 255
375 173
26 431
168 253
316 59
144 94
283 424
108 78
85 49
307 153
123 269
477 258
145 107
76 427
281 39
146 161
334 279
211 374
127 212
124 231
325 443
367 268
198 108
9 328
481 284
405 317
75 104
63 383
162 72
464 140
153 295
75 110
484 487
52 138
369 111
55 176
296 46
155 274
102 495
279 16
185 436
392 184
419 113
185 456
448 434
229 149
260 101
88 304
442 244
208 492
168 163
210 115
389 317
164 217
233 344
280 443
479 419
32 24
480 251
185 69
219 428
29 266
71 331
75 470
314 365
381 283
250 483
152 91
160 140
336 316
111 245
164 116
492 442
193 48
470 473
253 230
497 189
20 135
457 68
285 447
83 271
106 18
461 333
325 258
426 121
367 161
129 37
480 383
284 122
95 25
256 254
295 200
335 253
173 315
114 144
416 458
477 197
31 22
133 438
412 208
370 59
97 279
14 499
121 429
454 298
404 68
121 210
463 199
366 308
453 136
447 481
178 369
391 276
66 61
270 24
436 478
109 492
491 33
314 124
274 465
33 268
331 31
82 154
315 146
283 449
430 268
137 82
358 460
374 380
257 424
403 496
488 193
78 364
340 331
296 392
12 467
498 182
188 343
342 80
381 3
271 125
59 163
476 260
141 417
341 350
198 250
443 96
313 38
369 21
265 153
120 18
52 129
325 470
403 240
96 167
144 284
300 219
480 203
120 276
126 473
223 313
262 176
214 166
39 75
80 435
453 156
285 53
375 5
98 110
277 278
415 46
265 273
476 215
491 245
218 96
262 469
497 293
459 24
451 211
498 350
6 383
436 304
161 292
254 312
442 259
305 384
157 357
424 71
168 134
82 267
236 239
32 196
72 85
296 492
194 23
407 295
99 201
345 195
7 112
372 99
335 302
11 29
452 345
331 436
203 121
212 413
110 292
377 244
88 182
58 26
173 283
336 317
12 124
236 181
132 372
174 460
342 320
165 37
473 294
267 496
261 29
173 479
76 223
258 402
280 164
299 168
485 305
429 135
168 349
221 18
330 153
473 247
285 172
467 490
338 110
491 234
66 99
175 164
419 142
158 433
101 199
5 310
445 438
287 286
156 466
471 361
108 487
159 296
286 245
208 478
65 476
75 199
216 483
125 102
35 135
186 135
445 488
426 43
182 243
61 214
427 338
177 32
328 35
133 189
167 466
442 341
40 84
67 369
472 256
243 44
32 359
348 430
473 477
72 126
192 155
346 133
165 119
7 23
64 345
311 140
333 84
168 105
327 225
334 88
484 299
10 77
359 16
494 358
337 185
192 418
52 29
149 38
414 217
415 156
148 478
414 226
184 333
58 435
23 11
162 392
322 7
376 172
383 181
366 222
140 72
101 59
449 192
262 102
110 363
194 177
255 258
91 460
395 439
302 150
394 418
278 316
341 216
250 154
376 76
148 468
27 16
61 249
204 329
44 323
0 314
73 238
199 255
195 16
18 94
365 349
166 265
481 143
149 7
83 83
52 377
393 83
332 431
260 454
129 388
203 305
43 129
385 128
144 94
41 432
133 163
428 258
253 299
158 261
197 402
279 241
324 249
180 24
331 9
397 441
246 460
90 452
80 141
88 327
111 225
240 481
239 244
44 20
133 492
246 54
296 330
431 25
49 472
333 112
53 232
193 83
35 151
144 135
462 468
193 232
213 425
169 285
157 304
296 65
120 290
473 42
419 268
92 404
368 321
53 426
361 421
424 98
233 248
216 69
301 47
472 261
46 367
171 494
59 55
198 320
214 31
299 171
427 486
307 244
170 296
69 212
311 383
131 346
415 44
444 200
461 68
435 416
262 360
415 459
131 174
205 113
136 345
331 357
101 416
212 490
203 123
6 133
479 14
58 489
189 246
315 354
271 3
363 102
61 385
59 278
244 192
390 265
122 232
148 73
64 75
198 212
198 267
281 56
45 177
424 191
46 87
90 91
193 169
54 305
435 107
151 466
231 179
264 41
115 205
280 264
477 31
298 330
386 27
204 431
474 283
370 480
423 372
393 312
117 117
76 300
266 53
84 227
269 349
54 200
465 236
119 186
16 442
469 269
200 254
37 25
358 26
251 260
424 133
250 144
296 394
299 326
406 62
411 235
436 27
263 317
3 401
195 234
3 371
125 16
393 55
433 15
127 103
237 184
181 403
297 339
18 477
40 96
184 424
451 303
121 120
373 66
300 476
348 68
436 155
210 325
340 181
285 143
328 319
223 374
213 361
338 20
469 83
7 230
34 153
125 310
228 155
131 498
418 28
35 331
157 354
35 245
241 349
169 172
46 421
282 392
264 260
343 120
203 85
238 203
365 237
244 363
213 94
474 227
59 131
485 10
107 68
417 373
45 348
269 86
330 92
204 403
376 95
32 399
102 79
316 271
486 468
414 412
139 200
331 388
398 50
118 169
394 6
206 36
474 439
383 476
231 305
252 87
487 107
186 284
407 441
261 2
414 394
446 175
64 406
456 129
150 314
320 75
463 44
336 27
355 437
94 219
307 86
194 346
483 294
87 380
235 390
136 349
24 1
259 82
64 88
403 216
143 214
111 75
454 458
395 447
166 161
100 490
188 473
119 294
26 171
414 207
56 113
467 50
485 432
21 226
294 49
115 276
203 437
247 226
173 158
319 143
485 340
165 419
65 25
197 137
344 444
409 111
13 252
184 376
455 498
47 57
185 249
39 163
241 389
47 286
281 415
107 218
490 118
144 272
409 407
203 193
304 105
209 465
193 169
168 246
303 148
250 215
230 341
230 141
279 472
239 129
347 61
31 346
470 189
449 175
368 232
337 152
117 24
194 399
145 311
311 214
429 300
141 413
54 12
336 371
352 334
247 75
273 52
241 278
306 243
327 42
47 26
51 165
64 164
327 97
311 61
361 491
404 92
456 355
78 459
145 292
219 431
483 392
22 344
440 76
119 328
355 267
284 166
182 258
355 200
261 362
205 18
462 475
330 109
420 419
63 260
191 65
309 135
479 26
103 332
160 271
391 74
92 367
125 175
376 274
488 480
350 489
316 45
155 313
84 498
259 427
345 147
282 450
329 154
338 114
237 432
358 351
218 128
304 450
76 344
176 32
373 417
462 379
192 190
40 117
397 276
275 299
102 242
248 410
24 431
215 439
290 113
242 73
23 8
204 398
282 451
368 233
112 155
197 331
300 156
432 238
37 197
291 59
469 491
422 392
331 493
459 137
62 121
481 201
451 85
389 38
271 233
240 257
88 235
391 438
176 389
438 175
234 65
57 230
474 204
49 331
321 305
278 360
61 383
321 259
149 364
97 210
467 420
7 338
276 408
297 398
425 304
221 87
169 12
68 130
314 143
448 117
478 135
18 226
338 391
256 191
401 487
260 205
43 221
129 267
18 171
327 278
365 295
307 401
31 35
30 375
345 345
332 331
57 175
66 351
42 247
87 174
380 296
17 347
466 275
299 146
424 484
280 478
379 141
176 439
315 263
460 59
390 12
187 293
496 299
47 105
280 38
186 134
333 12
139 203
201 299
136 290
269 125
267 268
207 148
263 295
354 22
386 224
17 96
396 73
179 13
403 295
429 311
175 90
145 114
413 166
457 347
324 49
317 226
226 443
239 377
399 342
66 445
42 138
211 83
448 438
233 390
53 203
293 14
128 228
395 291
490 393
295 204
430 314
258 112
489 8
350 349
294 241
379 416
351 188
478 442
333 151
355 211
77 238
467 0
291 57
451 214
418 281
448 246
210 200
60 206
407 52
293 411
179 53
242 24
466 383
34 220
284 151
242 389
242 213
271 209
275 33
167 222
320 45
245 115
173 30
82 305
68 432
485 227
103 248
483 227
300 422
73 17
259 436
149 167
376 1
386 420
494 3
400 405
372 314
197 497
155 397
329 131
211 223
323 315
394 314
88 306
176 194
130 14
181 287
288 132
52 410
413 26
284 47
213 166
163 156
54 262
246 318
42 383
50 457
123 217
376 445
491 212
226 52
339 474
106 259
169 479
357 10
409 435
101 141
298 475
237 264
83 352
87 483
292 477
194 490
435 416
480 70
474 278
104 206
465 313
144 62
425 487
422 2
143 334
309 23
287 441
145 399
234 222
199 85
75 27
443 246
316 362
492 423
481 291
456 449
11 298
285 101
455 436
123 207
230 98
392 432
183 370
92 389
326 418
445 292
38 401
115 240
163 206
349 108
57 144
294 158
259 420
209 80
287 214
164 332
116 370
240 408
298 300
70 332
476 124
378 15
255 14
73 493
453 270
266 422
80 362
283 60
140 191
257 492
176 280
150 274
182 292
444 390
74 332
457 14
29 51
417 187
32 136
406 490
413 486
348 24
85 345
389 483
327 77
357 498
272 3
148 359
101 455
139 92
107 176
227 448
135 488
477 144
135 168
6 235
260 400
97 354
190 345
422 338
337 17
373 132
491 109
416 21
465 93
269 56
4 72
413 348
344 492
160 242
477 331
83 166
372 237
434 181
19 414
432 209
341 208
170 157
30 332
425 86
494 495
420 46
246 351
343 185
427 91
422 355
373 404
494 6
187 97
12 428
137 58
119 296
453 330
163 289
227 483
330 440
339 74
425 250
435 85
176 120
327 362
119 99
105 200
297 465
393 144
54 161
457 383
65 173
314 262
97 80
373 42
116 428
178 212
149 393
13 114
328 326
277 192
392 299
264 234
230 41
203 10
245 136
162 12
275 310
391 476
370 372
300 264
328 486
231 331
297 477
155 96
288 125
425 284
18 32
74 41
51 100
237 129
493 296
459 251
227 268
493 350
466 98
436 293
476 294
123 168
116 273
399 279
63 405
437 176
69 434
386 363
492 121
269 123
374 486
106 228
78 454
404 99
245 396
42 192
212 221
495 166
297 329
234 246
274 212
146 171
387 343
316 385
8 379
217 86
314 235
189 176
127 245
141 445
137 372
446 184
350 350
179 441
39 499
211 265
436 165
8 210
95 323
55 177
263 455
190 124
152 77
322 231
176 280
152 464
0 166
16 98
391 202
201 47
312 282
447 264
474 100
424 308
485 421
377 331
307 248
177 419
151 460
240 0
316 179
345 244
195 316
18 213
260 438
221 71
335 72
173 20
328 310
231 449
132 165
265 460
380 439
251 443
295 383
414 343
440 111
427 112
325 135
73 297
368 86
158 146
167 203
365 183
132 347
365 449
409 116
56 130
425 141
376 159
3 220
331 291
403 443
430 110
259 228
166 355
2 127
183 177
360 21
368 48
497 345
461 233
216 259
400 369
381 141
214 277
420 384
179 45
8 323
403 461
316 267
247 70
247 318
339 430
330 459
304 60
145 328
439 118
487 213
355 339
468 220
104 69
466 388
63 135
448 326
94 467
389 265
435 193
123 488
447 127
187 305
485 252
222 184
398 424
116 61
282 105
26 84
325 238
226 492
171 388
207 174
439 265
310 448
436 375
2 285
90 384
488 41
225 76
0 210
271 123
80 116
53 405
144 106
99 378
118 370
44 270
387 178
126 484
211 197
334 63
447 65
106 424
0 287
349 331
307 1
469 120
378 387
494 22
252 22
392 445
67 371
401 288
124 306
355 27
442 335
400 189
113 241
28 6
190 466
319 377
350 349
236 288
163 228
250 82
27 415
138 494
134 446
252 39
419 259
446 107
148 361
103 347
205 262
228 131
361 247
96 47
187 211
291 185
267 350
118 393
387 147
445 256
148 373
132 198
157 67
428 79
278 158
420 383
367 335
435 0
399 228
291 383
68 438
289 82
475 188
187 407
15 214
87 132
182 163
82 72
3 340
350 11
246 281
468 122
122 113
341 403
287 373
311 484
418 207
395 452
211 393
459 82
215 79
94 399
471 397
89 177
40 326
459 439
61 286
400 427
183 35
260 93
78 322
381 424
228 496
242 277
211 292
371 53
452 278
28 465
142 275
453 117
409 34
321 412
192 322
210 73
166 375
49 470
246 96
445 430
59 475
267 39
92 271
49 490
455 397
24 429
399 450
336 478
242 308
482 157
230 434
309 192
15 249
197 210
141 113
88 494
33 200
323 207
197 478
227 373
302 5
307 103
433 201
361 143
153 176
110 196
240 383
484 272
482 255
221 182
176 475
176 309
369 62
40 351
224 418
275 119
222 379
432 82
78 8
184 146
342 231
466 146
270 82
190 303
337 253
80 411
72 13
427 108
460 293
212 467
438 36
267 487
422 161
169 200
198 0
83 205
351 392
474 401
204 122
227 16
279 41
407 159
268 204
497 334
154 228
264 209
49 92
105 32
84 471
323 126
331 282
174 406
159 35
9 0
369 216
257 88
247 0
204 16
203 15
95 202
263 357
301 212
96 312
283 407
385 180
314 106
364 69
104 340
192 24
240 465
53 413
414 349
218 300
168 470
172 421
130 263
475 288
100 431
190 71
103 236
342 76
497 269
461 59
435 453
418 6
271 27
228 471
123 185
156 446
219 291
407 180
468 349
281 382
306 421
157 323
251 261
383 351
410 248
201 196
54 197
224 119
442 326
11 305
251 66
209 19
52 323
172 116
351 372
293 305
129 9
270 450
154 380
481 5
202 416
114 182
154 256
82 190
495 96
14 446
317 247
422 76
192 369
242 94
400 395
404 387
338 381
113 27
32 492
408 94
277 86
195 374
65 283
379 129
427 60
159 394
470 245
466 81
28 14
410 60
448 428
161 166
193 138
482 126
221 78
16 242
117 350
133 63
193 34
446 364
110 120
217 106
39 80
447 36
448 67
347 209
227 248
386 8
135 421
351 220
315 208
410 219
283 284
318 43
259 328
300 264
222 370
302 370
406 262
329 249
310 354
455 29
389 38
311 193
414 376
84 14
233 229
365 494
389 368
196 183
299 149
371 497
367 22
284 173
423 125
331 465
494 85
123 286
480 384
260 286
300 246
327 197
43 386
254 192
375 285
286 303
152 174
196 157
330 371
496 332
298 105
191 179
466 144
380 166
453 298
44 493
190 105
491 371
63 85
222 246
49 290
464 8
17 53
424 13
197 348
305 420
99 495
492 348
367 417
215 372
217 320
277 259
482 259
345 269
15 45
187 67
428 416
469 152
17 445
145 393
165 214
62 451
151 116
34 406
130 18
190 249
361 348
107 468
237 343
241 304
372 104
372 428
432 152
97 193
438 449
16 243
46 455
71 430
336 197
68 105
207 466
314 258
226 420
263 274
78 315
271 356
137 450
102 143
188 69
371 52
147 126
81 239
169 193
242 153
110 5
323 310
69 169
89 138
412 147
315 205
413 490
293 86
82 50
120 247
151 270
397 343
82 298
491 330
335 103
460 234
396 298
467 283
273 465
465 409
114 185
28 280
366 27
430 173
272 448
219 402
245 424
222 468
150 179
282 66
152 486
284 94
377 48
366 103
12 151
188 331
111 478
358 68
241 477
278 288
190 366
290 497
317 435
466 364
282 467
305 100
194 286
335 441
45 71
74 53
384 409
240 263
331 347
176 98
386 425
291 454
303 76
363 433
149 120
440 329
281 432
218 245
187 475
398 405
310 84
493 473
236 194
41 233
183 419
344 70
24 69
145 487
420 328
448 360
41 70
354 388
486 322
297 424
182 173
257 48
21 492
187 102
188 109
28 80
150 371
293 225
212 27
355 290
151 133
55 155
396 192
15 409
185 382
407 164
212 367
360 16
470 85
194 399
331 158
382 75
300 334
361 175
317 12
145 68
223 468
13 52
461 471
205 380
44 147
366 112
128 109
194 226
125 99
109 241
316 309
143 343
370 468
480 356
424 188
8 478
30 147
471 21
253 344
343 176
141 150
259 209
436 269
220 305
398 413
74 182
377 214
182 217
73 248
288 15
493 497
497 296
170 375
71 320
496 423
73 414
124 137
259 184
490 412
177 331
365 388
455 252
321 243
491 489
4 247
244 279
427 349
225 93
413 97
373 296
63 262
399 298
483 39
303 10
342 325
65 332
84 207
450 20
362 258
5 293
424 218
68 101
47 204
301 145
293 312
74 26
177 356
395 326
336 160
337 50
383 30
90 402
275 319
77 392
186 489
207 434
388 462
166 275
420 435
247 320
346 66
422 174
0 375
35 170
72 188
219 224
127 455
275 309
201 254
243 204
139 239
202 450
78 27
462 220
40 350
416 61
235 239
114 191
213 87
276 2
226 285
241 347
8 205
459 368
72 209
301 54
357 211
90 355
75 435
137 404
466 116
355 406
97 53
493 321
323 162
447 269
468 50
255 40
408 476
37 67
473 481
44 338
193 330
117 135
391 121
237 255
161 209
263 444
265 110
272 108
229 441
343 71
112 197
173 98
17 372
205 210
401 343
173 250
237 446
67 143
250 128
338 156
100 263
373 453
61 218
11 497
420 142
339 354
304 384
257 12
74 322
165 462
64 327
274 190
185 301
282 193
350 435
198 472
277 302
372 423
272 190
332 383
89 193
77 171
35 394
68 334
149 461
289 85
275 213
367 415
460 461
248 149
473 162
317 447
222 250
440 189
425 495
40 124
295 14
260 469
304 182
143 328
413 305
18 284
51 189
2 385
386 364
26 250
49 359
109 343
385 272
119 401
25 162
28 159
128 172
354 289
117 284
441 350
486 383
424 460
197 390
254 426
28 84
295 132
328 430
202 405
158 213
227 173
184 184
208 255
396 164
301 415
265 366
249 242
54 103
493 173
451 252
188 99
84 479
409 483
240 412
477 463
136 251
287 204
311 172
337 495
410 208
426 138
380 27
131 175
348 435
39 476
428 299
130 79
414 12
424 40
355 155
258 401
457 344
16 45
40 120
328 353
343 451
330 106
281 224
11 461
290 129
280 50
481 218
230 411
303 395
402 6
259 10
354 160
205 216
336 371
76 246
49 17
123 420
496 379
193 257
238 359
261 483
53 19
282 242
137 283
141 437
447 40
200 400
116 302
25 406
4 304
173 453
225 405
136 149
406 221
80 329
164 144
163 341
435 217
352 297
234 73
113 493
393 182
484 165
423 361
166 361
314 427
184 339
340 40
113 321
150 246
391 46
239 167
384 406
204 175
248 89
82 438
472 213
378 328
189 308
169 302
81 207
399 484
24 266
87 239
486 489
35 89
108 229
135 275
450 345
434 339
130 50
263 368
196 454
263 493
295 238
445 432
416 229
347 196
436 292
282 434
375 274
3 317
444 484
329 138
330 246
296 115
483 312
266 59
405 32
122 29
314 52
281 419
116 230
375 128
414 404
178 9
178 142
478 33
171 123
369 159
274 353
17 166
77 109
493 136
165 482
35 115
35 479
62 168
149 151
407 289
298 63
57 85
118 476
99 35
194 141
347 321
487 320
430 216
352 416
251 423
391 370
201 138
306 426
429 115
404 455
371 188
125 202
179 428
316 95
236 130
451 10
183 435
152 290
59 113
388 356
226 310
448 131
409 428
43 254
62 190
378 300
2 285
65 3
98 33
164 381
244 187
474 467
110 427
392 126
335 169
479 132
264 61
341 279
33 173
364 237
37 447
84 242
98 391
425 150
383 196
383 441
408 479
258 358
336 18
39 150
135 23
85 18
297 399
424 278
367 183
482 288
383 404
296 67
69 481
29 73
14 304
284 265
123 274
145 394
45 311
335 184
55 32
431 272
402 204
387 207
348 270
26 222
141 231
64 174
247 62
366 93
210 113
388 2
397 185
497 33
217 294
326 184
308 124
329 109
316 62
184 216
290 16
247 211
237 431
345 163
109 337
450 212
66 319
5 190
223 463
109 354
390 293
417 287
396 50
112 246
315 65
81 297
360 457
389 181
196 449
286 86
298 305
477 89
279 217
32 334
188 3
148 142
429 430
480 65
164 178
95 92
241 331
288 28
61 453
403 29
116 258
415 41
130 266
483 392
226 410
265 16
158 266
196 265
182 439
469 176
121 346
177 64
445 214
168 466
495 6
264 423
316 463
230 32
424 447
209 213
81 3
269 474
239 239
31 466
494 273
120 0
417 115
182 149
467 362
368 202
477 315
278 485
17 293
240 8
74 293
296 449
275 155
247 66
384 366
140 278
130 378
346 112
261 47
261 380
82 81
396 482
467 59
352 26
387 336
129 445
246 461
468 278
196 374
92 215
345 80
310 232
196 328
375 8
388 310
391 489
471 322
381 139
165 290
478 86
383 52
365 459
237 129
355 334
49 433
365 448
32 247
75 176
184 229
391 302
291 425
247 134
273 114
404 129
67 438
343 234
194 302
283 208
42 431
217 139
87 444
191 82
258 471
52 266
68 295
220 443
77 212
326 467
448 202
141 83
317 367
169 336
44 11
295 453
92 439
383 12
446 31
354 74
192 205
352 407
202 260
324 72
391 132
334 151
234 340
207 327
163 403
267 377
182 60
499 414
278 126
157 382
308 224
281 363
270 0
112 133
57 325
457 437
88 449
141 291
119 174
429 348
77 282
342 196
462 111
237 193
75 240
317 246
110 383
383 98
84 232
57 348
285 141
442 14
306 225
399 83
284 277
411 180
229 213
325 254
447 191
432 414
161 375
110 101
199 123
355 346
194 135
129 413
279 479
204 71
7 437
214 455
135 143
208 126
232 364
408 385
300 31
406 192
293 313
436 17
363 492
480 291
56 409
388 109
32 336
273 92
399 39
34 340
466 34
251 243
480 50
81 159
203 280
93 340
209 496
340 381
173 424
333 320
429 229
417 221
165 462
353 191
31 64
450 388
483 349
399 53
64 463
96 332
172 267
115 189
71 381
305 456
276 96
177 138
359 58
20 95
286 376
292 225
465 169
370 95
148 448
264 269
101 65
184 360
401 126
7 300
256 324
420 313
303 384
442 98
193 15
391 314
40 331
0 36
131 5
306 222
491 131
196 70
430 444
70 381
33 331
156 78
243 289
173 428
26 46
413 116
430 71
402 305
193 322
180 254
476 324
455 486
56 319
116 4
237 338
169 186
116 270
411 177
458 211
110 84
52 336
408 23
180 335
9 162
269 373
49 189
175 97
269 357
361 83
421 385
423 450
220 443
120 392
103 131
67 430
267 65
441 472
159 175
189 121
347 168
358 458
408 396
253 33
117 177
62 466
416 390
333 337
229 488
119 306
236 333
250 39
363 3
30 191
313 22
190 220
30 12
260 48
434 438
115 14
332 403
293 29
367 249
237 127
285 448
281 209
100 21
377 384
75 463
485 407
479 240
252 175
76 10
448 13
379 362
265 416
297 211
312 410
389 16
465 402
463 174
196 98
482 63
378 73
332 58
298 363
390 312
322 403
268 318
180 122
390 147
210 297
208 188
204 375
129 97
124 21
120 92
7 320
245 102
12 385
100 77
389 163
66 342
161 211
186 186
185 193
343 76
264 395
122 403
352 321
342 251
195 476
148 314
417 202
439 393
323 281
444 39
382 212
276 362
48 395
440 462
390 233
481 283
38 7
328 455
207 391
367 22
337 254
457 16
261 106
239 396
288 84
297 184
398 170
417 425
239 447
32 209
493 129
136 13
469 31
274 464
339 28
282 142
10 28
486 91
488 123
208 225
261 276
298 357
282 160
107 67
276 21
2 139
5 121
5 139
455 326
354 279
273 294
174 488
80 283
407 160
238 420
196 467
324 499
159 346
413 458
331 118
258 189
311 333
472 115
441 168
447 280
426 147
135 221
356 101
113 215
135 115
82 351
351 183
29 406
216 362
481 294
484 399
233 91
206 147
315 57
337 147
294 114
335 264
217 281
349 44
159 330
34 484
20 242
0 237
99 401
196 217
116 432
23 32
31 201
111 81
80 198
312 300
416 374
8 0
44 133
316 357
193 203
445 202
439 213
467 446
15 390
175 163
47 483
37 198
280 78
276 148
448 360
87 440
440 217
350 447
304 484
188 18
220 349
63 485
431 11
254 382
45 298
282 429
127 444
22 171
319 259
472 150
90 119
336 411
358 31
367 39
409 14
363 55
41 130
493 278
160 324
123 247
176 57
1 257
428 156
267 23
25 99
70 239
2 116
499 407
298 212
226 366
274 59
189 90
368 167
491 35
282 381
438 466
223 311
467 440
315 3
102 86
178 341
309 25
432 180
393 308
26 82
141 119
61 300
467 183
70 282
163 459
277 352
15 453
393 353
356 334
421 61
402 311
336 99
279 211
371 120
54 24
144 397
50 47
82 57
339 17
328 152
5 354
308 106
311 372
207 53
114 19
330 128
227 16
79 18
490 358
383 302
200 396
444 379
436 250
119 378
31 128
482 448
406 388
260 142
196 217
236 467
95 310
179 419
289 174
33 258
413 132
380 416
295 113
215 324
55 83
211 186
134 86
474 46
188 392
461 234
202 236
47 198
469 297
472 226
336 110
242 357
273 249
214 123
299 420
3 281
468 354
440 67
113 454
347 266
1 153
390 308
358 203
352 289
15 179
290 176
385 203
305 32
7 158
430 19
301 307
13 286
353 121
75 306
72 318
471 274
435 73
128 213
2 293
473 333
361 369
425 263
147 247
257 230
101 155
314 188
474 254
375 327
133 179
497 303
77 58
131 320
386 12
158 112
445 388
110 483
98 306
405 35
117 245
252 163
351 218
473 66
246 177
356 200
3 231
289 205
25 81
445 273
385 411
152 455
438 330
488 262
149 36
134 394
57 266
336 386
305 260
437 309
10 403
134 145
350 365
446 276
49 375
139 244
199 434
116 291
405 138
26 456
350 406
172 160
399 259
19 8
170 56
459 308
453 32
397 93
369 303
31 196
292 270
204 170
313 491
481 172
129 218
124 360
20 331
91 148
8 271
327 462
123 178
62 286
232 428
232 460
8 453
224 115
137 300
143 280
453 450
20 125
337 82
413 496
144 209
481 356
171 4
35 160
447 294
222 97
409 31
336 306
421 269
69 60
341 58
360 213
190 294
228 380
228 27
236 493
350 224
229 69
230 21
315 264
213 29
60 389
196 475
244 396
309 469
28 166
379 2
148 240
121 421
300 376
369 349
74 388
458 71
92 155
271 188
69 259
149 484
311 481
377 197
166 56
222 38
40 46
287 453
374 188
416 260
461 26
414 286
357 387
42 372
412 302
413 313
150 481
462 62
111 461
17 192
230 278
324 91
44 123
311 463
223 270
296 80
218 185
72 211
435 427
229 467
280 348
329 143
57 282
244 292
336 169
299 113
205 66
41 475
439 101
372 205
285 14
199 20
83 3
430 124
91 371
219 160
155 223
6 400
44 64
85 250
363 380
299 236
212 420
22 340
45 151
165 246
266 330
333 217
341 202
73 116
128 284
7 144
44 135
199 13
115 89
321 137
373 479
251 120
461 85
88 273
371 358
189 106
323 138
192 374
490 16
152 265
409 470
105 159
25 305
246 305
442 140
471 68
188 315
253 223
348 1
360 341
447 220
210 401
275 122
490 402
167 118
88 142
154 428
233 194
351 179
319 480
400 293
460 143
366 440
442 213
407 214
434 154
55 206
181 144
398 330
300 171
166 417
345 389
435 320
351 431
263 286
431 170
313 15
455 243
309 31
98 397
51 216
422 384
29 106
289 455
127 279
197 441
182 145
465 394
325 117
255 316
338 440
455 38
282 4
387 411
160 91
307 485
370 64
22 81
37 251
30 163
105 16
161 79
474 287
257 478
146 151
92 364
403 336
192 399
162 185
276 80
417 175
239 435
16 139
390 261
425 405
273 273
352 382
21 434
264 326
330 278
143 410
99 274
173 398
83 291
223 188
363 359
146 493
132 102
215 14
420 23
148 492
374 193
480 352
31 396
26 96
359 361
135 21
419 458
101 160
348 2
213 177
170 63
17 359
374 302
177 233
77 146
191 325
178 452
200 171
268 209
422 78
100 479
437 57
217 371
226 390
67 418
481 291
151 237
40 499
84 377
375 69
395 161
465 66
90 425
486 17
96 210
189 408
465 48
271 478
368 34
304 497
289 436
173 286
137 292
21 65
135 73
86 396
314 382
307 52
69 256
466 293
53 17
417 7
485 370
404 189
38 206
142 61
199 179
323 167
233 336
261 344
92 220
102 347
399 259
15 261
406 321
190 334
193 459
329 460
149 179
385 85
146 39
219 379
46 197
33 42
239 131
351 146
494 183
442 453
66 245
418 310
496 472
431 109
69 189
220 112
50 70
461 457
336 196
394 180
75 383
366 279
278 166
349 218
23 272
369 144
306 90
62 288
249 302
491 346
458 170
240 212
169 8
57 201
234 358
93 303
434 161
327 459
29 212
336 28
24 53
143 206
494 330
484 57
403 243
413 476
40 214
222 5
58 61
419 131
434 144
305 364
324 369
433 484
365 353
258 270
476 389
72 401
311 470
65 56
384 214
428 330
335 424
486 3
134 393
38 257
474 421
142 195
180 298
3 75
197 45
286 262
15 173
495 210
267 178
393 412
242 151
428 173
28 77
323 266
23 15
436 213
408 497
147 78
5 440
337 3
117 203
228 476
186 484
163 224
136 453
457 408
433 231
308 385
151 462
477 483
48 26
376 265
195 309
249 23
378 200
255 439
415 495
480 484
208 101
407 495
403 196
427 364
249 336
298 88
423 400
426 127
244 472
281 154
30 439
140 382
321 408
256 395
231 236
190 88
83 439
488 97
461 338
174 267
207 62
462 325
304 131
455 240
395 49
488 88
470 277
185 480
376 292
380 293
381 459
251 70
19 316
154 239
358 480
42 329
6 66
49 356
449 310
359 4
92 196
473 348
328 414
206 10
304 56
16 439
361 185
354 267
358 381
213 8
189 216
134 108
316 195
6 183
39 265
313 217
65 131
46 286
297 246
154 104
395 101
138 170
289 257
490 492
353 499
216 55
15 42
238 202
386 332
449 96
313 425
409 263
49 231
329 307
263 198
151 483
6 11
268 290
134 295
147 110
17 487
382 363
417 33
365 472
68 303
81 314
429 233
316 342
1 479
29 145
129 264
275 181
323 135
282 395
357 309
297 429
144 375
408 31
3 62
217 125
291 423
8 150
492 221
52 325
322 493
110 81
114 451
438 385
133 289
99 73
354 490
217 248
279 351
265 477
102 282
57 482
485 394
467 65
242 329
323 19
452 65
368 285
22 67
208 307
232 155
498 307
55 86
437 67
45 186
320 54
389 499
245 377
295 374
203 212
83 37
102 378
163 36
455 323
482 186
193 163
323 214
152 43
111 378
65 442
496 8
7 237
115 385
259 253
465 410
299 315
193 401
437 254
77 209
247 244
259 59
125 292
188 82
461 277
219 299
307 378
115 216
453 166
419 82
344 65
380 237
138 144
398 425
486 427
171 327
386 85
378 430
13 11
140 66
217 326
56 360
428 376
42 23
106 381
446 462
51 450
446 178
456 189
116 196
23 442
380 139
421 261
124 258
176 434
112 265
125 393
269 20
44 405
286 163
125 2
304 85
115 176
217 251
447 71
366 185
324 323
84 246
356 246
32 209
474 384
277 497
17 451
356 398
61 413
415 494
431 39
67 220
323 399
322 137
322 270
445 188
286 499
97 30
91 494
378 129
478 417
220 7
405 348
261 428
422 319
210 29
249 206
105 129
266 424
194 427
468 441
440 140
22 106
101 37
18 113
382 479
339 497
197 102
30 96
415 458
339 304
10 477
459 440
364 467
247 225
18 59
51 67
173 458
347 425
38 126
458 218
67 420
374 297
393 264
74 404
208 161
138 414
354 71
390 97
175 219
130 137
204 193
4 33
458 230
356 203
421 348
120 314
111 488
104 494
398 5
18 179
93 458
29 156
106 299
18 420
409 133
326 0
33 466
196 182
386 491
339 404
219 307
148 459
305 182
39 252
283 203
162 57
66 228
28 43
315 24
157 398
399 225
43 483
18 432
276 91
495 404
63 467
279 66
101 63
168 84
288 140
50 451
180 302
345 468
492 208
106 13
238 149
484 357
290 133
224 2
258 418
385 71
138 174
237 164
101 91
231 405
209 241
43 133
101 389
449 240
253 93
242 407
265 343
476 79
81 407
325 52
124 340
366 62
79 114
205 103
361 180
421 288
274 70
311 464
56 375
321 260
167 310
5 415
494 284
191 482
386 428
120 368
431 10
476 486
89 10
42 33
174 302
372 463
279 448
323 183
295 335
497 496
412 315
99 3
337 258
186 143
11 223
86 306
292 294
156 414
448 234
36 198
13 122
70 261
444 292
480 245
94 92
407 477
332 358
116 6
149 21
245 155
461 13
159 183
449 106
192 316
366 397
371 80
341 380
172 293
391 138
230 4
482 485
343 137
495 166
188 311
466 497
362 285
468 280
238 21
337 269
19 430
10 56
436 390
36 352
342 460
465 427
412 72
61 299
465 107
270 56
405 153
290 237
17 267
289 110
380 107
37 478
34 399
289 399
103 322
283 325
104 445
17 100
399 368
475 78
487 216
222 98
335 392
160 12
123 204
311 449
279 3
254 200
99 314
136 43
221 203
148 271
371 177
46 166
96 122
339 373
471 83
476 61
73 306
362 488
289 48
403 173
225 68
234 157
53 325
28 223
494 126
303 176
194 218
340 349
223 143
226 179
240 46
353 54
42 166
66 67
93 331
252 470
479 318
143 486
209 32
10 171
200 56
274 314
15 246
389 114
146 238
137 468
22 238
404 490
409 65
248 323
145 2
321 0
487 124
9 464
488 48
104 19
185 40
286 230
345 201
291 28
496 343
81 428
270 18
435 338
161 180
182 36
36 306
282 355
172 375
424 291
163 160
52 380
111 200
401 190
218 308
151 45
473 66
85 232
70 96
276 372
408 83
241 310
166 297
172 24
167 338
350 448
329 182
383 402
444 292
452 284
329 163
229 103
187 155
103 166
391 110
193 379
41 299
96 435
311 59
249 121
69 478
161 451
205 398
42 396
180 150
313 494
97 362
369 394
413 137
247 472
203 304
455 292
79 96
156 404
25 390
221 257
209 94
345 234
130 266
416 387
234 162
376 81
476 331
320 245
69 389
193 419
212 272
221 0
404 291
182 229
486 429
376 255
489 47
314 73
312 119
281 230
164 46
230 158
255 140
381 50
470 325
449 426
426 182
325 170
399 331
112 359
114 238
137 340
413 103
222 451
34 226
272 356
14 198
190 2
405 269
446 71
497 375
409 248
418 423
106 234
446 170
260 71
411 60
164 397
201 325
403 238
446 87
137 175
30 460
82 327
250 287
14 380
128 99
374 423
9 399
421 481
52 455
368 181
430 315
140 32
122 483
422 43
71 69
381 59
238 453
240 315
48 340
439 254
29 176
427 314
147 38
346 348
381 51
366 214
98 312
147 359
402 72
493 70
481 325
278 375
42 220
412 370
476 90
119 352
18 5
396 46
395 17
68 242
308 276
440 286
145 406
330 88
10 400
77 324
51 491
63 208
430 93
36 476
180 407
264 155
201 198
67 160
254 448
77 487
273 62
320 17
457 271
23 3
327 319
311 452
160 378
471 226
202 91
350 359
14 234
284 114
275 68
16 351
338 29
444 445
463 464
87 116
119 272
92 110
414 298
176 255
481 75
18 0
359 36
122 368
482 226
294 407
258 257
139 162
108 97
413 435
403 423
47 0
462 375
173 491
246 376
451 350
202 80
468 321
189 61
139 90
497 172
281 433
448 108
57 272
59 56
331 470
470 463
338 378
370 432
308 363
65 468
400 112
433 267
181 220
311 123
147 320
106 160
120 280
53 54
462 177
499 112
427 293
23 469
253 117
481 245
66 414
26 46
166 466
39 311
286 347
19 202
362 433
214 125
179 335
12 119
231 493
138 12
333 11
128 162
259 439
353 109
8 325
144 379
42 26
373 35
237 329
262 244
370 451
286 328
447 49
395 151
15 31
42 33
195 348
287 170
132 307
484 492
223 140
18 128
163 266
95 391
135 252
204 209
38 357
259 490
141 485
368 154
187 8
209 410
81 235
42 348
341 65
205 26
7 64
330 223
466 22
275 277
487 453
311 479
321 25
362 422
76 315
323 231
141 263
498 32
381 74
139 40
419 222
138 196
271 426
300 321
98 89
395 75
406 85
462 206
480 228
395 325
408 56
319 218
103 401
476 170
62 484
58 467
16 481
259 48
369 287
229 60
487 468
53 124
182 246
326 368
193 162
218 221
439 101
354 389
59 394
378 330
150 474
455 288
337 166
305 67
479 206
26 34
158 318
64 432
300 340
2 390
463 493
446 72
462 255
149 300
483 373
347 380
168 133
151 155
74 357
64 456
491 53
371 90
22 149
342 288
30 174
167 196
269 494
101 465
266 83
456 250
130 101
86 156
311 151
8 237
193 237
290 424
367 36
38 13
153 241
416 380
76 184
30 435
401 197
280 483
85 19
120 89
245 216
219 206
295 408
145 79
4 488
25 287
152 371
464 415
295 306
342 380
316 223
421 224
207 217
88 53
142 292
360 208
266 239
147 431
11 61
401 144
431 15
238 278
193 436
242 202
435 488
64 84
160 251
320 485
390 367
11 260
468 33
124 224
155 86
147 124
268 166
33 48
327 52
488 271
326 372
213 82
166 261
364 277
114 178
45 36
296 4
389 408
132 116
202 14
138 288
454 201
249 258
310 488
111 428
153 150
232 437
50 366
143 250
428 266
154 257
261 325
234 450
418 151
17 366
6 120
321 155
413 461
301 423
203 76
226 412
202 356
222 459
209 104
371 365
474 138
463 377
328 236
239 49
416 246
219 108
263 422
235 392
315 28
104 388
153 371
227 183
142 355
311 302
167 203
193 34
412 142
230 9
58 92
190 321
429 326
101 409
154 44
72 188
77 321
192 29
212 230
437 420
222 206
409 248
135 241
235 455
464 47
139 317
490 374
53 181
443 419
463 154
342 97
418 388
417 271
1 111
383 481
187 438
39 457
50 448
403 174
73 286
455 219
94 64
245 446
365 499
153 188
137 181
421 347
119 56
19 190
171 472
411 402
211 210
10 302
328 261
399 414
485 401
317 355
301 431
430 62
103 18
51 83
283 240
148 324
14 402
374 167
421 37
99 137
291 132
394 110
376 119
372 145
0 361
145 189
104 153
24 75
11 59
151 427
252 294
48 300
319 118
8 274
264 241
225 107
69 407
27 471
117 297
11 251
441 469
123 156
231 397
456 499
426 94
240 107
259 30
1 140
267 79
172 9
468 383
290 249
221 38
335 169
421 338
307 346
354 214
111 282
133 438
32 419
378 412
294 125
265 138
69 295
156 32
415 93
342 125
15 206
375 63
253 202
401 148
214 413
47 255
193 177
96 181
93 78
203 327
465 387
35 468
353 386
479 191
168 120
326 321
385 183
238 54
54 138
403 139
246 269
446 451
132 440
370 395
222 77
316 73
393 187
425 351
395 246
367 404
225 63
99 45
451 462
453 337
328 358
127 356
307 74
366 425
320 439
368 236
161 42
81 185
388 55
153 6
410 135
199 372
270 488
450 150
487 73
431 403
260 167
241 58
336 419
211 108
344 156
51 79
116 358
413 132
491 357
492 418
291 253
241 43
193 413
486 44
447 32
199 418
328 59
331 293
401 164
173 42
473 97
455 224
356 90
447 220
139 199
453 439
335 282
195 194
238 28
413 181
451 38
449 464
257 280
296 280
322 158
108 469
193 296
238 415
136 402
101 37
476 275
57 54
101 163
192 104
285 339
229 457
421 237
369 179
459 179
189 165
487 134
282 149
65 180
434 20
57 201
328 36
442 385
49 237
341 43
383 93
402 126
215 112
143 323
354 436
454 103
237 396
397 441
473 371
391 462
15 408
296 300
185 343
80 238
282 86
31 273
400 17
481 433
109 467
256 125
80 315
63 210
151 169
40 461
275 476
384 283
83 291
486 32
123 120
59 67
192 257
274 442
376 444
412 107
84 337
152 168
230 164
185 68
29 381
209 225
360 304
95 446
478 443
416 434
1 101
358 475
269 45
490 484
92 145
334 402
422 28
193 339
407 152
385 378
456 288
92 94
40 316
112 40
474 371
472 28
355 327
372 183
167 124
122 362
116 111
140 308
147 390
42 185
415 54
342 279
226 371
40 287
327 118
489 152
32 153
332 314
497 239
215 204
419 164
276 337
146 387
278 268
453 145
200 172
452 368
92 394
181 30
148 132
136 360
365 138
452 168
259 197
254 301
465 474
164 25
412 93
213 162
307 190
215 166
387 359
106 19
49 331
463 287
0 197
187 451
471 365
415 491
292 230
204 169
46 110
55 220
382 458
1 269
287 42
401 216
235 174
5 7
147 136
185 320
123 499
364 225
216 94
324 131
152 361
323 381
101 198
9 378
147 336
378 10
78 435
461 131
139 313
301 319
139 138
137 486
211 263
209 353
485 280
141 34
267 137
188 464
194 368
204 197
207 342
129 434
66 285
450 90
409 57
195 251
237 401
16 332
185 301
81 77
111 22
160 222
38 378
99 200
397 232
426 155
442 104
241 55
498 8
65 191
294 259
12 112
444 383
184 380
458 481
4 265
339 69
300 16
216 229
462 251
258 113
69 388
296 200
208 162
353 294
405 125
237 499
382 418
298 181
15 419
36 256
178 371
239 376
105 478
81 307
272 419
160 339
40 341
3 456
102 100
226 208
59 7
277 463
497 441
212 76
332 12
235 249
125 362
192 474
281 82
2 273
113 53
246 14
322 5
105 101
161 424
283 331
295 220
13 61
489 144
8 226
475 173
36 243
69 452
386 228
2 350
255 240
254 467
472 353
454 76
352 429
261 115
187 488
401 408
404 200
426 390
415 412
155 253
57 451
32 76
278 296
36 34
353 33
238 291
219 177
106 192
159 424
412 219
479 346
398 165
407 383
147 325
430 322
126 302
230 340
136 158
192 8
41 172
315 397
74 279
323 387
311 32
252 334
32 75
240 83
467 431
108 147
321 114
269 38
230 447
105 499
360 366
391 149
46 401
33 206
445 472
5 208
395 256
183 109
192 427
358 275
274 11
478 466
357 96
43 99
450 87
306 1
150 310
64 197
403 49
21 449
9 201
457 378
487 404
184 493
268 32
395 42
361 43
491 225
324 70
157 386
387 127
289 315
12 38
87 353
154 268
469 460
339 164
420 278
271 178
210 104
499 40
435 458
183 360
430 426
312 360
487 439
107 52
90 276
482 119
387 29
341 488
4 356
135 180
359 425
29 258
150 421
379 380
240 85
363 415
275 22
314 28
80 114
242 421
392 22
403 224
65 280
488 244
425 69
494 475
234 136
409 376
256 384
322 289
56 349
223 37
417 331
445 389
162 497
371 39
264 55
187 274
19 181
250 27
3 296
432 245
473 89
325 341
482 81
282 499
37 38
221 6
247 454
304 18
58 410
317 175
450 174
355 356
383 321
117 105
202 238
179 49
242 175
109 5
4 77
115 391
249 393
200 189
207 497
259 4
179 265
439 428
284 481
302 294
252 19
258 419
320 454
482 437
294 415
492 91
482 299
44 459
148 232
81 244
100 208
473 340
268 132
113 265
411 404
423 268
39 163
470 33
471 212
479 452
43 117
268 323
282 377
461 313
409 283
343 42
382 10
142 168
433 2
406 107
375 197
212 182
215 267
479 182
134 38
156 310
133 29
407 424
89 267
50 220
263 499
9 245
414 497
0 3
110 347
396 258
440 338
457 109
291 156
194 288
98 278
307 202
479 231
498 66
287 68
67 401
146 402
399 428
283 60
260 251
10 394
84 156
265 450
458 41
181 409
187 5
207 279
10 346
265 186
107 360
261 404
306 26
455 408
320 205
457 90
336 80
89 319
269 420
313 354
115 80
85 494
125 154
1 144
331 135
496 118
22 290
316 109
17 180
237 123
214 338
270 194
365 50
471 359
66 487
67 136
483 181
336 152
296 108
96 189
307 479
269 92
53 181
361 86
209 71
261 98
145 275
326 31
391 10
497 149
285 457
490 64
68 120
229 178
367 217
196 325
269 26
207 318
256 322
245 420
19 317
93 358
390 164
26 419
420 133
442 24
440 205
178 284
463 361
78 407
84 182
209 126
296 205
379 268
189 52
222 125
483 60
224 167
438 225
358 250
126 358
63 152
437 419
280 93
0 400
82 210
188 436
141 143
264 485
389 21
498 453
13 463
130 481
207 89
191 68
426 417
422 170
89 342
435 359
111 221
431 288
224 45
189 471
456 366
239 453
258 198
161 237
218 123
212 292
360 277
47 403
73 287
481 469
180 14
235 416
204 291
336 18
342 429
147 377
182 298
348 386
123 440
415 10
302 193
323 127
383 14
153 222
43 308
175 134
51 223
366 410
281 107
36 54
284 475
273 35
421 466
259 474
484 396
442 174
154 138
4 265
339 37
197 158
292 382
457 372
135 195
303 323
229 268
243 191
227 13
480 368
342 148
397 91
265 326
316 339
456 271
308 321
479 295
29 358
230 123
171 486
161 365
133 474
17 390
404 228
97 244
245 236
327 439
118 142
333 444
216 434
107 289
436 24
234 438
62 465
451 465
182 233
59 464
354 168
396 76
173 258
494 493
285 418
412 173
118 403
189 245
386 334
210 149
87 322
139 445
410 149
234 90
54 444
112 145
74 260
371 9
354 99
17 217
391 139
394 281
378 9
195 436
85 264
438 405
350 172
174 77
19 112
57 260
258 425
185 169
30 332
431 56
274 385
376 300
433 165
26 271
59 311
427 221
126 144
316 365
294 329
441 342
103 313
238 350
372 361
45 423
332 402
139 328
480 458
475 16
139 265
76 1
74 198
194 355
72 200
381 362
205 366
179 175
25 160
21 417
192 397
152 418
98 376
334 291
159 78
343 309
162 150
200 271
126 236
289 394
109 50
416 170
345 314
326 95
364 223
472 199
117 408
137 476
120 215
145 471
133 279
282 488
111 295
384 482
229 89
139 173
343 190
4 55
2 41
116 182
381 218
126 440
417 498
65 263
87 37
168 210
50 72
219 450
285 13
102 103
276 366
56 93
148 472
365 412
94 2
220 333
273 475
325 198
314 190
79 390
452 253
325 248
50 354
367 44
0 187
53 469
414 276
100 461
373 62
416 317
150 319
146 136
334 424
466 471
213 0
253 46
146 165
19 78
475 196
236 386
207 475
103 289
103 121
35 204
373 476
148 451
439 24
300 294
118 126
126 118
16 331
497 380
458 14
63 368
107 285
260 299
88 314
288 364
420 191
20 175
479 293
317 20
166 270
396 469
440 284
116 375
255 456
471 113
333 65
351 34
333 440
107 463
327 273
317 247
422 247
41 189
209 253
24 210
32 375
160 420
295 472
428 128
93 402
320 251
285 426
367 23
486 470
244 326
73 314
413 413
102 495
101 454
17 163
390 125
397 49
373 402
30 45
447 301
405 123
50 119
142 42
13 269
95 129
443 109
374 20
367 356
163 476
491 468
93 32
81 381
136 343
388 454
107 166
290 187
307 364
407 192
313 449
430 420
381 260
280 225
82 255
83 147
116 97
129 74
307 61
404 62
368 443
462 144
332 327
192 104
296 491
292 99
371 461
221 223
448 104
211 1
0 382
331 294
220 468
382 460
374 379
323 138
283 242
70 137
241 467
458 114
65 37
350 250
325 288
392 71
424 274
8 103
249 276
245 340
300 469
348 127
265 175
269 23
160 400
367 191
157 401
290 325
428 222
362 140
63 253
379 106
61 339
116 388
228 310
131 361
340 380
407 480
355 457
358 177
220 16
269 225
403 378
452 412
404 183
436 315
421 468
307 316
204 483
145 423
136 284
164 277
257 476
434 72
101 464
332 144
221 321
199 102
366 124
159 152
319 270
90 96
264 240
75 398
173 320
104 221
498 162
138 120
192 107
71 424
68 293
467 404
358 142
118 166
170 224
494 278
226 489
230 85
335 490
162 305
378 360
22 266
238 376
483 13
437 431
76 55
311 358
0 43
62 169
393 470
248 232
222 387
324 474
464 304
461 159
372 126
244 340
68 394
259 483
266 52
459 49
407 194
238 270
439 259
229 300
32 184
71 330
304 106
262 248
407 121
99 76
416 131
26 196
31 484
388 137
186 297
491 347
469 445
204 81
381 260
444 286
468 266
224 16
116 272
393 339
415 375
7 345
41 183
167 385
22 72
221 408
107 209
154 64
146 77
337 211
349 379
497 282
150 317
89 222
61 266
141 335
32 476
159 0
385 73
497 178
438 408
117 218
134 46
475 271
334 280
12 312
446 183
0 9
231 448
66 442
129 144
472 60
60 161
234 483
14 446
354 231
301 452
350 323
446 435
68 325
490 281
316 80
89 288
89 317
111 173
169 155
215 240
401 142
477 128
74 487
70 343
296 280
455 223
158 498
176 253
386 78
158 18
306 203
372 100
273 395
403 483
75 294
436 118
98 476
315 266
109 24
156 385
108 257
256 111
217 118
197 284
302 103
306 207
307 108
356 178
13 432
227 259
229 88
416 15
281 328
352 231
468 391
0 9
472 76
195 108
392 189
293 244
451 194
155 451
482 111
43 11
270 495
436 122
138 499
179 352
436 419
162 32
393 404
333 15
123 217
259 380
124 16
62 52
355 427
38 217
228 337
333 434
56 350
202 121
325 194
466 381
265 261
18 480
495 10
228 351
231 471
487 487
391 207
134 401
119 246
84 25
459 199
402 269
242 367
62 104
337 67
181 380
212 103
465 199
402 208
179 45
384 485
192 18
419 275
374 178
203 390
90 310
431 14
382 492
448 173
92 296
28 285
240 273
324 240
300 206
251 78
415 479
349 136
263 107
138 269
159 489
299 193
60 101
445 230
255 442
90 393
179 200
325 470
210 419
477 2
80 11
342 81
217 496
455 192
313 332
322 93
139 324
426 473
56 199
493 223
117 311
363 435
405 148
67 189
191 115
478 397
478 123
119 173
365 47
231 427
372 30
354 53
27 11
210 132
208 435
246 55
490 325
473 462
151 395
363 392
289 342
465 193
366 119
166 437
364 83
113 398
303 236
100 320
304 182
117 162
218 12
189 216
178 208
104 162
407 329
23 319
12 48
168 488
425 379
462 186
436 141
230 428
100 240
274 330
492 404
269 392
460 62
271 458
473 138
319 227
398 232
280 342
182 410
141 300
339 460
101 456
236 275
367 331
13 336
92 142
386 358
420 361
172 346
336 43
270 145
377 7
349 20
431 9
310 383
343 424
380 149
276 445
128 116
304 144
138 142
0 397
258 376
74 272
316 282
427 410
269 438
459 156
18 470
353 242
166 328
329 197
142 399
367 457
453 122
264 172
421 91
467 116
241 179
462 41
303 57
347 241
250 72
42 158
400 268
448 396
445 419
318 277
86 439
61 37
61 40
131 326
294 482
14 451
344 35
444 328
69 0
72 292
302 319
439 467
215 203
474 387
16 160
99 144
181 103
143 160
338 243
225 126
429 485
20 239
419 274
274 465
109 489
160 198
17 411
466 100
339 232
244 440
84 356
311 195
208 118
213 306
284 398
383 290
382 214
340 404
221 301
290 466
16 182
93 303
255 34
118 412
352 94
302 363
410 289
407 465
271 118
369 472
262 56
122 252
8 144
446 462
280 229
411 236
391 296
330 357
269 498
93 449
164 473
262 247
213 74
45 21
493 336
244 414
166 256
400 218
180 175
256 346
435 312
109 20
377 178
177 291
240 498
471 122
221 256
331 234
107 286
123 228
142 453
209 219
438 160
187 461
160 470
283 296
316 447
477 244
35 45
43 154
128 128
384 14
100 350
136 67
295 60
13 111
331 289
302 74
35 121
91 489
285 47
494 226
470 453
498 472
478 6
486 393
408 107
457 370
438 360
420 445
57 85
375 433
7 240
361 29
18 395
442 452
31 156
461 289
113 1
359 460
353 443
50 345
68 113
326 359
305 358
443 246
32 214
454 170
199 391
286 315
119 70
78 81
370 2
4 39
351 335
278 215
413 57
170 329
40 481
339 348
95 345
411 134
305 479
370 365
32 356
278 157
238 4
6 356
248 460
295 362
78 99
156 73
254 491
472 179
27 295
492 163
297 474
453 404
269 454
163 324
333 154
158 441
150 71
383 164
27 398
497 178
103 457
448 6
185 358
5 272
287 212
187 497
401 84
391 492
316 23
177 54
347 149
72 187
203 349
247 455
485 82
39 97
103 89
299 339
463 288
352 304
153 250
335 391
384 407
430 78
484 52
54 459
146 331
33 126
434 349
284 280
229 271
212 323
163 332
472 363
167 126
377 325
68 173
80 64
494 452
5 362
321 478
161 59
37 319
20 194
327 323
95 304
480 56
241 159
23 495
121 213
390 42
215 350
266 459
263 295
9 260
90 120
31 330
1 252
446 421
244 22
178 125
182 191
351 158
153 275
340 226
268 127
329 231
42 484
131 448
60 157
130 141
323 151
403 161
82 325
199 201
179 179
222 377
388 361
488 425
151 393
20 328
411 420
256 202
150 453
463 387
380 210
361 93
254 56
233 116
170 189
220 432
161 349
62 442
220 401
295 50
230 371
291 167
369 142
95 399
139 19
82 410
3 19
75 295
264 110
151 160
92 434
135 371
165 106
7 197
99 385
109 302
470 329
471 252
152 191
211 419
329 291
162 145
440 333
295 238
250 56
490 446
169 343
449 477
26 334
72 308
111 125
307 33
285 433
124 278
49 437
228 187
332 379
64 391
481 125
181 359
157 231
426 24
1 326
12 227
36 28
5 436
469 147
432 312
443 255
192 56
244 492
223 273
16 428
405 139
350 497
80 87
463 7
185 7
234 316
344 198
486 270
269 202
14 456
211 201
110 309
154 255
380 206
134 229
369 396
393 392
479 71
431 326
333 294
110 116
166 419
42 455
9 153
461 311
365 375
185 24
131 475
181 339
68 12
408 167
59 289
213 154
480 390
184 144
112 165
436 147
102 131
284 478
290 463
338 97
121 7
482 23
214 252
264 15
34 135
276 25
31 446
336 489
133 11
28 373
20 98
229 464
295 474
437 13
462 85
92 127
151 83
187 426
441 217
352 452
329 327
273 129
470 360
223 462
335 104
54 251
67 207
33 283
148 362
299 322
449 110
193 243
169 452
170 232
36 462
142 374
355 365
225 415
377 326
282 300
403 64
123 336
119 471
185 156
478 267
229 337
80 428
380 274
6 102
416 402
277 43
408 58
326 484
310 486
286 55
120 444
280 42
13 95
252 251
370 50
239 82
10 99
373 320
274 243
497 232
275 42
453 274
259 35
373 279
334 421
366 160
202 306
402 146
250 67
469 6
88 120
220 209
381 451
46 445
177 7
49 43
318 304
340 354
133 429
350 213
225 320
478 68
215 279
198 232
90 465
437 168
229 31
482 9
455 462
469 28
71 484
289 370
225 241
22 481
194 210
382 373
441 420
51 213
297 8
325 250
270 388
419 115
124 499
461 253
281 431
416 282
152 204
298 57
38 229
440 320
45 232
4 174
387 339
347 408
158 185
425 25
140 428
279 344
97 264
48 92
374 230
434 464
21 378
108 84
405 59
143 400
426 450
289 0
408 314
351 489
366 66
346 128
324 6
122 477
69 421
3 170
486 295
25 289
374 359
418 133
385 279
81 414
414 312
478 371
212 322
240 181
309 78
436 438
415 133
406 410
433 336
483 409
50 419
279 8
494 424
55 49
315 231
43 137
360 229
403 373
54 424
2 495
433 215
348 290
200 200
388 254
15 133
405 371
232 66
490 36
437 78
309 398
35 253
334 205
78 247
171 90
85 485
200 173
315 371
423 49
155 15
1 312
35 171
89 258
294 119
197 431
329 83
336 359
64 364
463 171
113 494
331 134
159 198
421 32
433 474
342 197
361 88
111 195
453 396
368 200
132 99
182 417
276 313
178 371
42 192
187 493
128 155
205 18
402 287
114 479
176 335
276 456
151 37
285 239
292 456
55 153
423 276
89 89
460 199
244 119
113 354
361 283
153 241
28 419
398 56
243 494
450 74
463 371
111 453
409 248
254 403
179 316
406 177
228 268
388 218
73 324
107 1
94 286
205 261
169 474
469 455
381 264
136 419
373 344
445 99
2 134
451 199
228 33
153 209
427 308
133 393
246 352
491 92
353 340
315 196
152 374
139 136
55 33
230 127
226 280
267 175
226 80
113 218
279 306
114 118
12 206
411 99
192 258
451 402
450 397
272 118
254 454
340 263
390 161
294 70
97 116
196 61
279 323
129 161
279 58
116 95
195 143
254 379
133 239
136 205
175 84
38 260
23 429
90 230
300 413
29 384
445 397
72 77
238 76
486 53
149 370
13 455
186 196
435 119
324 320
256 423
184 499
280 146
377 207
121 223
107 177
427 2
432 405
333 499
53 170
392 172
127 54
250 258
377 313
133 37
460 54
53 389
388 144
204 186
409 265
442 177
31 368
125 221
221 463
486 459
131 126
180 378
136 110
423 282
319 366
420 409
150 279
276 325
11 38
303 480
9 420
141 98
319 40
4 266
77 392
18 490
220 60
170 198
480 209
75 446
207 151
283 495
320 357
248 59
391 184
456 51
1 252
292 97
216 321
213 296
138 293
206 84
134 211
420 228
174 115
118 347
342 381
91 401
312 14
198 339
242 203
307 155
252 244
65 100
248 320
466 130
214 239
450 172
400 349
316 222
69 427
160 434
188 263
277 103
442 0
56 328
483 185
429 363
463 87
408 346
476 64
303 374
398 43
392 105
327 150
77 60
346 248
11 90
193 34
35 140
468 136
173 91
306 451
39 102
448 122
186 299
173 276
319 489
446 71
221 63
123 273
21 151
93 470
4 384
24 286
274 391
334 345
296 447
401 141
263 187
338 201
478 301
142 11
434 149
213 88
361 8
11 336
158 234
470 104
390 163
406 346
191 17
464 241
382 340
379 218
419 497
298 218
81 249
399 440
380 16
376 112
300 241
327 387
343 459
474 149
495 233
102 380
121 187
379 67
285 355
204 258
476 56
306 354
146 58
426 205
169 26
119 302
41 469
428 446
95 384
469 254
135 443
130 72
491 108
316 361
119 276
184 372
227 96
6 490
47 373
400 432
234 216
186 371
318 275
159 466
221 265
60 480
52 208
168 190
403 43
171 484
357 23
119 356
346 436
309 477
409 394
462 61
433 143
270 148
467 103
220 281
261 188
248 281
323 314
209 416
401 227
250 381
237 110
46 221
198 435
181 207
121 459
102 144
144 54
9 224
357 111
151 81
362 118
284 251
168 38
265 346
227 421
31 367
440 316
103 429
136 490
449 137
133 257
163 403
479 277
241 172
106 336
306 244
496 468
358 443
289 164
85 475
194 368
36 468
397 134
476 139
276 33
143 425
180 261
391 306
331 159
347 132
228 437
257 154
449 76
92 116
443 238
458 177
497 138
124 494
133 394
280 101
378 262
375 275
81 59
70 266
250 412
201 418
424 479
55 311
427 373
463 148
177 222
360 421
415 27
273 485
86 400
162 53
328 316
375 38
156 262
26 298
68 407
386 80
391 492
217 293
293 170
392 180
101 323
350 253
238 16
416 123
29 176
492 431
321 209
323 220
18 477
384 350
430 86
430 122
268 321
491 147
327 413
236 383
488 428
296 438
414 226
254 64
495 295
4 247
467 316
146 180
30 337
275 30
5 312
485 205
204 273
186 476
211 31
311 275
213 200
278 459
23 479
274 33
132 19
187 131
311 451
288 333
216 341
5 63
120 73
198 490
318 324
207 236
11 381
433 370
329 77
56 212
97 352
223 183
314 81
32 411
96 125
318 172
87 164
89 323
165 207
383 287
24 483
364 90
312 387
316 150
214 141
345 225
408 311
244 69
332 222
199 276
448 280
445 17
192 35
94 386
174 357
192 477
419 50
437 56
206 231
224 106
331 420
83 69
138 239
313 327
455 470
103 12
381 255
290 400
286 73
282 236
65 460
10 474
382 484
67 300
406 441
213 291
361 89
328 297
476 351
174 493
357 284
39 277
177 238
163 182
418 463
276 445
271 336
320 138
290 153
94 240
31 48
137 308
457 244
448 317
310 285
69 122
251 167
257 461
495 280
95 420
217 265
101 371
362 488
142 422
162 152
201 88
248 45
142 338
8 205
343 90
64 318
338 264
225 167
447 95
368 72
338 42
266 437
426 439
361 128
280 420
8 375
273 333
172 109
314 267
209 180
350 9
274 125
292 40
488 351
424 239
133 356
293 262
201 399
379 71
343 415
142 160
345 204
313 267
34 369
49 479
489 95
220 252
292 115
318 12
103 280
488 94
356 89
340 134
57 410
177 220
232 401
105 171
291 77
447 270
249 325
273 348
452 90
57 493
358 245
377 376
470 461
402 218
352 179
441 243
463 261
162 470
141 47
124 119
389 432
110 423
272 491
81 383
228 76
173 139
15 86
400 51
121 337
16 302
45 473
234 309
279 360
407 249
368 421
205 384
307 110
101 167
402 431
360 182
173 131
217 33
84 40
378 469
272 205
30 246
56 169
30 117
366 187
460 289
173 86
196 166
185 333
116 297
332 88
71 476
10 357
398 140
110 446
4 128
226 382
403 34
3 134
322 433
75 221
308 282
300 100
433 356
6 338
426 402
230 190
47 349
489 240
39 297
425 451
185 43
429 4
138 89
22 285
6 312
447 449
50 314
23 99
437 483
237 29
219 215
64 468
60 266
416 406
357 99
494 193
197 43
132 276
61 188
352 6
456 419
86 299
251 6
341 109
138 188
256 79
399 209
327 172
78 459
411 243
437 288
331 257
385 486
174 315
173 446
218 379
178 129
487 304
413 281
322 181
260 403
112 78
250 11
322 439
35 181
469 233
343 472
458 152
467 228
27 485
364 140
122 245
49 394
176 461
142 314
217 498
428 254
265 329
120 178
211 440
25 155
127 180
332 368
449 438
275 151
144 328
73 139
385 118
79 474
288 413
411 74
328 357
186 339
370 446
386 158
314 81
114 411
132 293
83 298
450 81
409 358
349 446
64 334
160 235
148 495
69 300
157 412
103 250
196 195
353 325
259 82
345 19
313 373
171 477
410 396
107 473
271 171
5 456
43 335
183 165
317 192
456 252
2 474
169 411
237 50
484 375
394 496
221 330
159 207
456 244
70 70
93 63
19 341
29 99
116 415
459 212
316 434
260 415
326 171
221 282
157 415
263 206
388 403
463 484
229 47
469 419
334 151
492 63
14 205
120 21
85 482
268 79
346 254
425 29
163 25
440 146
204 320
75 204
40 92
492 38
309 121
272 313
228 143
201 265
138 242
225 321
253 76
330 345
374 99
124 255
253 37
209 417
121 458
50 137
175 161
135 394
208 337
332 407
172 436
179 33
207 163
91 256
101 460
411 421
28 328
217 388
305 281
239 279
416 278
291 142
36 443
280 426
334 244
181 465
498 358
21 212
320 57
369 112
385 421
101 281
21 413
195 319
450 326
104 286
428 366
161 395
322 465
209 442
259 156
14 242
454 109
167 388
352 274
48 388
169 90
3 1
172 42
368 50
337 122
340 324
220 117
82 2
296 394
402 144
238 55
164 416
156 45
319 183
72 361
451 219
221 93
136 306
357 393
368 356
181 46
163 208
210 401
147 98
94 358
413 49
317 332
377 430
113 326
187 49
268 37
131 138
296 341
87 267
123 153
51 455
15 156
409 215
165 78
436 56
105 259
91 202
132 423
101 321
370 97
135 288
278 490
184 118
237 74
80 271
78 212
369 131
198 93
23 278
335 363
474 460
162 292
67 66
239 146
95 168
308 109
451 82
52 86
13 135
258 289
2 93
76 336
282 223
1 127
490 305
117 188
333 465
383 131
129 400
421 122
83 225
159 229
168 386
22 212
353 181
126 132
469 355
78 202
329 103
408 432
472 172
489 378
9 305
58 224
346 139
216 479
60 281
167 375
439 228
261 41
174 293
148 387
442 495
450 79
363 123
295 210
88 335
141 136
360 98
237 199
30 58
339 453
180 442
23 359
252 120
413 284
24 278
125 413
344 466
441 75
286 207
43 89
225 374
324 36
87 86
144 61
366 117
411 484
195 47
19 434
219 299
78 432
197 95
413 55
131 394
101 354
443 269
495 496
32 169
255 320
233 471
88 251
87 452
499 0
286 282
434 370
154 5
452 364
419 351
245 365
72 402
171 199
195 15
36 19
339 80
51 143
395 424
376 492
344 482
117 227
97 130
488 51
415 251
455 440
158 186
89 200
251 230
245 112
131 299
231 282
277 322
99 134
126 172
7 475
55 322
453 124
175 152
256 441
233 442
128 211
263 391
121 69
34 15
314 219
353 165
340 45
31 130
155 439
266 158
480 162
286 321
326 285
78 313
107 82
293 164
55 87
157 56
423 29
248 191
208 237
134 453
83 400
339 166
176 238
400 458
279 8
146 38
351 105
39 224
388 458
46 332
241 296
177 55
98 164
402 425
378 306
207 388
406 313
404 398
356 434
443 304
343 488
445 441
165 46
5 485
169 406
54 403
458 410
75 231
8 56
362 329
69 238
51 421
172 476
262 455
112 380
220 57
498 307
353 166
3 16
274 358
261 172
435 328
411 71
127 10
339 419
9 342
115 260
88 60
368 287
168 351
408 332
139 240
406 259
275 492
203 261
434 49
229 316
388 369
231 140
411 367
209 422
182 420
332 325
464 271
474 52
384 484
225 234
493 375
368 483
245 268
169 423
239 31
252 398
390 479
347 483
257 153
425 56
233 291
62 110
162 198
34 388
123 399
274 259
243 116
385 494
269 340
371 54
305 9
340 475
310 195
201 187
244 67
358 126
236 329
379 273
161 251
150 414
25 284
253 276
123 120
460 138
44 392
253 183
158 201
249 94
281 320
387 450
76 377
59 98
223 313
64 438
352 384
21 66
194 230
350 274
264 317
62 311
494 160
362 315
261 5
325 111
413 395
124 65
15 489
154 183
122 238
474 70
488 326
56 495
121 183
0 259
70 237
250 414
82 416
273 464
427 343
90 451
16 340
181 215
398 383
121 336
258 372
51 95
443 247
430 459
218 416
6 282
197 288
57 256
72 279
474 330
133 499
191 65
280 1
384 372
208 30
255 5
453 467
214 306
265 396
164 496
278 484
124 170
278 327
106 33
216 350
201 433
498 349
351 392
265 130
12 235
241 325
144 267
73 194
442 210
206 191
27 106