9200
350 473
24 134
391 218
137 192
72 493
405 271
255 109
218 454
85 115
140 439
256 430
75 170
138 74
114 408
390 7
480 14
1 240
310 356
48 244
238 447
70 121
82 495
301 178
145 152
92 386
168 137
307 200
274 244
4 297
304 388
255 394
486 136
493 108
352 297
96 41
14 90
437 19
197 448
101 238
477 342
479 193
393 145
241 138
436 168
408 245
491 92
229 15
123 478
127 222
115 476
418 75
94 130
78 356
446 143
485 179
224 423
421 316
307 470
490 162
408 243
187 398
414 251
229 268
342 389
365 208
284 458
440 284
492 230
374 370
402 438
214 359
28 126
448 135
297 335
78 438
337 57
161 117
386 103
492 390
451 228
38 210
346 235
465 478
201 190
128 339
51 103
81 194
329 79
414 30
468 479
388 344
461 157
112 49
292 199
280 457
167 243
330 318
149 365
55 295
487 350
305 35
230 38
117 386
268 411
242 383
227 237
246 483
384 40
92 359
316 28
271 372
190 335
200 101
249 191
393 107
142 236
126 198
437 224
488 243
478 205
294 82
65 205
97 41
400 302
330 189
413 216
51 454
55 456
147 103
210 156
392 41
91 352
429 18
113 28
86 417
351 91
148 380
421 417
71 98
139 173
389 401
355 53
9 292
395 263
419 156
49 457
162 164
34 493
373 91
360 148
91 459
340 211
480 92
42 113
287 51
305 181
234 28
173 12
275 95
104 68
378 47
211 153
498 40
131 245
245 372
183 491
202 189
281 375
489 35
86 323
356 128
156 391
404 91
186 181
102 31
78 142
296 480
20 141
387 146
18 151
494 484
173 202
77 48
83 306
481 418
46 170
413 338
429 55
236 169
201 467
110 338
170 131
273 258
256 190
193 12
496 127
329 187
236 22
328 258
29 171
193 310
148 427
482 107
128 429
248 71
261 181
313 210
320 432
474 86
450 77
204 168
207 298
320 385
495 443
467 1
311 24
452 160
119 311
92 286
209 100
281 340
403 323
255 94
32 75
152 81
249 482
281 208
445 457
252 453
454 441
465 71
232 117
428 269
408 203
303 372
65 117
440 85
31 468
43 47
129 64
398 48
108 230
39 31
485 54
495 292
363 291
409 312
434 447
151 189
414 342
311 306
391 479
447 252
151 423
339 342
242 280
363 237
269 351
257 402
46 106
249 104
268 262
209 10
200 202
396 212
371 114
445 208
460 114
37 244
86 111
244 228
466 181
384 459
361 87
45 141
97 260
22 294
305 365
68 83
148 357
323 316
24 19
133 268
12 336
300 23
251 450
131 396
355 69
8 367
8 68
328 53
200 105
323 350
286 357
214 243
59 434
453 389
157 84
420 86
109 21
471 72
468 213
282 455
322 323
244 143
196 183
140 72
275 248
105 463
206 61
347 171
412 118
202 300
238 69
442 474
399 200
413 414
221 367
43 47
190 395
430 287
211 239
339 423
386 338
251 445
468 445
415 98
398 381
302 117
443 489
189 245
11 342
62 454
353 232
479 105
244 44
135 410
333 307
146 474
271 71
368 397
496 240
473 283
252 246
235 275
372 48
242 276
230 383
467 304
409 84
480 299
209 5
313 467
441 394
465 459
208 213
305 186
321 204
451 278
405 426
474 38
315 278
13 216
21 397
333 333
132 282
140 165
132 193
87 453
264 74
139 404
90 472
29 296
426 264
190 480
370 331
461 164
232 37
435 327
160 105
388 120
286 144
337 380
333 418
344 424
180 449
421 335
131 123
387 302
134 409
241 77
93 5
42 54
381 325
431 329
450 393
37 171
51 236
6 374
150 236
37 351
38 331
454 310
113 22
431 341
270 247
104 24
79 363
40 147
476 312
58 323
346 278
14 95
322 249
337 373
76 472
155 374
37 114
136 109
302 150
249 420
444 424
139 354
1 375
40 180
355 329
460 98
45 202
451 326
199 219
44 289
15 275
242 199
161 52
202 230
150 463
240 304
158 447
322 379
59 11
192 362
312 267
469 152
479 358
429 420
61 30
158 473
173 77
481 400
482 186
1 36
340 133
432 241
121 498
361 254
469 32
299 53
206 281
491 268
41 37
419 421
246 454
383 77
329 419
457 365
401 312
297 459
200 241
91 229
335 321
206 452
5 304
438 5
126 63
452 281
54 19
473 372
301 301
72 357
222 131
443 30
489 123
216 92
321 189
363 307
111 156
313 69
74 468
384 251
384 52
71 336
60 439
240 45
254 214
345 164
194 476
451 140
232 35
225 19
178 405
413 440
9 289
257 78
181 435
340 493
330 66
357 411
308 242
456 449
113 62
38 153
293 160
195 341
360 377
134 272
212 38
179 400
478 73
361 289
282 160
78 201
112 464
207 435
384 421
335 15
169 497
157 374
67 314
44 205
477 280
318 178
78 42
467 350
139 409
69 328
29 421
386 147
82 494
267 445
312 466
315 102
328 481
148 325
30 396
176 192
222 359
401 346
196 153
62 221
49 187
461 483
482 431
425 347
144 416
234 44
146 456
290 49
374 475
223 438
482 256
116 251
97 56
209 369
90 146
185 123
106 492
423 146
493 440
356 200
244 489
446 90
492 242
69 88
378 218
475 292
43 360
416 443
164 493
491 478
101 107
99 176
323 60
0 374
426 168
158 209
151 170
264 456
44 143
362 334
126 422
134 189
484 22
15 402
380 148
255 6
182 334
246 354
80 357
26 98
307 6
28 36
344 459
454 293
127 240
14 316
357 105
127 148
402 341
490 142
0 283
469 97
304 35
392 215
165 384
391 270
158 473
284 271
64 2
94 238
407 43
149 108
108 116
458 276
271 11
146 300
397 123
158 115
182 53
290 403
25 199
172 181
304 184
38 308
399 369
412 133
93 306
422 61
190 202
213 232
384 313
436 211
178 134
187 447
350 212
411 477
10 227
411 436
244 315
36 302
287 143
301 448
362 380
434 76
160 404
217 499
210 45
179 153
100 388
452 366
344 302
30 364
300 206
21 293
447 44
40 409
358 234
467 193
269 72
328 401
253 430
475 45
50 463
204 6
372 3
305 8
372 68
127 187
333 172
69 148
58 280
15 461
154 268
192 334
87 276
58 20
417 340
156 385
391 467
322 212
220 115
184 480
167 93
117 311
311 0
133 38
499 221
341 0
334 6
282 385
405 273
114 192
77 174
494 122
334 320
435 316
296 406
499 471
134 316
168 469
7 298
371 301
301 359
365 65
450 487
261 499
43 208
382 227
349 472
292 376
45 35
441 79
403 341
9 293
262 37
187 178
331 121
480 59
124 485
472 197
48 426
134 85
312 91
63 369
245 161
196 355
287 142
336 490
283 190
227 345
375 397
18 267
326 59
44 351
400 302
80 368
454 449
40 215
84 118
280 104
311 181
324 328
170 98
288 12
357 453
202 368
135 85
144 221
424 313
467 40
408 324
273 47
114 214
333 314
270 50
232 465
145 433
32 408
420 316
121 172
40 129
214 324
397 27
192 210
250 321
497 11
59 11
77 271
437 25
76 262
227 59
492 160
68 225
393 376
49 340
469 14
190 441
321 36
98 87
260 13
25 201
212 110
233 436
461 141
404 170
81 37
49 483
208 425
302 117
309 453
468 203
144 131
19 10
450 317
331 117
318 62
172 208
496 382
24 405
427 457
347 428
411 8
286 396
366 472
425 88
291 175
158 245
256 287
105 177
295 58
120 288
348 113
348 145
50 344
153 372
152 330
190 352
249 415
387 476
64 467
494 165
410 207
347 153
330 18
428 304
92 477
443 401
46 292
136 291
15 448
278 289
494 167
82 469
297 95
62 322
487 214
421 408
61 249
120 120
424 244
221 48
449 368
160 164
307 347
296 296
438 322
341 426
247 432
27 424
98 45
259 441
349 437
38 32
153 263
7 158
59 429
298 80
97 360
208 458
255 404
227 356
282 45
329 420
196 30
75 208
149 294
83 186
218 350
113 122
132 223
153 472
53 43
404 451
261 2
406 464
320 368
413 485
406 102
132 94
302 102
249 59
245 303
6 332
306 316
391 471
444 439
482 44
347 349
351 238
202 109
477 109
447 22
477 243
337 353
307 461
373 492
295 408
93 118
286 301
273 399
190 178
74 69
270 25
263 274
383 473
82 466
340 212
307 29
234 317
131 145
137 394
302 4
474 284
438 395
147 113
291 211
132 337
362 217
491 402
375 478
444 226
291 309
191 136
306 98
95 425
171 437
293 232
369 326
73 267
380 307
370 220
410 23
241 2
256 272
250 84
163 483
292 46
35 454
404 483
261 341
130 0
232 284
110 423
42 453
260 184
256 423
298 130
132 166
291 391
476 240
223 393
292 491
445 368
203 327
168 349
349 464
101 150
73 434
387 211
247 115
390 0
130 356
374 189
80 115
355 165
411 408
399 431
299 203
30 196
46 2
319 50
200 247
33 420
483 273
240 273
273 83
439 131
172 255
370 313
331 104
365 226
9 242
445 264
461 308
310 327
377 359
458 481
401 77
202 344
469 237
320 442
425 242
497 259
424 449
54 220
298 107
349 419
35 307
115 146
473 348
59 277
259 202
279 18
214 12
249 333
128 183
277 421
32 53
355 126
346 309
416 261
32 144
303 266
264 67
268 418
48 238
440 327
197 159
171 72
405 411
446 273
46 33
439 223
202 79
388 146
407 48
45 304
422 439
358 348
119 187
277 478
306 167
326 69
141 3
267 349
474 399
432 213
289 21
452 223
369 491
391 340
496 128
67 436
137 271
458 278
256 256
423 87
156 414
270 101
450 298
197 37
102 425
446 481
57 391
382 398
90 278
407 274
62 438
209 326
104 199
455 19
106 213
127 230
331 115
413 397
286 134
59 462
295 389
132 357
107 352
483 367
493 49
487 390
216 55
107 49
68 173
238 414
145 27
142 365
115 328
462 407
221 253
494 21
230 368
73 127
494 337
386 56
446 487
394 226
275 162
187 1
416 195
74 425
143 413
241 68
327 110
363 204
77 48
269 358
485 308
145 342
398 331
318 384
462 196
210 64
66 237
284 398
175 334
247 359
427 318
428 488
44 255
155 144
2 122
430 424
118 339
170 427
163 368
64 340
404 125
362 127
377 322
156 147
358 52
223 403
244 285
392 151
147 288
410 48
324 149
340 192
120 443
163 362
54 135
261 80
207 311
133 475
474 84
488 142
397 332
470 211
215 141
430 362
262 362
12 192
237 87
382 204
419 357
344 45
125 473
284 105
433 184
120 270
412 407
240 109
320 309
303 210
424 35
398 85
129 187
126 262
318 366
75 8
405 237
211 420
377 383
67 347
469 310
218 40
149 381
43 310
372 321
209 198
283 296
335 107
221 264
131 461
321 39
129 206
478 227
110 340
39 356
166 29
69 9
242 236
46 70
392 137
335 270
67 101
60 470
235 254
216 133
24 218
276 37
116 153
345 255
111 78
460 385
246 277
14 29
452 488
478 412
183 196
297 313
136 102
356 209
342 223
441 424
462 218
372 217
324 430
9 69
306 435
65 469
350 52
393 431
195 302
498 371
36 378
332 147
208 24
247 189
113 402
121 40
110 427
358 345
414 434
222 219
188 221
273 287
70 38
193 18
389 265
144 43
191 278
302 328
17 251
154 50
442 483
262 275
472 52
339 472
191 386
107 61
200 379
270 233
103 122
387 463
358 345
123 383
212 401
153 425
327 81
64 307
434 270
174 327
299 406
144 365
278 343
222 104
337 330
452 344
159 292
137 340
223 18
419 260
38 287
369 72
231 365
487 285
112 17
423 14
231 264
459 68
172 10
340 181
378 361
153 145
485 37
55 143
403 60
200 327
251 441
159 69
354 335
352 146
12 319
435 276
196 244
254 394
427 220
433 446
91 305
343 438
81 428
341 250
429 485
278 41
462 181
16 437
436 316
135 368
496 448
44 422
316 44
116 150
97 244
49 49
488 40
321 244
495 69
406 14
55 276
457 185
474 17
185 325
46 410
211 173
95 394
439 255
406 412
8 407
457 355
395 409
154 297
366 68
82 1
277 125
310 489
6 87
412 136
47 44
217 310
205 110
365 312
76 496
403 123
478 84
346 360
157 226
294 352
353 376
1 229
218 482
421 163
299 77
121 186
496 198
308 338
150 201
197 174
297 79
15 101
313 128
354 361
213 323
51 0
229 418
401 52
67 448
25 174
360 366
65 498
336 357
58 373
399 338
417 108
61 49
177 433
294 226
401 31
31 360
278 452
356 113
413 31
206 423
142 438
288 66
275 59
284 124
462 186
294 184
85 232
165 207
433 262
145 311
171 335
139 28
141 450
481 496
271 54
344 39
458 265
324 132
108 233
419 109
145 71
303 65
272 230
344 320
131 58
245 489
369 303
105 384
232 11
417 86
478 356
121 114
246 436
169 446
407 355
278 441
6 52
134 433
253 131
189 478
319 384
39 286
22 188
51 144
83 255
111 321
435 61
349 232
30 33
240 18
311 289
341 18
451 318
301 327
157 56
293 342
128 476
17 332
329 150
257 420
241 412
325 220
305 176
210 174
44 335
125 450
321 356
26 318
498 124
181 179
21 155
484 326
158 1
3 353
273 339
251 261
481 15
43 428
454 286
474 253
56 351
59 451
269 229
353 437
116 267
423 386
212 137
490 259
112 223
62 493
254 385
252 166
446 88
374 296
401 401
104 348
299 309
38 163
452 421
40 244
130 68
57 315
74 195
418 47
40 186
424 332
498 147
235 176
324 445
198 461
162 226
387 154
317 313
234 426
22 269
189 275
90 152
199 246
145 17
203 469
302 37
36 127
156 300
97 271
233 480
58 147
301 247
60 446
224 470
91 295
422 246
250 280
378 364
381 450
271 375
413 85
64 73
226 449
73 72
405 175
323 158
405 463
261 124
447 465
260 485
83 38
319 34
399 334
136 49
425 280
217 407
481 338
139 134
206 59
234 212
370 111
427 409
386 127
93 188
26 333
371 205
240 109
443 42
92 491
271 431
339 369
59 341
475 172
231 198
263 181
145 317
227 485
113 72
260 113
298 58
263 286
396 169
64 355
346 191
123 8
377 470
311 314
338 436
486 286
319 421
238 249
235 464
36 317
430 200
258 149
287 80
250 21
229 183
227 166
174 75
397 202
16 403
339 208
346 354
275 325
427 18
482 365
183 162
214 371
372 465
46 472
493 159
195 148
314 74
2 422
476 340
243 399
460 492
198 434
111 306
176 325
190 38
52 159
382 225
43 266
90 254
413 89
89 436
10 108
382 255
447 12
412 358
202 42
476 372
30 400
77 439
330 207
218 120
197 234
353 452
206 240
181 443
379 471
80 270
377 390
254 314
25 324
366 166
390 227
480 194
134 273
332 57
29 464
50 402
354 227
467 403
347 60
31 149
271 78
320 463
130 149
473 75
241 155
382 192
386 484
109 362
272 20
336 441
195 153
380 239
142 49
461 348
349 341
272 344
308 120
269 92
167 290
445 95
287 261
97 327
42 25
398 206
499 166
319 234
325 194
95 52
400 468
161 56
400 101
221 433
378 60
350 343
290 45
158 295
475 429
454 255
313 369
387 352
439 164
210 58
110 264
84 305
361 362
463 246
31 114
174 37
232 409
307 377
172 22
451 465
73 499
220 257
110 238
403 107
166 401
165 113
271 276
139 250
348 132
98 454
491 231
141 125
2 223
245 448
265 26
26 48
158 190
429 246
206 120
21 184
149 372
0 186
288 420
405 491
446 488
220 3
128 437
161 213
161 130
157 258
159 278
321 35
133 317
437 102
286 339
63 458
496 287
208 416
407 137
477 113
468 205
495 197
410 97
79 8
266 423
54 88
123 277
94 375
477 257
448 383
341 115
402 364
280 190
179 110
75 39
245 156
354 44
493 240
100 116
40 72
13 218
496 446
321 488
97 442
326 150
265 46
410 19
61 167
130 42
81 240
397 57
101 178
270 103
219 446
371 370
89 111
57 384
372 85
27 230
380 470
16 205
225 497
17 278
320 286
27 499
56 253
432 276
379 158
456 202
73 450
414 327
211 162
99 323
54 84
54 478
184 286
284 422
52 409
195 153
152 224
477 74
350 208
218 409
112 81
384 175
2 37
51 298
121 214
150 150
128 27
314 56
330 164
73 450
103 382
106 121
47 255
315 83
493 250
331 34
209 457
494 215
365 63
277 45
47 487
366 279
335 27
192 32
334 165
399 265
238 437
44 5
441 138
388 360
246 286
243 219
287 307
370 89
486 152
491 0
279 33
60 210
242 467
484 252
370 77
366 384
241 460
98 263
475 182
320 486
58 221
28 415
4 197
201 250
250 490
375 193
403 382
349 436
40 497
74 333
217 410
371 293
56 311
345 469
308 31
252 166
81 366
63 132
382 438
280 116
309 133
15 156
444 64
414 216
49 484
395 488
281 119
430 118
439 189
220 127
293 247
465 472
456 375
165 28
145 339
324 445
101 306
223 191
407 45
382 137
477 308
279 277
395 111
300 61
189 334
434 21
345 482
209 399
428 302
493 374
172 425
83 317
8 125
171 158
295 267
75 405
182 125
236 355
416 429
115 388
261 105
440 49
449 107
261 149
376 229
6 254
423 48
173 89
100 283
50 196
101 247
372 477
332 283
64 460
201 101
58 180
229 462
69 498
0 178
259 182
436 376
424 265
207 211
494 97
294 307
54 44
22 395
31 279
91 206
159 95
275 292
255 70
68 357
387 176
211 420
296 147
412 499
211 220
318 471
130 205
102 464
359 37
316 476
34 390
486 259
52 194
264 113
470 159
187 184
105 358
5 250
250 401
474 269
241 461
18 144
108 223
260 120
448 467
210 428
188 483
177 48
161 92
103 293
477 132
490 142
393 434
188 347
116 143
456 162
306 209
433 474
447 266
233 193
122 395
378 295
343 162
254 407
200 5
137 357
499 30
464 479
326 244
387 152
166 442
4 343
170 472
238 437
482 469
364 324
471 456
118 95
2 315
172 224
81 55
85 161
140 433
177 401
54 318
112 417
112 220
45 116
405 134
103 135
311 388
344 320
415 283
450 315
39 269
324 122
283 473
406 261
163 275
93 435
204 69
289 205
322 317
451 186
174 227
115 55
227 485
120 312
479 142
263 70
192 18
491 440
201 327
102 249
37 216
285 195
401 241
58 427
113 223
302 362
269 287
125 270
82 496
490 245
316 61
431 253
45 360
188 423
24 247
463 290
486 61
155 101
28 239
462 65
427 141
281 116
386 196
44 406
3 468
381 34
140 171
384 165
440 185
284 72
214 464
378 100
201 52
291 33
450 229
222 105
222 378
426 3
261 108
429 471
357 117
288 162
327 497
35 172
96 267
84 319
271 163
215 462
347 472
53 359
464 149
27 276
279 38
499 306
277 393
10 428
442 134
484 150
175 270
389 19
338 271
286 473
287 110
434 2
213 486
136 488
264 29
68 163
321 395
140 67
347 98
85 150
301 289
411 69
88 328
451 301
126 278
388 238
92 414
400 175
163 305
334 388
52 279
174 402
321 373
324 315
317 168
310 409
330 470
298 73
374 418
48 250
488 353
267 437
464 80
237 19
408 127
258 71
326 312
37 432
99 147
168 213
474 269
239 478
403 304
74 390
492 130
483 123
412 332
264 102
473 376
355 1
72 233
45 113
397 398
398 435
0 349
118 66
396 475
131 209
99 299
281 206
181 91
423 264
366 93
321 39
40 340
73 176
141 465
215 471
258 38
387 113
31 258
233 357
67 279
431 365
423 166
110 212
477 104
49 385
425 195
387 370
398 317
282 313
136 39
429 498
463 394
152 169
26 347
478 238
455 445
112 409
474 230
334 74
311 451
498 235
105 88
406 386
51 355
246 40
390 187
81 27
196 354
53 85
175 75
20 31
441 482
212 484
410 267
218 398
133 222
310 68
306 90
297 68
109 357
44 43
71 499
205 125
63 119
46 258
142 90
73 419
403 435
202 285
36 166
388 272
340 21
464 50
119 147
356 261
157 80
79 401
378 80
199 137
395 293
384 98
17 389
324 457
94 272
438 26
298 130
4 178
229 491
490 468
81 200
132 198
99 238
318 211
348 330
123 370
468 96
337 7
316 485
257 162
40 411
393 48
226 191
182 249
217 307
359 24
222 299
389 491
55 174
4 208
78 255
351 479
339 398
383 189
203 155
418 492
40 243
434 164
413 119
426 468
492 483
134 138
129 67
241 23
231 184
440 97
76 161
59 143
184 415
423 294
287 387
483 341
357 179
150 417
238 271
254 77
67 82
149 388
263 196
233 242
191 495
8 173
168 268
35 68
362 353
92 310
4 1
33 75
345 361
484 183
112 435
17 90
330 179
376 19
113 94
89 109
134 305
73 97
17 302
7 460
271 380
233 100
27 127
488 266
450 224
159 473
63 62
242 29
48 394
488 470
431 161
466 429
378 65
219 391
204 396
128 227
179 327
454 361
480 58
283 294
267 430
492 294
323 183
429 86
56 223
385 417
198 487
404 203
447 428
176 124
203 3
330 156
370 234
292 136
430 350
280 427
222 50
233 124
211 45
121 14
283 119
459 358
61 481
261 363
339 360
215 438
94 394
128 397
33 464
166 273
200 316
366 298
423 274
172 451
465 486
457 293
151 248
81 416
132 64
425 194
132 471
366 492
390 79
395 346
119 423
239 62
360 320
94 457
260 135
473 118
411 77
177 431
347 62
127 258
453 479
303 404
396 437
368 21
367 286
210 264
178 487
159 301
111 390
26 105
224 371
449 351
282 135
50 478
237 482
313 177
81 42
331 468
489 329
116 200
316 357
196 178
331 494
384 207
312 442
166 262
114 388
376 467
445 248
230 426
455 34
428 396
364 36
217 260
312 354
63 333
363 128
122 259
466 195
489 358
121 130
19 7
474 235
483 247
173 420
306 66
314 128
16 235
347 178
384 233
419 11
139 447
58 282
329 113
471 376
7 319
326 92
179 378
125 153
425 15
81 298
278 231
318 395
425 294
379 165
176 310
109 298
433 167
280 20
396 262
81 104
196 403
133 260
413 228
243 258
408 190
421 176
423 38
332 92
257 348
10 64
362 286
305 472
492 295
410 438
42 388
144 343
103 90
318 277
388 368
58 413
89 148
187 332
424 12
213 371
435 33
171 223
195 150
445 477
267 187
428 355
199 309
251 72
201 154
375 70
335 441
90 285
469 425
289 129
0 393
279 2
226 436
86 450
279 273
461 383
91 46
207 241
165 142
148 459
381 366
160 23
161 216
493 102
231 130
24 283
285 231
19 155
105 363
137 457
193 237
283 450
43 284
278 491
302 208
426 426
302 183
251 86
188 463
93 245
380 419
3 469
124 165
381 374
332 82
319 370
320 25
161 102
445 363
423 439
217 99
282 349
436 19
482 386
131 124
396 428
249 11
28 251
125 374
456 409
131 309
186 127
81 303
166 347
138 27
478 441
291 208
227 261
499 227
203 62
490 130
493 99
202 91
465 373
283 328
489 273
400 266
70 176
375 482
361 88
30 366
74 339
452 321
48 301
215 303
433 251
203 57
149 278
152 257
85 114
240 287
53 75
103 492
326 123
212 478
196 187
379 242
63 270
72 183
487 463
66 139
197 272
51 121
379 346
312 55
342 464
391 52
45 247
371 346
177 371
411 435
177 373
144 142
177 92
55 68
207 164
289 473
95 404
250 192
247 474
438 63
467 441
188 182
28 364
88 411
346 205
79 499
493 375
467 75
143 170
187 374
348 350
255 476
20 295
269 357
272 267
60 59
241 240
456 248
160 122
179 44
395 358
234 110
185 388
411 53
280 180
31 98
426 480
275 138
347 298
65 44
455 120
212 477
225 49
171 20
65 237
448 202
165 460
201 182
87 202
383 464
414 367
199 266
256 340
138 326
370 103
75 55
32 326
375 139
160 109
199 398
452 225
37 147
181 117
320 90
54 268
488 55
321 468
160 187
366 77
32 150
205 236
414 108
99 89
51 141
391 259
484 250
397 196
313 374
464 78
198 485
392 371
339 186
226 65
494 0
150 92
180 27
487 208
149 447
440 86
346 200
450 184
380 182
408 199
129 45
383 373
96 328
366 275
193 435
287 444
388 187
66 290
498 69
368 53
492 499
200 308
344 190
224 2
202 224
270 133
358 331
11 5
132 454
241 378
322 325
13 29
171 63
132 79
485 21
20 352
12 477
19 220
75 357
433 243
228 277
460 55
60 86
392 472
202 193
18 486
15 376
439 31
463 38
59 423
275 448
277 431
4 140
497 296
39 79
208 430
486 120
206 168
492 46
91 451
437 194
423 110
493 304
342 214
138 308
256 253
184 265
405 33
181 188
119 254
185 221
193 327
496 23
421 251
202 488
35 13
475 491
295 310
24 320
129 489
242 162
280 385
271 279
319 185
440 452
25 439
266 477
0 218
470 262
103 421
286 24
16 490
300 261
434 311
153 176
191 63
300 247
26 471
8 423
376 346
137 300
277 253
324 403
18 129
51 294
318 121
463 189
303 186
498 263
291 237
152 3
250 482
453 452
228 277
475 462
262 456
209 112
367 392
21 33
179 385
6 424
114 350
36 469
84 269
6 386
389 376
358 10
314 140
269 164
478 42
498 96
60 92
484 208
93 427
313 6
282 273
123 171
493 248
17 11
398 77
305 375
385 139
279 16
32 200
242 400
348 10
102 241
301 408
188 87
445 246
19 1
172 227
476 494
6 165
95 345
221 256
395 252
120 106
158 27
279 152
162 401
494 128
36 265
204 147
393 76
77 149
228 265
111 102
119 56
402 117
225 66
319 123
81 121
0 291
444 240
493 279
407 458
75 339
338 296
372 279
280 83
348 302
404 361
417 460
429 23
442 319
294 155
128 113
404 228
320 128
407 200
159 165
356 167
463 234
366 194
277 187
489 498
359 478
438 393
269 277
448 219
374 211
176 95
175 354
482 80
281 495
12 242
409 440
26 368
62 224
411 244
243 191
169 253
498 102
231 459
179 267
330 32
479 405
260 6
439 154
1 94
336 220
12 13
381 97
321 390
135 295
338 85
338 230
184 8
319 336
456 416
300 498
404 138
497 279
285 16
110 436
8 286
151 299
396 372
262 384
179 70
7 249
331 369
229 345
33 16
284 49
47 341
332 84
215 303
319 329
117 0
138 430
229 125
349 289
173 477
47 463
65 204
73 54
251 396
412 303
352 137
478 196
132 251
55 310
491 347
199 374
156 108
85 337
126 237
215 434
398 299
3 114
21 315
211 429
232 124
261 476
172 436
187 92
254 157
4 94
321 246
354 204
393 329
67 292
78 20
319 134
100 328
143 175
104 473
98 355
331 188
476 211
303 355
12 15
110 58
156 369
425 283
112 362
154 318
338 31
17 233
61 10
37 118
91 205
412 493
181 189
401 243
450 157
24 56
114 463
184 134
417 270
133 109
279 382
413 139
372 470
332 431
401 286
491 369
362 492
34 403
498 395
404 287
343 448
263 428
415 310
432 447
408 184
66 417
409 188
158 332
115 281
419 342
211 368
360 410
165 425
172 246
385 15
316 428
208 81
243 79
27 123
160 175
445 287
475 78
410 354
487 485
327 377
245 407
169 390
167 458
56 187
202 339
119 442
23 18
450 328
303 266
293 329
116 463
42 90
444 444
429 304
34 284
191 109
351 131
89 212
399 19
210 146
440 454
324 330
10 315
81 274
455 313
129 226
317 72
16 23
179 113
249 297
258 213
345 440
5 110
481 286
284 404
210 191
373 224
39 35
161 235
401 472
51 117
41 30
405 220
333 409
206 84
150 83
375 317
427 347
133 380
137 408
451 418
494 347
234 177
412 34
358 248
217 313
195 409
129 258
167 100
37 315
250 225
42 187
386 477
358 321
81 19
289 347
46 385
62 284
170 281
381 474
140 380
290 98
208 335
288 271
438 375
452 325
364 188
166 495
168 250
121 376
75 250
135 411
47 121
254 49
23 69
449 135
85 15
203 91
215 293
20 491
168 153
194 473
320 384
486 360
88 488
90 107
370 163
136 77
126 269
338 391
378 2
17 140
83 464
109 220
63 298
452 130
455 83
467 146
358 275
115 305
265 446
461 206
283 135
257 97
340 262
264 447
87 219
35 281
354 171
321 144
274 269
353 273
271 229
356 172
478 129
427 472
30 95
230 240
338 165
427 339
287 30
249 191
325 226
249 284
281 31
300 71
196 407
489 5
30 468
97 345
169 360
455 377
117 199
365 37
377 455
338 144
336 164
242 87
224 13
44 492
415 5
412 344
202 111
79 401
99 232
92 29
406 268
320 399
436 23
331 37
181 313
329 169
108 17
30 72
416 332
189 74
271 331
442 454
207 325
409 374
403 306
75 1
252 309
332 247
284 188
2 163
332 465
335 183
255 441
125 365
292 23
354 315
121 415
240 149
23 328
135 1
2 426
235 62
309 254
294 419
435 445
410 296
480 119
412 245
463 87
111 38
205 107
22 317
466 326
154 114
115 341
119 141
55 469
75 206
126 364
309 369
18 61
180 72
317 350
289 445
483 132
239 400
70 40
366 261
227 388
230 372
366 194
163 201
408 421
138 90
460 34
447 299
371 330
180 479
424 41
173 321
222 259
299 265
26 144
32 17
242 106
300 114
316 108
29 316
406 224
110 19
319 218
48 409
388 190
83 80
402 165
276 109
374 476
120 76
445 400
358 4
119 187
147 159
475 287
11 177
48 233
452 473
382 367
58 0
433 122
139 493
102 335
163 416
344 476
229 135
139 289
477 87
98 110
397 476
153 425
159 408
233 202
421 111
463 115
90 331
325 248
435 229
497 427
256 98
233 341
131 485
424 225
335 460
436 375
300 233
493 442
496 311
274 227
194 417
249 90
338 284
366 426
205 274
224 363
57 461
298 310
35 188
0 75
450 370
103 288
230 102
414 449
176 78
496 188
130 222
7 97
23 469
95 225
440 80
42 171
481 349
389 192
267 16
387 389
178 69
172 342
291 260
339 438
126 319
42 187
284 257
78 401
478 159
239 25
196 418
268 133
326 178
194 9
399 445
15 433
128 429
189 39
477 271
91 28
215 455
64 485
386 351
10 142
167 364
134 102
235 216
394 254
264 413
211 440
226 15
444 78
117 354
477 133
162 446
401 68
405 229
81 318
312 291
7 443
45 480
48 494
248 133
398 442
382 364
379 109
187 108
314 323
309 156
454 292
212 323
52 356
174 118
261 485
429 486
318 269
263 474
459 366
160 363
228 358
319 395
355 459
135 7
15 170
314 444
267 470
178 378
348 171
157 204
42 110
231 86
412 361
79 346
209 224
82 92
487 289
249 401
260 342
364 236
180 128
98 178
409 299
470 128
332 257
367 127
65 374
87 450
296 330
406 19
111 358
147 488
241 450
292 248
484 2
130 157
187 16
315 80
60 96
206 286
265 392
118 425
376 183
365 58
77 24
382 271
111 40
490 382
482 352
206 282
291 467
335 188
120 331
427 151
437 180
424 133
59 54
89 43
101 287
311 454
77 30
70 194
428 188
41 60
194 410
229 247
288 338
169 65
216 408
89 448
82 5
59 13
56 493
132 1
455 9
39 443
489 33
73 109
21 269
180 114
214 68
406 409
474 2
262 75
375 190
47 351
365 457
302 107
460 273
135 286
82 415
300 174
136 71
341 374
340 9
77 373
282 406
260 335
262 257
299 23
374 138
447 347
306 91
217 102
388 266
33 352
26 470
394 186
60 14
24 87
460 252
11 453
289 242
351 271
146 51
189 3
350 373
464 489
91 8
126 33
385 479
450 159
345 264
278 196
283 257
362 154
108 243
337 373
496 397
300 41
44 143
368 342
331 246
254 332
218 422
253 380
391 103
219 55
251 237
346 350
4 34
129 208
433 464
213 467
360 282
425 14
356 404
150 293
477 39
461 256
488 195
151 66
122 379
468 370
72 373
260 167
375 77
41 389
208 161
443 255
121 68
324 220
365 329
368 474
82 194
242 181
247 70
302 245
467 369
243 270
289 40
117 355
244 165
178 10
117 305
373 473
193 238
67 198
24 410
104 435
468 107
29 198
443 216
85 331
454 411
451 180
35 243
260 420
430 132
437 290
263 48
138 310
360 308
218 206
493 385
344 175
373 462
178 373
57 169
80 115
296 11
106 383
155 183
315 219
9 85
485 252
415 273
81 476
182 275
160 152
327 27
489 356
230 52
221 19
487 139
150 153
388 135
318 108
327 43
481 486
238 189
462 318
294 153
281 395
399 328
356 293
150 226
131 197
69 232
371 204
210 56
191 373
481 98
494 361
347 161
350 475
145 86
91 164
59 440
268 372
166 459
37 476
26 168
400 20
225 447
3 271
144 435
385 46
259 477
490 379
206 107
45 340
4 352
144 488
213 416
227 264
93 231
399 116
137 119
66 299
422 214
1 421
319 418
247 238
470 78
185 238
78 176
380 82
71 435
203 24
141 284
15 282
250 234
353 266
65 239
453 271
44 339
109 306
45 363
441 356
94 15
43 479
413 25
460 424
300 336
120 15
149 441
27 487
253 399
139 380
3 170
361 444
251 47
262 470
327 148
15 204
35 421
446 58
334 300
137 258
125 487
280 109
97 274
174 308
188 350
373 165
461 44
91 234
205 64
212 354
410 32
305 227
138 297
449 104
214 324
311 86
196 340
466 92
400 293
495 492
157 440
336 368
455 119
35 428
134 160
44 248
327 396
45 349
305 317
142 494
81 20
360 453
397 129
274 178
171 297
90 269
490 328
299 426
206 297
457 335
435 192
88 353
54 114
432 485
480 360
380 74
379 413
394 92
270 277
426 168
289 293
122 368
295 279
76 273
460 1
46 385
238 395
362 486
472 145
5 294
220 304
69 237
181 451
228 463
483 303
97 7
375 272
404 71
344 22
376 332
218 157
52 422
408 308
453 266
60 380
36 310
47 132
84 457
420 228
384 164
23 255
28 481
52 399
421 432
264 248
405 297
71 334
143 310
76 480
212 448
259 489
473 101
58 158
239 57
74 331
86 123
456 97
348 114
46 360
108 122
271 163
497 366
176 343
175 492
293 104
93 239
340 404
414 419
476 399
230 153
128 402
352 316
283 84
296 52
174 181
344 405
271 446
141 194
38 299
403 316
407 183
87 349
268 248
147 2
7 96
499 229
397 136
72 203
255 32
214 369
126 430
228 410
456 397
196 221
389 495
178 451
300 296
44 118
472 68
165 43
124 479
115 16
219 374
406 40
261 474
256 120
383 387
284 336
57 339
186 332
135 446
95 365
335 436
4 139
35 307
286 21
389 159
33 254
146 108
435 292
412 407
294 43
380 295
487 430
114 289
88 173
390 249
185 183
174 225
32 42
415 61
73 171
277 305
265 106
250 423
330 200
96 163
310 124
54 476
117 149
323 20
269 57
240 213
439 307
349 267
328 323
346 116
421 401
360 123
46 187
239 110
125 228
352 335
163 288
437 258
278 281
338 112
326 400
207 431
50 117
292 56
172 378
132 491
114 446
133 344
306 13
241 224
60 284
72 446
56 223
356 361
326 335
235 47
478 152
121 294
350 28
258 265
256 374
172 242
86 223
236 157
382 393
177 329
275 442
17 101
314 332
19 374
421 140
144 106
400 251
131 117
383 102
328 389
484 491
214 1
158 70
315 302
132 40
334 344
297 259
443 352
226 464
456 462
420 499
250 453
70 320
274 381
122 305
297 103
104 106
29 363
166 114
7 196
393 150
261 341
45 190
6 205
19 123
122 463
416 440
260 224
457 338
144 35
490 80
38 293
156 94
60 419
116 174
176 67
261 9
51 438
143 306
282 58
21 162
102 404
481 289
127 215
102 438
18 271
416 92
38 409
328 73
99 450
18 444
305 276
214 131
289 357
267 209
223 71
328 140
429 326
393 309
247 56
180 347
439 118
379 96
21 329
279 207
4 473
101 149
132 309
18 315
376 422
493 285
277 99
277 321
482 206
115 170
369 230
200 147
95 308
489 79
286 469
442 121
122 142
304 43
210 255
177 174
312 438
37 22
196 89
296 167
337 178
260 263
410 207
367 460
391 357
326 209
330 30
172 120
163 452
59 328
3 225
163 236
111 315
404 53
220 307
337 52
315 409
468 450
262 77
435 188
397 154
36 113
234 79
383 208
389 249
327 443
31 392
207 490
395 494
153 463
16 467
377 343
293 183
261 197
385 55
61 48
161 134
65 97
158 395
497 449
244 47
291 324
166 127
474 498
461 62
29 127
470 329
13 258
456 115
171 274
174 341
328 232
182 335
83 393
194 340
239 80
256 290
270 30
28 422
336 244
223 341
23 218
476 194
309 36
162 432
126 332
417 336
23 306
199 99
291 458
38 246
36 30
60 146
69 306
402 440
133 257
475 126
172 156
44 452
236 333
166 58
246 214
20 83
34 270
228 72
318 325
207 119
265 354
13 267
59 186
444 267
393 192
201 271
75 65
399 97
156 164
378 417
352 402
172 399
471 386
63 253
372 141
495 122
241 489
28 360
128 300
344 324
95 373
291 397
495 23
187 190
459 3
405 65
316 311
49 430
183 139
280 464
86 407
248 128
488 327
479 276
452 468
342 175
425 48
71 133
175 420
275 110
175 134
297 180
462 344
483 346
162 497
256 264
392 100
427 5
133 232
53 258
285 86
486 395
380 210
130 409
19 55
41 257
438 194
38 338
36 252
250 374
490 50
150 6
363 234
466 429
187 497
83 19
266 472
183 421
330 146
53 165
275 349
395 94
284 213
465 286
160 172
222 67
74 150
236 372
301 437
286 54
426 340
165 369
290 192
191 200
217 472
321 244
191 492
205 217
3 327
352 23
442 15
17 74
299 16
306 253
307 452
293 92
314 233
278 458
10 456
429 469
65 227
220 250
319 108
436 277
152 174
41 288
214 95
111 58
163 365
318 269
362 323
408 463
273 176
484 186
7 283
10 413
16 73
33 230
8 187
362 321
461 160
255 403
314 176
41 219
488 329
152 211
174 202
230 61
99 447
230 215
128 107
32 93
323 496
184 65
387 183
196 46
301 348
376 303
374 467
297 270
481 215
417 449
362 8
307 0
215 462
421 390
483 195
192 453
18 158
342 376
274 257
106 390
45 427
395 482
252 420
487 44
493 86
94 404
404 208
22 401
291 471
167 443
396 126
285 211
439 266
24 479
221 65
492 130
464 266
38 239
283 69
155 25
282 129
337 101
354 38
362 359
302 498
124 29
92 50
316 261
240 31
96 340
322 461
80 88
180 139
208 118
496 463
92 215
316 130
168 281
492 170
20 30
411 146
196 145
258 3
386 365
57 499
312 482
423 380
19 392
363 103
418 79
294 359
489 11
144 110
132 9
392 137
283 5
2 155
11 480
345 260
259 397
232 402
134 72
316 155
110 5
84 179
390 28
391 230
192 231
93 36
173 325
330 337
492 456
288 332
444 3
401 485
240 204
128 133
140 226
84 296
476 102
482 168
251 218
302 374
410 443
120 247
84 435
243 450
134 76
80 384
221 431
135 333
318 313
40 115
411 310
412 124
144 239
458 394
268 395
339 112
359 30
317 459
262 443
371 413
297 248
179 451
136 370
184 166
281 306
116 224
200 193
284 28
275 344
92 242
206 395
278 283
94 65
360 95
8 208
309 232
35 157
28 340
7 24
330 212
288 140
185 447
327 488
184 470
64 102
498 276
411 123
188 276
223 6
214 401
485 84
241 23
216 20
44 121
185 223
215 375
174 473
313 253
223 1
104 498
126 139
262 454
230 38
44 303
204 453
37 110
486 189
61 131
104 202
277 106
333 290
115 344
97 359
360 429
279 320
312 316
270 405
295 74
377 352
158 191
302 433
122 195
178 140
194 184
142 283
425 471
167 327
38 40
321 265
437 250
67 100
358 249
324 189
42 153
345 53
487 52
99 499
491 461
145 278
413 185
8 139
318 338
230 175
440 356
107 52
4 230
479 26
67 214
368 155
209 461
13 65
416 48
9 113
391 407
92 7
498 156
494 452
127 317
25 76
128 420
150 484
362 485
199 481
137 430
391 419
484 198
246 405
370 252
159 255
262 113
269 103
55 261
430 115
191 35
307 455
292 320
157 457
290 154
84 356
128 427
477 328
233 464
217 223
331 103
68 228
332 93
206 337
452 239
274 488
444 143
315 81
390 88
242 472
181 33
312 179
7 309
273 290
13 92
47 490
219 196
290 115
452 403
142 348
337 404
399 269
202 133
221 215
39 93
478 315
494 220
381 290
80 353
445 155
497 446
142 492
107 68
471 284
485 411
167 466
235 322
307 67
134 437
382 28
195 25
246 360
151 42
395 479
134 83
29 193
185 484
52 24
308 145
408 376
342 293
467 76
495 429
218 274
154 481
6 453
313 202
244 104
84 316
252 139
332 70
54 281
157 370
367 459
335 318
463 275
351 29
310 431
57 198
179 28
481 212
414 186
142 147
315 10
1 226
297 67
201 334
56 203
162 358
176 423
198 349
230 140
423 402
452 40
421 480
44 132
170 402
49 310
320 164
391 365
284 322
8 40
243 485
344 416
339 258
459 372
364 389
143 42
82 287
120 96
80 3
258 164
327 102
266 159
24 499
173 9
49 161
146 33
449 145
255 490
215 140
30 66
108 79
367 25
473 43
398 339
3 405
7 156
316 182
182 126
487 192
353 207
241 389
386 352
342 190
183 141
59 409
489 65
90 168
63 208
47 64
469 461
470 402
437 329
307 138
182 471
178 294
183 36
388 419
462 69
62 82
492 497
62 122
142 333
393 152
68 205
18 440
194 38
219 340
478 131
102 26
320 161
49 133
52 4
73 437
371 366
363 488
110 215
400 277
430 252
309 293
85 498
388 179
20 280
263 107
133 498
11 366
351 454
310 60
349 255
122 235
223 221
288 337
115 333
437 189
482 397
247 98
278 68
200 136
243 150
0 463
181 229
183 12
72 32
288 345
80 274
347 262
451 304
489 135
176 418
167 279
377 11
431 415
51 7
157 131
446 146
375 158
22 128
12 410
255 446
220 152
266 336
492 67
203 70
488 481
112 231
242 8
423 490
497 173
304 326
324 7
17 103
83 200
462 39
485 95
100 70
258 206
125 366
436 250
83 180
412 277
285 196
38 154
180 60
238 35
394 336
439 62
114 411
302 22
470 77
147 140
198 70
288 405
7 323
4 225
354 90
138 268
422 491
403 176
64 102
291 141
203 458
222 230
253 318
247 24
164 223
293 246
151 362
186 433
10 10
452 42
310 364
207 91
119 84
39 110
251 183
142 330
60 455
125 216
240 165
388 372
118 405
119 33
467 121
131 157
199 477
194 435
26 361
446 401
364 146
181 485
315 115
422 175
391 227
393 47
271 132
389 281
167 241
362 360
18 486
463 345
281 217
79 9
263 159
157 377
362 127
94 339
14 29
256 369
268 406
38 149
283 40
133 279
139 450
436 496
193 157
227 251
261 326
486 158
35 376
355 143
482 249
278 449
170 497
255 386
36 439
331 293
424 319
121 464
312 63
73 57
308 358
184 152
162 421
149 170
166 197
298 4
306 0
497 428
314 476
267 252
397 350
21 98
415 173
89 142
199 227
85 162
166 360
133 122
144 328
377 283
139 310
311 175
103 445
274 160
265 417
120 41
492 162
188 141
136 407
486 277
291 187
47 72
46 457
285 33
168 190
1 162
337 307
105 164
324 292
61 379
272 89
104 181
175 264
171 292
421 311
498 158
82 212
169 398
431 128
318 454
468 99
258 171
335 157
449 363
94 12
453 10
44 367
131 57
201 219
30 155
313 122
186 380
278 247
227 355
161 61
12 45
69 481
138 271
486 256
268 87
450 81
448 222
131 494
65 431
86 185
159 447
327 251
498 346
201 106
19 225
123 215
196 32
303 44
300 187
126 141
222 421
495 76
422 22
454 126
163 487
434 392
144 323
169 114
220 494
72 222
289 239
123 47
91 486
173 426
68 243
164 151
228 142
17 159
138 2
342 471
215 301
476 276
242 211
206 145
220 314
406 130
177 9
495 29
456 268
11 20
172 376
370 28
39 252
254 387
210 177
331 448
77 426
489 159
305 319
134 47
177 25
34 40
69 354
474 382
254 377
105 338
366 278
382 476
363 405
435 489
437 426
204 118
277 14
334 193
241 82
459 468
360 418
125 346
80 429
307 451
289 186
465 412
240 7
413 347
188 456
382 348
466 126
140 86
131 243
178 326
146 372
143 489
335 6
436 120
71 267
454 95
7 213
220 271
470 100
56 485
185 159
285 290
228 3
247 277
104 359
84 277
266 250
257 227
199 454
221 45
140 122
187 27
298 499
99 408
245 269
428 7
297 431
434 65
194 25
237 33
162 298
401 321
400 429
235 10
55 99
73 308
336 195
194 261
21 134
255 146
153 266
197 35
100 451
328 484
17 295
445 65
238 32
461 198
208 138
89 48
356 115
310 15
276 192
179 357
3 297
415 434
470 156
459 465
449 422
69 288
205 318
350 15
213 444
434 163
211 274
389 376
391 420
112 52
409 19
168 143
78 264
272 83
48 400
322 232
372 497
168 392
259 429
225 18
182 324
98 12
388 245
165 340
392 131
2 130
273 301
417 170
253 203
455 189
273 302
151 130
22 497
427 319
190 133
457 4
16 372
117 408
248 256
239 135
265 140
293 241
411 390
94 210
251 17
319 401
31 377
374 322
494 405
38 153
10 184
408 496
256 26
135 25
12 4
496 374
116 277
20 289
351 379
396 466
367 102
331 67
242 399
304 206
211 236
420 343
191 221
100 328
205 299
303 235
461 70
199 299
440 429
309 219
185 143
245 57
125 53
304 429
135 367
455 108
303 346
420 227
407 346
145 20
255 112
34 300
451 216
498 234
453 243
386 307
364 139
44 484
413 341
208 200
308 48
246 15
242 464
162 166
38 149
114 308
460 293
362 148
382 412
155 360
19 336
327 42
378 235
77 223
423 291
339 137
153 83
399 437
456 395
45 62
222 494
288 159
307 34
298 2
214 190
378 454
348 85
320 57
132 226
369 397
35 55
490 208
497 40
435 390
304 453
448 332
491 26
412 88
90 151
193 211
17 156
241 71
480 217
443 61
311 112
19 164
372 198
238 9
251 369
323 25
358 55
433 123
211 349
0 346
57 301
457 193
116 74
291 50
111 448
60 86
250 274
472 79
441 474
195 210
236 192
248 18
141 446
295 181
379 352
5 148
193 436
362 314
364 162
110 153
91 328
102 23
102 341
315 427
137 395
88 11
381 225
171 336
369 375
79 319
319 101
37 437
251 12
26 400
405 468
148 137
160 497
190 250
29 114
10 358
221 167
244 450
138 102
329 268
439 7
108 261
198 258
122 498
250 301
121 149
138 7
356 269
372 150
116 47
405 401
420 478
428 126
80 17
137 66
426 262
23 428
186 386
236 73
226 160
161 338
346 348
469 151
153 202
249 193
447 270
100 6
132 219
236 29
447 65
327 225
153 225
112 202
275 191
204 200
39 353
53 365
369 385
439 23
68 22
144 41
47 367
87 245
274 32
97 175
401 73
299 424
478 406
98 263
463 253
106 302
19 354
91 160
35 240
263 31
72 455
323 407
152 119
3 262
437 278
204 100
376 190
449 3
118 354
459 399
53 433
288 418
78 72
313 379
410 465
272 428
335 334
306 447
209 340
470 309
262 499
41 174
29 138
493 342
241 147
81 304
222 294
219 221
100 152
469 384
164 363
49 242
41 499
191 355
17 251
102 162
336 279
417 495
338 366
365 262
67 431
78 298
19 289
442 149
33 472
187 411
5 197
48 236
444 47
150 92
254 461
240 252
99 442
160 9
272 289
221 378
176 191
480 151
300 48
20 274
38 333
382 59
295 43
90 282
226 239
200 240
344 332
275 292
302 296
85 287
165 74
265 158
309 194
242 97
224 109
294 114
173 262
305 28
163 320
60 396
488 389
222 112
405 185
481 349
136 207
133 66
77 154
200 250
347 386
348 442
408 71
185 494
23 433
253 491
239 38
427 313
278 79
264 1
350 183
242 245
164 339
493 375
125 93
331 45
487 324
248 179
174 247
180 433
276 49
87 433
99 15
447 366
368 377
412 211
309 218
57 154
381 473
66 402
447 358
182 397
429 286
385 282
68 455
356 65
351 196
64 443
309 302
179 11
222 29
248 443
97 31
356 157
412 478
336 274
24 211
350 370
5 305
260 235
153 425
121 116
411 356
158 185
48 72
102 189
132 271
154 202
211 81
59 363
137 123
187 247
469 13
318 389
124 474
251 430
398 129
485 373
410 309
234 495
36 459
82 188
390 168
101 236
99 101
77 160
259 89
454 116
5 229
55 273
55 481
111 307
32 454
115 448
296 294
105 349
37 332
353 187
276 279
233 454
467 227
168 162
278 226
307 123
248 135
116 215
374 303
257 79
380 258
404 225
74 176
360 10
49 464
95 213
168 177
257 328
490 487
65 425
400 120
255 373
440 148
304 224
303 166
424 413
138 183
211 328
190 65
29 72
137 240
269 476
305 157
144 26
304 147
120 210
435 204
205 375
451 227
393 9
274 255
290 317
497 413
478 2
426 188
280 359
335 63
221 49
428 492
140 217
427 232
288 260
487 214
441 493
354 439
46 186
355 481
394 336
190 353
393 224
83 116
32 173
74 418
411 105
322 2
86 403
15 102
316 375
220 354
145 110
296 427
408 191
380 152
357 154
378 422
391 250
275 461
231 423
28 201
56 494
249 350
304 494
369 264
119 473
83 442
221 116
308 231
235 481
135 40
462 92
194 13
326 353
128 321
23 57
404 156
359 431
425 153
270 163
136 147
89 389
5 71
155 162
143 165
57 390
335 278
291 20
225 29
351 469
26 354
362 226
9 282
436 221
237 434
81 206
447 225
297 22
184 304
470 304
194 327
105 379
399 29
411 248
217 477
331 114
340 96
378 45
267 349
135 166
372 356
81 217
91 171
476 230
34 276
455 298
177 229
110 413
161 429
258 21
135 231
179 89
134 327
28 57
76 253
109 164
381 448
472 43
273 324
100 448
98 160
241 56
469 127
56 351
225 482
65 166
107 360
188 244
302 94
347 68
232 378
178 309
352 465
290 2
302 477
137 390
298 400
380 378
230 119
454 288
455 307
167 19
264 62
156 207
276 418
148 4
165 360
326 178
181 369
346 116
358 335
236 484
214 157
128 116
404 296
103 82
454 211
274 123
330 70
488 430
286 458
319 488
166 451
320 145
113 199
35 19
355 471
480 123
91 69
218 461
43 347
59 321
444 349
419 333
263 127
437 407
247 402
353 256
253 266
465 26
45 366
190 352
327 400
321 170
131 418
266 39
213 27
376 177
362 157
136 296
55 477
379 74
182 303
421 233
111 436
154 238
91 156
408 344
367 418
189 81
121 498
377 307
484 334
343 106
254 346
323 480
54 309
464 55
140 236
24 385
124 251
259 179
23 67
337 19
100 390
241 378
185 73
407 470
76 21
219 103
83 330
140 395
450 489
77 456
194 90
193 454
133 170
89 452
471 8
251 426
305 423
497 344
314 342
364 256
359 391
221 435
330 294
135 213
22 280
222 213
167 216
238 415
219 152
160 327
105 190
466 263
107 262
105 463
219 422
165 469
256 431
225 386
452 87
219 361
426 474
42 442
209 93
97 132
311 429
471 257
373 416
179 437
400 480
254 284
105 472
403 419
158 361
300 480
341 462
288 20
314 119
64 182
314 375
304 161
419 125
393 276
65 144
124 424
208 318
290 231
2 165
379 45
377 12
474 31
51 71
190 262
296 217
93 255
416 110
87 249
25 187
331 333
257 443
261 308
391 318
483 403
300 393
406 214
246 177
248 232
347 149
219 291
46 143
106 312
61 314
354 193
26 439
382 37
345 284
102 495
398 236
482 437
4 198
227 240
472 102
251 328
119 319
463 322
486 17
183 69
114 400
339 37
75 493
129 73
420 272
361 83
20 318
368 343
83 376
478 447
275 407
227 82
404 246
115 42
463 391
291 299
188 77
422 482
407 115
388 51
134 327
497 101
296 7
383 365
312 231
138 362
296 440
186 217
259 200
443 302
453 222
152 234
68 141
109 74
126 475
302 349
450 260
119 299
16 246
477 3
217 181
121 115
185 13
65 307
461 444
19 9
95 266
260 171
97 164
491 369
218 223
336 146
297 168
266 307
310 314
495 243
210 379
392 468
275 247
192 310
171 89
355 63
234 266
282 467
336 183
259 126
272 406
426 447
254 69
383 192
287 65
444 230
198 350
97 189
351 326
267 141
204 22
288 474
442 290
474 423
49 130
37 233
180 321
242 463
8 434
351 478
208 295
497 148
189 259
85 95
236 40
62 204
178 293
83 202
125 120
251 57
142 26
199 140
103 322
109 442
420 111
259 460
460 480
239 256
203 149
189 176
380 440
233 251
306 411
31 168
226 283
310 134
126 220
43 9
451 82
193 4
464 223
204 304
61 277
426 295
472 264
56 116
219 204
115 141
162 377
161 147
133 388
460 471
332 112
194 3
359 136
359 239
44 176
453 415
211 457
73 379
347 183
387 482
475 419
296 3
2 137
377 457
280 487
99 338
193 113
101 145
385 53
229 460
228 429
238 182
61 439
474 311
145 261
180 213
216 121
258 328
286 70
410 488
326 418
31 361
7 19
72 132
445 392
173 153
335 173
464 411
74 249
10 438
151 220
193 42
370 220
142 451
439 8
427 52
414 117
489 310
295 421
313 413
67 92
265 338
249 402
3 81
19 323
395 365
259 22
242 88
392 130
138 385
437 183
153 417
228 203
124 142
55 375
467 289
127 122
377 84
165 228
404 232
98 36
58 299
240 357
339 153
390 484
167 330
247 179
383 320
462 327
54 359
1 370
492 21
457 480
209 369
102 122
10 113
264 52
261 69
74 356
340 101
431 464
143 360
180 30
210 26
238 495
365 264
286 239
219 209
431 243
218 428
393 385
437 228
149 10
366 198
151 223
39 207
67 434
465 183
61 99
446 175
439 299
38 163
373 77
173 110
390 304
189 243
471 284
146 478
28 473
48 12
71 180
114 88
123 490
442 431
458 184
336 240
404 250
179 226
336 277
433 352
95 227
363 474
452 419
244 9
373 332
12 292
232 297
287 479
262 355
392 81
322 221
471 228
454 226
355 150
355 291
370 140
114 302
73 85
446 418
250 317
462 319
468 115
446 194
402 108
189 208
281 294
22 11
89 104
255 476
119 296
436 462
264 341
426 50
468 190
7 372
44 71
186 469
16 364
472 132
192 418
64 162
25 474
78 86
414 467
263 185
147 386
227 200
102 264
306 6
230 423
494 313
135 126
491 180
164 3
421 463
477 356
330 485
423 355
322 261
446 189
75 437
137 446
62 155
161 92
15 368
33 391
370 9
41 20
23 361
324 205
413 296
133 154
9 244
357 408
98 331
268 155
101 173
180 258
202 15
235 341
85 217
78 121
141 455
168 119
176 17
313 344
498 89
185 299
207 7
190 42
198 305
331 311
421 151
19 11
205 123
340 254
375 142
449 270
389 369
386 117
461 65
154 199
498 312
171 340
382 58
363 362
25 432
84 194
206 446
421 103
209 263
405 113
383 85
306 354
471 272
189 192
243 284
96 343
35 94
152 268
482 270
202 15
62 359
157 138
241 120
383 78
43 303
240 288
142 426
50 46
238 465
101 239
434 333
279 198
318 470
92 431
299 152
363 146
285 361
333 20
450 378
181 216
356 493
419 421
467 350
315 321
60 57
243 416
466 346
168 22
306 136
140 260
407 105
318 3
23 44
422 151
219 473
318 104
377 427
277 89
410 345
254 444
212 322
169 349
372 31
167 337
450 178
135 308
311 209
253 453
456 187
12 175
131 27
454 331
272 9
206 83
27 183
357 312
162 91
122 26
216 34
64 142
450 166
375 199
4 113
152 128
155 312
191 165
348 287
148 497
80 120
155 354
166 459
50 13
39 328
214 25
167 107
125 278
477 469
82 0
480 333
145 87
252 136
275 336
333 452
72 423
277 265
224 80
93 295
124 127
152 484
92 190
469 319
288 217
70 298
132 222
309 402
390 129
466 413
365 165
440 151
269 290
370 69
365 493
472 463
299 341
31 124
295 391
461 0
151 435
10 383
285 283
412 171
85 176
341 230
234 302
92 134
203 3
496 462
277 68
261 321
445 77
320 145
145 241
28 281
164 148
431 38
210 302
478 196
426 147
449 171
305 160
15 42
356 361
429 364
185 134
63 43
188 130
223 383
17 185
334 104
142 33
335 117
313 204
351 313
337 92
104 301
343 142
355 120
484 51
185 137
180 169
151 248
484 368
405 227
331 1
34 91
209 325
30 370
35 22
466 381
182 372
367 71
191 377
429 222
359 27
48 114
215 391
111 199
278 199
200 17
108 109
435 234
456 317
192 465
198 492
216 158
229 381
258 435
158 272
151 187
154 369
261 199
251 369
420 372
241 29
491 472
58 350
19 278
95 15
359 63
222 293
174 427
363 303
428 285
324 373
94 79
279 478
199 207
80 382
411 471
443 173
375 254
384 2
369 395
458 479
125 228
7 32
336 151
436 222
95 116
195 113
91 190
397 326
208 143
114 329
3 472
78 410
412 378
125 463
442 281
361 436
468 419
71 220
443 156
124 359
472 38
80 320
146 416
59 330
11 207
179 25
435 366
97 257
220 199
332 222
10 15
286 45
266 331
339 357
69 209
99 464
284 41
457 32
214 282
489 368
394 225
444 20
278 181
381 41
115 350
217 65
111 126
309 356
213 229
290 148
112 134
176 241
273 248
31 485
206 339
65 372
393 452
133 361
402 23
225 366
432 369
495 295
151 395
124 304
305 216
351 266
7 417
166 379
364 281
120 49
421 70
22 37
398 314
337 8
226 152
22 415
210 10
405 369
26 361
77 381
147 331
248 280
159 155
288 266
315 376
446 260
150 237
403 321
329 48
53 93
8 55
66 75
444 218
431 323
57 470
153 360
141 56
211 402
20 300
176 351
464 336
425 475
148 114
14 328
273 329
236 67
142 281
351 154
478 439
261 282
143 387
443 415
169 136
436 7
358 189
377 465
292 322
288 302
483 440
269 303
370 256
390 5
160 365
304 241
376 490
377 65
332 19
7 320
327 1
191 295
260 38
212 68
223 404
344 1
304 206
462 465
471 174
391 204
446 483
473 195
113 322
193 202
374 445
447 200
495 54
92 490
58 108
12 156
157 281
339 209
174 313
340 154
358 497
480 231
279 304
478 305
359 392
189 171
223 234
288 136
478 71
179 380
36 37
170 43
252 46
359 10
164 427
276 199
283 22
179 257
414 62
454 157
329 274
8 143
132 404
475 148
28 462
499 6
50 416
314 22
384 154
433 26
225 400
422 210
319 8
70 453
111 233
7 376
372 292
196 367
15 356
318 24
30 395
164 170
192 80
235 478
4 428
328 20
230 82
442 102
56 49
283 365
241 167
311 142
362 465
321 359
383 229
125 140
310 414
346 141
119 354
282 433
454 476
410 110
212 184
86 204
69 120
139 221
363 163
128 450
310 77
307 302
442 193
459 432
73 104
458 158
443 44
372 92
202 397
434 134
339 266
387 372
93 260
275 378
329 308
386 256
58 491
36 193
477 352
456 496
6 402
298 266
358 449
347 23
157 412
178 133
5 348
109 417
296 98
406 236
492 477
468 144
337 402
254 4
352 314
68 210
328 358
308 367
390 186
98 7
492 399
248 129
398 349
299 209
445 46
23 57
202 290
192 343
348 39
206 447
9 52
411 126
493 338
376 71
430 235
135 327
308 274
123 383
92 58
105 422
479 389
179 480
176 181
73 372
171 376
428 131
257 32
370 191
114 103
338 99
278 396
170 473
356 86
144 293
67 300
190 101
434 399
432 221
445 110
486 5
488 116
149 266
458 98
201 371
322 72
469 39
13 100
186 491
137 221
22 183
284 204
455 64
285 218
180 388
245 231
199 166
433 234
332 348
72 243
167 33
424 394
495 136
480 437
159 33
216 117
321 33
97 353
71 129
17 382
465 104
270 262
348 165
365 55
298 32
417 289
36 466
454 342
131 31
416 434
51 142
175 485
338 225
354 272
7 261
365 223
485 324
489 488
43 186
218 207
496 194
160 488
330 384
267 466
401 313
456 184
169 304
381 483
256 7
120 235
458 115
439 486
474 296
334 281
340 369
63 52
392 188
73 75
394 74
388 340
24 147
451 196
179 45
404 333
420 287
254 25
363 231
379 194
327 189
410 213
117 19
207 474
401 10
436 280
473 295
442 324
372 497
395 246
431 52
339 299
176 203
434 446
492 391
80 165
378 319
338 491
317 348
210 397
30 70
366 146
323 3
352 160
406 195
247 247
399 337
41 439
237 75
467 327
493 229
48 399
390 223
423 238
487 59
130 133
132 17
20 348
8 455
150 373
120 267
456 250
41 371
447 349
177 278
7 266
165 22
97 407
497 408
467 373
6 484
354 449
297 138
93 374
99 306
425 96
346 72
443 381
231 239
17 242
8 260
134 376
283 26
434 231
104 132
468 253
203 463
101 322
49 0
158 47
495 0
72 83
465 193
432 368
110 196
308 301
177 471
497 442
173 312
296 283
36 130
445 264
439 239
92 398
445 488
340 250
186 292
485 413
133 151
199 417
70 95
66 7
449 99
411 415
198 474
456 207
324 87
178 401
300 263
251 270
373 97
390 91
356 59
62 227
497 341
437 261
120 67
167 355
271 421
247 430
490 321
408 204
457 314
77 87
209 257
207 180
123 82
493 449
28 332
173 55
168 25
445 110
466 140
61 112
394 89
410 309
365 384
198 171
258 322
432 275
455 467
402 491
440 431
263 395
303 468
346 436
399 471
112 291
255 217
306 25
334 149
34 68
239 51
374 232
360 349
169 306
297 315
98 71
318 89
409 361
150 121
445 255
46 49
118 409
434 153
303 276
344 121
172 337
69 436
285 46
204 281
449 306
377 353
442 47
409 48
169 204
459 59
460 114
23 358
11 78
354 310
431 314
3 50
338 103
2 425
206 124
282 206
60 155
203 160
60 354
58 464
375 229
196 370
80 335
265 71
381 91
258 471
373 312
268 113
38 212
188 270
476 97
252 470
482 388
243 455
271 42
272 153
23 146
481 320
391 103
47 98
69 125
289 157
270 443
7 57
327 161
258 195
165 156
44 10
318 0
42 139
293 89
88 166
486 168
272 69
20 230
355 171
328 441
384 144
54 450
111 243
438 233
389 221
232 456
456 286
425 402
343 498
165 70
239 431
353 3
85 363
386 373
314 292
289 66
16 51
146 343
76 480
201 85
393 318
104 285
39 349
199 381
452 383
166 364
220 43
406 371
96 305
98 144
210 263
166 239
82 226
58 312
397 10
328 112
397 290
491 432
314 289
24 191
407 118
161 42
414 127
285 419
63 10
273 235
474 125
351 439
252 56
418 262
374 1
144 247
179 123
412 135
326 345
315 288
331 234
213 476
247 245
255 498
85 162
287 381
320 59
467 491
253 424
426 386
133 479
102 70
57 164
362 367
155 384
470 177
6 338
83 183
182 105
268 191
424 119
179 407
398 96
21 498
384 3
482 299
369 369
386 437
304 278
162 248
277 311
2 132
316 283
389 437
480 350
469 9
416 404
1 0
499 167
170 22
173 235
457 5
442 394
172 343
443 98
261 335
319 220
356 263
201 487
337 245
106 181
86 159
11 22
189 439
313 362
98 212
217 486
380 407
250 11
109 52
239 45
117 370
486 59
46 473
70 187
220 236
247 176
199 158
449 110
473 240
452 262
100 71
478 21
32 480
385 80
477 493
364 476
35 94
68 202
241 434
22 138
167 461
472 121
231 366
458 421
184 204
127 263
136 284
117 457
37 169
162 354
330 14
109 378
80 218
152 29
167 173
487 26
147 334
52 459
232 378
83 363
126 268
405 210
168 262
283 22
228 57
424 298
176 58
276 385
414 109
282 280
306 433
120 121
80 305
184 172
387 313
433 119
181 365
480 338
212 349
259 263
413 440
499 183
420 90
51 127
408 334
267 185
307 66
372 387
412 239
404 408
27 151
17 338
176 208
410 497
112 389
181 21
56 26
468 180
308 476
310 371
56 68
134 429
169 215
307 358
266 81
232 211
401 293
354 101
450 430
171 116
137 63
441 352
33 193
169 409
132 193
261 479
408 188
256 247
458 77
10 63
126 224
370 95
48 28
458 224
340 499
62 129
481 329
22 355
264 366
411 191
22 248
436 24
124 282
212 44
459 82
306 222
169 86
466 28
252 218
217 424
405 444
273 131
486 238
457 147
338 102
350 368
393 360
143 138
183 17
99 355
429 494
80 257
286 451
169 46
322 390
187 238
369 227
318 312
460 207
309 275
143 298
11 11
149 388
257 6
213 184
179 356
466 494
445 111
158 252
494 114
204 332
412 181
494 425
132 230
5 454
104 293
156 0
389 467
325 158
342 146
355 38
33 373
337 173
425 478
445 347
179 419
453 1
427 91
321 447
253 59
205 178
179 209
177 361
19 420
418 2
393 214
439 273
446 426
256 276
475 223
495 53
407 155
98 448
247 334
245 272
450 0
209 302
164 481
401 238
93 35
249 320
445 486
264 41
169 244
319 372
278 145
152 314
114 185
371 250
22 213
213 116
419 325
306 275
365 435
470 208
380 458
296 72
113 325
421 412
285 134
279 241
407 415
100 431
34 22
87 323
439 408
233 153
428 210
145 40
100 145
456 468
392 332
9 252
17 357
491 431
24 302
217 271
54 431
305 169
492 88
497 393
46 283
346 230
122 326
323 343
311 74
258 279
384 55
412 268
51 401
55 404
175 427
358 124
145 229
170 16
409 489
272 167
249 307
485 470
314 224
150 308
88 477
33 409
29 324
225 445
349 432
359 132
256 24
106 69
85 401
390 128
295 346
5 14
485 396
120 490
299 299
276 123
384 239
415 309
107 413
197 492
124 456
333 408
477 232
133 291
419 63
261 375
241 66
462 267
109 226
377 435
58 260
351 6
167 442
207 266
258 274
83 256
164 234
466 416
207 141
56 451
326 126
192 318
437 68
146 6
441 398
159 376
234 351
293 10
129 401
28 352
108 387
474 111
27 272
266 440
392 86
212 322
492 70
138 256
262 281
180 137
365 56
407 339
201 99
352 53
405 330
70 380
343 366
490 44
484 222
308 256
79 228
299 372
128 423
205 289
426 243
299 237
76 143
242 206
111 129
312 95
327 369
235 382
278 23
245 77
334 262
343 54
278 265
188 142
431 407
2 245
482 210
353 153
211 410
40 96
43 323
192 204
86 222
245 279
356 364
478 491
397 42
307 321
463 175
434 348
93 247
457 436
441 76
338 310
258 153
476 378
82 153
376 20
299 20
236 473
316 7
50 67
388 213
241 357
205 204
303 175
464 151
79 260
422 405
58 417
148 181
186 386
258 82
103 62
388 57
417 191
258 204
418 467
176 499
55 159
186 234
385 358
118 2
408 464
233 40
73 318
57 381
464 260
174 315
225 419
110 62
119 142
109 369
220 37
48 285
19 275
133 234
237 256
220 251
143 497
167 454
187 69
181 224
392 151
422 207
122 117
259 33
254 241
278 220
5 474
249 178
264 377
133 234
337 353
202 206
12 480
401 370
446 199
203 82
142 338
307 125
10 264
5 66
138 116
90 135
313 144
373 191
277 429
283 358
64 114
447 337
207 428
480 348
283 6
196 183
160 425
189 4
422 23
139 194
181 61
57 82
125 494
275 430
288 403
17 410
248 205
485 464
313 307
313 465
0 96
373 10
14 13
36 62
108 288
349 175
257 289
135 406
336 383
286 410
321 477
34 155
120 421
228 371
189 285
381 42
52 41
54 106
168 418
206 90
118 128
269 408
314 227
462 404
166 3
332 248
256 339
260 218
89 376
161 489
31 278
320 394
0 435
205 226
169 20
148 411
319 287
14 269
173 486
489 329
77 339
179 321
391 333
61 291
280 480
111 222
116 311
98 283
9 468
488 303
67 178
317 488
257 238
224 184
13 282
474 65
238 442
128 5
296 129
110 189
264 77
240 73
356 380
201 339
494 365
44 41
382 61
300 361
45 491
274 376
442 410
353 100
105 32
162 481
170 253
182 124
197 434
167 423
114 53
418 220
261 108
170 314
28 143
135 322
50 425
336 261
213 492
25 189
22 318
423 39
163 192
479 106
381 360
265 498
218 495
455 35
202 479
475 477
299 230
7 110
223 350
194 343
384 436
106 71
110 406
451 381
487 125
337 282
280 220
215 102
138 498
329 23
0 340
422 304
266 300
2 429
125 341
277 196
120 361
268 235
117 230
356 71
205 456
177 193
148 485
335 244
267 138
330 164
321 268
420 252
33 87
281 274
322 10
372 58
146 442
25 492
63 115
71 381
426 120
105 100
345 426
64 292
308 464
232 246
350 129
69 4
278 384
394 350
260 101
43 118
110 258
373 68
301 25
145 445
45 80
358 102
394 242
207 275
21 55
184 291
296 372
108 105
307 426
27 354
473 420
178 423
343 83
109 52
349 145
77 254
209 246
489 435
210 103
158 48
191 84
456 195
152 339
266 416
122 460
380 145
68 95
31 410
462 412
409 492
98 311
410 486
273 307
411 251
299 336
420 421
468 490
182 228
144 121
81 448
93 118
214 313
223 14
278 97
89 38
201 187
25 187
347 111
362 150
486 110
31 13
356 406
486 352
473 38
338 482
101 406
71 283
297 167
264 146
184 75
114 205
244 238
201 139
290 91
201 416
429 128
387 85
437 137
27 373
356 262
168 217
1 457
124 239
385 150
78 388
445 422
160 192
184 189
281 213
129 326
454 334
419 411
48 193
67 208
470 428
145 423
380 490
229 146
149 356
96 467
241 227
271 41
230 253
466 307
133 363
198 96
359 440
133 469
30 407
187 52
475 0
343 333
331 207
63 424
391 480
207 11
52 484
237 331
138 135
498 56
4 124
416 48
18 363
270 401
454 48
400 310
143 429
489 95
20 474
307 404
416 263
248 14
197 320
455 337
393 336
460 306
354 397
260 376
129 224
124 383
193 83
13 377
472 188
14 2
406 492
256 321
188 174
495 356
45 385
73 302
108 439
188 33
261 315
39 301
36 391
326 16
393 81
269 339
193 365
210 135
457 452
478 318
174 145
382 473
276 219
10 456
341 236
403 199
352 455
198 295
311 388
321 24
216 204
421 90
225 409
213 131
449 34
179 192
17 475
195 62
370 145
382 57
108 211
166 137
432 460
200 364
389 243
299 21
463 105
366 221
204 189
75 432
124 154
129 255
169 141
139 176
234 391
102 373
10 342
155 121
485 443
38 355
377 226
183 190
411 192
233 50
482 115
121 309
416 458
451 251
279 437
328 90
463 13
208 430
403 326
269 215
70 389
467 159
349 299
492 151
201 112
80 225
34 35
345 201
304 450
239 296
239 84
449 67
350 54
380 9
224 253
494 1
161 295
446 462
113 362
475 438
16 166
53 55
108 402
205 398
46 413
497 444
364 285
340 298
308 214
319 220
74 32
327 314
276 235
449 126
416 241
259 276
331 432
187 312
62 292
205 392
188 108
394 54
352 52
266 86
158 160
193 86
252 232
319 372
498 380
121 269
45 267
51 232
44 229
21 238
482 106
66 78
132 171
223 460
398 484
497 342
280 57
289 190
414 32
412 109
230 265
32 385
117 275
356 83
174 13
119 377
455 156
327 185
498 439
424 403
245 396
453 421
463 25
57 95
204 229
494 321
206 434
61 378
314 323
336 418
147 488
144 307
344 455
394 324
227 194
91 170
443 472
497 396
491 258
488 406
227 47
333 334
213 285
460 247
17 379
367 148
307 164
471 363
187 151
346 218
388 414
386 289
37 332
90 235
493 381
280 430
265 72
357 466
213 330
209 317
317 230
246 76
439 124
128 218
436 479
393 326
115 176
360 132
219 4
385 303
233 213
285 18
484 498
328 143
312 197
279 389
465 130
106 25
95 257
88 234
60 383
60 481
465 27
32 272
75 185
398 269
139 309
159 183
178 123
172 340
229 343
325 303
181 47
304 431
18 276
12 244
225 78
106 424
196 191
228 490
111 272
433 126
161 251
226 92
432 192
35 399
202 162
209 212
495 383
12 365
109 13
444 376
300 186
377 402
392 496
120 105
83 355
106 53
146 245
289 185
84 78
92 324
388 138
374 301
166 383
397 238
114 127
314 341
243 414
262 43
149 487
342 235
288 84
181 301
486 286
217 470
146 422
412 309
111 34
418 138
376 129
257 167
360 342
108 71
114 455
442 223
458 115
52 136
289 98
385 233
204 275
49 102
411 350
237 314
452 374
356 7
174 181
23 113
36 386
341 132
207 150
118 135
271 165
263 170
403 61
188 0
102 459
162 90
404 366
92 251
258 356
37 448
61 284
170 413
397 449
452 11
146 104
269 70
92 269
330 384
385 347
159 371
461 339
205 321
72 217
73 150
98 182
466 463
228 12
461 136
147 125
81 413
335 145
414 202
86 279
127 97
468 323
163 286
459 281
498 220
370 31
213 423
238 321
333 179
167 466
443 146
412 166
311 24
78 247
27 77
174 17
340 6
292 494
275 355
76 251
134 125
49 298
119 199
230 287
106 304
451 397
63 401
278 363
462 226
303 356
373 489
347 478
472 214
421 491
94 100
225 497
148 228
279 274
414 119
424 9
258 372
273 375
238 173
251 51
260 200
42 55
385 133
199 389
381 209
309 473
322 475
56 387
13 470
90 187
49 279
151 14
389 307
333 277
180 479
179 84
491 440
426 73
463 376
438 477
450 196
23 247
486 273
95 431
119 0
131 185
51 168
327 283
412 292
271 12
97 92
33 303
376 88
317 311
288 191
239 255
354 91
216 263
46 341
193 311
497 165
185 324
459 400
193 365
377 371
464 316
119 474
415 349
160 496
39 232
487 300
391 279
42 341
34 107
271 440
458 227
52 268
20 143
360 363
235 213
30 238
64 199
48 1
497 479
211 60
212 389
168 50
244 104
63 62
2 278
6 334
454 460
456 410
273 475
40 316
54 360
59 422
424 119
450 459
371 273
162 14
64 84
40 330
244 308
87 103
290 247
59 445
207 244
71 15
332 332
193 464
386 238
357 104
64 162
436 160
174 287
371 450
133 238
399 411
367 377
124 338
135 157
253 36
51 342
26 177
141 235
474 219
324 379
394 183
343 240
27 182
132 17
108 251
14 265
495 7
197 381
390 471
7 332
26 496
173 59
294 52
272 166
397 268
304 448
40 291
473 147
165 419
170 458
75 125
132 185
418 70
42 181
365 161
157 49
460 391
295 182
200 107
227 419
367 97
241 31
179 407
327 66
24 196
321 349
386 100
170 305
486 157
318 64
466 351
94 327
9 426
385 389
309 209
158 113
496 28
288 251
318 175
223 467
316 342
442 44
201 203
212 465
29 39
242 30
357 495
274 336
78 218
279 159
124 239
267 437
189 121
148 55
374 7
201 372
268 191
246 144
461 470
361 458
340 490
338 104
292 197
415 112
123 370
461 46
483 248
369 81
136 24
383 369
241 363
54 437
81 362
184 152
110 42
384 45
1 302
499 222
186 294
16 266
312 310
410 478
59 147
24 279
0 47
410 259
196 242
456 316
468 277
171 140
185 430
232 408
130 39
333 83
349 317
479 349
179 13
13 389
20 90
490 37
296 20
114 252
69 493
122 70
210 389
320 146
54 248
287 404
488 36
205 472
173 189
55 184
425 205
295 68
457 445
466 137
390 253
98 432
3 459
200 73
219 65
165 20
277 125
161 304
276 117
158 367
403 450
155 213
133 329
274 302
440 90
344 92
25 330
141 294
367 380
445 341
214 438
63 463
267 343
460 225
444 44
346 118
332 347
28 353
155 465
408 303
247 447
129 104
398 124
4 270
464 118
56 302
117 178
373 120
197 384
428 333
451 141
340 126
479 135
453 369
24 487
434 361
465 271
248 64
186 215
333 104
258 150
180 390
362 375
260 53
386 59
52 40
167 190
325 392
261 146
485 130
343 137
261 420
484 160
376 9
113 22
173 61
303 372
99 353
259 165
76 359
252 497
187 128
373 419
417 365
495 486
124 403
175 191
351 385
394 11
33 227
289 359
83 206
412 92
110 183
394 23
20 186
167 146
417 60
425 40
26 187
442 272
463 150
35 117
128 315
394 281
493 13
72 35
480 428
463 336
359 90
128 358
356 379
439 295
335 274
313 216
341 362
12 255
372 304
471 400
33 352
365 366
253 378
307 437
273 233
323 270
480 132
364 452
99 337
463 155
224 435
297 276
31 65
369 161
413 255
107 193
411 447
177 472
410 164
398 484
107 35
20 221
25 87
276 384
391 125
412 91
219 115
180 209
222 102
357 402
95 136
435 316
289 6
170 112
449 51
438 68
142 408
347 458
194 19
496 476
67 86
201 408
469 139
241 234
136 192
180 451
267 83
89 467
431 408
311 111
32 380
140 250
208 26
45 488
464 255
341 394
302 383
374 394
480 124
316 116
419 116
199 348
315 38
299 140
252 246
479 110
212 136
162 119
459 273
28 59
305 275
159 369
115 108
84 33
1 96
64 400
100 272
311 264
256 415
13 110
72 360
496 492
464 285
58 10
422 423
199 86
307 227
187 210
95 422
370 271
23 449
221 435
51 123
390 384
494 307
20 404
248 419
204 368
379 212
488 114
52 153
380 39
101 211
485 68
191 196
145 356
291 215
338 367
103 342
1 81
485 98
369 21
242 233
446 425
39 473
126 286
325 443
154 6
426 426
474 139
495 118
185 120
339 138
332 375
456 442
392 334
207 441
175 261
186 449
274 473
259 77
20 400
259 436
214 26
166 37
7 188
308 13
152 192
68 499
442 484
170 24
318 186
448 230
31 345
170 486
64 306
206 429
217 436
463 317
355 431
119 481
494 362
407 280
279 498
483 475
351 73
112 5
235 21
366 60
398 267
73 36
317 314
251 131
449 386
317 66
47 156
370 289
421 41
40 277
104 52
478 375
232 456
329 90
2 468
235 196
84 400
67 160
291 402
288 318
236 92
248 458
99 283
176 119
248 20
72 68
295 353
161 50
140 28
496 490
38 494
395 83
243 123
377 462
132 386
479 17
475 368
3 79
50 74
446 31
100 299
152 19
421 395
275 313
155 414
408 271
354 194
317 155
469 449
336 194
211 101
321 167
246 39
465 176
208 149
448 412
283 160
407 452
117 204
470 183
306 272
466 231
386 13
462 135
181 356
309 150
317 245
284 483
159 416
417 249
13 219
231 365
169 296
353 139
322 286
58 323
54 480
493 377
364 293
149 456
458 46
291 310
145 128
396 75
176 157
376 313
30 190
486 108
99 199
485 191
15 273
253 395
124 421
214 247
55 489
35 215
378 13
493 178
253 23
180 389
202 281
471 409
369 232
283 310
1 468
241 268
16 368
142 494
241 140
481 208
276 296
162 16
46 154
29 155
397 299
433 210
119 99
184 256
418 488
308 319
440 420
140 49
43 456
448 134
343 137
433 430
298 119
125 447
455 345
496 154
216 352
303 281
38 335
175 339
159 456
228 483
384 99
407 221
355 428
65 355
137 198
169 350
150 288
485 294
301 105
457 333
115 17
205 260
452 153
461 232
68 111
210 190
263 452
232 469
324 118
169 149
352 314
102 190
337 2
459 439
272 138
7 416
28 387
392 212
445 480
91 354
396 365
317 153
122 159
129 402
51 299
465 150
341 255
257 67
358 178
168 216
484 130
370 175
240 13
345 262
468 37
402 289
442 216
227 71
473 417
68 357
7 377
132 33
452 200
230 242
310 310
440 398
74 295
160 162
425 166
203 5
294 245
462 105
176 89
358 189
398 150
27 426
459 258
458 11
253 263
73 189
439 64
211 365
28 365
31 223
228 305
50 234
339 375
316 364
406 16
18 26
452 156
414 397
260 263
26 225
266 14
430 451
316 205
71 493
216 196
353 454
189 296
171 256
120 380
396 339
365 378
35 266
15 169
284 301
378 276
290 310
113 144
202 72
65 282
478 125
79 281
77 184
440 268
149 101
292 60
291 397
16 10
179 326
479 31
307 316
126 358
354 449
21 92
374 56
181 438
71 204
388 261
381 1
454 328
241 30
280 246
256 32
210 296
327 288
104 41
399 135
436 82
26 254
310 310
248 400
457 344
105 172
173 197
378 486
369 127
373 471
3 149
445 482
122 65
106 272
259 78
160 358
112 48
358 39
291 274
118 458
130 248
298 75
62 303
430 176
147 431
432 156
138 2
419 377
1 112
190 377
235 113
161 202
241 199
474 19
477 33
133 444
20 460
263 431
459 434
365 194
202 106
460 297
26 192
304 231
109 27
492 346
400 344
44 153
24 142
27 370
314 2
462 12
444 186
120 77
123 255
214 337
486 325
369 174
406 12
392 173
371 15
211 384
38 272
414 107
477 62
416 293
305 292
478 230
160 101
357 451
288 283
461 71
97 275
287 330
356 355
222 179
416 227
499 434
41 306
220 265
58 371
15 137
219 216
169 493
296 379
15 26
449 85
360 476
306 47
254 147
179 162
242 477
411 447
253 241
7 304
175 473
462 417
485 190
36 182
413 155
181 332
417 280
256 483
382 129
129 415
429 136
113 308
107 171
265 376
33 360
333 272
41 208
251 296
330 27
34 139
323 95
376 215
50 93
222 132
399 432
69 351
11 181
352 34
411 118
478 117
241 296
356 164
312 135
14 107
98 494
89 48
115 422
15 465
450 166
98 237
441 201
382 19
54 452
423 235
204 317
113 253
417 298
285 469
429 229
75 299
347 27
449 165
482 314
480 316
406 432
134 431
450 347
151 368
455 356
173 74
328 160
310 138
108 97
179 95
394 389
416 254
419 93
407 218
34 402
186 240
171 292
139 172
41 473
330 143
217 496
156 355
494 397
495 318
413 454
343 174
428 159
104 111
329 348
102 12
104 216
8 288
461 127
100 0
143 2
350 282
490 212
110 359
177 484
290 105
279 443
102 485
96 59
407 207
71 278
346 361
150 27
154 206
58 463
317 254
389 53
266 167
26 379
215 228
333 56
499 5
342 464
23 453
12 290
420 283
144 435
462 266
325 146
461 116
223 235
289 130
298 112
491 407
135 176
84 58
63 320
284 83
37 257
47 307
442 401
337 468
86 87
85 299
268 263
499 47
177 491
455 288
47 327
356 446
4 182
2 440
376 419
28 286
445 265
166 75
395 240
179 3
155 334
97 264
163 423
414 96
236 193
20 369
167 283
317 228
21 23
294 319
457 397
162 322
249 255
495 328
184 145
479 174
290 339
262 76
25 454
147 176
397 113
397 19
100 64