9700
127 221
257 371
240 137
276 236
482 469
310 45
31 410
261 476
305 416
123 3
292 99
337 462
168 476
305 259
427 346
67 144
15 406
395 324
413 108
429 23
68 247
157 240
68 452
368 270
125 373
325 491
305 417
394 14
126 474
172 199
195 53
311 240
416 62
170 207
230 329
428 452
192 151
103 85
208 260
485 471
314 333
251 162
29 472
446 497
48 155
60 470
210 243
157 371
78 479
160 180
132 161
312 89
26 324
436 415
238 86
420 273
436 404
376 23
372 465
472 174
145 420
15 32
403 207
186 172
352 334
495 199
288 484
160 159
74 166
253 448
222 164
420 173
48 10
475 149
175 420
192 447
479 172
232 207
231 234
68 270
469 436
272 415
74 257
424 433
381 0
16 29
202 455
465 437
438 102
374 440
239 113
138 66
125 70
157 370
140 356
292 225
141 110
219 65
350 67
68 495
24 83
39 84
21 78
32 4
297 311
277 406
472 388
311 415
285 97
306 468
45 277
239 450
367 186
254 311
306 217
153 174
258 183
113 192
48 132
443 146
52 197
86 220
487 377
326 397
217 124
402 484
435 262
301 493
304 302
372 407
81 463
146 377
69 339
471 111
109 469
167 267
339 162
391 105
354 327
451 69
54 71
333 205
199 489
143 486
393 3
466 367
244 474
314 464
428 165
135 137
256 37
199 154
259 96
423 442
12 113
36 226
432 66
407 221
208 483
338 50
270 101
428 305
121 14
180 242
231 49
87 167
321 488
84 138
433 432
397 359
437 445
363 433
6 221
204 270
172 214
168 43
200 442
309 96
190 321
223 341
360 273
261 310
300 33
465 197
408 233
30 214
499 346
67 393
15 5
72 124
167 188
482 92
188 367
40 143
484 230
3 115
277 196
229 117
166 78
163 46
260 75
421 194
87 259
117 340
464 455
143 189
133 131
350 477
473 321
403 243
358 309
6 406
375 488
66 235
282 42
117 229
275 394
6 390
230 215
170 123
164 47
30 313
142 297
470 233
476 115
425 225
131 186
174 283
18 359
401 92
174 152
399 370
112 449
164 405
380 194
241 334
499 396
45 272
5 494
109 367
92 333
19 386
169 75
434 46
138 40
44 187
57 164
114 295
52 21
216 278
465 284
180 457
81 464
458 77
444 86
271 420
158 388
464 143
189 180
72 250
438 179
344 468
264 347
369 310
440 316
453 85
394 405
222 133
63 476
414 32
304 359
248 186
181 463
495 212
314 222
401 67
387 252
100 97
407 151
320 321
406 200
105 273
258 300
128 179
212 321
33 43
81 368
331 281
345 114
336 178
97 159
264 89
187 485
488 364
185 446
146 308
433 443
95 104
283 44
217 76
471 347
216 250
383 52
166 399
430 228
388 354
443 27
12 4
368 130
429 1
161 405
200 427
31 447
491 147
223 167
366 60
311 194
98 434
186 194
275 116
470 116
143 15
19 414
396 8
361 239
144 325
105 22
321 196
343 488
7 312
225 67
261 374
160 36
82 212
328 346
462 209
224 299
213 458
466 243
482 461
139 327
201 478
26 244
232 23
187 370
289 92
466 412
300 402
114 478
325 235
444 443
94 139
97 21
264 307
120 415
242 99
429 259
3 296
171 456
178 88
180 358
123 467
221 498
476 275
10 336
131 153
293 307
328 225
384 390
306 444
43 4
116 400
48 325
281 119
59 219
430 311
278 91
441 53
180 351
187 270
423 43
350 170
247 216
459 30
474 131
488 117
17 370
195 104
75 418
137 328
139 487
78 67
472 269
120 20
290 5
48 160
330 65
282 250
280 78
61 241
210 106
476 49
5 227
497 23
203 81
420 135
54 342
111 498
370 379
384 84
244 12
78 284
34 74
4 212
305 166
272 66
467 15
94 101
476 473
406 92
79 180
374 326
324 485
364 338
422 47
411 100
236 166
92 341
53 270
288 449
15 358
225 413
366 482
307 320
264 342
374 213
39 343
328 101
439 216
263 45
497 213
231 26
368 234
356 175
124 421
132 145
410 139
474 357
29 276
470 281
495 293
488 197
298 386
102 169
214 89
302 217
244 63
297 33
60 464
385 6
3 185
324 369
79 413
41 150
432 108
254 11
208 279
165 94
263 358
447 120
189 329
393 101
486 433
397 190
48 47
232 135
4 51
464 408
59 83
44 357
369 343
474 150
244 429
140 491
111 8
337 439
41 301
86 230
273 27
426 336
471 321
225 158
419 327
263 41
399 478
173 159
309 120
401 147
138 405
413 41
481 102
255 103
185 374
401 341
29 458
132 180
338 352
32 209
250 109
87 295
306 149
269 112
111 115
20 171
64 102
204 286
389 45
271 311
152 426
237 173
205 34
386 369
78 395
5 418
65 180
330 444
57 371
338 451
474 168
270 211
349 39
436 326
137 90
16 208
233 142
176 253
474 438
333 414
333 52
233 338
283 250
474 415
366 192
212 312
375 193
232 483
161 224
314 20
228 299
441 331
84 313
251 469
383 59
463 437
127 68
319 48
315 262
454 293
457 34
227 167
2 333
57 311
331 163
314 224
55 412
225 107
76 491
402 329
266 312
380 366
266 245
8 51
196 434
468 314
333 6
339 195
358 335
351 248
472 189
453 165
273 379
371 179
8 201
13 273
491 126
223 246
149 258
44 231
46 198
204 12
59 379
67 43
143 417
458 418
435 116
495 412
443 208
262 366
492 303
429 127
225 483
93 152
236 375
425 137
1 134
365 129
24 60
477 284
202 167
135 288
200 138
198 483
201 143
446 460
88 193
29 227
231 165
40 122
112 319
453 317
446 113
174 171
455 322
490 3
291 158
148 477
460 343
486 198
159 162
355 284
363 99
264 384
359 95
414 157
474 323
436 220
391 273
447 462
466 198
208 289
267 109
453 356
55 227
241 291
428 66
17 97
333 291
238 133
290 44
367 5
77 117
242 304
118 468
166 189
479 436
46 227
83 98
325 351
494 490
408 67
16 422
66 425
59 201
98 156
161 201
170 465
121 238
58 264
454 240
176 77
304 285
383 74
277 239
82 60
479 272
46 490
268 347
49 464
121 179
232 147
464 134
225 255
19 86
178 283
212 325
110 206
133 368
108 345
258 410
182 190
32 237
85 81
45 300
331 486
485 18
5 64
319 449
387 230
365 338
16 417
124 78
446 478
324 257
167 54
96 82
171 202
135 129
281 256
94 32
51 113
29 79
381 56
138 348
38 268
186 3
81 54
33 162
271 28
434 209
291 438
492 383
12 462
71 127
160 145
110 165
97 63
471 139
487 478
246 109
112 26
432 284
298 194
74 465
174 69
360 360
243 317
132 352
332 107
253 203
220 492
407 363
3 317
295 378
487 342
220 394
30 451
145 153
118 329
398 71
432 145
462 258
463 175
283 94
149 295
287 388
103 222
39 46
424 458
301 187
81 263
214 21
174 111
292 212
135 145
142 191
301 67
95 104
51 264
59 230
470 52
274 198
244 73
32 166
353 20
135 333
206 434
397 350
414 233
378 190
233 49
469 372
476 34
151 416
146 379
284 210
261 116
189 58
76 5
378 73
406 429
363 13
215 465
198 113
303 481
383 428
300 388
422 204
120 128
8 73
136 266
234 144
54 397
254 275
349 131
60 484
498 107
72 276
389 65
47 270
198 44
432 282
486 350
479 354
280 106
224 339
483 416
165 458
85 37
168 419
404 434
42 229
5 254
171 466
237 246
290 218
352 287
138 222
428 338
296 117
456 208
476 20
330 291
328 141
413 416
350 497
78 169
423 244
211 435
181 94
165 300
439 471
45 369
208 77
46 473
34 4
377 354
145 10
4 207
475 474
323 417
86 178
422 401
336 361
307 485
137 369
340 324
194 77
6 385
210 402
258 53
407 244
255 487
47 53
379 259
28 22
200 202
103 466
179 475
312 291
160 486
311 450
379 352
89 5
259 385
438 299
44 17
357 198
251 151
410 404
426 130
184 290
256 479
306 287
430 435
273 118
420 442
294 84
441 299
185 383
34 200
70 475
173 78
229 427
331 276
258 491
133 109
88 442
81 389
176 394
365 363
305 302
238 285
437 99
334 180
380 474
301 369
299 302
229 327
103 29
372 412
22 214
8 6
247 462
209 90
305 276
78 426
63 111
62 316
348 0
474 397
118 229
383 276
103 417
298 113
377 58
124 171
29 251
214 133
75 276
404 275
53 380
491 482
151 116
117 54
303 499
80 443
71 421
190 464
429 26
85 489
12 306
58 61
194 393
21 124
251 121
2 426
260 304
420 345
251 411
411 37
333 54
327 343
307 404
283 370
359 236
43 220
281 223
468 453
77 328
449 489
415 328
132 303
149 176
439 52
442 252
159 202
46 127
383 486
208 205
442 166
386 419
142 337
290 168
496 462
452 219
47 297
101 219
395 179
83 102
354 335
389 377
4 365
204 435
141 240
406 412
332 435
124 145
313 326
289 414
133 161
310 241
460 32
63 411
365 208
395 498
376 72
437 284
72 232
472 141
406 65
0 231
376 238
64 124
390 41
202 353
446 375
407 364
276 259
319 322
320 493
65 214
350 48
281 3
496 422
487 105
336 402
140 339
315 64
105 57
262 205
432 159
24 61
320 191
13 152
145 139
205 334
382 211
66 55
330 15
121 62
317 169
9 309
374 309
366 176
234 331
491 481
42 166
358 15
167 362
353 371
57 164
375 58
465 292
307 441
356 147
317 280
90 173
482 178
354 316
147 201
182 88
255 490
357 76
438 465
188 376
41 143
53 246
390 416
210 18
166 197
478 66
91 335
13 420
88 425
478 367
308 87
78 12
88 415
380 287
164 378
21 68
166 205
473 74
445 56
106 183
101 111
446 436
356 44
470 311
30 296
383 300
313 338
105 313
101 401
280 485
406 265
322 153
228 424
333 295
331 25
488 439
375 284
329 286
97 83
379 151
451 127
318 114
280 264
18 423
261 233
350 150
303 167
443 172
319 383
408 276
215 2
287 396
182 442
25 468
119 131
259 256
223 70
187 429
204 355
88 57
207 465
484 290
462 10
394 428
56 133
136 154
403 272
66 275
243 437
69 444
52 362
284 180
109 275
482 323
380 313
279 422
212 87
450 115
43 174
160 196
350 100
224 148
423 105
43 142
86 166
380 112
292 139
266 16
340 253
66 249
171 220
160 197
313 236
262 110
158 208
160 422
70 8
114 236
379 345
11 157
121 465
456 243
260 413
166 223
324 452
24 84
282 347
83 184
146 447
7 346
120 304
165 168
404 191
388 131
140 283
101 252
495 261
174 57
132 107
59 192
276 308
156 84
120 410
209 91
289 267
423 217
237 410
453 440
71 493
129 341
93 211
324 230
139 441
48 350
42 272
80 108
44 171
433 88
180 164
283 143
212 469
231 207
147 449
442 184
378 71
134 71
153 471
412 459
161 293
417 313
421 56
227 497
86 465
129 160
155 118
439 265
472 367
168 171
207 471
394 463
34 85
57 29
340 188
333 321
134 1
57 250
99 407
372 136
149 37
155 354
119 156
24 447
118 443
266 44
7 325
263 13
42 394
434 320
493 234
87 267
369 480
387 497
133 468
6 112
466 134
291 13
460 437
232 167
211 78
256 350
363 71
465 19
191 257
491 399
166 36
16 431
428 387
355 404
16 61
196 361
375 334
123 339
6 335
266 207
57 217
288 374
245 421
30 105
4 436
472 374
305 22
409 341
245 233
146 265
478 113
299 194
33 205
393 422
129 391
109 159
385 38
311 249
355 130
66 342
216 211
234 390
231 373
106 143
260 328
441 104
151 239
444 240
14 184
428 337
348 143
34 389
138 233
215 345
187 345
57 281
24 255
128 143
138 107
436 86
191 399
490 229
322 342
378 286
476 336
332 306
195 176
262 366
211 186
383 477
111 251
6 292
435 135
94 135
221 426
177 382
112 264
106 167
305 434
122 337
495 133
310 454
320 43
81 72
49 384
135 464
109 160
147 141
128 396
322 242
124 350
114 499
18 88
22 73
262 176
309 497
451 109
152 119
191 124
360 233
50 93
253 495
488 11
407 253
495 117
319 230
81 471
60 285
210 452
128 434
431 472
82 437
409 235
211 86
172 452
45 71
418 74
85 151
256 258
227 492
74 251
74 46
184 156
460 486
421 394
219 88
377 204
291 301
239 286
239 354
277 411
337 136
139 195
306 422
267 395
498 33
432 341
349 73
59 116
362 309
397 332
389 81
382 127
413 32
387 474
237 4
141 164
212 75
349 280
28 370
403 116
458 26
99 187
303 307
469 11
195 18
99 218
345 436
469 334
308 259
115 208
224 45
472 108
241 288
158 322
438 269
295 414
101 396
56 247
110 257
275 25
243 305
242 374
208 441
200 63
123 368
414 315
276 347
136 238
60 17
286 294
208 351
247 81
180 162
419 155
32 290
96 46
420 128
69 190
105 481
349 121
288 228
427 115
354 64
81 63
210 414
265 367
301 270
432 365
372 481
272 203
249 405
385 368
410 22
3 454
75 367
95 352
468 363
428 22
438 322
88 9
229 0
270 206
423 30
11 55
110 295
52 283
3 360
382 437
243 265
132 237
89 318
34 79
454 409
231 462
323 392
244 172
378 52
82 14
421 153
448 446
229 32
244 353
290 233
498 478
215 386
204 483
62 304
214 90
52 16
260 297
321 228
132 4
371 199
352 67
13 292
176 153
6 94
327 420
250 148
34 178
161 465
122 91
181 75
92 188
337 86
166 352
357 159
210 150
217 228
372 415
68 82
177 49
321 426
426 356
386 72
389 313
256 47
123 11
51 289
375 67
419 389
48 393
44 128
356 258
173 113
196 81
130 93
371 225
81 303
227 298
463 468
367 117
480 219
8 342
409 32
421 236
481 181
309 469
79 25
139 18
99 105
50 187
412 81
384 422
72 493
313 112
81 35
106 33
375 61
93 466
202 137
170 14
335 184
61 479
497 267
372 52
239 448
29 274
196 3
349 266
378 268
155 162
195 459
372 261
80 423
412 466
332 282
318 82
413 20
287 380
284 263
211 11
285 24
27 241
359 334
454 228
391 237
48 110
223 438
213 272
238 303
438 125
59 423
443 256
488 473
236 82
445 273
149 447
40 230
64 28
257 399
488 19
481 148
438 388
161 56
360 152
129 251
174 298
406 189
162 469
51 247
20 398
197 496
79 169
197 238
137 495
366 454
454 478
366 199
256 245
397 27
131 468
118 378
67 305
127 24
271 81
331 178
27 143
312 29
267 458
305 362
168 256
86 172
223 123
220 453
332 479
447 117
347 463
121 65
442 267
348 248
278 213
357 32
61 157
115 21
235 180
436 421
445 404
379 375
328 168
148 99
68 12
476 447
13 415
34 449
197 455
20 235
267 327
485 229
103 328
8 452
373 338
94 296
171 170
339 473
424 351
364 339
138 492
260 192
141 3
310 294
29 190
17 331
412 296
476 354
307 15
354 336
485 180
203 448
274 8
360 394
233 198
43 76
120 371
375 303
449 261
303 37
368 479
127 172
27 133
148 456
292 334
366 354
155 129
138 69
463 281
479 350
278 48
272 22
177 398
159 499
36 127
458 314
486 257
390 85
393 13
199 38
245 186
315 418
339 400
181 305
155 303
203 12
387 433
331 327
326 64
43 342
8 215
472 1
439 495
360 362
252 332
370 412
330 497
249 38
343 169
324 282
147 351
136 380
207 34
450 320
14 34
249 494
347 23
370 73
435 286
471 82
494 39
389 341
379 176
346 490
273 223
426 22
402 420
306 62
382 110
496 256
102 397
272 97
170 450
88 142
224 457
496 59
401 219
395 385
376 280
355 93
116 1
273 133
196 370
480 431
39 430
179 328
425 142
444 451
93 95
52 32
92 170
389 401
138 345
477 136
82 366
367 185
318 50
420 492
423 366
149 253
81 463
457 328
280 359
306 401
285 225
395 211
112 377
74 136
125 102
469 52
237 59
109 336
181 407
274 381
486 104
419 423
103 420
279 376
277 235
461 85
296 415
292 208
197 260
363 219
271 174
233 332
20 360
119 194
75 201
158 245
20 62
334 77
454 124
359 113
50 83
498 172
233 199
459 143
362 430
104 174
358 485
197 189
383 379
432 316
414 458
372 442
20 434
58 206
171 326
261 270
294 74
273 260
255 27
309 84
259 469
306 413
454 117
348 3
171 337
296 133
75 437
372 20
79 447
125 282
404 102
176 387
499 199
78 301
386 254
75 388
153 497
114 381
236 108
445 315
448 259
197 93
114 375
323 421
203 45
147 448
187 108
159 176
477 186
440 237
125 363
360 367
248 131
239 327
494 484
244 184
278 294
169 293
214 244
141 344
145 269
377 140
316 332
371 388
478 146
9 163
31 103
86 222
401 279
116 325
10 247
41 212
5 140
236 62
259 71
340 229
369 256
440 70
458 38
184 311
475 436
392 193
267 358
137 478
156 20
267 105
317 18
158 160
75 174
97 246
475 334
90 438
8 196
234 30
194 318
107 418
464 21
379 499
329 83
104 16
474 485
3 223
384 143
318 13
111 311
145 267
205 438
135 87
117 213
384 369
140 163
184 491
342 104
187 63
432 171
9 143
367 406
49 12
378 103
414 219
487 489
428 411
498 44
110 415
136 467
131 494
485 276
380 315
379 327
350 420
415 311
69 359
224 282
237 118
190 102
443 3
266 29
73 371
138 264
232 183
29 275
51 215
30 14
193 284
204 409
72 44
255 471
106 141
112 479
81 343
199 154
183 377
248 317
82 256
292 387
162 166
381 321
188 65
349 411
173 381
277 405
377 245
239 385
364 483
178 351
5 298
175 229
47 40
148 275
14 481
147 440
114 28
94 380
143 302
35 295
53 168
266 165
50 430
265 5
208 266
64 295
25 213
105 91
219 424
257 253
194 233
262 256
136 160
462 208
3 131
300 349
14 408
338 66
71 416
183 455
103 279
344 99
43 480
404 301
54 262
495 161
417 100
260 109
169 405
36 74
424 173
433 188
254 290
59 272
79 325
456 242
193 182
162 152
453 236
350 418
431 360
460 346
307 200
105 221
295 477
2 494
182 71
214 435
59 289
466 273
15 491
25 423
427 60
297 188
458 233
93 147
345 390
442 53
126 5
334 400
394 274
197 336
123 428
217 411
184 35
26 184
459 51
112 51
91 238
323 261
260 50
292 416
322 458
463 234
134 300
74 297
485 380
161 272
35 460
495 378
414 220
271 21
73 225
316 235
348 16
66 139
408 109
419 358
445 230
382 234
383 79
312 457
81 368
328 473
351 116
188 176
197 118
195 312
47 122
139 11
151 248
357 57
268 59
141 128
362 213
144 375
184 245
465 456
429 265
234 145
321 133
251 422
234 19
493 298
310 134
382 132
42 313
224 91
71 310
23 365
92 433
30 167
476 277
42 495
140 405
38 128
403 314
185 141
292 489
123 178
163 102
415 357
300 205
15 139
356 371
156 390
409 448
225 186
33 385
291 120
100 26
340 181
175 3
493 25
55 319
421 468
178 70
275 188
179 330
202 142
32 35
335 210
397 294
179 413
385 282
308 322
356 485
489 0
25 383
202 334
154 433
3 123
163 332
163 131
273 342
229 217
427 158
452 64
329 176
311 483
306 214
200 119
120 14
397 41
375 497
282 99
74 29
214 286
417 89
431 377
446 42
200 160
76 225
254 4
488 406
120 65
184 146
160 172
65 156
6 57
8 440
322 288
74 434
23 388
265 343
386 306
466 63
288 438
443 394
300 42
459 283
429 273
297 496
152 89
498 363
155 10
299 358
292 329
217 225
421 167
473 482
397 307
97 291
185 38
80 392
175 338
463 392
388 104
45 260
123 392
403 395
253 131
460 54
279 45
64 178
12 200
359 37
328 410
448 457
201 14
352 380
272 377
333 315
427 12
405 231
126 403
34 160
214 380
277 494
24 493
46 342
379 37
299 257
66 60
74 247
479 268
145 278
445 104
116 330
61 224
127 373
33 188
420 13
360 247
93 197
391 384
421 491
248 123
183 220
319 315
83 109
239 299
403 80
410 184
408 371
245 472
160 388
401 278
378 80
129 261
146 471
462 21
144 419
492 62
377 179
140 163
462 312
392 379
415 217
441 303
275 175
63 186
316 287
219 317
430 46
17 348
221 76
348 331
246 217
396 192
355 123
288 36
267 170
239 180
335 182
210 180
218 462
249 273
442 387
433 468
169 373
301 303
486 390
108 1
193 232
208 356
245 49
71 496
176 364
47 162
343 12
474 109
382 413
152 76
396 177
50 86
389 65
308 351
353 375
460 268
124 398
299 168
164 221
86 370
33 340
204 485
94 228
493 31
107 328
5 146
232 3
421 407
111 473
200 81
349 316
214 160
180 325
47 14
236 344
185 485
470 121
201 241
272 416
244 47
193 379
235 102
9 277
102 156
89 472
288 302
315 438
263 3
369 495
192 162
147 457
431 229
470 469
385 132
179 243
474 482
436 224
353 209
217 445
418 455
110 306
96 58
61 277
124 360
374 282
240 316
45 22
343 171
155 16
111 81
415 187
411 85
147 351
148 265
72 216
375 66
477 182
459 471
183 38
173 84
400 58
432 413
436 298
314 275
208 91
130 277
214 123
474 42
159 213
430 123
41 231
266 157
128 18
409 77
161 312
222 82
347 414
212 154
281 283
226 378
7 490
465 357
251 221
435 292
267 262
345 217
374 160
31 111
189 2
166 440
374 202
116 388
394 221
356 180
410 28
370 434
291 417
491 335
127 394
156 278
495 246
407 354
465 369
223 438
230 6
209 242
482 104
177 177
210 229
257 385
319 120
390 127
462 463
209 381
159 442
40 366
220 154
375 447
237 37
396 450
44 467
423 105
134 379
108 100
337 344
317 365
492 157
472 207
88 306
100 181
399 247
253 141
88 471
9 480
282 326
145 405
362 179
58 69
21 348
193 166
383 359
368 10
217 375
33 340
21 157
256 134
127 273
244 361
341 215
393 105
362 475
154 391
460 224
73 64
230 481
192 118
128 113
340 60
400 197
354 226
360 274
47 462
323 487
54 291
249 16
491 300
191 111
336 498
62 151
484 261
231 145
110 177
237 211
408 303
29 490
116 114
76 389
228 163
306 399
267 134
434 55
167 258
108 477
480 355
468 171
168 465
494 199
410 278
81 83
425 170
284 110
351 41
204 212
463 431
66 363
270 230
340 352
182 437
144 449
472 162
479 112
163 140
270 473
409 425
95 352
314 334
376 231
443 18
449 432
295 406
136 367
72 66
355 329
278 254
416 0
464 102
242 248
221 480
405 364
68 130
465 353
84 383
401 193
125 380
138 202
422 273
339 127
456 494
100 46
398 234
336 368
116 363
195 430
146 190
320 452
305 215
98 137
330 242
122 351
405 308
81 260
387 327
173 420
318 343
429 125
494 217
432 117
399 110
300 127
79 46
261 473
462 385
479 211
414 145
453 101
213 171
499 34
306 453
148 24
150 124
193 78
47 496
106 125
252 299
345 259
84 184
69 458
169 46
43 48
1 435
106 496
382 214
167 457
482 40
17 168
246 484
480 210
336 145
444 438
197 440
124 141
99 133
32 45
445 120
55 75
72 446
13 162
471 306
347 32
200 305
289 216
426 298
296 121
60 114
55 240
382 109
95 179
225 333
454 127
202 170
469 9
23 126
433 334
366 495
300 132
348 419
217 442
415 126
241 13
106 475
437 148
179 340
173 32
159 256
279 479
489 213
340 248
82 364
211 125
109 300
219 364
158 309
435 289
302 73
401 28
176 260
100 338
222 208
464 126
105 233
446 243
491 446
163 286
263 425
226 374
90 372
181 297
86 248
322 469
349 241
1 75
413 378
86 454
80 487
220 50
294 37
484 166
305 137
63 147
373 420
293 141
438 316
64 326
147 25
266 238
313 497
375 119
73 78
65 461
11 5
43 137
156 305
295 27
26 461
381 358
499 251
67 26
205 437
314 484
222 352
349 80
200 388
318 224
185 125
131 236
373 49
206 174
53 29
342 1
359 431
182 76
454 210
0 102
86 159
12 314
247 160
400 361
86 447
424 219
455 123
24 55
81 180
62 231
232 134
417 256
184 444
6 452
54 139
298 6
321 492
152 162
24 420
219 53
124 462
437 143
199 79
111 462
193 280
267 173
430 277
73 184
136 114
105 80
438 42
34 404
418 111
31 39
92 442
256 250
394 216
147 194
156 93
225 110
284 201
330 344
29 66
32 256
336 17
60 138
394 274
238 94
133 312
107 269
20 77
145 363
409 414
359 144
255 417
118 436
281 391
457 301
57 162
179 341
331 245
371 91
38 225
390 109
379 23
453 349
212 251
165 98
95 122
39 376
312 350
93 10
163 445
107 402
243 72
317 139
230 75
152 40
150 120
144 394
243 381
132 97
47 308
282 149
377 142
344 173
183 41
487 437
339 198
270 446
85 435
10 439
480 168
288 14
261 482
215 284
381 4
312 199
348 429
71 94
268 225
266 416
353 303
354 105
52 45
480 124
416 489
9 342
208 396
230 150
434 469
474 445
144 316
97 138
85 344
69 168
436 205
360 187
145 142
187 214
191 49
390 167
361 107
355 400
50 69
39 85
30 484
152 365
355 26
370 249
270 440
497 439
478 206
348 210
276 475
24 35
54 467
426 415
315 415
485 281
218 217
53 376
241 248
274 206
455 96
389 496
435 225
284 386
448 266
241 132
20 225
44 266
33 426
342 471
104 348
417 179
55 323
423 470
176 296
244 50
46 484
61 133
372 334
452 345
330 320
397 45
311 202
128 442
265 196
396 322
353 221
44 313
284 408
56 320
222 312
148 301
286 268
454 210
407 158
331 406
452 89
291 228
170 115
312 272
94 287
9 208
22 448
208 405
225 158
322 265
418 447
68 471
33 56
67 22
429 440
382 398
126 233
200 25
297 149
288 12
73 392
192 297
203 447
105 400
17 428
228 427
250 287
344 296
318 283
76 411
161 99
184 458
483 139
288 385
397 133
25 429
226 322
269 217
469 429
210 226
6 487
274 438
86 256
40 470
233 256
356 468
278 394
34 392
277 261
394 174
103 27
349 271
340 182
111 471
197 310
149 173
463 55
312 275
246 49
306 204
172 479
226 14
258 450
63 260
286 36
415 310
433 242
424 264
87 274
436 387
61 137
192 85
360 24
426 4
60 458
290 232
98 84
386 16
128 356
244 302
464 414
156 159
276 397
23 432
320 363
0 459
396 381
257 45
401 257
67 183
267 462
398 357
373 365
74 285
87 1
268 318
330 51
300 276
209 106
321 324
283 29
262 174
219 32
289 19
55 120
434 356
214 322
40 333
470 439
441 114
284 57
460 61
337 114
72 260
436 46
427 394
68 72
104 189
61 139
259 245
453 116
438 46
379 19
459 478
444 349
258 252
313 81
195 70
182 150
49 120
14 119
191 476
18 434
73 147
392 79
195 184
82 345
217 485
316 461
162 176
428 260
341 272
342 93
95 389
361 377
496 144
473 375
161 39
38 343
422 86
122 282
127 469
454 205
18 196
372 270
383 181
305 152
245 76
317 0
377 193
337 178
405 225
116 162
5 418
4 154
436 279
248 127
184 415
112 55
177 202
235 336
489 412
489 41
41 86
279 158
337 270
495 469
131 94
13 111
265 489
268 369
348 201
468 17
424 32
87 80
417 101
14 322
363 258
344 355
13 256
378 476
445 202
149 373
484 428
417 162
383 101
154 38
55 232
116 123
203 479
432 203
378 472
230 446
301 93
350 427
403 167
369 228
454 200
480 18
32 290
392 250
288 416
0 46
21 195
26 468
172 225
49 458
405 50
143 280
207 58
225 345
426 462
162 447
465 380
170 494
244 350
266 414
313 32
79 118
86 334
411 105
64 110
12 461
93 321
379 8
205 152
114 457
404 131
363 128
122 369
219 386
152 219
103 337
307 465
300 183
288 394
356 211
24 204
25 221
229 117
269 405
214 434
418 235
363 118
339 133
371 338
57 411
248 24
489 12
195 56
302 289
353 336
40 10
231 377
347 66
323 312
99 116
352 37
7 369
2 67
257 346
257 374
250 166
179 358
266 239
381 226
62 420
430 234
463 455
373 14
326 310
279 48
437 425
294 483
50 444
290 149
375 308
474 48
406 125
216 5
232 24
444 97
183 146
101 374
388 499
309 474
22 67
344 440
423 311
255 139
140 474
134 46
446 15
492 460
466 204
228 208
158 198
196 172
398 341
340 298
124 287
206 2
442 499
310 50
41 218
192 66
464 181
196 178
138 262
466 40
249 456
6 46
218 407
100 203
1 468
107 293
295 477
328 313
364 89
307 139
57 405
439 351
381 21
135 487
28 20
476 101
499 277
36 483
186 217
37 136
429 39
368 145
458 76
18 197
336 174
432 177
29 245
118 371
358 410
282 253
354 386
15 111
94 353
422 51
188 132
23 311
456 117
46 391
440 415
441 64
241 128
373 373
244 122
385 491
96 103
341 167
130 450
155 357
408 76
208 429
241 96
66 83
327 49
316 112
28 267
248 258
131 269
244 121
465 376
331 129
148 61
364 172
381 131
207 371
153 290
238 268
351 246
295 156
120 30
298 112
222 148
270 398
19 353
81 366
347 336
250 412
437 347
478 114
485 170
460 186
454 490
236 51
59 157
188 384
496 180
180 338
236 70
423 302
168 107
444 5
269 15
215 194
160 58
229 193
379 497
488 41
444 185
343 76
460 4
36 31
369 308
378 216
371 105
212 302
159 39
407 8
54 280
191 474
167 214
212 272
313 399
84 52
128 258
114 427
458 89
249 150
366 327
284 128
282 89
481 349
209 293
425 240
214 264
330 116
388 381
280 42
94 54
164 365
292 75
164 278
428 103
282 265
393 146
236 419
268 27
320 217
457 329
93 246
214 23
404 424
318 455
9 37
254 265
340 25
303 46
1 356
121 83
229 284
203 15
394 317
386 323
152 215
313 195
218 98
22 379
334 475
12 192
457 195
220 266
164 297
153 375
458 166
302 275
142 40
357 5
180 36
103 96
291 332
430 416
148 362
337 304
497 482
30 201
467 454
104 250
126 483
1 109
384 436
476 303
160 378
267 186
282 340
25 370
139 73
435 307
112 287
121 124
325 461
267 151
254 144
480 371
333 232
168 481
137 69
448 497
183 149
490 215
437 465
390 367
174 76
215 178
302 138
99 337
340 480
124 219
90 94
178 104
438 275
345 199
196 75
224 293
360 379
196 66
285 297
226 438
116 460
450 441
130 271
251 50
121 471
417 227
184 63
339 448
147 474
49 184
477 343
74 125
44 189
338 270
208 329
289 64
358 177
448 92
142 488
311 51
130 263
326 81
381 166
140 17
201 28
223 41
167 30
219 297
419 211
40 58
474 479
8 182
274 332
173 456
359 268
383 336
417 342
8 61
79 298
178 1
42 280
163 253
50 61
124 382
292 321
153 17
51 267
99 161
470 177
297 124
461 181
23 180
93 378
29 384
237 24
157 59
313 131
193 320
202 215
389 169
186 495
114 42
203 89
266 65
190 25
207 63
95 151
381 82
466 41
65 262
174 55
187 222
42 487
54 232
401 97
444 443
485 440
29 58
475 41
418 148
63 165
168 125
208 159
200 402
16 26
82 265
340 190
29 121
353 382
331 84
27 254
46 275
185 365
258 428
76 161
326 176
154 139
150 347
249 214
92 202
320 265
308 26
147 160
394 337
421 0
107 226
1 301
18 153
81 187
348 276
304 9
1 26
373 310
24 151
354 474
92 117
143 174
186 400
237 291
143 80
306 11
312 250
256 160
199 330
458 189
199 399
277 114
425 200
351 3
477 449
418 57
83 421
321 414
205 269
350 411
422 200
451 8
20 86
268 59
248 71
470 78
192 447
147 248
103 117
419 351
260 80
354 189
103 344
113 175
86 160
361 315
324 360
298 164
223 196
268 66
144 471
271 90
190 189
158 270
121 293
226 429
119 234
78 80
107 222
235 191
359 46
406 96
112 35
231 57
123 335
158 351
442 120
309 429
200 484
130 467
397 173
407 356
288 368
442 485
29 395
441 177
125 388
275 200
257 237
424 6
210 232
352 83
364 4
488 13
481 64
238 118
326 230
450 497
483 114
362 392
422 364
104 303
355 47
137 379
237 112
345 413
348 299
303 197
63 213
129 144
114 396
126 367
365 441
407 428
320 200
416 269
425 242
142 20
251 280
245 131
44 488
288 90
139 245
458 443
87 202
98 87
307 202
495 76
4 24
76 254
376 177
271 492
364 153
433 413
44 115
455 178
120 441
186 95
39 260
314 496
435 126
180 265
341 242
118 27
282 198
375 194
38 10
163 146
412 402
17 448
479 308
249 473
68 99
211 287
135 107
86 378
143 71
165 118
146 336
34 284
330 280
142 261
408 369
271 305
105 172
480 141
114 84
36 82
369 34
494 99
477 5
428 432
50 472
309 93
229 48
180 343
105 60
429 322
479 365
37 52
193 437
21 369
451 159
194 409
9 173
30 40
472 338
311 458
403 22
423 120
315 133
193 455
278 272
489 474
378 109
46 378
248 72
83 420
329 199
224 277
317 190
29 254
64 141
164 340
460 468
101 439
394 127
400 294
120 24
486 389
268 498
422 32
304 368
67 6
135 134
324 144
398 305
446 353
45 315
283 462
401 357
485 384
30 148
172 385
126 2
0 10
43 246
114 275
281 347
333 34
178 268
73 10
215 428
243 372
334 261
118 378
114 88
88 103
340 144
498 112
123 319
65 351
126 166
365 180
214 259
27 51
61 244
172 453
325 276
37 268
146 159
99 8
463 261
257 187
300 304
123 256
107 423
441 40
220 85
344 158
209 286
30 371
324 122
399 55
323 149
161 288
296 321
82 260
448 260
416 340
448 248
23 391
283 55
140 464
122 4
142 336
207 184
306 25
80 384
385 57
346 255
76 46
307 494
106 159
351 107
207 22
265 299
206 230
46 49
405 198
34 20
204 47
424 241
477 363
420 4
259 363
409 266
261 188
347 68
27 219
242 50
349 234
316 359
260 407
105 214
235 165
65 139
232 291
154 489
346 210
425 75
193 105
145 186
255 306
26 492
394 134
221 120
479 243
2 37
252 240
257 107
246 339
130 322
164 331
393 137
212 10
467 318
4 257
64 113
457 111
246 442
62 352
447 319
356 393
485 450
57 460
299 243
65 156
339 282
419 229
91 232
402 483
240 59
172 258
370 304
98 129
333 468
287 160
54 281
83 495
456 39
134 492
148 107
241 200
281 339
423 160
143 225
284 325
84 384
40 456
437 306
274 491
151 271
404 413
260 57
97 487
479 68
176 83
283 480
319 417
430 417
494 243
420 73
309 278
86 4
310 202
193 23
146 436
201 196
254 50
389 462
30 203
286 369
201 206
476 422
191 372
467 258
183 185
463 388
244 493
47 401
276 55
343 92
288 423
325 45
7 394
97 67
288 37
96 236
158 489
361 424
182 201
386 181
69 365
210 201
454 313
220 109
201 230
5 64
461 342
88 331
250 468
5 38
274 38
27 453
377 284
337 240
421 59
277 75
128 342
8 487
97 82
312 80
496 150
344 318
1 457
425 433
471 251
289 283
236 97
233 168
260 466
25 70
145 34
228 154
142 273
355 236
169 91
93 19
189 165
123 438
223 190
293 400
183 46
143 434
454 272
238 228
298 215
101 115
270 295
68 329
418 264
207 275
146 87
252 300
90 336
378 227
128 165
211 172
458 163
435 206
434 413
480 25
493 84
379 81
262 115
379 299
74 180
267 438
238 221
57 372
99 181
346 287
459 79
243 410
116 270
183 30
56 403
487 163
96 49
164 219
18 358
391 395
333 93
166 158
382 423
456 75
362 334
413 303
65 174
444 8
39 181
84 127
142 447
348 424
143 90
300 364
259 161
106 191
202 444
219 124
199 84
418 176
331 62
88 184
192 396
429 32
11 231
178 366
142 5
95 378
242 285
298 395
87 353
297 257
381 289
225 369
397 81
495 496
180 228
476 83
467 372
456 405
123 478
483 486
365 265
402 430
325 107
313 201
458 264
405 110
331 339
272 131
127 228
456 267
202 159
31 284
42 169
147 339
326 165
283 482
412 43
150 185
386 90
354 463
426 196
36 260
243 109
338 160
428 222
381 146
431 130
300 264
104 473
490 299
282 282
325 273
459 194
284 327
143 197
394 491
103 421
30 282
442 346
68 368
15 222
205 301
65 298
123 357
156 21
303 113
239 438
485 128
456 50
247 121
112 451
372 493
127 215
413 402
271 70
144 333
134 138
436 349
206 52
73 59
24 215
5 229
357 115
165 490
464 165
468 265
110 76
144 340
243 238
160 57
391 366
4 304
6 377
429 292
203 212
279 355
84 79
195 285
275 293
311 212
329 239
168 279
472 440
30 312
369 215
433 190
494 112
490 437
81 0
65 271
126 284
215 344
129 62
208 262
475 257
348 19
150 156
448 368
180 122
189 478
168 402
366 122
411 163
15 208
480 492
128 432
277 458
373 344
106 258
367 81
452 433
90 68
436 102
225 38
17 469
223 266
389 37
200 89
150 300
145 68
0 130
440 273
469 129
240 313
246 428
361 459
27 198
153 303
194 316
137 230
496 211
100 360
301 385
38 153
221 303
433 183
308 73
55 226
391 278
206 295
254 138
188 419
223 134
450 341
71 417
480 439
151 420
305 80
233 304
108 343
378 306
380 393
119 187
317 435
82 11
1 23
442 188
322 189
383 17
434 124
63 454
374 266
347 66
371 32
227 80
239 479
372 106
145 119
406 492
355 462
337 488
176 356
397 131
149 351
475 280
87 435
202 391
457 313
197 401
333 180
159 425
383 72
191 384
376 380
342 449
289 83
291 31
14 318
169 188
321 15
451 496
239 260
73 5
406 49
229 123
48 239
312 241
125 283
163 355
157 353
436 357
388 446
264 79
119 402
418 433
282 440
52 221
226 21
70 478
101 484
223 152
393 1
284 387
95 18
371 299
156 252
198 307
238 396
298 463
248 357
298 68
141 30
52 202
180 367
351 474
126 281
134 427
166 19
389 418
217 261
13 260
419 225
121 64
379 157
15 420
340 127
158 165
367 482
201 62
388 400
181 405
184 367
238 316
86 350
112 128
388 156
381 477
393 160
317 3
275 272
400 184
349 467
449 410
324 69
469 3
408 64
431 2
170 92
294 170
150 257
413 258
88 38
198 146
149 481
254 368
52 276
244 154
416 402
323 193
196 240
304 292
294 456
400 88
258 465
74 195
305 260
298 487
485 393
375 349
217 135
411 129
135 121
23 7
201 51
291 198
490 249
58 447
35 137
102 310
5 145
405 176
15 311
56 56
257 0
487 431
60 326
447 251
258 195
246 323
21 311
413 389
189 12
149 323
133 76
74 103
131 491
154 331
239 146
498 210
142 496
322 338
441 202
250 122
445 51
363 348
90 318
330 128
303 279
207 331
286 436
427 281
465 417
415 81
144 204
53 266
104 286
340 375
349 397
448 442
291 294
113 163
291 233
364 295
479 94
383 71
205 265
183 310
244 170
226 450
216 240
26 279
7 172
69 218
161 356
3 18
181 304
37 468
115 325
271 401
324 446
212 154
317 381
403 247
197 413
153 130
261 414
86 31
249 268
477 8
26 262
66 332
300 207
32 455
208 267
214 304
310 33
414 426
25 127
40 318
300 74
340 193
224 61
182 279
287 326
88 159
491 313
372 155
462 143
410 257
61 171
56 476
254 223
351 470
140 279
354 391
437 292
354 194
473 13
339 36
47 112
425 428
435 390
33 298
55 249
420 295
124 468
191 476
299 378
10 394
138 291
84 216
262 427
440 290
178 88
200 280
60 77
467 126
276 347
96 352
147 183
151 17
345 271
2 194
441 144
288 364
80 79
6 372
14 342
430 446
78 44
121 483
461 490
189 88
440 237
420 286
155 439
63 423
469 0
497 65
429 410
341 137
361 361
203 199
146 375
419 486
321 76
419 40
480 282
371 108
246 420
359 143
66 401
254 422
339 387
150 103
240 120
481 491
191 101
476 37
375 189
117 247
139 196
478 388
497 119
39 349
492 243
497 250
173 410
149 251
354 364
485 299
143 94
47 318
355 186
227 375
122 230
426 196
85 261
232 256
457 82
177 271
373 449
211 174
277 398
263 361
12 483
77 100
418 155
193 476
351 274
356 420
117 473
86 135
391 202
136 170
441 349
150 165
192 167
65 362
75 469
453 328
280 87
95 382
359 199
325 288
209 62
36 181
168 178
380 474
145 60
261 368
33 438
457 411
125 77
47 23
203 200
288 352
86 484
183 235
23 297
360 360
393 84
262 248
222 62
122 142
362 219
10 235
146 248
325 467
342 272
324 224
428 46
30 112
347 15
312 213
425 223
307 172
420 318
380 70
64 495
66 354
89 427
27 428
396 236
360 352
77 90
136 184
149 5
372 166
231 348
71 185
209 156
475 231
301 130
477 207
62 365
144 43
472 3
91 171
376 220
310 451
488 453
310 447
465 489
337 35
220 197
353 261
492 281
411 180
388 145
362 240
284 302
305 7
30 108
180 397
200 406
211 342
141 40
29 374
409 107
304 219
480 481
262 9
42 324
321 26
266 282
84 183
42 402
362 241
490 73
479 42
385 43
83 43
417 378
485 113
184 178
159 141
3 16
340 421
299 45
327 161
196 66
320 263
356 239
312 183
77 347
390 143
186 462
193 325
290 455
133 30
172 474
490 292
66 27
72 182
195 217
283 251
366 392
131 456
139 222
421 295
438 216
31 163
489 477
432 224
254 131
106 418
62 278
305 448
131 128
346 229
332 178
422 481
437 50
125 53
200 428
145 46
62 139
468 28
252 403
34 252
170 358
489 492
293 233
213 294
376 276
454 411
393 208
111 377
282 182
111 236
134 483
474 108
136 196
451 442
194 240
450 338
182 217
450 439
234 475
251 15
427 462
170 206
435 172
354 281
369 217
52 317
277 4
52 26
468 265
5 356
194 15
84 456
247 376
352 34
49 481
443 103
161 328
0 466
99 448
166 207
376 469
325 218
97 154
419 377
233 417
432 277
85 279
156 16
402 332
314 360
315 304
132 109
427 477
425 485
192 379
200 443
14 420
74 25
254 111
28 346
123 340
119 313
181 208
392 127
339 84
240 206
168 155
484 224
209 447
326 409
205 253
174 26
403 219
182 100
298 158
350 210
23 273
333 321
449 57
493 226
284 288
295 233
309 452
252 279
41 19
124 430
309 246
317 150
103 212
222 499
61 401
175 72
394 437
494 8
86 195
335 487
72 371
175 131
410 381
252 427
358 451
49 377
379 167
231 366
217 482
236 454
378 279
216 263
123 272
319 62
49 210
81 155
138 121
354 256
36 400
352 107
484 394
413 253
472 363
198 144
98 189
320 434
49 477
101 388
450 172
382 273
280 351
324 315
72 418
318 179
286 108
354 22
276 122
337 267
263 248
289 35
321 362
191 110
498 370
43 144
417 449
152 277
93 197
467 477
156 17
125 138
160 442
64 479
98 288
388 401
289 361
75 178
288 110
333 118
115 138
439 376
153 32
82 92
69 98
115 401
39 225
19 92
423 52
340 435
188 21
235 229
407 477
440 162
281 47
185 273
149 248
132 125
217 154
105 214
468 286
363 220
313 7
59 234
169 88
110 252
481 357
187 197
359 240
287 127
400 492
240 324
449 401
407 373
439 18
156 12
85 259
267 371
105 250
338 178
282 274
484 300
349 263
3 171
298 209
53 142
467 50
303 146
19 268
139 210
75 310
70 147
19 12
262 189
219 476
251 452
105 2
117 87
258 454
163 473
115 408
458 69
215 434
55 113
323 86
396 46
193 398
410 318
7 64
41 24
329 79
81 144
231 434
388 198
171 341
249 404
473 139
73 59
172 40
126 480
26 347
98 374
193 72
136 360
237 52
131 29
173 66
0 212
263 256
449 388
144 434
73 198
109 469
9 499
331 133
333 135
362 358
282 431
143 55
107 418
300 380
446 91
155 325
82 446
187 418
205 31
82 331
153 278
129 43
29 162
150 461
171 362
145 12
67 453
223 288
169 26
117 23
349 115
414 125
43 283
166 453
136 248
379 100
144 289
452 360
321 25
387 102
114 344
297 384
172 33
411 21
396 193
161 381
6 97
380 75
380 49
150 399
499 16
158 381
241 495
20 110
64 63
407 259
143 30
415 57
430 168
361 326
207 326
424 22
449 65
467 156
55 181
198 117
498 407
402 356
318 239
154 275
34 234
116 414
471 30
198 31
209 253
79 59
434 417
334 355
364 235
417 301
418 419
178 467
175 268
360 433
208 493
79 366
280 94
124 195
78 103
356 322
234 287
56 288
143 20
255 391
192 7
279 24
491 463
231 309
242 166
11 443
310 450
45 90
137 442
398 169
344 215
3 106
394 430
302 411
302 390
397 57
82 495
310 28
338 425
92 41
337 80
383 103
194 499
293 280
301 331
399 191
298 497
427 254
165 192
434 229
139 468
315 332
212 73
350 125
18 402
335 442
46 207
206 218
350 92
275 0
191 151
149 174
280 341
386 76
158 446
266 320
4 149
74 433
58 217
471 424
219 428
136 306
376 265
357 194
194 226
378 132
159 238
79 379
455 439
385 317
138 465
466 3
436 494
63 392
169 346
127 35
193 388
5 263
309 70
148 362
346 4
94 26
405 5
445 173
343 213
30 182
186 481
475 349
93 474
173 39
426 114
354 300
415 119
189 359
73 224
80 190
68 420
277 174
200 326
391 222
257 43
376 421
122 295
269 203
94 68
182 294
94 20
140 37
248 361
438 181
371 322
94 18
45 440
266 371
446 245
140 157
430 203
498 368
71 405
473 119
414 166
186 7
396 360
222 178
360 145
319 12
382 83
375 413
284 427
24 141
150 82
285 164
32 433
338 135
255 456
122 163
170 169
381 160
339 67
212 455
467 51
486 31
296 350
129 362
355 432
15 154
170 6
291 300
436 203
11 129
292 43
64 133
145 314
381 445
253 336
239 445
328 220
422 226
440 124
57 52
58 295
153 72
224 228
283 444
73 12
55 294
279 217
32 471
269 425
261 265
211 22
242 1
227 39
16 17
421 167
314 73
497 479
207 468
264 73
86 491
285 190
407 493
465 65
342 291
409 234
256 103
456 120
11 350
219 35
54 379
304 140
119 369
189 301
375 179
170 453
143 313
306 307
224 403
46 123
357 66
22 455
427 465
168 478
14 291
170 239
380 420
289 475
128 351
30 330
284 3
168 200
360 279
34 475
450 84
3 81
388 160
125 25
355 316
107 145
385 221
142 129
104 117
468 283
114 233
88 499
51 250
29 257
84 411
496 416
349 34
194 499
376 237
53 172
169 231
453 12
142 406
23 447
230 98
183 492
491 344
94 124
233 42
306 476
392 317
203 302
153 241
330 250
274 381
464 236
248 443
202 269
216 242
193 225
217 447
143 228
352 60
455 90
66 85
254 261
415 310
403 458
60 420
153 233
469 334
129 117
387 70
164 331
409 455
254 209
438 126
39 398
340 290
376 346
459 258
420 482
440 226
146 323
408 352
38 151
268 230
152 168
351 7
315 168
378 260
239 69
319 316
106 130
476 159
269 334
317 435
161 189
364 109
314 159
310 273
355 352
372 430
290 7
27 76
336 457
26 405
221 427
57 198
209 180
366 385
320 479
168 35
497 333
344 33
158 311
163 6
437 365
372 388
464 79
36 399
157 152
80 414
464 230
410 489
375 174
5 129
16 47
233 25
410 13
324 77
84 68
433 340
80 373
452 157
409 44
48 340
106 66
296 128
470 71
97 59
40 197
96 102
479 56
422 329
259 390
458 98
438 343
216 244
253 370
414 20
212 162
80 463
443 170
93 229
140 265
314 190
144 180
88 411
92 124
14 10
109 351
194 324
420 399
270 262
134 174
336 36
351 198
369 269
498 147
412 462
153 490
22 79
490 149
125 110
473 82
286 491
316 82
333 332
447 88
262 455
492 81
280 451
220 195
342 1
463 70
412 107
186 468
470 434
396 28
462 95
87 369
303 248
81 255
343 137
92 380
461 458
409 436
484 93
446 481
403 326
285 410
230 315
249 471
351 200
296 145
15 314
62 235
342 318
307 495
375 37
495 252
40 189
134 404
237 24
203 81
343 140
455 488
312 73
126 204
202 163
477 274
9 217
387 392
239 203
240 47
299 467
156 236
492 191
216 142
75 82
222 419
259 418
344 178
234 71
87 470
244 436
5 64
308 105
160 245
144 48
15 400
488 443
486 23
17 481
63 202
473 93
363 137
167 233
156 207
29 402
190 243
160 125
82 48
145 468
368 242
143 289
84 235
258 483
464 70
125 128
221 379
369 450
35 84
144 36
290 192
287 25
3 333
381 447
268 85
180 378
167 488
224 323
158 251
173 334
462 475
354 150
101 183
120 223
112 136
328 116
141 402
235 468
415 144
82 468
346 35
24 262
437 13
116 248
82 95
70 142
292 397
80 277
352 393
30 52
20 464
367 210
178 14
10 454
423 446
333 92
354 269
135 357
457 143
239 103
245 392
289 161
290 390
135 221
274 143
459 17
228 146
160 178
133 258
56 171
263 408
177 390
99 470
465 164
120 409
301 56
218 365
107 90
163 8
3 243
260 437
436 463
493 340
451 96
267 126
34 7
249 383
205 64
80 201
110 170
227 200
418 263
205 297
157 25
268 368
158 13
328 381
221 94
190 321
448 172
32 310
193 334
250 133
334 250
420 331
31 296
59 499
148 449
327 264
133 158
171 447
328 291
385 499
320 402
74 427
237 120
455 458
92 282
32 205
388 426
223 305
304 420
221 134
399 305
463 48
496 384
27 134
485 176
78 412
191 157
278 153
463 429
211 85
142 55
482 96
401 31
451 57
191 57
362 24
73 442
326 177
163 421
97 353
117 148
306 176
181 161
90 436
21 144
200 153
101 163
194 34
91 2
60 497
22 134
77 274
452 447
368 255
109 115
116 317
493 78
239 274
210 26
171 181
187 231
246 223
257 288
291 441
290 200
334 203
329 164
111 263
19 281
249 331
149 480
410 217
491 494
21 2
183 53
284 44
119 370
11 30
323 228
428 154
357 114
278 114
378 186
320 242
73 249
81 421
138 74
421 491
493 481
34 442
338 177
399 170
52 457
185 262
416 376
342 465
79 273
312 472
214 309
410 484
405 140
66 491
483 395
376 487
281 328
5 262
432 119
428 257
19 336
212 465
282 288
413 54
379 362
23 225
209 93
85 434
277 466
361 152
139 260
89 89
203 421
392 446
55 487
324 321
138 427
215 36
443 421
135 128
206 174
267 158
444 267
234 353
5 222
334 447
389 496
417 275
74 444
432 310
483 481
408 256
144 473
394 475
456 439
113 29
40 162
429 233
438 336
410 15
315 295
291 97
224 56
0 209
371 298
280 284
40 206
179 40
16 37
328 426
307 472
486 294
27 199
36 267
135 317
112 298
247 450
358 403
464 472
270 358
143 187
245 402
443 35
424 277
203 311
135 105
399 10
62 473
240 278
447 450
248 375
177 59
314 496
468 35
394 131
318 90
345 389
276 64
341 140
451 53
158 396
258 438
411 409
39 320
270 151
379 486
45 19
367 56
92 359
490 187
129 338
227 161
77 474
114 355
408 270
166 417
355 418
327 276
97 118
270 218
204 367
238 1
57 249
461 457
144 149
487 303
316 274
100 66
274 393
15 215
484 34
453 33
310 340
458 132
351 407
126 80
81 55
157 217
174 491
140 470
273 171
297 480
398 90
335 397
464 172
207 203
236 449
141 160
144 46
305 99
32 495
403 284
1 465
456 60
30 175
346 449
429 155
97 143
41 327
352 285
488 357
306 59
71 76
123 447
399 215
211 280
64 283
248 466
378 417
93 57
6 408
415 291
435 287
466 365
150 328
185 318
377 490
66 344
291 448
16 41
322 42
325 79
45 238
8 74
483 423
183 101
244 489
128 450
315 179
359 446
265 465
455 397
241 494
295 374
415 384
427 311
390 89
328 104
30 287
62 336
289 13
354 245
195 33
65 334
281 363
180 276
173 46
392 488
362 266
3 187
350 277
367 430
386 92
379 47
235 417
282 441
38 376
409 137
471 86
449 326
103 252
150 129
469 128
395 43
230 331
109 398
180 81
173 328
375 66
335 405
198 462
338 118
255 237
175 247
426 78
331 124
105 29
157 481
376 75
258 404
302 107
40 367
47 482
401 65
470 274
236 236
354 169
258 74
174 461
40 433
409 100
481 223
56 366
293 138
395 433
392 52
271 197
32 432
349 171
445 433
21 320
341 182
256 228
41 451
236 430
382 81
156 497
363 363
354 65
498 9
413 249
298 390
174 36
207 330
115 23
195 153
335 137
217 388
191 443
226 258
192 427
424 108
324 348
413 140
1 178
279 263
5 414
450 77
408 31
407 158
163 23
12 102
343 498
293 81
340 34
314 19
128 384
84 90
82 452
482 350
113 83
349 261
338 471
2 152
310 98
474 409
364 325
323 338
420 59
445 468
488 112
496 259
202 468
272 432
282 284
220 106
367 248
219 69
73 57
156 73
335 383
60 130
320 199
110 235
204 240
204 55
315 192
12 52
485 17
153 136
242 267
15 225
295 109
166 86
160 368
104 174
156 495
46 164
252 477
69 156
211 456
0 274
326 378
247 12
148 311
431 253
478 390
351 446
385 125
346 369
44 397
392 302
318 52
381 290
298 70
26 451
225 361
240 26
390 403
67 339
92 38
280 498
296 71
196 483
353 181
78 394
196 249
301 322
464 15
85 35
486 262
124 112
490 63
466 216
55 381
271 33
383 0
423 404
387 180
213 471
366 92
341 144
466 62
77 495
30 283
45 15
479 368
431 21
89 469
202 249
135 497
497 326
82 18
50 420
391 321
414 264
408 109
172 107
454 226
9 101
116 336
204 407
280 95
417 487
89 370
219 471
149 224
94 68
488 83
405 497
261 231
193 171
130 21
99 365
466 85
273 461
368 435
382 330
317 0
222 299
123 406
482 441
9 272
356 429
426 349
433 113
284 187
60 126
343 414
351 11
472 161
96 125
455 192
193 479
130 124
383 267
209 253
378 217
146 70
272 86
199 72
111 57
183 335
101 171
35 378
39 453
430 7
200 136
115 237
361 245
364 97
351 244
314 425
496 81
167 460
33 120
177 218
405 144
168 212
90 6
311 203
210 129
265 241
478 262
359 232
330 192
288 224
149 33
466 102
63 497
117 133
203 96
92 294
358 460
318 260
315 448
78 130
223 26
140 195
428 54
98 352
76 110
143 386
341 77
75 109
94 404
352 44
339 149
461 296
57 197
498 279
261 224
250 76
271 337
391 243
95 51
161 341
227 23
100 156
117 68
324 175
220 63
64 28
325 411
460 25
305 234
458 458
386 418
255 61
304 10
61 146
339 251
274 75
231 67
487 226
402 201
264 164
192 474
237 329
206 17
251 49
360 11
430 62
123 246
256 37
36 279
30 170
245 375
442 156
382 328
29 282
446 136
462 294
475 138
8 199
101 181
45 111
173 461
59 327
364 148
427 168
338 252
128 309
465 435
263 422
204 348
336 293
439 150
141 299
350 266
299 1
464 451
264 196
375 490
138 324
492 92
344 66
375 182
117 472
395 193
41 380
25 99
102 229
28 316
82 95
448 231
182 382
78 412
402 299
123 306
398 393
459 467
1 242
215 186
379 470
202 462
413 272
2 228
44 367
462 382
113 479
213 262
175 148
447 291
449 429
322 422
241 347
90 133
172 94
64 157
119 51
176 266
346 32
400 30
412 243
222 214
477 378
26 435
78 4
285 325
99 28
375 460
93 192
286 317
474 265
169 350
468 93
478 197
227 167
410 378
444 139
369 132
419 273
277 247
72 349
377 415
375 23
215 105
422 320
86 353
55 249
194 107
304 24
43 172
402 31
22 453
437 347
120 244
491 356
57 250
165 416
439 435
392 392
212 7
360 166
415 150
257 268
292 110
282 413
296 187
140 37
236 171
415 77
285 208
458 406
322 342
129 475
219 114
121 373
40 432
82 333
101 455
65 192
457 245
432 200
89 254
425 424
353 325
33 192
98 138
333 344
171 273
239 314
188 391
323 212
45 228
35 257
449 499
96 101
153 259
13 381
305 94
419 290
482 159
149 304
0 432
57 334
1 172
63 296
8 189
269 238
347 406
257 304
257 149
408 353
86 262
356 421
63 392
403 127
432 397
329 404
91 432
456 387
35 92
133 371
109 44
302 402
58 457
458 59
264 316
78 366
139 351
95 287
414 202
99 498
254 346
131 280
19 345
437 87
459 55
451 70
324 420
229 253
164 383
51 187
53 428
279 481
268 192
246 374
224 183
381 197
478 479
176 12
100 349
256 466
36 411
331 207
312 213
96 61
100 328
257 147
128 154
198 388
115 249
432 297
494 191
22 313
178 324
174 199
165 278
41 430
490 53
266 372
285 154
483 214
213 386
392 92
332 194
443 442
239 447
139 227
40 86
410 161
360 218
348 436
219 377
431 241
114 61
215 49
264 251
137 50
494 477
171 381
324 327
126 466
193 415
353 265
279 86
156 264
52 139
369 357
98 271
332 300
349 212
316 400
302 113
443 305
187 297
476 466
433 363
130 102
368 126
212 484
100 499
138 369
226 152
424 359
159 176
389 108
360 361
326 57
362 163
312 269
88 401
116 288
242 21
499 247
231 462
461 64
285 183
335 452
311 363
39 111
72 471
184 280
337 432
95 10
132 52
453 259
47 72
93 70
317 290
104 444
8 400
83 66
18 145
8 270
382 329
152 48
180 454
238 336
199 18
422 334
445 183
255 375
445 493
135 200
496 114
366 239
305 357
2 301
72 175
5 11
411 306
112 157
346 443
461 350
36 397
80 383
111 482
327 187
239 408
23 314
53 235
92 241
43 211
386 447
310 467
273 243
253 73
16 385
87 99
496 330
65 124
106 428
467 176
85 285
99 58
293 460
201 4
215 238
37 244
211 454
49 347
420 336
73 302
401 436
266 161
285 249
29 332
8 243
380 496
406 445
405 479
483 200
290 459
55 51
357 327
26 119
455 406
209 446
234 29
42 462
64 1
185 179
422 93
442 45
491 302
133 348
400 248
59 116
19 42
221 115
234 376
283 247
45 189
70 492
306 280
133 112
143 370
464 318
215 65
219 258
106 58
159 204
321 359
401 218
333 340
69 123
370 67
109 352
196 268
48 31
496 2
373 33
203 139
57 189
447 418
477 128
333 405
264 488
206 6
198 166
141 40
459 267
119 363
131 68
100 315
170 31
64 96
87 395
84 267
38 144
273 383
288 367
355 106
112 405
423 61
453 310
78 64
427 413
481 49
217 411
442 433
381 387
134 359
478 469
113 218
453 16
235 386
344 93
498 90
4 308
119 421
337 457
370 49
450 117
28 352
285 167
406 322
181 167
488 40
110 160
176 101
488 63
157 412
354 184
493 7
281 358
316 464
13 470
87 186
390 315
483 115
438 28
47 241
282 119
131 35
136 244
160 160
424 476
161 317
176 278
489 154
118 309
280 305
343 483
150 367
335 86
114 485
227 273
244 161
48 361
105 228
388 184
13 265
434 312
442 26
32 463
272 431
88 150
485 52
272 432
370 135
473 107
232 484
497 200
413 328
56 45
81 370
488 444
108 94
120 274
237 51
334 152
154 362
414 423
207 491
479 186
145 77
413 452
4 377
206 410
455 417
139 262
59 388
483 127
402 19
70 455
460 491
353 257
32 466
458 120
306 91
168 289
93 452
181 433
343 97
366 387
2 150
38 357
485 61
80 373
329 239
230 3
112 141
107 84
204 144
235 417
58 362
166 255
188 151
100 200
87 383
33 318
176 441
354 423
297 161
400 287
142 478
119 482
418 254
398 78
496 474
189 485
240 406
58 355
55 280
163 158
477 495
436 48
471 5
166 143
430 120
450 418
252 72
326 421
0 171
145 76
61 348
254 334
42 153
433 312
323 449
296 448
348 152
157 85
228 171
292 175
445 158
82 94
16 197
220 408
336 16
364 218
404 397
402 470
135 446
248 335
135 310
462 44
481 483
154 471
498 209
219 298
393 295
344 301
61 409
277 65
283 397
294 493
463 187
486 48
235 98
408 86
130 370
205 222
45 464
173 360
10 43
338 245
46 255
164 183
100 460
357 441
286 235
274 4
52 250
200 260
346 288
158 461
183 329
293 216
76 81
124 318
63 438
194 315
350 462
422 210
4 302
37 279
135 290
40 311
424 188
476 93
54 122
303 486
202 89
170 96
267 130
421 147
314 182
144 115
177 164
466 418
50 181
472 355
166 185
373 364
457 442
65 201
40 363
305 368
317 94
225 475
474 436
118 498
113 288
452 115
33 290
324 270
125 83
269 296
12 144
86 494
48 322
185 3
224 88
182 490
318 393
329 259
257 292
81 447
414 222
365 385
156 448
383 189
485 133
129 152
499 349
171 68
71 47
487 209
199 147
40 169
429 369
162 369
169 186
261 95
480 435
383 126
315 488
474 267
271 152
1 103
171 122
169 173
382 95
242 156
178 433
303 283
4 459
145 317
412 25
461 258
384 244
233 196
315 199
351 59
162 87
209 205
230 186
281 231
239 464
397 23
158 269
228 52
221 15
40 226
484 133
230 353
50 369
68 463
22 365
304 272
329 36
222 366
449 59
23 355
231 40
310 272
325 389
404 38
264 398
32 297
2 249
118 262
77 52
270 38
162 451
339 426
292 491
402 414
269 93
134 425
50 0
242 444
482 375
125 146
295 247
496 157
271 298
202 466
356 200
3 324
251 19
362 343
109 395
489 117
42 378
379 123
67 92
319 473
471 49
148 445
454 267
417 496
314 78
130 471
296 171
42 486
181 399
294 256
373 290
168 135
258 268
212 399
372 177
79 384
329 344
463 227
76 135
65 232
203 390
61 48
34 351
250 455
212 215
5 397
32 85
205 25
277 143
320 418
302 1
197 399
479 483
470 12
244 55
445 36
84 448
151 359
314 470
185 254
151 378
464 42
419 35
178 21
439 196
198 351
102 241
224 247
260 81
488 47
83 4
304 286
145 19
489 456
210 311
190 26
68 213
248 6
27 487
36 279
482 319
60 86
333 84
18 137
184 93
98 6
144 119
490 254
210 141
453 479
357 272
337 495
353 425
264 86
217 232
51 300
238 199
135 464
101 72
165 153
12 137
108 115
370 8
150 98
77 432
57 455
302 286
211 394
332 155
387 327
480 401
100 439
255 218
290 88
93 356
345 308
275 105
114 453
403 497
430 116
71 332
118 339
233 373
380 329
8 66
467 267
58 488
59 420
360 313
21 201
9 453
411 218
23 137
134 377
493 426
258 64
403 416
289 376
57 489
407 169
288 66
406 226
498 199
364 465
19 358
312 386
456 380
17 75
452 480
406 152
216 445
361 17
245 472
313 2
23 303
221 220
446 163
362 479
297 445
303 227
465 316
196 467
42 421
253 214
366 494
291 12
29 434
258 4
358 274
429 71
291 381
397 150
130 238
35 259
338 279
95 190
158 303
77 291
357 52
47 330
342 75
10 190
47 223
498 120
192 405
139 427
430 335
425 36
147 412
191 460
151 486
141 138
281 309
213 70
401 139
214 112
303 95
319 76
197 350
107 169
448 241
76 246
282 378
142 2
314 430
268 333
471 465
126 409
480 253
244 340
452 233
180 458
387 107
309 351
20 436
177 417
163 469
199 105
459 298
228 342
175 274
91 496
257 499
104 218
410 89
174 348
158 214
174 355
206 45
481 483
252 79
48 10
468 416
66 99
441 427
53 294
142 469
468 145
215 251
341 72
272 477
191 15
222 430
476 365
201 429
360 309
172 453
221 408
359 140
419 287
433 301
122 473
470 427
179 442
366 185
162 20
387 138
68 205
423 110
391 396
206 476
429 251
11 230
222 3
142 370
23 493
318 76
3 145
87 288
325 34
54 453
91 487
45 294
256 12
408 468
444 499
102 466
196 225
80 465
187 270
264 223
151 211
208 82
371 6
41 148
101 196
36 447
241 45
57 433
253 349
200 317
284 197
274 302
267 332
103 207
430 455
18 367
449 433
439 226
374 172
221 480
428 328
225 257
42 21
223 134
451 295
344 423
226 235
420 118
325 345
152 23
390 107
40 22
249 191
364 480
312 475
155 85
194 92
466 232
366 236
383 189
464 170
257 227
345 42
388 177
200 23
482 392
415 442
134 23
355 16
343 350
287 19
112 499
83 333
421 430
471 302
472 304
31 435
478 81
259 228
251 218
110 311
254 234
109 25
393 388
90 316
335 237
88 377
210 299
81 171
473 131
287 52
488 297
379 318
46 466
36 138
301 150
236 146
24 55
295 197
13 417
6 385
114 200
352 94
118 176
159 433
338 443
241 446
264 326
144 472
110 163
313 180
178 411
319 401
98 202
472 114
352 463
15 478
425 466
495 367
153 43
486 154
101 491
169 79
51 365
380 165
197 13
277 193
446 227
430 96
62 44
359 254
232 266
85 375
242 9
52 80
234 247
90 391
322 335
53 111
276 374
239 433
127 325
53 16
464 425
470 335
89 379
145 181
56 173
183 230
310 151
398 87
478 45
232 341
452 301
27 285
219 81
406 266
283 198
123 311
146 99
478 445
127 87
261 124
206 183
334 296
383 369
414 85
426 362
15 498
284 378
459 42
160 3
53 218
29 295
395 176
474 28
115 225
201 101
136 228
24 408
277 323
260 408
122 43
41 186
416 137
31 177
32 228
298 43
339 85
114 327
355 86
311 88
41 323
51 13
273 29
352 76
484 402
445 464
2 458
95 338
16 419
499 478
373 48
134 297
476 212
298 100
40 184
7 462
327 81
462 58
134 100
2 167
131 470
428 299
137 134
405 375
205 5
54 256
53 79
291 40
492 29
213 442
404 32
113 72
131 231
183 75
242 265
88 37
336 226
360 16
392 325
331 117
373 449
28 237
129 426
307 320
114 121
153 373
445 370
453 118
193 428
46 136
173 288
366 134
150 361
186 226
343 394
344 369
106 68
494 372
44 235
356 153
378 10
380 9
127 176
104 333
469 173
313 150
284 494
207 179
257 287
181 394
263 452
20 377
102 222
457 366
371 498
9 166
27 250
426 241
75 155
180 382
33 396
243 345
376 317
456 450
344 133
437 490
367 460
182 457
175 321
320 491
157 46
148 181
422 185
192 74
457 349
246 224
69 342
159 341
291 445
430 116
458 488
448 367
176 325
499 482
325 351
397 171
352 483
20 46
472 126
476 64
288 281
123 74
415 209
6 135
103 58
46 288
155 61
238 494
328 331
34 237
408 154
489 431
329 112
239 361
425 154
435 67
493 65
274 59
46 260
318 132
420 149
210 365
211 427
110 300
38 40
46 144
427 446
411 35
396 109
263 150
69 173
238 198
109 62
322 12
496 7
156 140
5 416
343 218
19 69
109 453
449 409
207 7
42 376
337 118
120 290
463 100
151 189
103 201
65 112
120 277
270 61
329 128
347 127
196 172
477 218
127 305
164 278
6 186
305 206
348 344
444 425
115 163
364 447
60 70
348 281
194 180
160 118
245 23
195 7
77 442
99 24
302 56
243 264
322 161
5 400
325 23
186 301
249 292
363 403
184 161
341 63
33 231
254 1
361 278
72 302
178 290
199 24
140 481
494 294
194 314
337 499
300 19
312 24
279 401
62 27
90 315
46 255
109 123
253 301
103 322
112 178
202 281
114 163
457 194
8 108
459 151
171 346
222 112
365 335
214 1
168 428
35 156
131 215
16 144
466 384
414 471
104 431
94 468
162 71
31 52
55 23
369 343
455 226
413 443
296 320
100 127
135 464
31 136
280 266
3 399
370 99
382 417
386 327
250 476
380 48
71 281
124 436
14 292
87 431
252 280
259 235
52 204
340 395
161 83
483 473
424 164
82 205
384 306
282 320
220 134
416 15
451 144
436 392
324 317
97 376
463 428
132 357
252 15
99 325
298 265
430 434
139 222
28 364
184 24
158 162
29 404
48 426
319 480
150 337
65 495
423 247
456 28
44 55
380 208
474 495
429 30
104 256
120 420
296 484
499 304
60 455
233 28
9 461
298 52
47 11
258 363
243 322
378 215
275 287
282 110
493 101
357 63
484 97
82 477
133 280
87 81
109 194
155 321
225 470
481 305
20 125
447 92
159 263
51 177
140 434
36 185
249 133
230 393
223 85
365 164
245 356
402 453
126 207
29 409
66 351
328 363
455 86
350 128
305 466
400 253
290 445
78 288
34 39
476 161
325 257
465 342
147 423
482 368
129 125
476 11
374 196
134 157
285 181
147 336
89 90
388 400
188 232
123 318
479 222
331 100
442 157
80 297
17 441
66 62
425 498
194 394
51 152
185 181
17 188
131 185
85 107
339 19
189 125
200 462
414 21
178 31
180 356
149 110
24 197
196 215
462 449
453 242
423 365
54 139
324 441
400 185
56 409
386 91
405 97
118 86
470 320
28 148
258 150
348 178
245 282
84 44
138 207
425 37
176 62
3 479
16 352
113 255
346 424
21 0
86 251
71 140
288 56
207 100
130 399
33 407
303 375
435 117
7 441
355 360
191 35
388 210
465 59
483 1
1 311
415 4
496 440
348 486
438 137
36 407
166 420
296 69
39 469
263 83
295 46
81 118
329 338
397 321
323 294
458 232
88 176
116 373
211 85
74 317
224 2
422 462
383 391
212 70
153 422
320 475
446 300
490 402
223 275
421 387
471 398
75 231
104 60
497 191
360 168
170 71
33 85
328 92
15 268
191 40
368 168
321 11
265 314
441 311
51 341
239 214
446 22
434 166
210 402
70 431
354 70
7 92
185 239
8 335
228 200
220 199
62 448
262 393
57 180
373 55
269 108
482 464
131 215
118 269
200 341
263 40
133 55
294 271
458 170
222 154
205 186
486 294
188 268
300 100
155 245
205 173
137 425
492 39
308 120
313 462
3 361
416 77
348 488
158 62
69 306
345 380
174 274
394 331
432 214
311 194
219 87
364 16
408 357
329 209
171 68
429 143
220 26
14 197
112 420
226 172
404 181
455 71
403 431
145 350
44 187
274 457
325 116
473 491
200 233
154 154
297 371
398 83
133 369
289 264
437 245
426 16
439 193
124 233
83 194
381 270
227 480
96 8
499 404
138 421
75 199
422 144
227 225
94 172
437 360
457 236
252 226
271 235
469 191
238 396
18 52
384 119
127 245
1 332
105 126
177 491
135 33
258 452
124 215
427 204
440 413
491 385
120 44
88 263
159 89
494 326
445 177
274 230
63 73
51 127
119 168
53 81
33 254
469 311
368 157
423 397
134 308
205 414
177 254
196 293
119 188
217 190
272 416
489 343
471 187
356 393
474 90
196 409
73 7
16 166
415 441
101 439
206 49
303 306
99 383
424 351
41 70
487 493
337 166
353 328
221 160
102 61
323 47
406 298
316 396
189 423
214 231
280 142
301 420
156 436
287 252
323 432
425 181
347 162
490 114
126 52
114 64
463 228
27 437
185 370
145 195
427 226
220 211
484 59
495 21
274 492
424 135
316 449
463 201
316 15
419 453
369 442
23 33
470 185
55 402
97 7
233 52
115 24
84 454
327 99
443 431
66 453
402 367
69 234
101 217
171 237
31 21
406 392
77 406
308 229
236 484
388 406
282 322
128 4
455 366
150 455
261 399
266 68
303 15
233 187
276 256
129 404
148 160
66 36
265 226
62 375
281 353
27 451
455 63
282 155
463 410
309 432
352 224
239 428
467 7
264 324
80 244
404 245
281 229
307 470
197 398
104 369
320 330
394 131
287 127
38 28
312 102
178 199
127 164
172 269
94 95
191 288
33 174
403 95
417 167
65 62
432 467
297 169
301 104
232 43
71 440
42 270
469 235
400 220
341 449
44 424
212 435
110 235
182 245
412 365
428 451
418 330
351 212
316 216
111 4
444 48
170 35
270 338
410 492
441 22
446 252
187 337
424 158
256 149
15 458
409 20
202 295
7 180
248 54
58 175
76 359
394 355
45 246
90 17
39 456
60 383
220 486
496 99
249 496
454 104
477 116
263 216
248 179
85 122
297 496
207 496
351 373
472 454
471 396
204 414
298 10
348 116
216 370
367 345
301 465
433 173
241 278
310 196
318 489
337 395
391 467
193 45
499 242
491 17
431 470
480 47
164 229
100 181
26 380
197 319
344 179
458 482
30 86
427 268
163 200
167 265
310 407
1 212
229 161
131 344
392 161
242 463
144 408
288 194
365 22
202 337
171 210
148 12
132 201
401 75
340 147
54 420
133 2
15 56
252 214
227 146
462 144
52 470
164 458
333 192
381 30
92 387
399 404
105 240
167 383
30 358
279 360
362 437
345 264
478 378
376 97
94 206
28 190
149 498
43 44
426 482
369 276
181 18
110 120
3 286
145 278
138 385
322 276
392 0
230 167
117 222
280 459
149 211
209 308
353 298
132 104
381 279
150 1
473 62
348 260
38 476
362 345
473 176
29 36
56 365
440 259
70 173
236 220
29 220
370 297
402 234
365 3
356 283
345 15
276 330
158 45
243 314
343 372
409 216
434 372
483 465
490 226
446 54
126 226
23 327
61 496
351 425
60 279
294 60
242 405
303 422
89 400
273 46
114 432
304 34
499 400
126 139
45 341
67 73
400 171
20 442
368 314
93 223
283 280
186 239
162 25
278 489
387 251
35 51
437 1
402 339
330 288
129 28
453 376
47 196
138 206
20 67
143 358
139 465
56 426
304 177
18 70
321 434
337 257
258 356
47 274
62 12
393 378
254 191
239 346
404 153
73 229
88 276
93 216
494 79
108 150
220 150
84 478
235 394
102 421
195 345
358 150
380 257
448 103
301 486
139 39
269 206
482 212
428 209
288 76
78 275
425 248
226 298
44 10
431 461
306 147
149 479
236 16
119 29
15 37
76 421
479 154
367 345
54 461
389 147
422 194
294 467
118 348
210 20
333 162
309 141
120 140
8 458
339 209
246 128
401 354
361 174
372 380
193 80
79 426
473 435
402 2
202 267
140 372
35 264
405 473
465 196
7 378
439 326
306 198
405 37
211 207
439 266
198 83
362 484
419 277
131 187
454 174
398 185
449 446
272 285
482 355
85 237
63 341
391 376
413 369
428 296
414 476
412 219
204 112
242 274
461 475
1 373
59 267
66 400
185 8
215 338
427 19
212 152
28 343
64 104
400 293
270 493
64 315
279 182
308 268
96 21
395 121
240 97
349 306
314 306
144 35
54 30
182 424
267 267
223 63
356 331
176 123
290 126
160 241
361 422
443 468
89 309
407 190
496 330
136 256
143 163
45 133
409 50
169 79
142 176
359 392
367 499
477 388
129 158
432 138
458 342
152 227
418 48
378 411
19 266
429 366
351 15
65 474
54 260
288 234
126 48
399 0
388 493
3 229
367 369
211 287
15 325
225 215
478 433
51 455
174 498
365 481
307 25
138 430
164 213
114 278
278 142
487 13
242 166
35 343
130 461
139 99
314 145
78 364
320 293
143 482
463 494
371 360
290 122
188 361
140 306
300 302
315 418
437 287
130 410
371 324
423 261
258 10
375 90
235 189
171 47
41 230
90 486
108 264
126 232
38 296
450 266
36 338
477 266
176 473
150 108
221 399
410 73
15 479
168 137
184 250
332 339
325 77
341 422
6 286
434 467
85 44
234 385
3 122
447 64
172 31
430 97
23 245
76 192
329 390
141 97
288 365
294 473
248 466
252 136
455 254
151 186
423 393
15 237
301 426
457 314
264 325
422 388
432 139
29 499
96 114
479 170
496 384
202 274
262 96
202 454
493 69
462 205
443 416
343 329
496 96
422 152
392 260
399 344
195 325
439 428
451 143
380 418
44 299
395 82
37 158
228 449
155 382
298 42
372 98
46 493
146 368
480 468
165 390
215 379
159 212
356 154
425 110
409 88
170 321
332 156
458 59
441 60
454 113
63 92
437 178
398 109
430 435
326 378
109 447
159 41
48 269
231 367
455 325
498 493
1 126
37 330
242 459
72 331
423 197
375 135
97 212
148 274
4 27
326 474
367 114
235 485
353 267
92 466
311 160
138 91
273 313
272 176
359 16
213 197
184 282
346 440
66 281
160 494
320 71
37 486
324 188
455 272
90 177
189 400
343 402
67 328
356 116
132 191
388 215
349 197
138 73
206 195
190 204
127 367
205 10
50 164
288 29
58 358
258 379
133 248
76 453
69 200
391 432
147 54
103 132
205 496
191 93
298 411
130 233
96 277
442 336
365 498
356 230
461 424
24 466
419 446
146 100
384 341
395 390
22 383
379 350
444 79
342 422
8 94
371 473
309 456
454 165
248 26
302 311
277 209
156 326
278 197
38 154
396 162
45 285
135 270
349 276
51 431
25 192
165 411
367 397
414 326
352 321
484 162
372 155
333 114
311 380
34 112
274 201
338 283
53 172
448 325
257 403
447 351
262 134
383 464
142 129
303 298
460 346
353 287
401 332
64 187
299 64
117 99
234 425
449 307
485 287
42 398
101 94
228 341
305 364
345 112
410 299
146 0
140 370
55 499
186 41
458 119
70 337
115 427
87 304
92 64
314 72
166 486
328 416
132 394
358 485
285 329
330 268
491 431
430 470
363 46
17 469
158 173
101 440
244 273
338 188
112 188
27 152
420 278
24 355
340 52
234 383
3 125
408 64
34 494
392 191
160 249
423 410
202 170
444 376
64 298
339 134
138 176
306 366
73 59
463 330
65 413
391 197
113 69
415 151
342 499
249 308
70 354
25 24
400 272
70 469
455 464
492 261
127 93
152 150
332 200
466 468
17 398
319 209
360 131
482 234
394 203
57 231
255 464
88 82
403 155
471 11
272 358
452 315
465 252
452 456
276 298
48 270
479 294
277 367
453 192
395 259
343 348
312 304
239 450
106 253
264 142
353 429
245 388
140 305
113 62
212 445
215 242
36 260
479 47
239 165
276 433
281 486
142 119
70 445
198 381
376 28
309 314
203 229
386 406
469 343
140 351
93 181
294 208
255 481
498 273
206 346
184 275
394 487
285 178
412 316
196 483
150 288
369 6
412 353
48 107
310 233
415 189
397 256
237 61
334 4
202 88
363 41
380 386
416 109
426 165
1 328
468 474
480 151
4 337
296 245
478 404
445 107
215 245
306 342
198 304
392 141
34 400
138 255
365 414
432 55
383 143
117 433
84 352
41 450
195 440
196 190
297 173
419 142
336 364
168 77
218 35
435 61
316 252
19 426
481 33
28 451
236 216
68 146
448 172
112 462
152 143
316 160
302 301
165 87
165 139
26 333
394 235
340 313
239 63
448 211
162 72
289 477
475 398
70 209
171 423
66 34
194 175
476 234
322 349
340 493
179 339
426 218
31 425
488 118
329 271
195 437
414 491
241 484
194 389
312 311
197 217
393 230
464 244
445 221
67 138
329 285
3 246
171 256
374 386
9 160
449 204
47 205
189 215
456 289
452 235
305 120
350 2
246 50
271 314
305 191
328 190
436 134
390 183
69 108
120 117
173 431
136 421
136 220
361 177
413 92
212 314
316 218
120 414
80 414
457 243
434 385
20 137
172 370
330 262
231 93
24 450
371 404
477 160
338 359
451 338
4 103
173 15
429 172
86 293
36 362
247 395
32 322
193 119
382 56
150 23
326 113
370 174
187 49
409 347
185 377
480 212
80 42
214 5
150 361
223 301
48 38
361 471
90 433
489 406
281 324
290 139
166 107
9 160
359 353
230 270
482 396
438 62
419 62
424 153
306 69
107 499
470 354
139 320
226 413
237 129
120 8
467 27
39 286
491 328
98 398
147 221
135 433
495 85
238 54
475 271
271 396
103 435
255 93
6 242
223 334
194 96
123 344
482 13
342 15
413 474
195 292
225 60
498 183
89 73
344 88
485 65
0 467
413 88
182 107
293 271
367 406
250 487
353 343
358 232
206 195
487 123
36 254
289 65
138 34
474 378
295 334
302 459
399 147
255 67
338 82
488 48
388 58
401 238
322 241
288 111
234 381
135 127
192 122
156 276
154 330
165 483
442 450
97 319
386 194
276 204
105 76
134 264
354 493
86 387
498 28
409 226
353 233
355 396
172 398
80 364
347 327
129 97
416 141
335 78
283 154
83 463
79 388
233 69
457 433
314 171
397 455
188 223
472 102
0 396
112 144
323 81
30 311
452 304
383 447
453 140
103 166
406 388
458 183
468 491
162 415
370 282
358 411
13 411
159 330
326 366
447 271
82 2
306 329
128 386
26 41
59 82
322 130
165 317
308 280
47 133
416 322
233 418
181 126
456 247
113 340
463 134
136 412
241 397
135 295
188 370
304 162
144 248
65 126
259 309
294 374
196 306
76 210
188 282
381 257
449 496
131 494
258 264
161 119
266 351
221 297
311 455
55 377
356 307
116 120
346 115
421 262
473 395
177 498
107 13
10 58
404 57
173 493
112 162
13 335
484 231
38 87
316 295
454 93
213 172
287 70
332 60
307 61
411 157
23 484
394 370
279 33
26 298
312 453
140 490
73 177
116 124
271 111
204 433
105 225
147 418
330 245
158 331
341 137
473 421
143 364
249 367
17 423
376 127
117 329
358 368
492 191
302 475
260 115
192 359
277 217
462 191
374 459
448 472
245 215
431 421
288 389
312 32
159 157
338 40
408 129
320 196
171 252
219 474
185 431
149 263
454 314
273 463
288 328
396 221
494 33
274 179
212 134
291 438
478 371
0 129
326 238
342 172
499 349
133 413
176 184
351 134
449 130
311 124
198 89
475 59
238 192
327 249
188 450
174 470
100 18
109 26
199 278
479 451
217 50
86 112
98 393
376 437
414 400
489 39
98 112
156 464
66 336
287 335
306 254
124 313
339 258
388 233
37 390
440 367
332 254
499 27
316 282
182 227
266 230
194 172
488 364
53 351
38 54
160 192
5 196
454 285
370 344
235 194
62 407
13 27
406 246
28 365
92 223
305 211
235 211
427 0
203 223
130 480
172 241
438 290
75 177
374 244
439 446
205 461
488 353
99 71
436 395
470 479
42 28
91 275
275 277
353 19
499 330
72 483
273 24
53 362
106 201
147 427
240 45
250 352
423 229
124 349
181 211
92 446
221 223
1 183
202 349
179 206
189 54
78 103
465 314
15 131
411 72
469 162
367 151
232 220
421 142
206 208
154 102
326 298
481 376
77 179
237 36
90 256
360 426
92 20
3 325
249 108
122 266
270 71
291 341
336 2
211 64
167 42
340 365
93 345
376 173
61 170
279 113
391 3
23 491
316 483
443 379
145 418
489 66
259 267
270 132
196 95
137 333
198 215
412 329
355 144
166 288
401 416
272 445
436 144
128 147
26 105
23 71
489 24
291 364
348 249
196 413
246 44
112 186
15 297
293 24
313 222
491 459
405 66
211 263
262 193
298 191
114 289
165 173
389 104
205 308
74 237
282 401
87 320
469 246
270 455
29 262
74 435
2 20
135 331
24 65
108 398
39 323
348 222
178 204
364 238
475 235
137 438
111 109
355 76
383 432
47 478
413 413
433 121
452 267
332 421
319 328
151 292
15 358
414 0
90 45
281 130
421 65
27 270
346 32
316 382
360 82
495 363
336 126
393 280
201 140
469 78
370 372
82 472
324 237
283 348
479 414
332 64
186 400
284 359
93 384
466 452
168 306
432 461
94 4
497 325
403 147
20 466
438 126
363 454
303 263
29 146
62 134
386 361
72 248
133 22
474 166
472 451
265 142
499 404
81 359
6 496
462 337
463 378
333 252
15 326
325 488
122 397
258 387
488 8
382 331
349 473
424 356
499 321
77 189
400 498
494 10
347 407
137 308
60 162
341 470
310 428
325 166
405 432
292 435
118 245
218 174
383 467
140 143
184 234
232 69
80 85
344 78
238 279
442 481
304 298
226 135
153 114
399 403
191 410
156 43
70 309
129 374
369 305
39 269
191 406
491 123
201 271
50 187
168 291
89 344
479 324
291 168
423 132
395 42
437 114
276 51
277 359
164 405
26 499
405 203
326 217
488 248
435 379
170 391
235 455
132 112
280 67
51 423
317 55
170 446
349 254
114 446
203 127
126 130
334 229
447 383
131 12
392 287
178 418
225 414
26 266
185 357
132 158
214 88
387 301
56 236
34 236
363 22
152 237
466 341
224 338
351 265
53 207
477 95
9 83
201 203
412 388
398 238
327 397
198 112
348 214
450 106
480 382
471 166
7 485
323 438
203 84
291 26
473 108
192 269
324 335
223 245
484 236
133 121
86 311
377 184
290 286
21 327
493 123
108 492
282 353
437 283
162 338
446 228
349 135
322 490
88 173
262 45
19 72
235 247
431 457
243 112
291 74
197 116
461 137
490 157
292 243
81 279
359 454
442 380
370 209
234 264
162 458
382 496
244 33
490 117
81 27
453 85
54 225
362 2
159 15
110 204
483 304
258 192
424 194
403 52
317 146
457 490
486 331
364 339
309 82
462 206
143 390
115 415
418 197
64 329
385 429
233 175
219 368
63 492
396 143
289 318
308 65
396 246
438 147
81 112
170 247
489 43
459 314
11 457
286 377
306 428
103 172
392 392
384 322
317 307
478 132
198 106
205 138
285 446
59 143
390 219
262 81
395 231
188 73
302 259
187 327
351 109
1 290
464 95
403 237
221 281
239 233
371 419
218 444
439 9
228 129
210 181
413 342
416 106
217 453
280 218
179 404
46 131
227 32
121 10
291 482
215 343
114 382
327 438
447 332
313 266
300 27
370 24
482 213
166 286
356 199
455 447
430 36
68 1
11 9
343 42
385 154
36 410
349 351
184 215
334 148
28 497
373 134
347 398
36 355
406 365
164 244
280 361
214 447
456 201
243 225
231 152
62 480
331 120
335 411
412 367
217 21
155 440
190 90
298 354
220 78
322 204
418 236
183 103
156 132
210 492
144 399
379 293
413 206
470 210
78 101
122 234
174 147
237 278
132 216
294 35
92 204
293 116
71 362
346 476
320 227
126 56
350 316
23 357
420 263
364 345
79 350
497 487
117 105
321 86
474 101
306 115
231 66
280 451
427 303
30 126
35 100
416 9
218 385
0 291
488 138
340 217
56 67
24 337
276 25
126 345
460 250
168 284
235 44
199 448
426 15
115 81
90 461
198 383
175 161
299 51
120 15
83 492
181 28
53 107
305 457
207 179
316 117
161 375
175 51
66 212
294 102
415 33
417 384
397 466
17 444
459 49
41 489
17 394
354 222
32 70
101 159
276 239
467 417
321 290
2 142
96 387
421 296
33 12
478 190
134 430
479 347
336 445
340 372
95 353
275 194
205 479
218 228
498 333
123 37
180 319
206 478
126 128
492 479
21 11
294 470
169 155
101 125
498 5
210 293
339 445
424 485
66 44
377 494
32 64
383 353
183 64
192 441
273 309
173 185
7 294
450 467
92 177
34 403
48 90
387 245
82 387
431 311
306 148
212 160
365 190
106 95
389 48
210 298
335 162
456 383
350 195
224 258
13 294
237 258
3 61
300 124
436 86
86 231
244 94
136 299
246 109