9900
267 486
97 487
100 183
214 339
480 435
348 41
227 104
334 65
150 132
461 315
408 33
235 196
247 79
136 405
422 406
244 244
231 190
225 341
32 183
118 439
481 364
468 318
383 60
192 303
118 385
418 5
202 378
309 154
411 301
207 297
41 334
376 451
145 124
159 101
393 177
42 129
299 226
286 362
165 183
68 330
336 135
365 339
345 38
339 27
324 256
442 399
202 218
194 318
272 347
377 206
335 17
243 271
133 135
170 381
211 151
286 90
429 47
437 4
31 126
235 129
380 207
425 177
348 82
282 472
178 120
489 11
282 365
352 232
113 415
66 374
465 176
224 205
209 246
225 13
494 240
447 460
137 374
309 225
49 485
457 443
454 79
444 446
30 88
3 149
23 495
172 422
479 340
87 248
113 188
280 312
272 108
334 79
156 261
99 143
438 205
136 56
355 392
480 81
230 385
233 336
110 105
446 405
5 89
129 385
197 118
226 261
192 321
434 413
56 201
258 33
442 347
239 395
328 149
34 72
260 58
15 119
376 370
311 461
346 381
0 292
405 395
68 78
343 449
150 3
388 400
247 409
304 330
479 338
262 132
42 366
337 22
244 409
371 214
95 407
51 69
465 447
378 456
406 385
240 221
473 56
317 129
311 220
411 473
457 143
361 173
48 499
409 198
412 144
52 132
201 8
455 103
412 18
256 185
407 170
78 496
477 380
453 396
221 289
284 216
389 179
30 145
343 289
434 291
423 256
116 338
293 477
347 423
109 57
227 455
452 16
396 158
54 281
70 201
417 275
306 354
499 159
448 337
128 195
451 234
424 404
381 67
490 70
127 80
36 451
467 207
365 340
121 216
417 271
398 44
250 187
346 205
42 102
297 146
233 22
426 100
167 157
79 159
240 9
461 207
414 128
468 280
348 131
402 441
485 118
305 300
357 236
338 151
149 399
422 487
87 382
392 200
360 254
115 471
30 452
80 428
61 296
427 400
193 409
27 181
482 179
267 184
187 339
91 105
444 337
71 365
65 31
137 463
287 425
229 252
33 317
114 309
61 94
355 41
223 255
286 235
419 57
248 53
10 459
296 191
56 454
485 367
183 474
399 122
226 470
287 481
142 111
57 401
295 204
311 413
0 370
279 97
150 271
230 27
219 12
466 26
246 127
101 303
277 429
399 353
334 3
115 38
292 476
180 172
437 87
309 343
440 437
209 88
115 442
454 291
318 186
314 272
75 416
197 415
120 204
208 96
486 454
431 175
347 278
365 463
159 137
74 174
114 99
394 135
427 230
268 348
473 97
365 82
350 400
105 62
158 470
277 165
340 496
275 60
375 187
176 492
19 34
134 251
238 133
215 28
228 17
466 484
418 53
454 331
393 120
443 59
224 403
400 220
280 416
455 175
19 155
42 132
235 38
24 176
56 473
343 239
223 136
190 309
141 494
114 144
55 34
438 57
129 131
47 190
217 409
417 2
486 236
275 459
487 221
47 151
390 395
31 390
51 466
460 221
217 44
79 426
484 124
255 369
411 465
375 154
9 128
364 144
455 495
69 491
142 294
189 468
210 33
351 72
146 261
306 163
89 363
488 237
458 425
391 95
102 369
497 118
114 111
458 361
205 69
215 379
347 347
232 404
328 57
319 435
98 474
338 477
66 40
465 178
125 24
393 208
178 227
190 242
455 292
213 1
380 160
360 428
184 80
137 444
380 13
487 308
137 330
370 177
207 203
227 188
248 333
60 472
214 427
71 103
104 170
182 137
417 336
416 42
339 102
467 54
214 71
401 306
336 352
55 124
164 43
376 135
107 264
43 289
392 322
344 115
104 348
184 26
421 21
475 453
7 112
183 442
101 73
425 436
412 437
480 481
116 428
193 357
498 75
397 236
203 242
90 93
472 307
181 126
79 245
357 156
451 438
12 392
328 52
489 437
270 241
21 469
178 238
314 214
303 28
270 63
9 6
166 360
339 481
226 347
3 270
209 83
327 306
358 221
10 155
248 347
169 133
223 270
336 199
228 389
305 139
146 498
211 314
295 164
11 402
172 373
308 366
173 381
454 135
142 383
83 317
302 391
13 252
303 377
267 349
489 383
234 72
238 487
3 297
199 385
258 366
232 223
105 418
53 257
493 411
80 47
290 76
180 234
112 303
5 483
367 379
303 346
333 453
250 41
426 188
54 449
172 36
306 286
396 129
393 211
258 389
465 473
60 49
352 145
480 172
51 209
55 199
152 206
247 240
428 402
203 25
413 482
121 228
209 219
430 17
258 102
428 40
89 75
72 488
160 294
3 404
104 63
269 411
151 108
11 368
245 80
414 66
294 10
229 35
404 4
458 11
51 14
89 386
226 493
287 13
418 386
301 142
405 374
482 422
142 57
489 345
412 387
397 403
291 206
62 478
489 195
62 21
259 393
386 151
17 486
224 25
19 435
309 378
300 425
334 143
489 443
182 323
78 401
459 432
410 369
417 374
395 252
145 479
482 6
344 383
260 499
286 69
447 131
408 447
91 99
394 242
417 80
333 77
9 496
217 292
18 419
23 486
465 265
272 20
255 300
151 116
37 367
499 290
89 484
436 259
2 180
112 330
259 419
267 297
442 268
40 337
323 460
226 63
436 141
441 498
466 191
59 444
234 4
340 410
169 324
356 276
107 23
295 321
118 366
487 62
399 60
21 27
442 223
364 99
97 378
422 157
453 63
419 333
243 188
364 260
36 264
288 72
393 495
214 83
145 364
424 201
80 397
472 297
396 374
105 188
197 345
261 27
360 150
190 180
440 455
219 406
479 477
324 7
90 224
88 38
239 88
337 365
14 319
194 309
349 411
108 151
178 46
196 369
50 390
345 239
145 342
171 64
72 124
201 496
34 14
454 289
6 126
297 291
452 21
284 343
494 301
347 392
114 172
62 396
135 164
358 259
324 280
257 30
378 248
114 458
99 264
390 69
360 106
479 188
31 165
466 263
155 26
50 314
62 121
285 465
224 197
329 496
378 400
148 86
396 256
372 115
184 496
454 263
303 396
61 285
48 334
212 380
46 55
177 263
80 108
157 314
310 304
205 486
425 40
148 205
320 321
169 21
284 4
253 475
260 87
273 166
46 160
216 338
453 92
200 245
59 33
337 357
196 222
262 394
100 121
294 263
284 420
277 316
291 68
7 382
48 404
64 132
470 447
39 132
377 423
456 92
301 437
11 146
40 497
470 125
388 492
265 265
433 172
92 394
276 76
480 451
84 176
123 45
177 406
182 163
107 407
344 490
136 408
258 207
332 29
373 228
345 221
245 138
32 278
355 190
141 308
485 187
84 77
484 460
475 114
21 166
8 82
491 365
424 145
26 101
329 256
329 399
390 27
157 427
117 422
83 12
52 258
336 420
380 136
250 172
190 356
290 271
488 198
195 281
382 412
21 221
473 64
91 202
129 363
285 248
113 246
357 368
140 165
153 193
217 21
229 404
175 407
105 19
153 164
428 301
374 387
451 449
152 347
62 394
495 133
380 200
420 460
477 89
134 61
82 130
34 351
258 163
182 62
78 215
368 335
223 6
308 243
442 26
273 312
445 5
57 268
80 177
266 477
38 57
187 400
251 472
135 74
488 361
429 170
5 66
424 297
40 80
459 232
396 335
192 232
352 194
371 249
226 432
341 490
390 117
441 380
454 494
207 77
99 294
360 136
434 104
37 285
369 326
161 496
228 118
312 205
454 432
364 35
25 33
150 205
437 268
114 443
372 244
38 321
310 471
76 399
36 96
422 465
461 257
227 436
141 189
473 39
427 448
481 337
394 452
72 483
426 331
75 186
360 299
122 466
365 22
118 198
15 253
362 392
180 476
17 90
481 174
122 490
179 408
213 455
438 73
257 137
176 216
367 184
150 388
410 490
40 367
472 380
124 56
32 335
277 305
479 402
392 258
19 101
56 72
497 84
221 346
414 106
291 397
137 282
124 293
13 47
279 164
72 485
172 404
209 457
359 449
60 40
493 103
175 79
15 49
247 25
131 236
486 161
295 274
420 123
23 419
84 433
270 154
58 156
465 443
244 119
159 324
428 304
235 152
53 455
480 250
339 300
314 464
90 177
152 109
29 10
295 27
182 465
473 418
361 240
360 439
263 457
262 19
24 191
499 349
452 77
378 479
295 291
468 44
153 386
248 472
0 182
147 396
314 182
422 121
60 27
484 134
154 175
219 98
448 178
107 218
49 400
43 485
29 345
83 363
335 35
217 183
431 335
369 217
190 97
124 292
426 102
277 461
411 432
462 348
66 211
463 70
407 468
165 6
221 289
324 248
283 57
244 393
462 67
164 114
258 4
106 141
102 36
321 236
436 365
77 135
57 3
471 40
399 465
106 136
236 120
177 282
27 371
438 274
240 342
346 103
244 350
386 305
393 198
63 59
195 329
184 140
33 104
69 155
143 432
52 27
309 231
103 82
356 189
31 393
496 448
298 229
34 92
290 36
96 279
461 206
346 143
247 145
153 379
163 169
48 296
380 216
298 210
399 483
376 6
454 282
11 225
317 252
288 398
29 460
166 236
231 490
136 364
96 331
352 289
437 259
475 400
110 317
300 125
131 9
291 29
106 85
189 155
53 423
235 330
418 82
73 401
266 2
333 61
350 362
121 185
85 287
105 449
74 48
409 257
138 58
495 53
208 244
20 185
367 113
47 255
157 285
139 472
33 423
137 472
9 235
23 258
207 447
495 480
237 134
192 404
457 376
472 187
224 17
130 492
248 443
81 178
2 405
180 220
193 388
123 317
75 202
1 498
478 135
121 496
253 68
444 165
204 210
228 416
261 429
224 210
240 9
414 305
26 243
131 94
263 71
125 106
105 190
325 127
123 83
151 298
463 376
439 447
216 168
449 19
229 477
486 173
479 470
213 252
198 5
76 196
302 461
151 201
180 407
343 329
127 304
32 494
294 91
111 323
342 10
487 60
233 72
42 325
77 212
69 107
155 275
236 497
199 309
69 239
68 379
35 412
258 48
139 420
243 52
62 250
162 86
158 401
226 395
460 52
11 303
430 29
27 166
475 166
258 78
309 44
308 326
374 197
117 67
119 365
467 360
298 34
435 129
377 456
360 14
317 337
366 371
37 248
266 245
175 365
261 24
203 485
182 70
489 429
295 151
363 108
494 114
244 162
470 430
444 121
310 331
202 113
213 28
274 92
309 332
208 449
286 70
492 263
193 468
471 481
442 340
454 335
497 436
218 50
23 467
150 14
128 333
362 205
297 193
25 488
437 458
28 86
349 76
396 373
354 42
382 368
203 296
233 189
239 200
19 451
466 263
96 170
375 446
491 310
298 24
482 369
455 88
164 362
235 304
199 60
428 442
238 433
122 131
183 323
275 362
125 203
373 93
391 73
384 100
476 382
251 182
270 458
172 58
363 434
347 260
202 414
347 275
259 440
264 470
184 442
497 391
336 161
234 370
322 227
461 118
153 298
108 65
123 423
210 281
393 338
252 409
184 95
387 100
422 443
238 3
394 458
119 235
458 82
161 353
324 280
431 123
40 477
252 39
172 163
2 314
223 65
12 254
206 408
203 400
255 480
438 441
177 2
84 57
263 487
267 246
221 87
416 198
90 261
276 168
335 114
32 278
385 58
318 44
296 91
424 374
167 404
406 362
272 196
183 490
88 35
474 451
1 161
274 390
410 443
58 51
181 245
304 442
338 66
10 474
348 487
391 434
148 16
64 297
139 272
307 248
51 80
93 281
23 52
348 368
271 434
179 258
200 452
371 335
310 38
25 381
167 10
378 416
65 167
440 443
43 57
137 99
233 94
498 230
98 256
190 346
104 221
174 370
57 156
47 45
278 219
230 72
341 297
464 460
255 258
315 256
356 298
392 452
35 89
345 391
89 485
207 388
110 194
202 233
130 167
387 249
174 260
57 469
429 367
125 373
130 185
335 441
245 338
427 228
119 280
118 124
12 60
254 325
58 122
142 309
58 40
300 29
350 232
99 209
82 279
316 77
370 64
402 152
232 115
248 181
158 203
263 366
43 170
145 370
179 453
493 287
168 89
174 293
2 18
149 125
202 436
1 318
322 72
40 255
289 54
109 288
6 447
117 372
94 49
2 114
253 273
215 347
492 273
143 389
14 494
282 293
463 69
141 135
391 285
191 33
321 180
127 300
24 327
228 96
63 119
244 82
429 316
90 459
200 421
267 85
230 67
136 50
185 193
330 129
163 428
108 21
173 336
16 87
36 50
21 244
327 99
415 265
77 108
30 357
443 129
196 149
199 173
219 332
462 237
165 49
71 477
313 126
65 96
146 329
426 101
200 167
285 105
213 468
325 214
343 95
245 120
146 40
372 296
33 365
266 186
15 51
29 189
286 181
10 94
196 284
452 288
393 396
364 89
303 459
406 42
14 146
186 151
448 160
377 411
449 333
236 144
333 317
498 265
360 471
256 360
149 56
452 60
149 394
353 169
211 304
450 260
263 225
238 489
252 63
249 467
111 201
18 485
251 297
120 368
229 111
19 228
288 378
124 323
492 289
93 478
90 55
133 44
385 205
269 371
338 137
190 370
355 302
451 61
429 106
69 71
152 158
36 440
264 440
82 161
491 108
164 175
71 433
490 297
20 456
445 111
481 358
12 136
197 337
295 463
387 126
285 217
157 39
331 173
186 421
382 413
441 29
314 46
195 12
321 305
268 215
425 266
402 250
439 438
253 451
78 86
155 492
383 215
240 313
86 215
128 427
308 468
366 421
434 123
280 61
128 255
373 400
2 54
344 128
79 441
380 97
442 9
224 35
200 325
40 465
244 139
459 21
442 52
27 326
239 228
335 159
60 368
274 209
337 62
356 118
67 268
278 236
123 9
335 2
319 176
315 375
248 63
116 274
452 191
271 143
303 192
412 107
316 215
277 186
304 5
125 133
221 223
233 403
258 197
373 68
295 77
141 188
314 396
439 109
252 267
459 210
317 407
122 371
409 485
490 252
237 65
288 116
371 459
156 21
441 129
207 381
69 89
485 200
309 383
150 424
134 413
173 461
184 304
289 147
399 93
158 132
248 489
448 299
320 471
101 456
189 114
55 160
212 258
493 40
316 373
138 496
309 302
106 311
311 494
439 248
380 62
51 450
249 480
451 351
307 421
387 404
416 496
106 442
334 128
1 452
300 2
305 140
303 109
455 263
363 114
177 247
197 243
223 228
80 298
219 27
431 239
88 459
401 348
328 46
350 88
90 182
322 150
112 247
363 477
444 67
166 226
470 121
201 363
161 45
72 133
225 233
192 4
204 165
63 445
33 32
214 414
64 124
371 388
366 28
96 86
313 310
283 114
478 283
180 336
322 491
224 253
109 47
64 268
214 313
345 127
41 247
223 412
300 458
486 447
33 18
180 434
49 346
481 463
152 379
370 162
267 474
373 447
67 376
189 289
416 281
381 386
298 310
268 104
403 451
469 106
393 437
135 2
317 294
173 117
131 469
295 395
194 398
274 20
309 262
395 315
201 226
388 276
233 352
303 8
114 136
73 124
126 359
153 209
178 444
265 326
74 161
59 61
433 268
382 185
0 243
469 278
54 53
405 209
217 139
276 60
37 331
191 201
262 15
311 196
375 292
453 77
490 449
69 364
49 423
18 452
230 401
455 339
48 136
128 212
125 265
449 256
457 14
29 140
188 72
364 341
270 63
364 170
34 112
387 434
386 84
337 406
245 468
456 292
357 294
411 84
340 334
348 360
352 150
74 377
70 41
104 290
460 192
156 469
255 495
431 44
302 493
313 120
413 399
45 269
206 122
456 457
317 398
400 156
385 170
211 474
117 308
0 167
488 77
424 9
53 243
88 207
328 207
106 401
23 93
67 4
461 229
479 375
31 278
300 380
206 416
224 363
31 323
401 77
86 371
467 177
237 491
198 55
309 65
10 156
160 332
413 77
452 121
252 392
124 335
251 404
268 331
154 328
405 151
22 407
437 343
334 489
397 174
91 384
392 206
390 101
178 53
26 303
47 482
317 130
35 172
3 420
248 155
306 9
269 5
348 180
22 206
380 34
418 419
477 323
424 311
216 367
170 454
288 94
225 217
241 105
377 112
267 244
106 478
483 425
105 375
81 184
70 127
398 313
488 341
4 375
242 412
218 220
314 264
482 6
463 391
355 223
320 192
170 474
399 426
153 6
190 357
336 86
399 260
101 235
110 387
151 457
177 205
469 221
79 344
87 303
379 394
86 443
269 51
329 257
263 169
378 482
68 305
417 214
301 319
58 371
328 412
469 209
282 358
54 438
94 361
107 141
436 473
376 193
302 206
227 205
187 417
74 105
319 255
74 492
215 121
385 484
45 43
253 206
496 327
40 307
449 90
415 147
192 237
443 291
496 347
264 170
127 35
290 339
183 299
420 216
52 398
293 157
215 97
424 47
206 211
302 316
463 155
393 69
213 8
355 188
211 61
97 119
310 338
137 239
308 345
95 409
418 360
458 241
140 133
345 234
51 346
354 499
68 366
226 247
287 133
195 81
53 498
337 292
31 215
61 326
236 339
52 8
249 154
288 10
96 389
88 485
484 147
366 442
41 404
38 92
26 328
179 85
377 79
146 16
194 260
452 59
68 430
437 4
366 169
411 77
62 462
110 499
441 398
302 328
272 334
162 192
129 150
229 193
61 6
119 228
287 256
186 71
427 207
377 475
52 293
255 288
139 114
364 217
45 432
266 167
211 170
320 280
474 341
199 402
130 35
291 170
241 269
477 330
305 168
461 206
494 358
324 217
286 485
417 189
208 184
354 35
315 271
464 174
428 289
177 16
186 410
180 320
150 280
448 157
363 308
18 262
331 209
46 194
383 117
301 463
498 443
67 7
34 165
455 31
399 462
373 484
304 86
366 405
62 455
115 166
280 277
338 133
327 111
81 236
199 63
6 234
242 49
214 425
309 276
90 21
357 208
146 463
368 162
469 12
31 282
411 84
69 311
275 101
337 396
311 356
90 388
289 170
95 184
460 356
229 404
465 51
366 87
101 111
124 87
221 70
6 7
318 485
438 75
323 93
449 128
368 135
305 392
76 158
366 252
157 389
292 95
34 122
233 10
449 135
57 209
216 171
8 415
490 387
480 446
74 166
301 282
26 443
453 458
210 454
195 319
266 367
341 487
350 153
140 427
488 299
322 198
113 57
444 330
129 456
122 276
58 203
498 275
233 436
391 451
122 295
15 86
426 389
42 356
135 128
279 182
232 124
33 102
284 198
6 477
253 413
469 128
255 164
100 319
271 340
135 491
430 245
134 150
359 208
336 28
63 346
322 115
69 147
345 355
332 206
471 351
331 438
102 440
112 438
278 202
46 383
128 266
268 328
36 115
495 127
326 372
339 58
58 148
4 261
467 403
107 188
126 438
231 290
229 228
283 343
78 7
273 181
9 58
25 394
21 45
269 21
431 199
348 460
221 489
245 204
244 188
479 352
494 371
451 210
405 223
83 86
267 483
393 208
102 276
173 419
440 476
175 442
403 371
213 375
431 124
165 458
162 176
399 144
206 156
232 202
289 111
94 315
23 408
185 487
258 478
454 358
153 198
422 481
357 56
32 135
445 288
316 197
193 107
115 215
418 399
10 347
14 59
467 456
296 390
368 4
215 54
105 174
155 368
276 27
14 364
5 308
358 459
66 321
389 403
303 33
233 159
218 165
474 247
137 37
42 122
28 357
31 109
477 133
12 39
403 253
413 26
485 260
82 123
27 403
437 323
482 182
199 22
269 52
441 25
147 259
468 335
444 28
161 352
391 421
26 26
52 146
407 292
415 38
293 341
164 294
328 82
104 498
50 28
405 374
485 343
179 405
433 453
305 123
397 94
472 196
195 275
67 25
415 102
443 335
129 208
291 459
457 458
338 247
121 359
202 243
148 458
412 233
209 433
380 217
266 458
233 352
377 313
415 301
136 292
353 210
169 117
75 496
243 478
337 265
361 217
175 391
477 9
295 87
157 186
144 175
27 275
88 377
30 405
49 355
65 18
136 402
398 86
416 63
181 142
359 105
496 42
403 386
326 473
11 198
373 483
110 155
385 401
306 50
405 267
138 207
110 322
260 126
189 8
2 176
281 222
264 361
248 129
455 168
218 74
409 466
474 92
345 371
421 211
330 3
210 178
0 468
94 320
181 112
288 136
358 183
397 421
50 123
143 497
71 357
176 361
305 332
55 150
213 2
5 476
6 43
12 68
388 6
118 106
242 69
105 258
179 453
76 2
499 81
439 71
284 422
106 115
117 442
444 161
489 182
225 450
18 495
353 89
48 258
180 323
81 142
95 137
139 112
45 23
94 490
412 484
451 379
173 370
31 420
102 117
419 20
367 328
269 289
400 220
43 317
460 80
217 124
88 55
79 208
198 133
470 25
404 462
184 421
194 429
47 215
87 296
476 466
108 454
174 246
63 8
440 217
193 23
431 9
217 281
266 10
35 267
81 236
10 292
221 265
480 204
0 120
439 419
373 329
427 47
407 399
468 490
366 347
356 161
294 297
159 425
192 60
297 46
190 273
38 307
363 264
236 370
141 215
44 175
74 366
265 471
314 481
180 233
246 180
329 388
313 40
452 340
238 5
130 249
408 281
397 20
242 271
339 133
161 383
249 383
207 235
69 366
99 21
53 101
490 197
89 234
426 303
161 42
143 16
297 143
164 404
27 194
180 406
142 366
102 341
428 391
258 309
182 497
99 209
259 235
321 441
244 348
390 99
115 257
401 386
290 265
311 417
175 317
36 491
184 317
61 138
447 113
462 171
380 129
216 413
354 139
340 389
488 99
356 230
468 455
220 257
26 258
428 32
23 202
19 464
454 60
173 80
251 401
382 135
49 484
475 450
191 403
354 315
398 179
134 63
172 366
477 207
239 199
401 257
221 114
174 420
353 27
428 347
335 104
440 162
464 236
139 416
83 155
334 346
409 481
348 320
27 81
280 177
434 266
233 181
454 7
34 407
107 307
263 314
476 442
30 204
472 440
447 169
367 55
389 281
453 276
358 89
266 481
99 490
172 200
59 184
92 478
285 445
259 51
345 48
104 87
379 375
396 428
336 326
459 264
40 225
314 412
245 250
241 80
132 197
381 265
243 43
488 325
376 380
280 247
186 221
96 237
165 65
243 493
109 1
226 202
114 149
252 40
472 212
409 345
110 456
499 142
468 205
437 487
86 344
418 217
454 272
189 14
359 120
473 432
134 468
470 200
92 101
165 74
419 417
373 74
216 381
438 373
212 36
381 375
92 299
423 151
17 399
371 113
45 377
197 344
396 32
485 19
93 341
258 150
76 12
245 131
356 144
181 183
58 69
220 414
65 3
402 143
256 82
311 273
469 154
186 361
380 366
207 171
173 326
190 317
448 249
393 436
119 157
78 74
488 178
181 298
441 405
340 83
208 50
56 151
12 177
43 242
265 245
71 102
419 290
39 261
197 220
377 432
359 169
347 455
105 199
105 28
463 398
448 445
448 171
200 4
98 313
58 244
198 215
5 481
94 470
190 44
329 144
313 419
226 188
239 160
40 331
229 344
141 3
26 30
386 442
255 226
322 485
52 313
146 373
343 58
454 240
384 33
304 283
323 197
357 30
213 415
259 249
104 294
324 253
195 130
209 211
48 450
115 383
256 100
10 261
353 99
484 465
100 238
287 140
22 276
191 497
246 235
382 302
407 351
333 206
269 102
404 394
278 317
270 371
484 386
338 280
97 338
428 322
315 198
326 215
212 337
425 17
171 311
14 307
365 79
33 347
94 135
304 290
13 224
110 74
355 498
188 448
123 304
2 468
183 438
127 180
49 248
411 52
359 221
300 425
124 225
212 185
327 218
294 16
443 341
339 405
205 150
454 379
347 328
118 309
489 382
482 98
150 39
260 393
170 362
439 412
449 295
365 151
19 277
118 160
417 462
112 309
40 122
303 67
376 387
121 273
371 365
256 456
349 374
236 368
280 372
19 175
178 82
359 384
396 197
160 329
138 313
288 124
191 178
417 91
216 419
137 390
346 88
462 393
262 48
420 50
77 394
476 439
175 255
304 187
16 72
237 464
441 6
184 25
468 132
404 453
196 185
125 41
434 42
442 439
489 48
295 362
153 66
321 123
311 181
253 125
442 179
186 342
368 383
367 222
176 188
373 271
164 224
266 350
289 99
499 209
423 278
344 294
418 429
110 17
495 81
260 215
57 289
24 446
21 277
466 391
15 49
273 191
42 179
130 39
100 331
110 482
276 376
305 306
324 46
479 267
482 171
460 240
38 39
169 484
227 59
108 135
326 94
126 233
273 368
200 256
90 225
453 162
468 367
265 110
377 144
315 245
337 211
251 127
463 227
287 272
407 43
137 247
481 85
454 115
224 106
183 6
168 314
181 137
247 488
133 299
396 477
188 300
428 233
460 291
63 243
286 99
347 470
56 276
391 180
138 362
368 115
430 321
310 388
376 463
114 410
387 361
162 10
243 75
367 442
185 56
155 430
253 472
100 354
386 161
375 491
459 24
198 243
483 241
204 8
418 359
221 171
181 305
233 235
177 277
185 100
382 362
186 340
47 487
148 286
278 285
310 23
118 89
330 8
368 101
313 386
57 287
444 386
121 239
368 177
129 298
160 53
245 12
499 199
485 292
78 0
375 115
204 240
100 494
447 386
273 468
107 260
498 330
421 404
433 119
417 289
342 63
427 430
129 440
232 426
278 114
82 162
254 6
0 138
25 206
27 299
412 298
480 134
390 410
30 402
43 324
387 299
229 238
178 314
92 210
177 262
277 223
229 259
397 31
90 81
380 422
72 117
103 144
55 53
455 494
318 437
236 350
88 57
223 318
28 266
381 167
390 205
316 158
41 119
52 214
488 131
248 285
429 61
466 352
198 336
273 273
123 368
277 362
180 212
330 0
167 60
118 63
221 410
29 434
0 115
98 82
367 341
402 199
403 148
485 220
493 101
469 110
472 116
180 98
98 4
417 363
426 117
27 35
469 0
115 409
343 322
163 213
412 62
210 417
137 315
268 195
158 130
246 89
187 130
487 279
142 137
255 404
439 68
68 282
191 260
82 35
101 34
96 97
14 365
33 307
354 151
133 301
243 12
495 380
159 430
68 334
238 301
221 175
457 29
289 290
177 149
35 224
321 278
144 132
291 336
339 177
330 497
362 473
205 73
356 209
43 216
369 276
451 281
310 90
232 408
409 451
175 410
188 297
429 497
185 184
213 72
421 24
349 44
469 283
492 54
270 325
453 387
168 139
82 404
165 330
282 314
224 74
371 457
306 265
449 152
76 491
368 15
59 498
281 69
124 380
206 126
13 246
238 11
416 34
364 320
134 81
7 498
456 211
476 231
383 114
458 277
292 312
310 326
395 203
84 443
421 371
118 142
153 435
321 356
28 421
2 37
36 162
225 362
93 344
458 201
331 476
288 416
94 475
31 450
394 490
213 467
109 315
102 331
39 114
36 275
313 419
82 390
252 349
193 159
213 345
174 151
68 44
371 314
265 162
4 402
369 11
178 218
401 330
297 133
408 293
212 185
75 221
422 146
306 180
377 115
119 19
415 51
218 39
53 138
41 335
346 58
128 262
93 376
361 381
174 390
75 270
343 239
385 2
34 266
233 43
414 412
315 352
391 329
468 33
368 445
355 361
123 66
295 335
216 68
310 156
278 243
482 237
240 122
240 367
263 274
38 473
178 177
359 354
387 421
218 327
40 108
26 73
260 15
84 321
478 477
220 394
484 256
230 202
421 224
350 470
296 184
362 389
95 474
395 221
400 482
442 466
39 292
307 469
290 300
129 391
138 120
229 349
403 122
198 311
282 324
361 400
289 430
256 75
148 236
219 3
469 400
192 161
482 9
161 499
391 273
245 142
491 381
3 326
138 246
422 201
101 272
202 283
358 243
479 458
461 358
258 50
64 431
292 450
450 46
171 305
447 193
74 269
95 290
388 429
130 233
5 310
94 83
178 207
17 304
15 10
60 479
262 273
224 476
23 406
63 26
219 46
315 10
152 145
74 411
496 40
350 56
491 2
61 296
453 22
32 431
262 468
93 444
421 24
282 317
343 296
194 345
355 414
411 10
273 359
251 337
393 269
123 453
102 237
259 37
468 55
375 291
87 230
254 468
138 8
156 388
233 333
100 351
213 440
299 11
349 486
255 50
355 94
331 231
268 457
12 442
233 236
466 239
60 321
181 72
460 198
31 190
41 193
485 483
495 254
92 284
186 196
290 199
430 41
499 474
416 198
286 363
455 2
175 252
324 15
213 356
398 136
181 96
80 439
45 166
302 427
123 137
337 488
382 265
239 119
318 233
96 8
10 104
209 403
418 185
393 385
22 483
80 292
83 55
222 12
291 481
470 24
365 414
31 307
279 247
332 271
131 97
53 280
184 141
326 262
0 102
86 71
363 22
429 18
382 299
280 151
28 173
439 250
410 393
492 470
93 189
138 324
104 224
217 43
158 288
243 395
467 158
32 181
199 182
481 461
113 433
458 113
216 141
386 397
219 126
167 378
202 165
241 157
200 158
299 459
354 358
16 42
223 173
356 48
362 274
207 189
155 475
468 165
414 371
349 354
84 133
150 368
25 138
296 392
351 225
436 447
489 57
231 304
353 212
338 439
128 215
42 45
62 283
6 362
68 476
462 355
75 152
142 112
4 100
178 290
238 355
265 466
270 227
292 496
435 475
42 130
28 415
199 84
298 90
419 57
265 366
370 381
345 340
293 12
155 350
57 323
289 393
120 322
170 59
35 264
395 105
21 77
14 275
217 72
481 312
31 136
369 246
439 401
266 215
417 232
55 421
314 326
1 344
255 286
403 171
129 142
220 150
425 2
74 86
250 142
131 55
154 281
35 0
67 93
325 153
74 484
163 232
428 240
378 164
187 183
326 281
431 316
318 398
336 208
203 244
152 86
368 334
334 306
399 255
408 254
90 76
308 334
426 253
269 236
271 304
438 309
125 449
199 221
282 296
392 35
122 485
319 396
202 342
97 5
259 453
381 357
191 350
455 41
129 117
273 77
386 401
202 211
285 363
11 402
289 67
404 404
152 263
105 223
80 207
12 54
411 340
42 394
435 454
71 349
426 417
170 345
408 312
28 372
126 45
464 39
295 416
31 368
91 448
155 489
395 172
364 167
413 307
113 258
459 201
118 185
382 386
50 288
12 142
188 430
470 139
407 152
21 265
65 438
279 464
488 220
240 175
334 204
462 153
354 447
484 422
160 324
112 366
9 62
493 125
116 49
201 315
80 375
165 74
391 498
218 445
120 379
84 310
316 454
253 398
320 22
347 238
104 332
247 311
288 465
14 240
55 404
279 68
494 487
485 445
242 385
265 56
218 362
168 201
99 34
57 421
159 272
104 256
67 116
433 351
443 356
112 448
368 350
190 392
189 362
100 175
83 431
145 365
66 302
188 165
438 165
437 245
1 98
66 394
97 421
277 499
299 393
243 389
133 167
382 433
461 322
105 482
199 44
198 102
267 117
134 387
484 58
156 424
318 338
259 74
73 267
160 36
277 225
244 404
189 411
85 126
460 150
47 43
145 159
128 245
484 265
323 263
187 469
159 331
257 357
476 418
306 182
407 137
393 83
494 152
130 434
85 432
475 91
102 484
81 472
89 231
494 66
387 412
95 33
242 46
316 204
387 218
355 122
205 294
298 100
35 52
484 429
20 472
456 459
283 122
353 37
103 373
137 199
232 342
240 85
289 474
193 56
178 176
323 400
353 236
288 121
402 388
360 124
435 422
397 168
205 218
443 102
154 161
3 81
166 238
213 244
300 455
132 258
10 331
67 307
428 215
103 207
183 331
105 315
483 470
40 354
309 41
202 484
65 463
201 57
301 83
38 266
376 454
137 22
329 239
454 56
115 258
441 410
77 298
268 398
253 413
454 308
144 414
377 156
213 209
292 430
49 367
173 183
205 277
368 310
366 35
145 175
85 481
131 438
336 162
427 251
411 441
355 381
389 56
117 84
367 455
322 410
93 268
397 347
157 150
37 266
441 375
208 34
472 26
40 339
442 161
102 468
201 353
261 310
246 91
46 379
289 465
233 220
67 234
236 131
249 76
451 274
308 190
68 11
350 133
294 460
428 144
497 248
410 482
73 259
138 9
474 471
191 279
365 60
43 110
186 453
227 292
482 489
0 388
373 50
10 202
346 167
267 291
273 195
306 30
39 198
169 444
75 365
425 360
470 292
246 468
112 156
497 325
213 94
496 497
199 86
105 359
150 45
240 225
255 275
473 47
343 146
11 142
2 271
415 289
109 324
332 161
487 222
168 329
326 52
491 165
24 25
422 448
173 26
301 14
413 280
426 274
416 109
380 290
431 270
94 147
309 40
114 426
255 148
52 283
300 433
310 43
492 324
202 232
246 17
298 3
277 12
121 76
218 45
167 353
0 149
42 261
39 161
309 156
291 146
79 214
257 91
267 241
473 101
471 469
324 71
83 121
197 453
498 56
409 268
269 165
278 262
423 311
320 169
315 85
299 111
55 246
487 408
362 174
496 312
236 333
454 320
274 171
228 3
271 124
142 489
251 393
204 272
442 27
112 376
340 109
208 263
171 395
421 47
360 33
218 417
238 448
119 172
28 364
488 347
189 151
44 482
255 440
319 101
477 197
158 431
46 317
212 366
266 218
103 486
403 126
74 322
346 493
209 45
393 374
378 50
32 82
374 422
23 287
336 194
477 1
318 347
65 24
94 383
369 331
457 197
371 124
118 383
429 218
444 327
377 174
108 322
97 262
401 482
28 120
473 238
437 6
382 144
27 2
334 476
25 248
372 143
379 249
319 342
22 308
334 263
438 251
13 442
276 35
7 415
5 157
15 481
125 442
296 397
225 4
252 130
274 102
351 476
171 5
313 170
286 193
444 499
293 224
111 310
225 421
78 118
99 82
24 93
342 76
80 320
303 67
170 332
161 429
434 373
44 332
377 99
98 330
406 321
131 243
164 17
135 208
290 243
188 87
163 166
339 31
450 244
428 142
423 120
346 441
273 357
456 390
72 150
324 406
149 478
495 307
16 313
56 482
421 158
177 245
128 85
181 16
10 78
51 461
403 433
290 397
139 28
31 98
4 211
189 355
14 5
318 36
370 382
41 227
324 292
229 218
86 452
382 262
223 96
29 433
182 478
359 171
269 321
32 390
97 125
130 73
461 111
494 300
27 332
476 387
457 203
7 57
319 43
139 390
175 394
225 20
43 358
179 84
326 164
289 64
137 423
386 271
71 451
283 380
267 451
6 111
168 76
119 14
404 339
233 258
130 79
437 310
394 173
337 469
33 72
495 478
249 22
473 382
114 173
476 108
71 234
310 482
496 239
78 430
40 252
184 164
474 23
48 121
442 221
293 386
364 475
350 141
375 466
491 323
284 341
75 467
301 355
95 238
20 150
402 25
41 412
435 86
60 368
441 484
222 2
330 234
227 438
404 180
355 102
444 247
66 139
495 371
109 368
18 442
319 129
42 272
359 213
81 329
165 271
273 22
108 387
326 455
487 336
438 82
330 343
334 234
106 248
116 329
123 215
197 486
259 443
156 91
420 470
241 89
463 86
325 14
322 71
259 151
86 309
152 198
284 268
16 487
168 390
458 133
471 292
87 7
98 230
200 95
36 370
308 441
308 499
70 134
137 130
439 330
380 223
491 444
283 164
407 8
493 451
95 217
224 464
47 182
129 322
44 247
41 165
164 353
339 349
331 87
269 476
52 122
66 149
165 395
255 349
301 424
141 248
65 248
431 365
39 112
211 60
78 84
289 104
305 242
329 128
456 136
259 98
99 8
404 325
27 117
41 11
260 180
428 35
252 177
141 211
272 292
228 204
309 202
444 17
497 114
251 126
76 453
314 362
39 28
145 70
81 66
98 38
73 193
370 27
238 178
470 363
68 362
64 50
67 229
343 361
487 64
369 446
160 415
443 183
253 200
118 88
127 187
380 217
244 52
230 251
466 334
49 52
102 386
115 113
326 21
437 459
257 313
81 307
342 418
470 24
113 448
135 88
305 92
496 15
118 401
88 79
483 85
471 137
250 86
459 439
250 429
94 397
56 7
277 175
200 250
198 247
188 165
257 185
201 493
247 105
184 171
108 335
472 20
106 432
371 74
3 417
166 121
480 98
273 74
325 258
357 325
490 375
61 45
391 247
205 114
137 138
325 241
261 246
178 297
223 219
137 401
22 227
177 303
230 354
464 450
276 55
282 322
219 118
366 195
161 110
100 423
164 299
397 425
222 426
145 427
328 446
25 282
438 202
408 202
4 168
75 373
47 132
251 357
405 266
229 469
392 66
217 329
255 56
334 114
41 329
127 480
114 221
423 4
58 52
72 332
57 63
47 147
357 104
222 150
471 262
180 451
281 363
272 398
12 388
69 106
438 406
127 49
53 53
105 403
87 464
27 178
177 496
100 426
429 34
148 322
274 400
264 329
79 407
147 388
494 443
349 68
117 433
338 329
84 23
487 443
473 23
19 366
144 151
37 119
293 73
474 186
367 419
178 90
478 446
389 325
246 324
109 91
272 215
90 447
243 356
231 429
295 216
219 250
221 292
365 257
295 14
286 191
281 162
460 464
142 111
436 201
144 388
103 397
345 416
124 194
123 440
156 355
105 271
415 228
485 178
45 132
324 132
146 331
147 457
69 106
159 289
29 357
254 304
72 133
179 451
391 49
404 154
277 400
128 362
40 192
177 113
245 85
268 1
458 243
349 416
57 379
236 360
16 87
72 491
294 441
490 103
109 186
86 394
108 387
431 214
179 149
86 108
461 276
19 207
475 272
151 220
80 32
471 388
231 449
390 43
146 25
211 380
274 256
495 149
363 383
384 278
239 394
170 322
29 200
324 189
409 356
389 476
216 342
291 360
404 447
472 181
61 402
10 36
37 187
422 357
488 253
147 306
481 227
279 318
359 362
219 104
432 269
463 108
320 148
95 254
287 76
331 419
307 348
387 341
51 345
98 310
468 39
118 245
415 449
312 397
353 275
396 383
491 285
285 359
465 163
240 380
152 252
100 71
264 459
156 487
149 315
206 106
352 118
419 324
74 119
394 83
466 427
65 142
1 309
473 350
83 466
70 65
136 235
46 170
10 400
68 203
309 11
129 274
99 13
133 401
484 173
452 379
22 303
112 17
220 375
194 437
2 303
38 264
435 490
243 436
491 297
160 311
437 153
18 290
43 388
61 3
383 379
182 366
383 405
132 147
436 455
258 326
91 439
281 148
85 378
27 24
187 428
81 187
477 477
365 100
103 372
252 279
145 338
95 434
433 380
336 228
54 370
161 94
95 145
23 442
319 180
460 50
238 6
483 42
494 67
292 201
480 449
288 44
330 477
357 383
111 264
134 193
140 18
163 295
89 235
267 39
89 408
267 227
121 179
99 102
303 115
65 391
435 135
112 205
88 117
381 470
15 52
70 367
14 7
94 233
124 104
364 361
441 214
245 131
234 414
30 196
87 389
25 447
152 374
344 489
311 92
144 225
445 327
186 214
300 459
415 281
494 424
490 132
263 287
202 88
284 349
91 84
31 224
450 468
457 35
127 294
20 269
448 124
190 317
128 134
267 490
267 396
28 262
401 257
197 143
345 103
187 482
58 288
256 70
105 8
303 65
334 85
61 175
344 134
121 251
94 472
368 388
2 361
470 248
392 404
359 20
2 89
377 47
117 412
420 133
50 75
12 75
250 385
371 73
176 94
419 492
233 122
335 287
388 87
491 158
178 280
221 351
250 32
444 98
83 219
294 364
440 133
370 306
231 42
489 94
438 260
382 408
195 171
259 218
376 435
215 102
305 54
86 288
238 55
275 382
246 321
307 421
80 38
81 29
475 163
423 70
478 414
85 306
376 25
461 196
299 104
158 28
169 456
12 96
478 407
81 139
60 76
115 240
269 492
156 48
470 97
11 79
237 300
177 448
145 465
69 490
371 296
252 79
175 40
447 116
107 5
434 380
120 168
12 401
449 242
339 168
100 271
71 350
298 337
155 100
91 295
91 224
304 462
354 344
312 331
337 153
34 420
440 123
24 154
396 452
121 473
96 87
437 73
262 167
267 88
383 417
142 210
24 475
171 446
129 378
32 483
403 318
441 66
220 343
296 465
290 469
56 269
342 386
405 346
434 456
374 25
235 317
144 368
166 260
490 315
151 295
114 22
88 54
250 55
373 161
482 46
167 163
402 38
384 361
317 307
332 170
340 43
411 420
32 484
152 77
373 22
45 303
209 339
394 485
498 459
5 119
283 480
371 24
385 185
492 107
278 55
98 177
97 470
454 10
439 129
3 458
261 312
151 48
386 471
430 398
17 384
217 288
164 152
337 88
195 402
457 182
211 325
295 55
417 160
141 102
60 357
21 144
45 174
497 25
275 431
315 279
419 292
297 32
472 84
486 134
168 168
345 443
350 231
391 493
447 120
329 384
29 359
33 350
227 74
5 30
162 2
295 172
205 81
165 92
78 29
49 151
446 99
182 395
240 149
121 74
458 187
46 450
152 339
413 432
314 380
382 270
443 476
58 29
473 0
29 223
227 404
3 79
326 25
26 37
111 66
253 147
97 422
261 151
83 102
482 27
297 398
374 216
246 92
92 284
360 71
475 474
53 439
464 330
368 379
297 343
490 331
105 402
53 440
42 219
246 489
387 376
92 395
488 113
398 190
114 432
406 110
49 89
272 311
42 365
208 492
323 339
241 51
491 281
0 147
136 385
261 98
345 375
488 205
396 185
118 238
200 10
451 376
40 249
467 75
67 82
422 175
226 243
376 15
162 69
454 376
474 150
25 215
421 319
5 366
456 169
31 475
203 157
258 334
410 243
326 225
401 329
424 100
467 479
49 300
176 482
132 355
423 2
174 10
376 344
365 31
358 184
341 248
82 61
157 100
325 344
26 483
435 78
410 450
251 254
236 311
166 279
134 221
231 89
285 160
43 459
143 150
250 401
314 337
437 185
29 471
306 114
45 407
358 93
348 455
266 461
92 84
157 432
374 78
238 388
199 159
162 281
34 195
32 412
97 349
172 321
435 479
238 479
72 332
287 448
409 272
357 405
190 354
432 366
255 64
223 23
304 306
1 385
150 191
40 33
206 99
430 64
43 494
326 169
117 468
240 114
371 379
233 449
316 61
125 17
40 423
81 201
86 197
388 83
468 88
188 428
492 175
169 470
139 388
208 495
461 109
488 448
250 185
246 73
90 418
341 372
73 131
328 274
357 11
452 216
496 178
353 492
462 340
80 374
221 454
63 288
89 35
220 51
476 339
109 466
190 66
49 302
76 115
479 377
445 434
464 431
423 293
486 169
43 237
191 418
207 116
151 254
157 148
339 371
190 133
200 448
250 232
348 101
331 326
112 179
110 128
422 76
245 385
122 260
178 140
257 314
420 237
385 408
132 78
211 224
172 174
406 263
365 274
101 254
433 196
324 65
142 395
132 98
210 239
380 255
421 389
478 137
397 341
419 364
440 381
55 483
98 113
239 462
68 463
11 340
406 354
249 188
138 400
139 234
341 349
90 371
8 262
455 68
284 258
139 227
210 225
190 195
157 160
476 429
122 77
431 487
27 380
132 181
415 18
219 271
143 108
370 309
229 3
113 177
404 366
91 253
300 466
127 133
62 309
386 103
442 36
416 318
351 322
340 400
172 118
226 59
220 167
22 448
125 449
315 488
93 30
496 258
391 393
54 475
78 306
342 292
110 21
343 111
11 313
431 35
94 35
54 157
457 166
467 429
417 83
113 135
393 10
255 461
437 137
443 309
101 367
240 137
100 64
377 83
470 464
499 161
170 416
82 406
335 128
211 50
185 104
466 176
137 78
215 221
382 426
294 10
0 335
251 34
470 100
64 481
142 440
357 416
174 312
440 439
341 9
465 3
179 26
457 431
4 169
95 24
35 386
73 241
276 35
487 325
306 98
38 404
320 300
112 247
39 494
355 405
260 380
407 320
251 292
461 364
240 255
493 408
150 275
162 418
243 278
376 2
406 401
201 266
14 226
72 166
71 53
285 279
99 331
123 44
260 202
309 436
345 1
128 154
72 347
477 291
145 168
69 205
471 51
129 271
437 337
390 53
332 360
43 28
72 431
485 167
455 333
334 146
300 152
351 462
105 224
392 328
33 250
153 462
85 357
194 282
187 374
234 437
465 19
302 129
148 389
222 287
285 104
256 56
371 85
310 108
288 476
79 54
16 174
31 84
367 453
327 77
14 54
426 413
43 331
221 228
368 191
147 443
352 153
91 404
364 223
51 253
307 152
178 482
67 324
129 209
287 286
192 457
222 153
485 118
199 117
309 206
1 67
220 456
212 353
428 311
64 76
81 332
166 372
48 259
321 233
371 177
486 460
113 416
34 209
326 450
8 233
152 487
296 10
363 373
36 360
289 144
328 453
177 222
333 494
80 77
254 154
466 451
367 93
154 432
382 254
339 480
320 391
401 492
217 468
328 116
112 253
58 469
191 440
287 235
164 25
179 367
170 271
364 498
430 38
144 18
350 164
55 483
475 22
490 308
277 44
150 171
140 241
182 208
296 332
357 469
188 312
83 388
238 358
248 447
317 168
333 392
376 168
42 240
49 203
100 33
56 178
419 250
310 196
380 453
274 106
419 89
330 462
173 354
302 68
89 421
314 471
491 422
162 42
245 34
419 63
93 345
447 475
23 13
318 258
216 256
197 93
407 487
342 27
448 80
2 496
467 37
311 316
358 459
493 325
241 455
153 412
239 334
199 100
358 262
18 18
463 75
62 216
95 370
303 256
252 395
432 157
473 220
179 95
273 183
490 24
288 14
348 143
96 27
289 400
270 454
381 160
228 233
455 296
52 323
219 258
415 157
377 3
99 240
275 408
284 372
238 118
113 72
99 438
338 209
16 388
400 108
341 249
45 128
452 149
259 450
107 23
26 27
267 336
96 477
201 395
13 380
452 291
230 126
188 51
291 68
29 204
453 192
172 222
371 351
301 124
499 131
158 260
96 378
355 277
24 192
72 409
200 37
16 376
279 430
351 204
408 70
114 380
454 213
64 287
263 326
309 365
477 263
141 319
96 73
117 348
109 121
10 189
417 162
92 378
82 196
267 295
27 342
56 233
372 482
160 472
190 136
251 469
288 167
241 392
92 236
357 358
400 54
216 220
98 317
366 308
456 33
227 485
218 483
317 283
108 91
227 477
446 298
465 330
74 86
323 58
269 166
220 32
252 21
190 436
97 203
236 56
41 405
240 463
99 260
203 58
35 59
357 282
112 334
420 174
233 186
204 243
276 354
375 425
213 380
83 65
122 162
67 171
487 163
275 160
218 438
497 478
260 105
291 206
380 372
410 212
307 465
319 115
392 435
316 194
260 105
120 251
275 382
397 39
199 262
52 173
151 269
375 49
255 264
488 18
230 487
453 399
14 390
325 272
319 406
363 493
245 79
313 483
23 372
486 62
235 74
344 38
439 239
355 71
89 46
33 343
242 172
62 486
111 256
14 387
233 430
361 378
213 478
350 174
236 236
163 336
226 324
415 359
430 165
211 270
113 371
395 244
83 208
316 457
197 46
476 331
61 430
260 337
363 274
363 462
298 451
127 26
385 376
41 42
164 167
390 252
348 130
338 286
95 283
329 6
337 292
74 305
494 398
25 334
296 357
161 388
414 446
322 288
331 151
318 215
319 347
477 208
346 20
303 167
174 442
234 133
290 363
114 161
347 137
346 139
27 496
442 7
296 441
92 117
184 479
326 262
322 4
24 156
323 169
463 179
312 497
361 49
210 455
444 475
114 58
54 290
298 141
434 348
317 446
277 378
492 2
6 455
111 314
335 382
61 435
284 298
348 226
33 145
472 410
468 477
267 438
79 374
75 417
363 365
95 392
394 140
448 87
254 252
486 59
346 89
240 48
126 131
276 440
350 159
136 101
39 171
397 255
173 471
336 472
365 36
29 432
371 111
216 477
388 125
67 202
102 235
366 159
99 228
387 494
95 301
324 375
131 487
458 222
194 304
192 146
430 411
23 73
402 302
427 91
293 291
26 346
5 248
476 392
238 456
110 216
443 334
321 434
8 74
230 131
277 55
466 275
348 208
362 341
432 251
42 141
488 78
326 420
312 345
302 302
370 402
236 264
198 314
240 409
392 59
114 471
98 170
230 432
274 446
49 92
233 206
136 443
363 221
67 462
117 27
430 221
485 487
153 18
428 35
94 394
217 320
342 60
493 315
113 72
164 267
325 163
106 250
471 462
276 322
349 390
463 393
381 279
150 448
336 386
280 78
250 282
343 349
164 445
17 188
307 130
293 34
284 132
446 251
425 107
350 75
468 275
406 313
114 201
88 56
486 450
84 220
70 89
34 427
467 234
364 403
289 274
259 9
113 425
385 57
132 390
165 235
48 453
154 424
332 14
316 94
315 171
260 401
180 385
471 146
401 148
422 188
49 43
468 181
91 14
405 205
440 223
176 422
346 341
355 183
277 179
202 172
425 444
329 462
460 105
105 301
341 361
404 28
61 390
405 225
430 4
228 310
232 223
416 256
291 431
462 271
295 69
13 164
126 72
178 195
496 438
299 283
163 189
79 56
133 77
81 484
146 415
490 161
270 379
310 406
178 61
482 272
436 325
398 496
43 414
352 428
63 391
80 3
411 79
8 159
496 396
312 89
103 142
21 302
209 225
286 183
307 239
416 269
117 95
9 166
94 12
403 213
69 158
89 483
494 332
229 97
38 490
133 393
47 141
218 6
190 108
347 5
126 497
93 116
282 95
107 454
20 229
387 362
345 89
421 476
73 339
330 2
395 111
105 315
321 443
51 323
180 363
213 251
367 158
105 306
112 149
378 212
426 132
73 117
445 271
463 347
349 370
334 293
460 245
188 291
466 281
145 239
490 499
157 358
16 209
211 263
327 480
465 441
59 254
377 38
385 356
79 340
485 235
332 265
56 445
79 20
111 374
373 76
434 454
163 383
146 302
282 374
168 325
431 247
138 79
435 309
1 375
462 366
131 487
284 294
166 39
414 363
439 130
84 287
22 225
379 99
326 168
346 14
261 494
73 277
438 251
127 360
227 440
279 89
236 210
250 63
279 402
32 16
155 218
296 468
420 178
198 175
189 246
92 44
174 303
406 17
377 464
256 33
475 456
167 387
451 211
113 269
285 82
152 498
318 292
470 448
476 238
336 169
65 17
172 428
445 91
56 79
112 175
131 312
200 87
150 150
271 3
437 264
114 408
201 89
390 432
171 23
192 366
383 7
288 110
201 56
135 233
408 257
422 99
39 392
394 474
329 189
305 166
74 266
355 419
204 127
151 97
463 227
86 195
305 199
107 374
460 7
116 94
193 220
112 390
364 84
126 359
25 45
163 431
203 451
79 371
468 259
486 82
277 432
483 72
299 83
442 90
184 111
331 410
301 229
166 296
155 17
63 292
223 32
483 226
97 278
37 414
496 66
350 375
300 126
61 333
275 451
62 3
413 459
40 393
41 66
84 206
350 196
228 499
77 426
204 64
478 27
445 94
469 327
305 295
480 121
72 366
221 255
66 134
380 486
53 458
17 421
470 489
488 367
293 50
114 417
444 350
444 445
124 241
388 265
387 429
295 368
475 311
446 16
2 393
352 178
99 407
396 221
88 421
472 236
154 382
84 438
235 450
192 28
145 359
140 80
301 384
196 287
155 128
22 494
24 10
417 226
447 475
397 166
402 387
269 221
159 408
359 205
233 395
106 403
335 231
467 99
386 488
117 15
9 394
404 491
217 385
361 321
339 16
403 110
331 242
2 25
230 490
237 213
116 316
47 196
147 304
292 14
30 385
279 409
252 391
129 183
357 469
337 490
100 196
290 241
118 431
273 293
6 348
16 363
411 475
131 63
430 58
443 423
185 312
55 223
258 437
259 184
174 115
164 448
189 126
409 454
99 159
8 183
398 458
285 24
440 309
219 416
191 222
34 14
89 228
166 441
126 348
315 277
225 152
279 479
434 267
426 40
223 385
343 286
163 473
134 128
44 455
177 353
368 88
316 63
4 457
157 334
111 130
135 473
452 189
456 266
306 238
124 234
21 382
355 467
448 184
491 490
195 344
432 168
231 415
225 249
435 87
70 382
355 47
236 205
471 160
398 192
278 277
159 22
342 299
335 367
357 142
486 326
346 404
320 271
372 77
17 45
427 307
354 87
292 135
295 442
486 115
392 45
420 265
64 404
271 262
256 252
78 480
384 242
13 425
354 204
101 385
193 223
310 381
368 399
342 454
69 163
208 328
93 314
70 480
94 10
262 341
321 350
93 192
469 57
114 458
196 176
399 215
448 241
140 62
368 316
331 334
15 290
104 392
372 460
470 26
367 467
317 84
129 40
97 262
221 450
126 211
279 417
10 378
292 227
396 150
485 160
450 227
119 352
312 406
432 492
459 283
219 151
191 276
39 200
151 141
204 112
381 129
359 335
415 391
393 151
312 311
390 230
82 114
21 10
2 395
178 305
457 313
441 249
450 0
493 332
444 101
82 50
385 177
68 442
93 152
463 462
192 257
224 354
216 127
22 97
402 70
383 52
301 211
64 176
9 103
204 57
107 305
483 287
81 345
497 403
365 174
284 313
167 410
37 8
105 383
453 411
463 359
71 188
364 116
220 487
44 225
31 276
63 4
201 14
417 496
171 198
11 135
397 307
167 30
265 286
197 124
483 70
258 12
128 406
393 475
200 348
125 290
294 83
97 40
37 347
45 367
354 60
219 409
291 103
389 386
10 57
127 438
450 493
252 238
65 430
279 145
287 117
201 256
148 433
280 150
369 185
97 326
87 223
326 316
202 378
287 67
357 212
58 415
5 159
90 310
307 422
39 221
477 447
380 240
391 125
163 161
339 112
336 260
429 426
156 14
434 483
196 444
211 291
451 106
268 68
490 393
114 427
374 381
122 443
420 255
268 365
477 83
196 107
385 165
32 125
108 41
337 466
109 156
114 48
468 412
305 234
162 458
340 419
214 388
143 314
31 135
70 263
370 360
26 266
243 107
1 58
376 204
212 338
239 485
398 327
61 207
18 203
475 75
464 358
24 41
176 459
223 55
267 247
365 445
53 293
203 109
313 54
244 431
417 25
204 483
43 167
222 118
193 61
271 49
91 157
469 147
54 119
218 192
137 321
467 84
45 42
448 22
454 210
87 193
28 223
242 292
410 71
484 464
366 455
113 255
402 457
428 82
126 456
130 147
231 115
158 97
119 128
338 106
151 425
148 425
69 32
103 390
207 331
287 440
47 73
382 252
334 302
110 310
457 312
427 240
337 40
168 437
396 309
234 358
136 47
79 235
477 205
37 35
327 184
109 176
428 374
176 491
302 114
426 287
27 111
4 205
143 217
378 24
383 39
438 112
199 19
76 370
257 177
213 465
141 84
458 323
166 421
35 487
126 320
432 313
19 153
222 436
312 162
53 100
65 195
66 491
361 264
293 495
460 118
54 7
182 454
227 365
352 348
169 263
76 478
483 453
241 447
109 206
158 53
101 14
6 223
340 167
14 219
190 133
140 475
281 244
109 322
23 8
123 313
143 192
497 52
499 127
185 238
291 461
475 195
419 392
412 333
53 259
392 426
253 243
339 385
59 386
247 449
114 82
126 370
274 258
237 123
213 126
439 274
469 357
101 414
100 240
351 13
292 153
248 244
481 45
284 87
388 40
475 31
253 3
113 453
429 28
6 202
476 142
499 445
211 297
38 453
466 311
316 389
485 110
8 64
4 466
359 292
175 392
247 186
139 428
308 212
414 68
63 314
111 242
40 414
367 323
486 78
467 186
296 303
219 305
123 304
448 223
468 482
20 123
52 215
280 160
80 212
379 194
437 143
58 490
165 477
407 277
463 152
455 226
31 112
268 26
250 155
489 217
192 218
285 362
22 244
309 65
112 102
98 188
30 401
230 8
285 196
348 137
363 101
213 155
181 247
254 333
50 283
353 95
457 243
339 139
56 479
434 0
188 20
421 384
392 219
267 151
288 29
482 115
122 4
251 47
381 303
439 357
452 283
378 292
431 410
241 70
70 340
360 27
411 111
330 134
285 155
185 97
64 426
430 167
215 186
341 33
390 96
231 280
73 194
104 110
180 356
196 198
225 250
361 409
43 137
292 43
492 180
106 329
497 408
94 388
273 64
12 288
68 15
210 243
205 141
350 166
364 385
488 398
307 90
79 201
97 202
383 371
201 89
350 341
82 50
466 444
232 355
371 330
73 153
146 433
99 131
16 496
395 464
406 356
58 54
257 485
208 155
96 492
185 261
163 446
243 267
123 129
459 327
480 346
279 385
16 127
123 378
194 384
241 18
73 452
289 151
306 182
26 498
259 254
201 211
479 275
404 444
271 454
300 216
453 104
231 79
309 321
57 354
225 356
308 150
301 150
184 98
96 459
214 210
421 207
482 415
211 252
206 239
307 334
438 6
85 112
433 169
376 247
103 342
493 101
103 411
361 294
254 287
497 309
17 468
235 270
375 351
90 446
132 81
440 249
361 71
92 377
124 146
489 320
273 227
491 482
128 376
15 352
162 382
350 364
135 31
382 437
235 362
443 325
426 368
291 383
261 288
286 235
56 237
317 275
109 329
206 308
12 238
120 221
86 26
57 323
112 73
435 292
469 348
216 230
466 395
35 359
94 79
316 322
449 150
480 133
293 411
149 38
111 306
332 121
296 49
122 242
34 409
109 409
140 3
250 177
36 458
37 286
460 482
133 353
339 261
172 465
3 132
290 173
147 466
16 475
217 443
204 138
400 103
458 313
342 40
498 208
346 378
361 387
92 158
420 346
311 431
416 444
118 166
132 58
33 265
60 148
139 102
205 117
282 39
431 163
224 125
355 281
168 422
81 216
414 260
44 353
297 225
243 460
18 415
32 228
376 404
6 93
62 367
258 64
79 344
469 189
322 155
78 325
393 490
251 159
12 308
385 147
107 161
77 129
357 477
233 461
406 85
305 92
156 468
313 63
105 87
243 134
311 427
418 321
332 57
365 21
168 196
357 102
83 127
456 286
248 440
378 190
134 154
475 35
98 290
377 288
274 203
483 472
293 438
495 253
126 477
173 360
462 146
273 383
169 46
338 81
123 269
424 68
103 257
399 251
391 54
109 277
249 165
103 92
345 395
372 98
310 323
469 398
281 125
23 94
176 302
72 213
134 299
409 348
99 237
143 308
85 490
7 253
197 187
434 111
61 395
218 158
56 224
349 188
282 189
492 224
437 310
462 416
264 71
161 371
179 215
205 304
409 117
304 212
175 107
354 90
248 237
461 72
112 157
198 162
386 247
409 42
458 175
247 371
242 222
289 408
64 422
39 494
59 474
433 195
285 234
323 139
63 385
394 136
298 176
275 93
135 36
212 184
56 94
168 459
219 298
72 458
304 135
109 111
158 363
450 394
33 295
181 273
410 97
125 427
20 60
97 400
436 8
102 161
120 344
143 122
432 191
326 67
179 237
452 288
34 189
485 402
176 68
17 18
445 438
498 142
394 466
474 447
108 182
27 428
402 80
123 22
89 335
424 302
90 120
310 228
131 124
44 295
165 159
97 61
55 110
428 447
247 449
132 254
34 355
288 11
33 437
124 411
213 122
243 48
276 155
132 405
200 259
418 176
238 217
327 367
167 145
447 256
362 414
121 431
442 397
334 409
173 475
97 458
358 386
394 192
97 486
98 26
202 149
366 16
236 292
438 194
302 403
169 385
316 164
413 290
200 110
85 247
57 373
111 34
227 415
254 5
31 324
326 352
220 234
378 192
238 456
211 168
53 392
409 380
171 221
331 322
70 223
96 268
303 479
395 59
65 30
206 1
353 448
34 32
77 73
382 413
81 315
208 445
178 487
60 117
291 349
424 392
12 361
341 372
431 315
345 88
89 348
297 404
436 294
367 331
244 13
181 101
47 178
165 241
210 225
426 225
469 1
363 202
74 482
297 56
496 357
206 495
251 437
231 3
334 187
53 450
52 431
461 86
327 451
28 126
203 37
38 306
8 173
7 253
161 434
291 156
3 157
446 497
352 254
442 177
128 39
470 347
433 32
335 431
409 112
149 215
373 464
489 39
145 233
167 496
153 306
316 458
308 156
263 262
292 160
199 205
404 272
156 21
304 189
301 343
58 65
30 302
193 431
16 19
368 338
497 183
493 373
381 165
279 153
314 144
201 71
195 365
387 105
146 351
194 43
109 447
101 104
387 491
10 295
485 403
86 230
103 334
499 432
85 485
129 131
54 251
117 183
288 250
453 356
251 287
86 148
104 360
351 188
335 492
395 214
444 172
7 334
118 400
385 358
489 55
307 366
401 396
146 276
132 190
329 99
99 383
96 415
103 204
48 299
365 290
463 295
129 310
62 322
180 99
155 299
17 22
418 462
238 419
461 416
367 222
457 290
205 467
23 53
205 309
451 71
366 70
232 414
236 348
447 294
93 269
143 454
416 111
382 61
329 6
80 343
133 196
163 38
443 338
499 38
109 148
219 303
217 328
176 451
246 306
427 475
430 191
154 70
483 198
57 36
379 312
360 137
175 364
55 376
414 119
267 54
357 376
204 338
290 427
85 380
207 388
79 12
434 489
188 234
122 269
433 245
234 2
366 293
169 262
233 421
328 84
460 352
191 37
316 16
248 481
369 401
265 455
445 300
386 51
320 485
82 9
363 253
47 316
78 229
3 68
4 311
164 183
72 464
332 207
188 389
142 80
36 409
61 260
311 333
318 448
457 132
237 400
216 320
401 136
205 147
310 256
439 209
26 474
181 364
253 358
439 221
482 395
155 327
160 44
492 319
303 478
378 301
473 40
177 446
93 226
483 382
443 404
230 274
138 469
328 264
485 243
139 119
446 468
12 146
317 106
84 356
157 120
161 314
260 482
208 338
72 354
110 191
318 15
485 340
104 456
200 165
136 442
410 191
189 82
40 274
482 7
479 476
290 491
473 140
330 402
108 181
225 254
270 218
59 43
351 107
124 163
105 403
446 260
194 367
493 136
495 86
62 327
318 474
467 204
458 291
325 149
404 67
285 50
93 26
485 196
360 444
348 461
73 317
37 146
282 267
205 382
210 129
456 119
175 380
172 275
424 133
200 497
399 180
206 338
34 492
288 43
4 246
416 488
135 77
196 453
187 269
251 401
372 249
130 207
482 47
181 154
3 258
291 233
71 402
394 497
393 458
204 34
23 397
327 120
425 158
427 23
277 113
214 30
237 149
197 344
350 71
182 230
463 353
255 473
322 387
345 1
36 215
465 401
22 59
69 292
167 299
264 348
379 444
94 479
323 468
40 143
373 26
379 74
47 188
427 135
488 369
437 272
174 24
435 402
46 48
347 4
205 213
158 112
91 84
52 104
99 266
292 444
18 324
364 172
159 417
139 292
416 147
24 76
330 90
490 459
316 376
441 338
302 21
457 99
55 245
11 361
306 6
330 156
180 176
446 195
487 191
190 85
13 403
346 214
26 343
71 336
26 342
215 12
464 328
73 24
385 371
378 437
445 43
220 208
255 125
316 166
103 242
498 358
73 116
311 196
384 99
293 234
98 411
91 360
384 414
286 17
306 121
165 16
76 251
376 237
255 332
426 44
402 358
326 424
472 327
278 137
223 357
268 423
283 321
88 211
228 19
141 374
242 34
285 306
43 318
150 13
409 150
8 429
353 164
491 334
323 326
183 122
45 398
71 303
14 181
200 159
385 95
481 193
351 127
446 119
484 246
396 448
377 394
410 256
90 83
261 253
375 265
163 296
99 273
454 235
246 465
412 6
52 132
259 394
13 403
150 57
358 497
243 398
155 235
170 153
407 97
363 431
227 134
407 378
465 178
144 361
220 212
196 408
302 272
175 307
365 315
165 177
76 223
310 408
414 231
180 481
412 173
307 43
274 492
170 215
428 91
303 166
75 148
420 351
159 229
397 448
125 24
99 62
322 53
136 261
242 88
261 317
212 7
351 69
284 338
430 373
392 64
213 85
437 319
48 485
433 96
472 445
359 411
316 423
184 34
122 453
122 279
138 384
305 334
173 489
362 441
5 455
40 254
73 218
204 329
425 474
419 489
252 249
172 131
165 69
374 209
488 139
375 496
182 126
115 180
473 207
162 329
436 479
49 55
384 361
335 105
95 162
411 107
238 347
268 436
145 255
246 142
138 133
111 122
154 321
380 78
407 128
107 43
98 195
57 8
114 482
144 392
499 61
408 408
344 89
196 29
171 489
474 443
417 162
335 85
15 71
199 215
258 274
470 158
167 208
191 27
271 133
194 187
95 123
212 454
483 439
280 409
204 155
169 254
191 121
192 4
219 58
333 244
254 478
186 303
182 273
406 229
269 305
428 100
407 364
156 141
402 390
397 288
395 106
79 66
422 438
497 123
219 142
472 330
485 474
99 10
92 19
324 358
310 361
77 253
246 217
108 85
374 148
106 357
276 121
59 185
308 198
340 56
238 380
206 164
175 75
94 305
163 267
128 419
24 474
43 57
143 270
418 3
361 369
490 376
61 137
335 49
458 221
101 28
192 196
272 159
465 219
486 218
489 480
306 466
24 13
283 350
353 19
388 53
429 66
203 378
279 342
64 391
271 237
286 17
29 315
35 58
128 494
326 373
192 118
131 133
335 68
87 415
320 40
107 327
205 250
92 162
405 484
74 8
378 28
344 360
270 407
253 231
104 398
16 79
64 296
216 0
415 251
292 303
130 235
337 251
413 187
24 430
290 171
199 98
458 168
427 395
126 228
478 180
112 83
231 347
347 28
280 448
103 114
201 72
323 234
421 39
321 88
259 445
395 111
132 311
206 353
433 411
92 185
120 264
111 56
84 351
151 458
72 364
288 255
489 125
164 463
52 262
60 485
449 163
474 455
161 433
344 33
70 446
210 288
344 190
41 321
131 281
497 45
300 55
181 286
249 141
403 345
183 153
317 315
123 484
417 143
28 136
82 113
402 98
140 293
466 98
231 34
79 450
5 229
15 379
20 186
32 116
270 275
443 67
403 439
82 66
202 320
285 463
413 136
281 39
490 54
88 248
50 221
450 167
398 55
242 465
82 418
45 126
193 204
143 488
406 96
268 225
40 460
97 405
445 454
360 378
478 435
156 448
467 28
436 459
424 365
135 178
304 358
62 180
21 349
297 205
283 427
388 417
322 175
129 337
67 119
406 489
289 398
278 63
22 256
121 214
392 298
9 256
289 48
397 71
129 310
89 46
463 264
439 329
166 138
109 421
410 234
484 16
431 52
308 262
477 305
103 282
390 369
418 112
36 179
341 167
66 17
281 431
260 381
371 220
141 279
365 481
497 404
456 349
111 428
233 116
398 88
310 188
153 289
320 80
99 189
206 162
445 165
399 339
411 205
484 270
251 53
309 201
50 248
28 117
233 14
102 261
450 484
125 264
344 455
144 445
459 296
461 202
393 404
462 360
483 304
209 298
0 234
335 18
487 402
416 363
477 221
57 371
487 279
234 182
479 184
480 378
432 291
47 293
6 325
481 9
160 489
223 191
61 12
414 58
274 49
122 183
54 251
30 179
213 41
225 264
494 44
335 57
351 278
103 383
244 357
346 436
127 404
268 421
332 41
442 183
218 106
357 64
95 272
165 387
3 160
204 243
300 497
275 392
275 3
212 230
166 371
128 58
332 146
187 396
431 164
270 129
45 149
421 479
366 492
152 439
34 221
218 356
248 186
190 345
75 375
99 402
313 93
239 227
123 145
161 278
259 55
204 283
262 304
296 478
269 480
201 300
157 303
489 271
116 257
485 31
286 191
284 84
311 451
96 376
154 286
341 109
392 414
70 398
376 154
486 219
19 145
448 187
458 28
286 289
173 74
117 123
59 459
410 401
277 370
8 358
319 284
50 350
248 211
217 120
339 476
473 203
242 359
387 273
62 200
126 25
0 87
398 243
496 59
429 308
18 126
262 438
140 337
400 312
432 240
68 117
172 124
335 41
314 414
466 222
100 228
316 444
187 100
160 214
375 36
14 441
231 245
435 276
88 223
463 335
305 372
496 383
424 329
244 331
406 90
319 62
7 358
458 487
53 46
82 470
412 428
26 96
372 495
219 461
148 312
185 34
418 453
135 33
217 194
285 379
293 123
481 104
91 300
199 291
262 144
425 281
230 26
21 451
264 454
119 92
127 412
218 304
189 45
239 353
84 406
29 24
480 377
30 362
154 423
420 229
362 268
146 345
148 92
399 167
260 412
324 18
174 239
136 394
247 363
270 375
252 331
61 299
14 84
8 91
172 20
140 280
477 34
479 286
305 125
389 378
248 417
156 65
460 422
285 292
20 207
391 55
207 124
208 452
395 73
93 68
348 67
453 85
371 325
302 432
162 176
446 191
109 410
184 102
247 69
128 470
377 267
243 371
175 436
361 451
372 70
489 454
391 220
398 443
227 262
291 52
244 390
152 237
191 205
274 337
159 290
57 254
478 388
177 300
104 153
76 38
345 476
48 65
360 236
351 446
499 440
182 142
231 95
152 334
23 274
65 278
32 34
275 474
275 10
16 452
342 231
59 92
157 187
424 107
406 370
310 127
269 257
204 492
178 352
126 356
134 54
88 191
18 18
29 215
167 293
376 45
489 10
49 435
42 146
368 325
452 300
57 178
22 221
425 113
469 201
107 52
95 455
474 47
263 113
258 355
400 282
292 486
421 389
387 342
19 316
468 256
286 472
193 26
491 309
362 471
23 461
416 321
368 470
436 390
97 131
414 194
33 349
238 58
252 454
122 478
86 272
244 91
469 224
385 289
260 460
273 99
420 135
106 42
284 289
420 42
88 382
231 186
245 121
428 322
300 497
269 50
493 238
462 365
155 462
423 200
299 415
51 196
238 220
9 9
51 23
405 281
468 491
465 488
310 213
62 245
295 110
200 184
49 289
103 15
215 204
472 26
75 14
234 23
32 165
40 95
377 435
278 297
286 345
58 243
340 96
59 472
156 136
277 259
274 206
262 380
259 341
356 234
109 186
203 442
38 493
280 244
393 415
260 59
154 179
128 170
142 495
483 187
298 299
357 112
344 425
266 471
206 455
141 474
417 167
161 345
441 455
370 441
352 334
366 482
152 359
354 494
181 146
297 189
153 331
256 154
126 497
453 375
349 184
351 446
143 266
221 364
158 436
271 443
425 10
369 489
483 429
76 75
116 16
347 373
380 269
119 456
331 6
42 72
370 180
447 393
110 366
302 20
464 268
278 425
414 241
171 0
427 249
265 247
472 396
165 465
421 352
358 284
208 252
432 400
146 431
297 379
252 256
24 451
377 216
309 154
6 143
393 480
79 434
182 158
123 52
404 347
484 396
148 115
15 44
327 81
312 13
121 124
428 64
132 497
152 157
300 442
422 10
444 193
204 2
54 478
326 179
76 310
425 162
58 224
157 293
306 386
362 470
34 428
277 290
447 19
461 429
440 100
293 383
237 236
215 349
381 143
454 393
407 309
385 379
172 465
203 43
365 331
111 66
208 251
270 388
170 8
108 231
467 462
198 253
103 56
200 265
10 336
145 6
385 269
235 30
425 410
241 438
356 290
42 352
240 65
73 312
396 410
224 181
286 363
419 423
40 241
77 471
477 403
172 74
457 215
125 259
50 382
25 366
218 406
323 67
231 310
73 248
281 127
342 297
72 68
309 114
85 465
368 239
313 415
130 392
152 270
5 255
121 202
460 30
449 191
353 284
32 180
308 426
76 314
382 2
116 0
465 43
282 202
117 185
78 96
218 99
354 230
284 223
105 327
18 244
28 54
235 371
150 413
227 395
397 78
78 461
4 14
68 44
81 139
235 37
136 159
241 305
29 342
169 25
270 486
41 187
410 150
63 276
23 60
138 142
455 272
286 69
465 460
451 206
95 46
206 186
343 231
73 447
325 372
211 242
281 447
97 252
380 192
104 13
7 403
175 95
164 463
275 314
372 129
175 226
412 468
199 233
33 107
332 125
219 358
305 43
295 1
45 254
267 27
430 149
96 275
238 457
123 112
241 13
239 496
464 269
2 3
110 15
492 35
245 294
337 212
65 50
305 132
159 110
111 424
51 441
251 60
172 289
154 374
222 414
35 245
100 38
54 389
425 63
357 398
110 170
73 195
179 27
489 230
154 191
132 101
13 206
347 235
462 185
451 354
99 184
75 486
376 52
467 129
379 153
175 324
371 490
369 248
478 51
94 359
312 485
191 78
314 325
10 390
244 276
312 314
300 196
100 387
368 28
181 67
243 248
90 209
457 115
18 459
318 288
125 112
190 482
307 316
58 356
132 170
484 155
203 297
184 136
165 303
222 53
153 198
407 465
432 243
54 217
357 450
414 225
207 482
150 457
313 15
37 208
215 298
95 21
157 418
221 131
36 174
373 443
261 189
284 132
349 193
144 191
416 206
188 410
367 123
490 190
399 33
331 379
400 114
385 278
409 410
84 106
402 446
487 457
90 15
208 272
463 291
498 204
115 231
206 38
81 334
367 49
428 480
446 198
476 181
91 183
290 238
184 175
485 44
59 171
295 427
218 119
324 110
341 68
459 291
125 400
449 40
372 493
43 377
58 170
354 372
110 1
29 144
40 146
169 14
441 451
70 465
427 159
80 246
37 269
21 39
79 163
8 470
199 451
121 51
275 110
111 475
471 385
383 140
154 363
314 53
370 447
459 237
335 297
418 39
78 373
388 439
409 157
460 248
151 461
71 81
409 427
164 182
175 380
96 400
453 329
129 410
499 323
472 88
127 187
412 243
182 57
214 300
400 444
405 26
107 51
330 328
10 368
101 347
247 185
367 197
107 52
227 348
436 459
146 199
442 415
472 58
210 477
273 38
64 462
365 30
358 23
392 196
395 368
406 493
190 142
46 125
473 149
460 273
324 409
176 458
368 119
96 148
38 430
392 369
251 454
477 258
306 109
477 221
66 201
195 235
360 108
110 93
366 333
94 422
381 190
309 122
122 101
32 257
478 160
114 276
34 229
338 444
17 192
245 168
403 436
44 440
33 116
301 6
429 251
442 248
370 162
115 103
361 493
5 147
424 191
421 120
416 310
3 259
279 433
369 248
41 35
151 266
124 426
30 304
52 53
67 472
427 423
268 183
182 140
332 273
245 106
269 105
216 161
447 272
372 496
31 168
286 265
44 34
338 411
316 74
398 243
18 236
419 325
318 286
411 101
60 150
255 157
170 181
305 471
319 469
490 177
295 202
236 276
39 339
413 427
22 208
444 311
488 40
178 363
316 306
308 89
98 228
409 63
387 121
442 214
244 58
261 432
61 39
378 349
128 100
308 143
454 150
190 104
467 442
101 220
162 136
364 409
325 260
233 126
340 64
122 176
108 84
475 383
233 169
122 205
348 213
364 282
387 302
97 406
127 206
342 198
459 289
401 59
185 284
348 135
311 377
314 471
206 419
441 289
495 291
5 415
49 343
498 369
275 436
495 447
497 254
43 189
100 456
93 445
432 137
15 441
264 243
14 181
470 471
114 307
222 317
13 119
340 272
60 363
310 116
222 55
97 159
115 118
415 197
335 60
2 347
90 202
383 118
441 456
264 205
23 56
175 338
462 388
251 16
484 23
430 413
72 206
324 27
77 39
452 239
438 412
114 454
424 380
337 349
54 366
422 453
291 77
317 449
465 254
129 68
333 301
8 411
439 257
149 184
276 368
132 101
407 214
447 246
447 331
197 284
89 1
79 471
421 380
486 248
317 238
40 115
27 2
260 48
84 318
38 409
362 360
427 170
416 269
100 374
10 215
216 150
473 99
331 147
396 394
133 318
285 65
67 173
73 164
334 179
440 157
370 372
42 302
71 149
375 310
25 24
26 385
336 242
389 499
246 167
337 137
202 231
404 475
491 122
301 329
338 326
50 242
396 60
61 93
255 320
344 436
173 133
375 222
221 9
29 116
106 319
50 218
193 308
430 306
487 185
363 84
178 326
238 413
358 74
246 300
236 114
247 90
164 410
271 474
442 238
57 300
19 48
357 460
266 64
249 139
223 254
432 112
378 253
180 170
470 236
350 426
369 59
469 449
423 33
271 92
245 366
414 181
141 264
180 123
115 407
13 430
394 190
444 445
468 272
361 124
402 290
349 63
13 271
305 170
263 288
6 428
109 8
124 273
396 250
10 304
86 11
202 23
321 333
457 498
474 141
431 318
382 376
0 281
451 247
35 305
85 66
426 42
167 195
297 50
207 63
427 307
183 145
478 481
479 356
497 436
106 305
181 280
61 340
87 181
338 365
283 475
369 424
471 210
112 36
99 120
280 319
465 378
359 315
171 295
83 190
495 20
152 190
30 29
62 66
431 118
93 401
177 66
276 462
498 0
120 389
60 449
180 252
67 377
25 391
434 90
110 108
298 429
310 115
181 329
299 373
126 112
30 244
58 155
7 307
48 408
209 479
232 460
190 389
281 299
242 215
175 215
496 352
319 474
155 159
384 0
464 306
50 362
17 495
302 460
368 376
355 202
14 77
319 439
91 204
271 100
167 333
37 447
273 15
26 357
357 428
234 410
272 322
317 136
96 141
369 471
25 316
393 225
164 39
244 212
164 107
440 367
314 183
51 478
335 87
367 77
340 192
366 453
89 112
106 183
6 37
353 475
52 31
71 99
163 69
176 167
34 180
363 117
95 349
288 266
344 282
326 156
109 184
148 193
228 51
88 106
82 235
118 294
393 486
55 189
208 408
88 232
201 243
444 304
70 148
430 232
240 266
302 256
301 202
253 303
409 30
117 193
339 343
330 87
129 232
493 237
321 337
432 81
385 22
22 376
461 456
74 304
61 53
255 377
180 214
96 8
54 89
285 65
153 393
478 115
204 282
471 471
52 26
400 404
132 290
98 423
227 445
499 172
49 140
207 254
115 229
171 303
369 169
62 456
423 374
156 392
363 479
5 127
383 268
58 258
181 16
461 156
180 260
253 312
419 230
311 460
263 34
55 334
142 484
358 469
362 417
397 366
346 225
345 254
12 229
245 403
411 45
306 59
371 92
322 59
371 290
176 485
172 486
323 231
53 314
232 181
400 415
492 481
235 246
475 338
93 100
145 221
132 5
97 451
362 3
146 271
108 85
72 322
406 280
95 395
428 459
226 179
12 328
74 218
408 99
199 50
123 2
7 345
148 255
110 456
227 363
448 256
431 335
468 20
267 337
296 415
94 196
24 374
92 458
57 451
1 353
355 257
454 476
83 214
170 102
465 193
302 249
436 414
286 233
70 404
319 54
250 218
92 265
75 126
77 36
241 133
242 78
406 96
162 196
150 489
35 184
433 116
382 337
422 222
478 168
222 492
62 150
415 324
451 6
394 343
476 28
459 136
84 70
118 217
207 99
283 268
384 94
431 69
291 118
287 353
197 269
419 361
38 111
469 187
30 341
369 363
351 358
280 180
398 288
387 398
166 457
51 170
91 403
21 334
39 382
4 160
374 88
51 275
462 412
253 20
235 344
54 474
7 87
227 334
84 257
214 114
136 251
6 117
303 228
462 379
40 342
282 318
94 266
178 333
205 408
105 283
109 440
379 159
346 116
373 106
72 430
33 439
408 209
289 391
271 211
405 103
422 163
429 187
372 368
276 107
242 77
18 381
393 351
320 249
356 91
21 45
485 428
489 407
150 393
457 130
86 421
84 362
402 360
228 13
472 274
204 356
90 66
270 74
323 483
74 90
487 31
312 447
206 324
70 301
284 357
130 27
389 370
82 215
80 143
270 310
18 405
471 474
48 108
91 241
183 223
255 165
465 171
495 419
220 171
380 65
444 356
78 11
78 186
329 160
322 158
63 99
73 341
449 387
128 473
49 41
58 164
187 156
75 375
399 182
100 147
4 279
142 396
82 82
95 220
379 412
11 417
258 294
33 437
262 208
101 162
178 163
319 11
387 365
399 394
42 286
417 351
248 398
332 60
280 330
94 427
197 11
158 458
247 455
15 191
205 9
173 468
332 383
100 344
239 71
209 0
351 133
383 126
38 451
282 215
495 319
182 228
186 192
499 340
384 433
295 367
335 441
177 320
164 19
90 277
129 255
388 299
426 481
284 123
191 464
135 66
147 186
230 318
10 333
267 81
448 246
188 414
234 136
155 365
494 398
154 246
45 124
457 394
18 323
140 241
160 61
99 275
445 307
140 329
410 308
406 259
173 211
347 94
311 259
158 354
452 306
430 164
58 498
173 387
480 428
489 313
441 140
447 88
269 238
46 88
199 32
243 453
399 225
484 442
296 211
369 142
306 249
99 151
390 217
145 272
438 370
11 487
75 231
469 310
398 197
229 368
173 450
175 472
414 424
487 159
154 210
311 356
359 312
381 410
35 249
120 27
366 325
56 483
293 293
490 377
97 44
494 219
43 122
47 21
32 457
20 34
243 38
351 331
94 102
204 232
111 129
306 176
159 477
123 362
91 304
348 113
185 189
163 194
215 228
38 210
97 100
138 58
241 192
146 341
74 187
168 350
26 37
367 474
188 37
342 490
455 132
173 42
89 140
221 336
47 156
256 259
169 496
40 395
236 262
450 186
389 162
52 118
445 415
305 271
261 133
265 499
41 68
209 438
275 130
287 282
41 174
22 395
290 210
472 62
248 379
393 274
245 489
405 297
68 190
175 62
61 181
250 441
231 454
85 311
93 358
384 224
119 486
196 406
320 262
493 20
147 421
410 386
184 392
82 167
229 104
286 109
50 142
97 36
199 134
492 34
110 144
130 377
135 229
343 178
198 308
229 336
223 197
89 491
159 259
363 23
133 240
383 149
37 35
169 332
366 88
232 14
243 476
57 362
40 230
38 401
237 91
288 267
111 312
423 230
105 270
10 287
288 238
126 245
77 178
266 147
161 295
271 351
213 404
135 329
82 106
197 25
145 319
484 337
67 256
26 407
46 173
263 388
134 187
365 241
389 63
359 483
334 50
307 482
311 400
6 294
319 393
65 203
392 464
220 49
308 460
485 98
487 355
42 100
342 473
388 259
242 231
133 247
82 77
329 292
86 393
139 335
390 258
222 56
457 282
94 295
393 265
120 79
32 232
57 14
273 374
457 446
45 16
445 442
235 127
373 274
461 173
431 364
272 351
133 6
153 229
494 228
159 46
131 467
481 191
417 40
486 255
271 226
169 384
363 68
194 256
429 88
304 155
6 213
219 76
305 139
219 372
270 300
119 379
422 253
294 100
355 192
418 132
16 478
398 87
195 232
320 92
247 125
338 125
201 253
245 409
281 359
11 464
195 403
157 130
82 470
162 451
435 290
268 80
20 452
36 19
111 215
192 356
333 359
112 382
291 387
246 209
26 424
328 109
239 221
43 337
140 173
463 205
138 75
379 232
103 10
77 415
124 214
73 122
4 457
196 38
99 296
72 442
403 125
347 400
89 494
168 242
300 229
157 131
215 438
300 36
452 318
33 229
351 76
385 458
348 356
4 82
376 448
73 76
329 280
274 272
15 418
148 442
426 315
105 305
193 141
460 405
134 145
73 345
303 338
194 459
41 152
100 198
274 417
49 173
298 103
374 176
470 313
480 374
31 396
38 85
342 224
370 350
195 328
166 295
254 498
150 360
410 147
417 102
128 37
492 466
142 426
239 366
240 113
9 71
156 271
496 399
249 498
178 218
365 444
295 345
57 120
119 297
400 468
357 36
355 380
306 349
216 497
462 397
468 308
432 324
75 476
326 428
498 325
121 4
349 363
335 416
214 259
79 455
343 466
346 436
137 198
48 4
401 205
14 10
186 221
197 446
226 262
439 23
27 76
439 60
329 229
340 127
434 395
361 419
355 277
476 59
63 344
50 24
386 316
389 64
10 73
187 86
461 88
164 126
186 340
421 455
82 367
262 261
180 368
146 475
34 387
232 474
498 449
117 282
198 236
309 6
92 60
148 348
474 405
246 164
119 13
380 167
429 54
422 143
118 461
201 68
394 5
454 285
419 244
481 72
430 117
177 142
491 375
280 177
341 465
330 26
46 460
366 211
206 327
288 289
209 324
329 341
126 104
348 136
60 45
14 329
324 490
365 43
220 315
132 146
24 413
374 463
174 70
249 240
381 380
56 390
231 91
195 238
226 210
255 395
77 138
128 122
165 401
216 346
344 386
299 200
163 220
143 25
118 189
421 392
282 499
442 330
420 366
76 489
385 146
284 183
305 462
215 264
110 471
357 283
483 306
27 8
386 499
40 170
414 356
207 314
144 197
63 150
139 64
210 139
322 376
190 346
110 480
451 405
40 73
379 160
168 24
375 258
280 54
410 415
229 195
244 470
120 373
289 307
298 111
340 351
197 472
452 30
288 160
233 403
63 328
204 464
75 84
490 79
347 355
402 253
223 76
302 146
305 195
306 91
295 103
428 146
29 492
4 232
488 169
349 237
54 403
487 54
485 129
484 330
435 332
261 387
33 158
353 63
6 339
294 11
10 301
146 74
307 39
208 150
240 147
50 409
315 294
423 390
220 301
485 407
146 7
165 246
161 32
223 370
233 168
321 369
444 243
134 467
118 103
250 342
104 358
152 152
42 419
220 427
186 114
121 58
304 333
365 138
360 318
486 440
309 94
189 159
127 253
208 324
18 97
307 310
463 122
42 311
238 357
472 262
172 424
109 445
436 477
147 326
266 148
242 133
144 76
181 284
108 271
220 390
200 126
249 27
338 15
373 143
405 428
353 197
494 78
407 314
141 430
431 54
39 407
483 25
309 183
307 17
407 417
396 27
55 459
327 497
140 245
174 52
249 397
475 379
193 95
378 234
140 334
242 309
334 31
67 77
446 144
413 374
401 205
17 309
306 308
54 344
396 446
344 80
459 497
92 171
258 152
487 470
279 250
282 81
10 114
110 349
75 457
14 23
185 328
137 31
375 491
290 43
123 123
120 486
157 82
86 213
35 267
18 73
6 167
281 152
1 369
178 243
266 428
256 192
224 451
295 245
288 99
75 85
423 263
197 195
260 432
200 284
209 296
463 70
222 68
437 96
339 223
151 115
159 457
261 259
5 383
335 408
345 145
409 410
105 268
200 106
242 218
14 400
470 452
372 329
277 192
267 309
276 468
425 270
382 435
171 38
446 387
32 6
268 291
411 293
252 373
443 112
12 494
298 457
138 335
379 170
479 415
383 499
121 107
395 161
51 3
242 66
72 498
141 127
420 192
65 53
17 172
167 361
318 29
216 317
488 309
224 448
299 319
279 108
121 272
276 174
240 172
22 370
497 164
356 164
69 418
442 273
134 86
467 461
279 305
114 36
484 119
438 338
298 135
407 217
391 271
444 35
406 483
147 466
482 403
173 355
129 51
489 116
77 115
420 309
345 208
327 34
225 181
316 266
335 375
147 75
111 79
62 91
409 17
272 62
417 392
295 298
266 398
14 137
446 195
404 286
173 291
324 231
349 398
125 140
215 37
116 124
215 178
195 30
92 477
369 320
118 362
112 16
153 384
79 126
413 99
242 335
67 86
336 66
58 268
305 313
438 126
304 273
304 5
482 352
172 248
462 203
72 142
378 75
201 225
177 309
145 466
404 419
338 64
332 92
406 396
374 490
263 196
201 179
31 419
168 36
239 55
197 130
57 311
389 75
384 111
429 418
189 381
445 334
278 27
276 130
120 36
232 150
181 235
155 286
322 64
119 175
157 413
77 168
243 215
178 318
236 480
213 107
293 425
305 159
141 72
108 433
83 113
348 193
331 117
181 355
382 153
418 153
321 40
107 347
165 417
397 285
392 253
179 110
121 38
110 336
269 114
227 70
115 352
321 428
135 446
451 3
8 18
410 370
69 329
246 17
154 235
488 495
106 398
436 19
355 79
46 398
469 124
329 273
53 84
383 150
5 189
207 334
56 13
343 469
338 126
213 441
437 492
242 201
73 395
474 31
429 428
53 372
146 250
187 382
384 199
240 70
256 242
255 299
268 313
291 450
392 106
450 4
57 329
224 193
224 130
59 50
423 5
256 464
198 421
472 443
365 82
324 213
364 121
286 432
382 133
91 77
433 126
307 42
87 491
121 31
434 163
168 32
496 209
130 276
71 194
129 454
19 436
58 305
237 384
17 196
274 472
450 460
2 59
50 258
141 441
104 24
56 427
136 125
401 405
451 118
73 473
261 432
238 92
476 171
368 327
151 345
306 494
53 102
360 160
102 104
480 353
281 58
183 388
145 417
36 85
410 97
29 461
53 171
343 119
447 382
79 63
57 98
200 237
398 110
66 412
118 352
410 46
287 399
168 446
31 432
29 56
17 293
316 411
30 423
305 11
74 329
280 236
474 131
242 332
245 224
76 160
59 215
114 338
284 346
278 134
191 167
312 160
423 60
483 129
140 305
135 140
377 215
198 415
247 351
427 440
453 344
59 355
193 12
358 25
160 330
497 136
148 203
263 310
291 71
377 247
387 431
498 12
279 116
319 197
489 378
75 246
101 442
454 486
12 295
477 164
153 24
227 474
136 301
225 490
237 427