9800
158 242
392 135
149 220
103 80
275 458
216 305
99 351
109 82
495 336
313 465
403 296
379 249
195 489
140 475
85 331
425 387
374 95
315 317
397 24
482 270
75 24
375 50
484 26
215 337
154 332
128 28
129 57
398 359
335 176
359 39
278 272
367 284
453 152
28 34
156 351
227 10
413 83
109 455
292 249
81 176
56 446
355 61
421 37
213 253
144 108
380 72
208 422
427 99
485 162
365 455
318 141
224 92
399 83
332 185
214 43
489 414
475 270
160 196
302 248
356 373
298 298
221 88
39 358
20 0
455 376
17 237
182 125
208 93
131 81
125 41
307 345
467 466
163 134
383 127
353 317
115 91
32 3
361 188
188 71
448 234
471 496
121 317
411 153
87 330
223 394
239 212
30 382
16 206
186 45
362 399
343 39
394 478
18 375
298 255
489 207
203 246
416 313
318 176
358 179
73 405
469 433
315 164
222 0
45 332
83 408
299 408
238 426
301 193
301 256
315 100
198 142
455 370
47 466
145 126
31 405
339 70
234 1
353 6
338 457
365 398
158 422
200 17
62 248
357 354
454 363
358 172
43 4
471 165
291 442
347 468
39 323
176 38
45 273
230 29
279 235
9 448
317 290
390 210
64 379
95 247
272 370
226 453
118 315
109 197
18 410
85 456
347 57
182 261
142 244
331 265
213 273
63 341
403 382
261 306
53 467
189 356
309 177
492 415
465 280
190 101
410 483
392 275
388 109
353 74
191 382
155 184
377 404
138 71
377 280
99 400
108 282
460 288
56 270
50 304
406 21
356 92
219 168
129 248
174 107
489 334
370 366
122 496
67 248
28 261
13 444
227 480
268 121
391 187
491 176
197 293
385 249
269 405
5 104
63 398
84 32
398 404
401 455
203 372
485 320
265 83
63 350
472 344
383 184
360 215
9 374
476 410
315 394
351 97
496 173
205 266
171 80
387 103
327 424
244 90
26 165
15 361
205 89
125 487
55 88
315 338
248 64
310 143
240 415
88 13
280 88
21 293
248 303
227 408
351 428
93 323
185 377
318 460
300 242
183 444
282 355
419 498
493 382
149 81
95 233
322 238
383 375
30 195
103 132
412 257
432 454
183 357
317 469
212 2
446 117
472 395
245 80
314 243
177 238
471 463
201 272
499 145
192 85
69 29
138 296
102 333
190 70
40 286
140 7
125 104
499 86
18 449
45 96
334 332
295 222
346 157
155 349
286 345
374 347
495 207
40 12
434 450
236 230
89 474
78 376
314 66
16 429
25 184
368 413
135 211
221 15
364 333
178 228
75 2
209 404
268 423
373 101
331 202
29 461
189 421
487 107
389 355
39 355
268 266
478 407
422 255
88 51
279 139
141 118
22 206
129 203
304 290
493 2
463 488
261 374
333 152
7 100
456 222
489 398
157 76
184 319
222 432
71 124
243 1
207 64
267 117
408 337
191 424
412 253
127 155
159 173
273 460
35 19
417 81
10 376
47 75
7 194
170 269
270 430
494 265
383 329
166 114
390 143
396 210
365 302
327 375
187 376
395 452
34 222
450 165
92 396
442 497
266 451
381 112
378 36
218 227
193 113
256 236
446 83
385 152
379 163
40 64
17 66
141 287
452 403
299 91
89 44
495 93
57 207
96 228
308 435
48 314
50 1
85 304
308 497
160 322
239 39
458 52
192 256
11 99
42 496
393 162
255 483
191 388
469 312
100 287
101 277
278 0
157 151
0 215
390 465
357 13
417 129
385 315
266 109
106 248
410 308
144 499
239 165
329 335
122 60
337 429
430 75
78 468
183 87
404 79
444 73
54 261
428 361
323 291
39 194
355 429
280 449
466 499
334 371
432 296
77 308
383 269
237 7
446 313
392 273
198 203
316 336
50 253
44 245
291 373
302 84
385 146
497 434
305 352
0 183
491 237
7 77
437 226
40 96
221 383
438 284
121 420
25 255
352 23
396 69
5 143
142 50
484 243
95 139
323 289
379 447
24 166
245 238
334 461
197 285
69 56
328 135
390 42
417 353
274 242
238 313
363 132
375 380
371 347
489 322
269 194
213 368
106 293
107 458
95 292
200 304
439 16
411 28
233 330
424 328
142 8
492 162
394 5
205 367
41 266
460 46
414 310
455 25
483 372
16 62
366 430
447 217
97 306
488 358
186 331
191 412
427 180
38 183
402 321
87 95
141 443
105 400
425 407
279 60
123 261
191 295
364 341
147 138
348 462
293 487
252 387
67 484
19 179
352 105
200 421
216 440
192 193
100 321
381 469
230 379
27 356
198 274
264 391
353 197
185 465
352 498
334 437
468 419
377 353
126 320
112 429
123 342
15 304
126 75
455 397
253 208
482 334
77 303
1 99
64 431
281 38
475 416
187 116
321 295
467 64
346 300
494 80
236 321
396 10
259 214
423 203
37 364
20 405
356 115
398 21
59 420
336 31
499 386
181 376
440 173
473 0
432 138
459 319
181 21
235 356
411 292
157 158
416 449
416 177
50 272
45 166
197 109
347 233
109 49
222 380
380 402
40 47
218 313
186 352
60 400
192 421
432 471
272 201
230 348
472 188
206 280
241 17
251 256
305 440
320 212
114 379
426 53
218 155
359 496
396 404
325 419
390 441
142 257
457 163
203 225
357 282
299 262
18 451
391 402
115 175
406 64
117 81
236 184
180 335
239 95
366 77
370 416
26 257
272 364
89 483
265 327
89 299
250 417
171 459
486 141
57 138
220 392
76 174
361 308
256 109
186 100
369 122
379 408
272 395
378 3
331 214
13 496
265 272
232 263
256 436
427 218
463 314
340 147
455 391
0 202
302 211
334 38
446 171
418 65
69 71
285 149
145 252
24 298
413 262
198 256
327 169
335 125
124 142
33 176
378 432
143 386
424 32
56 329
247 223
294 474
123 168
420 79
229 120
382 444
53 142
311 433
410 232
226 499
175 35
467 111
497 405
437 462
144 274
497 345
320 391
59 143
74 295
416 479
275 155
297 298
231 180
264 460
459 142
29 490
102 486
391 348
310 99
225 181
26 454
197 74
217 346
494 256
87 143
298 410
60 363
395 95
408 292
286 160
2 219
206 167
15 456
56 97
130 177
484 133
208 157
355 181
438 425
421 349
259 25
240 219
167 320
464 488
148 427
146 102
121 2
459 352
302 136
313 367
0 432
89 149
331 208
486 445
146 269
146 407
478 406
78 387
375 497
424 394
348 375
377 71
275 469
105 188
55 429
362 270
420 56
116 303
100 103
372 454
213 247
5 18
257 192
41 435
329 484
211 318
389 177
146 441
129 16
446 103
225 185
93 160
463 497
100 61
16 416
163 472
343 229
273 20
455 452
289 315
133 284
313 0
293 374
242 311
414 423
460 188
200 491
489 405
466 16
432 89
414 334
64 447
467 109
413 337
4 422
58 202
55 489
215 371
34 348
123 458
498 448
439 83
340 199
215 280
222 307
141 499
446 136
97 57
247 413
187 10
65 251
93 245
468 472
320 308
266 2
302 444
379 117
168 93
374 220
379 383
234 96
84 372
430 180
93 181
43 177
280 280
377 460
432 373
182 345
199 105
401 300
417 1
94 280
352 85
320 468
416 231
104 54
86 0
33 386
63 179
311 429
389 343
69 188
385 174
279 251
403 84
85 180
312 173
110 180
0 165
248 431
337 417
269 204
90 276
307 155
84 5
201 119
159 325
499 270
373 397
333 130
310 276
449 419
451 475
492 60
343 303
72 240
297 32
160 342
497 387
393 468
87 433
258 446
216 98
347 110
240 441
217 181
100 403
378 19
431 403
58 370
462 126
10 131
325 259
499 171
139 174
107 244
190 78
28 217
327 258
199 376
57 68
323 268
287 9
264 201
423 70
48 322
453 237
349 59
82 278
452 348
444 221
151 411
129 134
392 31
407 456
376 443
211 316
325 199
252 499
421 441
264 27
265 470
29 69
348 466
166 463
36 152
64 110
96 187
218 45
353 340
283 478
294 230
281 494
345 472
413 386
413 267
237 29
99 30
496 118
433 447
451 162
124 469
156 367
412 220
60 226
56 118
200 343
338 351
175 481
219 183
302 88
470 133
15 391
9 69
368 12
26 442
263 319
39 151
371 271
498 303
421 284
127 54
257 121
455 317
1 284
225 174
159 303
47 195
264 175
39 56
351 132
303 417
420 466
238 342
146 144
428 236
142 419
393 55
373 252
36 348
374 226
381 261
456 34
61 428
337 72
204 452
369 40
6 360
202 290
434 244
332 200
120 362
269 327
79 13
213 494
220 467
81 87
473 102
382 389
462 34
486 219
111 18
378 208
498 118
214 81
133 284
498 47
374 105
470 267
262 305
124 183
123 334
288 205
95 96
483 171
242 409
427 321
29 354
324 306
239 379
15 38
437 224
330 13
133 163
468 152
188 247
81 445
150 311
259 370
393 97
6 94
416 135
341 434
92 297
29 17
56 183
407 44
410 345
9 89
242 43
290 329
126 430
93 223
93 277
374 352
299 486
474 233
19 215
364 315
185 463
146 393
290 93
438 405
495 52
95 299
481 89
371 237
312 107
236 464
168 258
244 111
196 467
34 70
238 215
178 251
496 423
16 176
81 286
338 306
106 428
17 285
374 439
46 388
204 39
297 135
246 373
192 393
464 294
9 227
478 202
477 39
215 326
113 493
151 296
225 303
441 257
196 94
335 167
206 95
230 39
412 3
397 328
122 457
184 213
267 483
22 14
340 244
89 237
385 305
461 240
350 110
57 254
421 398
345 392
431 480
483 427
255 196
153 232
445 229
64 189
55 64
308 438
175 395
53 249
342 61
23 14
120 192
90 80
324 41
21 288
215 256
304 357
441 323
52 457
146 387
303 469
407 201
448 112
213 435
496 353
219 55
99 371
304 339
381 42
330 128
236 254
111 45
368 40
349 53
292 273
242 495
48 95
59 149
84 349
202 125
180 432
156 422
261 280
322 460
440 494
249 4
49 29
69 212
117 418
43 419
266 409
357 285
286 167
16 268
393 223
7 218
492 426
58 15
475 254
248 232
236 268
297 349
62 285
55 218
489 179
441 98
235 256
275 150
418 374
97 291
361 164
90 456
472 354
460 0
232 299
419 60
410 468
253 216
287 472
3 161
259 276
384 296
446 347
221 159
302 217
381 170
478 164
370 323
323 450
102 182
242 407
375 21
90 152
476 480
141 229
5 332
128 253
100 242
401 75
144 173
195 56
72 377
52 173
476 442
124 227
134 78
451 218
371 9
489 41
270 199
383 483
236 128
370 12
439 188
361 123
31 435
312 56
81 103
397 364
91 57
487 21
92 77
86 439
332 315
14 427
410 455
83 250
262 146
334 305
280 53
488 47
455 312
415 300
16 37
94 313
186 107
184 82
373 130
445 122
49 205
160 460
62 460
458 95
400 324
229 145
192 33
345 217
369 148
37 112
277 385
344 131
65 316
446 380
2 438
144 392
204 403
215 156
252 266
442 174
171 4
37 171
388 363
363 382
347 257
142 400
384 124
440 338
218 301
92 387
279 72
475 88
244 335
101 191
217 348
353 43
214 240
103 390
125 454
211 319
71 472
448 205
43 307
461 389
128 113
185 53
141 259
94 160
203 237
86 195
90 272
12 439
181 156
110 468
139 306
130 321
378 62
370 79
468 273
386 331
236 448
207 71
83 377
114 301
348 287
411 52
491 290
446 276
244 25
331 56
229 235
297 314
393 107
232 19
350 213
161 118
189 86
315 220
373 272
411 282
334 221
363 175
451 178
203 309
217 47
282 386
52 446
405 431
451 445
10 137
255 153
92 23
243 296
420 259
41 116
189 184
359 228
406 52
213 162
61 461
199 430
376 195
126 252
49 133
270 429
83 60
83 377
25 175
434 179
147 298
482 328
56 189
241 193
207 314
127 307
237 268
463 326
78 466
99 441
371 128
40 222
451 454
481 475
154 477
127 267
95 154
343 109
154 3
317 436
243 361
481 296
123 481
299 444
385 53
33 250
472 256
62 73
49 276
105 43
163 55
209 232
193 258
114 52
489 199
412 283
80 84
65 393
189 203
108 216
467 426
35 142
215 291
67 97
493 264
172 24
256 156
266 381
286 301
0 380
16 275
359 412
157 96
151 277
345 346
273 259
401 312
456 160
257 469
85 375
400 102
110 257
139 8
162 377
109 425
52 162
427 125
221 263
392 84
283 224
484 238
402 408
68 237
206 358
234 177
280 144
401 486
346 390
119 392
169 8
171 229
354 221
337 450
386 428
4 229
319 21
429 340
78 222
80 497
27 136
280 166
4 307
49 182
426 351
359 169
398 96
169 382
184 104
384 6
88 71
92 389
229 407
481 22
371 159
296 414
432 398
57 428
462 437
288 107
276 389
485 499
382 26
130 6
13 66
489 367
256 453
212 82
456 337
497 194
108 179
430 145
73 40
477 339
446 388
277 117
117 74
100 114
120 351
417 83
450 485
438 407
341 58
247 151
345 149
328 244
241 305
197 110
450 167
55 27
144 248
323 184
298 113
464 275
358 418
404 234
493 160
218 194
197 334
483 466
62 394
199 163
126 156
323 249
276 76
176 230
414 272
386 499
275 212
482 202
436 485
146 238
285 429
263 216
34 482
377 98
114 449
105 76
325 92
20 280
10 453
226 196
48 276
488 464
166 175
160 322
413 103
384 158
375 198
180 0
98 261
210 57
486 64
8 167
447 163
117 28
225 309
85 195
159 125
300 425
100 177
280 312
471 13
63 165
165 198
311 243
153 115
32 22
41 139
302 40
69 341
150 271
466 146
271 88
365 477
155 423
235 317
330 287
304 206
256 393
489 469
437 68
442 142
281 321
361 483
324 435
59 282
280 327
267 377
355 403
326 132
450 362
149 62
120 132
378 454
275 229
149 367
361 212
33 91
426 142
429 247
381 251
430 488
366 14
417 197
181 73
435 96
10 483
468 84
38 482
63 346
65 314
378 212
303 426
420 264
363 230
333 349
190 244
110 263
312 56
129 380
476 493
329 64
0 338
172 297
143 39
205 236
448 60
486 83
199 252
334 406
107 62
159 19
134 297
205 269
149 446
291 186
250 477
167 120
417 103
142 340
76 412
472 199
282 24
128 310
68 482
396 314
333 28
177 55
325 319
265 383
69 326
156 409
29 172
275 175
15 299
63 269
468 443
468 388
198 102
436 448
115 119
147 333
388 300
120 324
59 65
244 237
146 481
5 252
427 28
179 280
401 295
238 242
482 369
323 58
359 33
152 260
445 474
274 151
327 185
251 246
484 387
220 347
451 482
362 225
357 230
25 41
136 258
479 264
174 118
151 302
414 33
7 155
306 359
45 134
232 486
225 148
347 68
51 445
170 298
28 265
307 27
137 54
170 295
413 116
270 344
378 417
424 185
44 237
223 83
69 89
237 456
24 146
91 84
234 427
193 113
492 263
169 352
499 129
97 339
35 264
181 367
52 413
3 106
41 97
38 226
182 110
256 128
212 59
486 199
312 299
62 31
235 156
285 83
274 234
499 382
101 309
75 32
490 154
251 78
304 31
141 141
269 487
46 249
448 334
133 384
416 112
268 47
130 3
238 405
139 404
65 89
121 241
395 140
218 112
143 498
139 23
362 137
238 409
243 260
144 187
151 376
423 412
416 272
177 405
161 6
95 317
58 226
367 216
180 305
303 437
460 324
313 294
203 174
434 51
90 298
174 79
343 242
14 449
206 111
117 43
360 367
446 212
281 270
427 165
102 461
137 82
377 415
89 302
354 432
231 24
455 444
38 257
59 150
262 404
448 265
485 379
444 160
431 283
448 77
390 210
293 50
317 28
182 170
102 407
283 36
333 333
443 90
240 371
128 2
119 354
86 76
236 104
387 382
459 19
230 187
238 349
229 23
193 55
314 412
300 147
333 449
391 133
357 276
278 132
338 485
413 249
354 424
306 1
21 93
281 265
467 103
126 371
278 48
312 171
170 445
394 113
98 3
279 286
270 455
292 409
159 108
33 57
59 365
310 191
309 80
183 91
314 276
176 161
184 93
38 489
454 354
358 284
70 52
360 489
251 192
301 4
62 410
127 186
377 473
53 437
381 38
166 88
101 195
288 343
184 285
139 178
463 138
42 349
339 33
78 402
259 90
352 379
417 173
146 331
268 146
185 199
139 149
197 351
46 92
377 485
16 82
220 368
218 479
364 115
369 409
499 442
173 128
301 203
34 442
89 447
498 154
156 126
329 489
81 353
190 376
458 310
179 206
185 31
146 397
306 50
344 15
496 157
212 18
312 297
97 98
252 401
379 447
437 408
261 209
437 370
181 304
10 247
130 360
109 48
450 128
496 267
276 294
164 492
141 488
86 477
230 90
38 190
99 110
319 327
197 212
368 108
355 378
90 379
427 338
466 199
318 377
171 462
454 94
434 188
165 448
38 20
63 247
357 76
403 14
226 28
488 453
183 95
326 344
34 274
325 253
482 0
463 496
90 5
193 269
217 25
397 210
458 256
184 460
474 167
196 440
393 53
0 184
380 76
202 326
431 266
267 380
376 413
418 82
351 466
343 464
174 421
29 241
53 484
152 213
153 28
81 200
236 398
475 433
259 469
235 29
409 42
307 2
436 285
104 225
41 140
61 447
40 216
52 90
155 94
474 56
256 161
59 55
340 345
314 386
416 451
493 401
256 177
463 300
377 192
332 419
218 419
487 393
335 259
205 39
96 491
152 179
86 204
401 63
450 426
377 215
469 366
43 222
22 225
417 358
129 399
170 102
347 348
459 157
197 183
26 16
195 145
201 178
241 133
59 103
170 43
409 288
10 139
216 305
15 384
135 134
88 497
197 306
463 435
118 156
24 12
9 144
174 219
204 211
166 268
311 263
403 336
328 73
230 413
149 44
30 97
94 284
90 118
54 291
299 54
418 172
169 323
394 428
139 195
315 450
213 305
493 479
52 468
233 321
366 134
83 382
167 248
367 178
321 109
163 421
445 473
148 434
362 114
162 395
345 353
158 477
456 411
379 3
325 360
494 113
347 43
291 430
460 14
124 158
431 281
106 139
425 377
343 255
2 287
140 5
335 347
258 150
154 291
152 490
455 331
226 498
280 302
169 17
28 240
22 145
136 459
188 480
87 62
349 384
389 89
437 342
344 76
368 47
389 350
181 372
222 344
147 407
277 3
243 168
313 305
116 117
450 449
363 305
189 37
127 65
407 430
359 416
315 103
454 79
451 205
49 487
247 25
380 48
216 24
181 476
93 381
331 297
454 395
433 194
111 495
278 412
328 18
474 137
216 495
200 428
267 19
44 102
150 14
390 277
253 219
100 71
221 198
94 283
330 27
375 27
439 441
312 153
142 119
114 286
66 358
229 315
269 185
200 273
402 271
490 442
366 155
354 443
226 87
466 448
327 56
350 341
346 118
237 162
300 488
346 351
18 366
51 75
201 287
59 103
46 103
111 401
344 412
351 465
265 71
479 169
11 444
62 329
343 357
346 299
2 143
361 44
472 21
160 265
220 25
480 71
473 118
382 91
408 169
92 85
255 25
469 72
253 266
475 31
330 449
444 173
70 185
206 158
423 42
67 218
290 495
114 47
139 115
284 496
82 399
425 229
301 337
455 394
426 406
207 282
308 108
293 152
310 378
420 351
422 85
80 339
386 64
179 194
43 377
277 315
44 477
166 54
448 197
456 473
255 226
335 163
315 63
293 480
332 477
62 213
52 254
318 143
189 291
20 349
16 232
61 149
203 413
110 227
200 152
230 66
82 308
223 65
46 249
227 17
230 230
336 289
432 135
278 6
207 474
58 298
448 223
136 120
347 3
7 99
17 400
208 238
303 99
349 431
448 201
283 76
217 31
18 471
477 2
476 296
446 184
260 34
6 246
250 248
199 354
106 257
347 217
168 314
245 151
204 369
297 46
77 340
311 15
369 95
243 141
177 345
231 189
288 437
38 90
296 38
147 237
306 402
216 495
498 327
48 313
359 54
394 346
213 288
383 58
199 434
131 478
20 376
166 214
304 308
198 56
145 100
2 345
192 452
131 70
384 42
97 179
377 243
32 343
401 442
376 267
246 452
329 7
222 266
426 347
403 26
127 124
321 48
352 481
52 14
56 483
163 436
31 5
349 392
335 63
183 102
55 211
219 429
47 236
83 441
319 325
449 338
386 298
280 270
136 239
74 184
472 45
50 89
482 3
67 399
2 317
380 102
31 409
145 99
392 430
255 228
66 64
362 56
178 304
395 494
30 315
360 470
411 2
6 410
162 393
62 425
27 16
425 443
394 410
340 422
2 139
203 447
3 420
224 417
264 33
348 120
442 294
297 60
323 353
99 303
80 485
353 161
456 107
17 130
52 351
342 209
8 54
474 397
314 363
396 198
170 430
225 245
157 464
170 374
177 480
317 269
282 109
216 170
300 239
442 85
294 352
258 284
181 302
17 232
283 347
278 413
10 305
122 355
229 168
148 292
61 258
367 466
488 343
434 83
20 141
345 376
12 314
468 104
188 45
245 485
250 323
129 23
378 261
429 251
395 107
217 429
247 456
151 84
19 236
229 438
314 39
205 74
178 179
76 25
362 219
42 321
196 112
373 171
274 426
385 154
84 169
477 102
186 331
419 481
419 205
244 148
75 85
264 301
326 105
324 193
14 188
301 367
390 211
137 174
181 17
186 23
477 265
448 16
497 164
221 220
220 268
353 466
119 295
401 470
163 446
134 225
444 29
240 435
462 335
352 230
105 143
260 390
406 82
98 208
280 255
23 320
138 1
296 229
199 257
203 49
275 214
243 190
477 219
406 336
418 291
434 258
149 23
457 46
107 407
15 56
228 387
388 390
119 218
475 37
86 170
384 31
73 213
433 480
316 50
342 191
450 234
109 128
175 451
358 66
474 134
21 373
264 54
272 410
447 235
406 100
483 385
99 142
474 56
458 384
75 290
376 300
281 25
476 485
404 308
442 187
412 230
137 463
225 176
264 261
361 24
410 22
164 196
252 9
393 491
281 63
215 320
346 10
347 496
156 174
213 103
334 98
414 126
154 323
84 139
16 418
440 298
494 426
287 457
448 99
162 180
352 81
91 377
226 50
225 291
394 382
481 290
416 80
403 247
238 71
489 488
286 254
180 282
239 132
231 467
499 39
120 393
271 352
254 64
355 497
379 479
270 249
182 212
311 38
109 85
425 50
304 451
233 63
196 337
156 324
215 427
173 8
212 187
251 444
293 466
298 458
60 172
237 68
458 242
179 48
450 68
371 457
20 107
444 456
132 68
348 452
460 347
34 21
317 172
139 138
96 110
134 437
357 8
250 371
272 315
235 282
239 74
181 106
62 111
32 477
430 46
393 380
253 390
63 280
418 70
180 54
343 366
375 314
38 200
367 477
259 162
236 455
61 350
314 270
247 476
22 346
226 177
68 268
48 479
49 483
37 318
184 81
395 232
432 411
241 285
299 151
106 352
203 36
306 20
348 17
363 53
83 222
490 441
420 151
486 390
208 321
402 375
107 245
8 149
287 391
42 249
102 86
474 1
21 157
26 132
38 221
443 389
182 121
124 286
176 454
275 110
337 237
482 29
30 444
335 342
92 169
108 229
230 46
203 82
67 103
324 229
470 105
78 268
406 152
106 54
164 82
319 233
114 353
297 153
496 496
166 484
213 440
486 274
208 296
251 189
270 275
232 76
196 240
392 310
216 102
36 350
435 380
233 208
361 49
397 382
366 209
1 63
189 432
80 487
28 398
25 331
259 298
38 258
420 455
409 282
484 137
369 298
6 419
320 455
189 219
429 218
133 56
340 282
270 323
73 420
251 150
449 98
208 11
318 339
474 481
470 80
378 458
230 191
146 384
103 50
120 336
244 384
167 254
429 84
356 289
439 354
452 107
470 240
432 13
346 289
369 406
216 316
7 247
131 298
349 6
194 86
471 321
427 290
226 490
279 356
210 82
189 218
311 15
380 160
301 243
1 226
394 170
269 217
16 253
111 252
338 217
390 305
95 161
151 318
26 321
403 430
1 89
456 445
457 312
407 336
414 258
428 408
477 308
61 49
301 345
414 173
330 139
153 305
475 278
451 304
87 1
442 207
152 440
104 398
234 109
219 11
271 148
308 499
48 248
446 222
395 349
340 360
17 77
355 493
150 492
346 159
366 237
29 288
187 18
479 133
144 273
422 50
49 267
367 230
304 97
298 313
26 199
129 490
336 43
388 336
495 486
75 86
226 361
231 104
237 413
187 62
112 233
0 461
43 13
110 367
181 348
399 260
251 59
454 380
217 87
73 194
280 212
426 0
456 7
272 157
72 193
278 311
124 184
198 278
497 20
220 160
421 30
89 119
0 24
111 44
90 69
281 36
36 371
230 207
217 492
37 354
166 289
325 315
445 142
162 375
36 442
473 382
354 309
333 414
310 206
275 444
480 401
272 408
468 368
212 354
208 185
326 249
416 226
221 151
27 361
155 383
118 415
224 128
395 472
30 57
353 205
106 305
213 185
53 230
84 33
70 117
366 145
371 396
400 134
347 92
328 279
46 2
483 446
270 270
179 378
83 300
457 384
69 190
420 22
56 474
91 357
2 126
375 309
443 225
318 127
406 290
144 498
444 452
74 127
357 66
366 105
489 441
483 323
345 410
384 255
112 253
380 327
136 466
192 107
234 431
73 10
8 492
444 217
197 304
370 370
475 54
495 88
263 316
226 330
86 108
214 462
289 50
17 94
53 277
208 209
71 287
131 133
350 431
235 75
297 399
454 457
45 124
440 301
132 160
268 18
480 70
472 482
428 121
398 489
50 333
472 458
443 473
404 103
30 293
193 491
300 327
451 499
300 197
357 243
261 284
354 126
460 93
214 179
20 241
426 464
274 71
396 399
2 217
363 301
144 33
360 408
407 445
142 164
259 207
344 0
478 21
466 198
229 290
383 181
497 250
173 310
209 272
489 69
370 211
244 352
260 367
312 457
473 167
227 454
306 232
253 71
121 136
427 220
253 351
453 310
472 250
22 126
195 181
245 364
216 418
285 489
298 329
348 449
403 271
4 75
498 62
198 109
329 120
323 477
288 434
37 128
254 112
294 59
275 301
71 39
380 492
321 208
157 179
302 169
97 413
475 306
416 95
67 25
3 97
32 242
370 143
255 69
480 476
130 401
440 256
100 201
410 173
204 273
442 419
332 6
313 391
339 159
185 81
178 258
1 188
331 62
483 223
200 86
488 464
72 330
383 280
305 172
445 293
213 9
16 239
483 397
57 181
262 322
80 242
282 292
355 433
157 113
51 338
154 209
391 391
24 78
250 274
420 329
191 47
139 485
382 59
92 122
296 291
33 354
498 228
162 315
280 205
396 171
380 184
75 50
129 123
249 451
133 231
131 169
6 324
383 270
244 241
32 475
181 40
120 418
85 179
237 282
305 366
402 133
35 37
160 329
281 16
248 410
431 414
238 379
1 438
179 473
300 97
489 63
481 481
12 109
244 67
285 249
234 49
87 187
16 270
286 247
9 149
63 34
265 441
379 153
478 118
215 410
473 278
259 56
166 307
374 124
373 410
459 159
198 460
230 398
146 214
364 16
403 7
448 279
285 20
491 179
441 263
42 58
115 267
74 153
277 281
43 448
459 3
463 354
253 157
223 193
61 251
258 439
71 464
337 59
238 356
119 328
386 32
299 13
167 1
134 373
321 296
299 177
32 132
289 114
307 137
388 12
304 221
185 498
57 375
231 374
202 148
180 202
68 89
442 479
352 235
383 77
106 25
157 183
297 490
479 446
310 457
178 367
218 114
341 215
90 275
423 72
127 144
233 455
434 195
282 28
457 286
311 165
200 63
406 320
266 350
307 385
105 429
395 337
404 323
450 237
309 346
491 226
181 288
483 76
104 116
254 265
431 61
477 418
238 483
333 383
120 357
286 492
329 225
400 181
270 86
432 351
77 80
368 423
0 110
78 204
321 456
18 185
455 252
88 347
82 45
402 421
414 202
280 40
74 95
181 180
383 344
276 466
389 312
423 497
201 241
198 1
186 22
127 68
267 141
187 215
136 349
403 441
334 402
498 35
216 408
104 31
497 99
412 381
230 239
480 187
188 431
305 30
450 227
220 284
351 69
418 259
201 340
242 174
209 387
295 240
124 277
229 251
484 121
360 493
180 214
497 193
75 220
299 303
439 26
95 20
279 291
131 366
392 332
219 373
466 101
379 366
118 90
63 460
453 102
317 424
117 133
205 166
321 44
70 5
25 261
52 18
236 156
341 35
260 128
229 412
279 226
168 460
272 249
203 232
8 225
210 372
39 477
21 416
421 360
121 444
462 298
306 25
60 198
178 147
60 321
399 259
72 191
440 68
152 344
70 143
16 12
489 280
48 55
267 362
306 321
119 389
414 268
318 278
425 475
148 348
108 337
380 47
467 180
24 320
316 471
483 446
79 184
91 472
335 127
449 358
99 493
114 420
198 14
341 284
133 476
165 489
388 241
273 46
218 356
179 149
96 34
70 163
487 175
154 161
372 174
168 455
376 471
485 282
66 74
402 178
19 51
144 68
114 260
468 417
67 332
219 147
310 15
42 289
303 150
324 196
4 175
146 344
126 380
306 484
14 45
96 209
277 386
146 241
10 243
75 114
261 429
444 146
436 424
74 338
387 91
118 398
243 391
271 264
100 221
118 77
138 467
353 67
160 267
10 499
113 170
100 438
84 226
150 396
235 372
463 224
475 122
13 81
198 70
291 136
213 150
117 262
329 204
471 322
321 489
159 482
420 286
13 111
8 4
229 15
92 95
217 192
126 67
137 230
366 176
326 280
394 431
487 296
118 223
212 459
441 440
78 224
187 213
69 91
107 195
290 298
491 51
118 359
441 469
145 107
239 159
443 471
267 134
357 430
389 386
178 422
498 182
395 256
200 185
233 465
263 159
210 375
235 254
75 328
287 176
188 220
192 378
12 131
61 311
49 222
496 451
133 227
336 494
179 29
346 36
195 264
140 109
216 405
85 227
255 291
12 224
102 443
74 56
367 115
189 136
439 417
144 185
179 72
453 332
368 210
475 299
261 63
320 467
194 329
120 405
129 449
393 484
40 232
199 319
455 260
177 388
73 394
319 173
6 104
314 124
276 374
290 141
108 37
366 462
220 302
104 338
175 349
433 497
316 215
475 484
224 124
18 4
30 297
401 189
314 36
262 68
209 90
479 404
367 318
472 345
35 87
288 76
425 210
278 74
58 242
218 105
110 283
432 88
278 140
28 186
254 92
34 142
47 315
485 13
210 414
353 458
386 245
308 141
215 312
406 86
43 126
261 124
212 5
145 193
231 490
434 25
168 337
153 320
333 215
481 490
448 43
141 334
475 187
499 301
239 43
21 405
381 282
288 282
327 93
436 285
163 59
396 370
191 331
398 401
392 376
272 379
65 192
379 265
66 392
287 230
135 305
439 308
90 368
462 79
217 418
477 398
120 380
63 225
127 163
392 461
192 371
63 164
429 109
1 295
25 347
4 289
97 13
381 443
375 40
458 343
93 92
324 435
12 66
81 387
348 139
10 473
137 392
1 426
221 418
265 354
495 98
111 269
65 93
133 493
188 440
384 443
230 134
200 208
95 242
234 281
107 295
39 244
22 244
163 392
246 95
194 280
50 242
187 305
150 467
259 172
115 191
177 495
203 197
439 229
362 150
445 173
270 469
214 336
228 292
388 229
9 326
420 434
239 411
230 459
131 242
285 489
484 98
295 462
191 39
189 87
260 53
23 486
174 382
175 89
318 402
81 415
349 179
443 1
461 440
34 25
367 444
43 319
281 203
243 190
277 324
378 284
123 390
272 253
342 297
52 299
66 12
43 133
134 267
208 338
364 447
392 242
414 231
434 287
329 195
372 29
166 107
349 250
3 289
438 121
273 197
209 490
123 339
107 104
443 110
409 167
409 159
390 153
440 175
223 176
58 270
229 95
345 224
365 430
403 200
249 303
294 176
16 310
414 269
231 475
142 209
368 141
294 403
79 110
139 87
209 302
397 197
273 290
220 94
146 490
293 123
300 395
205 439
61 168
143 119
329 292
285 285
188 49
160 432
19 267
421 299
348 228
370 170
264 473
315 90
65 410
157 108
400 365
385 362
334 313
457 28
165 15
64 243
175 206
325 76
227 46
126 247
417 427
400 496
438 34
296 215
176 3
221 454
316 428
241 106
487 2
17 50
293 4
210 434
10 320
218 36
283 238
165 344
192 52
86 418
485 130
486 383
189 161
441 207
165 357
360 34
85 4
9 377
311 230
403 219
255 174
412 121
318 390
443 429
347 362
345 381
116 333
346 331
390 305
163 288
322 55
60 23
252 259
490 421
140 416
90 393
366 248
490 354
283 184
47 433
167 131
316 392
75 283
89 162
450 465
372 104
127 125
236 432
205 231
499 226
471 346
446 89
295 190
374 436
222 79
62 273
17 389
172 378
40 444
409 113
217 343
320 282
66 196
280 56
135 272
470 279
221 458
148 416
352 16
95 375
0 74
463 9
387 18
462 488
101 280
123 224
6 171
367 295
351 424
196 147
427 338
297 166
82 148
16 297
172 287
361 464
473 173
43 177
17 361
493 357
81 118
289 116
411 439
364 9
156 114
453 60
79 435
435 102
399 161
448 452
416 72
97 162
191 389
102 140
349 208
178 95
63 283
74 468
329 326
293 438
351 485
273 246
200 430
443 208
160 99
23 244
258 428
318 120
112 449
157 272
220 314
97 187
155 135
462 171
462 484
322 107
205 165
447 95
155 405
4 390
486 316
244 380
352 244
45 414
39 465
131 54
242 111
246 228
251 249
86 60
167 65
230 260
355 372
277 177
420 362
30 134
366 406
3 275
41 218
35 48
455 432
43 166
246 197
446 290
202 498
415 384
144 370
94 146
323 351
214 224
210 243
2 244
371 76
146 5
405 265
197 182
348 360
57 241
383 447
297 356
240 437
159 212
358 385
236 254
478 34
277 302
47 40
116 131
136 418
183 262
296 42
402 381
474 145
92 312
20 209
146 241
453 112
349 306
412 312
198 438
240 242
282 475
459 287
58 398
12 95
489 241
474 309
306 244
408 300
9 250
491 428
392 8
166 296
108 242
180 78
320 158
486 272
412 454
204 445
40 470
211 216
377 30
274 186
486 35
137 182
462 348
356 480
277 354
448 374
304 237
396 480
253 476
430 382
327 165
135 134
202 367
249 198
384 432
319 375
409 223
71 457
437 371
78 279
5 66
304 26
7 309
285 200
434 112
277 67
201 261
480 264
462 255
187 82
457 199
422 7
316 219
442 345
476 105
172 20
399 481
142 476
28 258
370 279
346 462
75 499
115 399
6 55
137 77
128 194
53 447
166 402
247 221
326 460
481 75
408 498
326 232
490 402
181 354
168 212
211 379
278 243
299 326
255 137
183 288
87 236
138 236
309 105
66 238
313 135
486 399
131 74
476 312
167 473
185 158
389 335
431 248
426 20
157 82
370 181
417 340
428 310
267 408
146 237
224 333
84 459
33 210
23 215
188 10
20 42
229 225
473 261
281 160
242 399
433 438
278 465
275 202
110 58
295 394
228 256
216 20
230 164
232 101
463 105
147 272
498 335
97 229
389 471
223 378
169 484
449 156
358 447
6 76
470 469
225 153
25 50
215 293
247 108
213 447
219 210
46 213
442 217
41 495
373 183
167 264
420 394
342 116
192 130
99 200
205 15
65 177
322 231
339 132
79 69
132 52
117 151
220 30
25 59
95 261
377 250
145 262
231 149
280 339
391 275
290 231
260 96
327 208
340 83
4 18
423 420
71 136
166 40
452 143
405 191
442 47
309 134
284 439
278 40
168 416
499 169
117 458
166 260
195 445
315 7
279 199
336 238
279 202
345 2
194 231
130 102
237 488
427 291
184 373
289 57
78 352
310 288
48 195
492 329
336 243
443 308
46 467
169 131
133 177
260 14
117 327
167 390
182 206
79 446
3 218
70 368
8 433
129 232
413 409
4 121
281 249
216 299
430 328
357 385
252 64
243 118
8 221
427 411
357 42
112 6
226 213
146 34
267 86
495 127
101 180
282 0
299 382
62 350
88 82
146 420
38 340
61 241
152 398
293 340
346 362
427 405
440 424
10 73
201 59
91 6
358 154
36 373
76 9
91 451
371 164
356 89
331 261
11 269
109 335
49 304
62 307
83 476
402 2
413 93
451 455
109 4
378 161
171 497
448 454
470 114
56 171
284 178
447 239
426 296
452 408
215 476
304 14
368 298
243 206
13 281
286 47
208 122
472 16
322 231
346 420
92 292
470 254
493 376
24 269
177 271
247 477
491 244
394 404
462 212
493 137
184 476
450 131
147 393
124 422
343 469
113 322
428 287
15 435
56 273
45 40
369 233
477 144
48 212
424 223
361 11
339 418
401 397
290 289
64 49
370 267
441 259
46 336
123 370
143 413
453 180
413 188
333 322
387 243
466 233
244 311
81 179
77 435
77 483
32 219
486 141
400 254
90 280
150 298
211 214
394 145
186 17
191 159
254 19
104 78
390 73
252 201
136 471
454 181
401 213
354 338
93 239
19 106
404 183
249 21
167 116
485 495
155 353
224 176
255 261
334 328
29 145
468 439
472 18
231 275
113 373
465 438
44 58
94 336
358 449
417 343
339 377
82 402
78 346
107 158
486 185
182 294
85 368
386 151
426 57
283 469
407 391
450 100
436 452
253 44
239 294
23 22
424 78
276 105
263 354
392 236
382 102
322 74
225 467
376 208
177 3
247 11
111 437
389 197
93 48
194 494
16 332
411 218
175 292
498 187
275 439
393 390
465 157
476 215
423 42
398 353
216 452
389 145
342 180
80 130
124 287
119 274
344 492
284 30
70 20
311 283
173 345
355 204
419 490
33 331
36 194
498 283
428 253
433 388
370 122
409 365
139 347
339 28
411 484
356 124
407 333
30 167
371 432
423 385
217 142
336 308
91 253
358 334
74 19
493 143
8 297
144 254
282 0
336 335
459 45
378 192
211 218
3 261
146 82
76 426
86 215
469 264
98 177
48 179
323 25
174 393
147 183
183 170
5 281
327 19
63 317
387 57
318 274
208 390
168 465
180 284
48 254
283 1
33 499
376 183
76 208
391 50
220 223
5 427
298 77
394 332
241 362
488 282
24 60
25 197
333 45
299 57
411 234
233 435
118 444
152 461
363 195
270 395
322 435
12 275
459 473
187 259
393 201
261 175
224 417
462 138
47 410
144 114
49 458
402 229
190 19
214 54
302 53
488 485
112 124
97 352
111 72
125 136
312 4
274 238
376 388
298 88
54 423
234 442
171 103
123 136
43 213
266 189
26 345
321 106
459 139
63 271
407 422
279 40
278 71
460 53
141 6
281 258
53 48
151 15
152 224
438 126
168 47
244 56
15 194
185 65
188 474
248 100
140 96
19 27
80 418
424 479
90 74
122 206
221 143
219 125
104 225
272 9
66 124
318 16
434 433
259 356
456 122
70 7
35 97
15 90
69 467
393 292
350 159
154 15
493 71
149 374
383 449
73 273
142 301
234 243
99 76
198 493
1 408
5 121
211 388
355 372
16 132
144 249
116 366
290 298
172 461
410 439
212 408
209 483
227 354
282 444
289 326
234 333
454 290
178 91
316 165
149 386
487 332
199 293
92 103
65 489
280 116
376 475
459 344
199 86
382 38
364 333
166 171
314 451
394 120
137 344
230 210
43 287
432 217
173 242
83 24
493 238
65 363
207 369
307 376
414 258
92 189
361 131
82 110
231 175
371 328
39 220
359 102
171 82
176 292
316 344
434 111
326 161
383 0
376 385
144 190
380 143
274 88
198 93
120 208
36 281
354 491
445 75
9 213
5 117
313 185
148 174
187 248
248 474
360 70
261 476
119 356
444 493
438 393
101 494
128 58
401 138
65 334
47 347
316 75
112 53
79 129
377 261
235 266
337 477
306 95
451 450
295 425
171 247
94 233
143 124
262 74
408 44
243 328
255 455
360 411
393 367
128 439
58 270
100 364
311 395
197 406
183 115
362 492
77 354
479 308
382 220
116 93
273 290
98 212
123 28
396 458
250 16
139 24
240 308
55 91
497 404
19 104
96 180
387 233
42 173
393 218
311 424
67 361
73 85
113 165
475 49
417 361
238 77
385 56
499 330
234 292
396 496
29 253
487 492
17 268
486 381
157 262
124 297
234 224
241 49
98 200
61 69
146 16
424 151
482 384
176 424
272 216
322 73
417 153
421 309
42 287
49 407
57 199
276 25
75 291
491 17
438 25
41 405
56 85
469 318
242 390
107 145
70 366
20 429
90 488
127 441
201 132
183 176
54 258
401 459
329 129
154 245
2 267
352 48
366 58
301 173
319 460
326 408
189 241
229 346
140 131
115 208
385 341
451 298
110 439
420 204
449 439
58 426
474 451
362 411
84 192
152 163
423 255
497 331
177 464
447 78
287 169
10 62
212 24
463 313
18 174
465 235
161 319
123 24
287 488
180 337
0 371
479 333
16 275
91 476
406 193
363 38
452 193
69 225
391 16
191 384
119 261
432 8
32 281
269 55
392 319
43 301
486 244
19 22
350 2
196 462
352 108
154 411
488 304
173 223
108 231
492 216
224 227
360 425
332 257
428 481
283 225
469 471
345 269
272 341
303 47
8 320
83 156
312 162
385 71
303 485
53 345
73 147
424 278
387 285
267 257
482 167
491 402
171 303
144 336
236 443
115 300
308 244
258 198
270 120
458 143
341 425
424 363
493 266
51 201
458 380
400 170
72 292
95 391
79 244
39 92
244 315
411 7
205 52
24 169
165 327
104 334
198 6
272 29
230 191
424 175
346 40
332 324
67 270
366 279
223 146
314 406
265 467
371 225
247 470
298 396
230 264
122 402
283 280
324 394
421 365
405 100
276 267
38 89
221 343
489 404
162 444
264 303
381 427
250 135
31 480
244 48
302 114
246 366
112 86
451 422
22 33
153 209
298 150
493 191
447 371
168 335
490 462
389 432
419 223
203 139
39 303
417 299
17 342
280 15
438 129
15 231
292 312
463 168
211 443
314 308
495 10
472 482
266 486
209 214
205 186
489 265
64 245
439 258
125 82
63 219
302 415
80 78
98 95
38 395
203 309
172 204
39 199
37 144
210 305
343 246
11 416
13 184
294 428
10 304
375 420
335 73
4 177
124 415
310 102
264 14
71 366
417 288
432 110
267 454
52 143
411 111
295 64
344 276
80 90
362 354
279 455
484 49
317 135
90 461
475 127
345 206
494 46
8 262
68 278
421 276
239 121
37 184
460 34
476 381
87 40
347 190
240 218
354 332
293 57
36 296
2 120
19 382
496 496
274 379
155 65
186 48
84 394
281 75
456 45
437 109
300 395
113 285
469 40
97 319
115 114
86 133
367 117
465 457
337 216
281 92
492 492
239 319
394 76
473 372
481 202
97 411
48 133
173 210
30 369
335 122
108 497
115 421
379 327
43 432
24 68
60 324
495 368
445 151
23 241
443 270
181 357
490 40
103 81
302 16
138 485
482 137
411 98
426 449
382 290
210 469
146 258
127 122
274 141
383 424
194 149
6 326
219 228
161 349
365 174
159 464
101 3
102 141
91 364
6 380
349 325
83 216
339 495
489 62
486 113
114 224
50 33
261 121
470 121
295 422
238 335
190 454
448 340
56 144
24 39
364 63
279 226
73 299
362 118
83 62
286 200
233 198
171 189
162 494
269 141
328 458
264 7
199 370
15 212
103 256
319 391
117 319
119 98
217 191
105 333
33 300
350 392
433 267
113 21
14 95
53 234
242 342
65 170
234 293
401 432
323 190
9 220
171 293
336 480
165 240
392 441
185 199
318 243
264 118
214 283
18 279
473 119
289 112
257 38
322 376
66 159
379 146
291 427
408 402
142 127
68 73
124 35
278 254
372 294
78 394
25 438
410 448
412 499
389 199
427 169
180 212
210 493
421 412
314 1
128 181
106 457
344 48
302 83
377 474
368 27
317 307
255 246
245 227
279 19
41 134
198 206
52 221
485 408
261 325
358 300
109 389
290 464
47 305
279 444
323 277
84 499
245 141
220 192
211 342
329 499
58 104
178 27
288 462
287 163
463 49
291 497
313 424
229 81
25 361
490 360
360 201
342 74
266 457
300 62
414 330
434 129
8 472
286 112
128 296
198 73
70 91
368 489
422 383
96 97
458 299
0 438
13 170
479 342
257 131
313 279
260 23
347 100
64 269
417 133
58 192
136 115
104 128
363 4
453 378
178 312
250 263
433 178
373 115
99 413
44 482
5 412
12 305
426 352
337 77
121 343
311 395
375 257
261 267
146 90
402 67
330 324
354 5
472 116
381 227
61 71
336 277
434 66
270 348
277 360
56 107
354 399
8 367
134 229
320 122
189 132
308 74
79 19
487 163
242 404
475 368
146 304
222 163
12 80
293 345
304 141
392 201
68 159
388 401
23 54
187 60
135 212
83 495
10 66
470 423
291 253
409 298
461 289
222 483
328 325
467 367
68 485
144 211
112 136
42 384
445 487
199 81
429 432
498 135
58 439
44 321
471 201
343 305
289 432
110 417
284 117
102 429
140 352
340 98
335 253
240 234
316 132
64 292
279 97
388 414
235 189
390 433
238 206
491 85
2 379
349 101
30 138
342 303
402 170
275 182
269 237
369 16
160 437
34 285
199 439
128 422
207 435
493 370
308 298
177 484
85 162
301 26
330 467
138 143
178 84
173 413
281 447
384 394
179 293
84 270
192 378
165 64
435 252
50 159
143 95
257 227
106 81
48 58
54 288
372 38
452 232
31 45
439 85
379 267
37 470
200 463
28 81
333 366
25 315
262 383
463 20
453 19
78 69
357 354
392 132
216 81
478 196
282 247
14 269
239 13
328 403
484 439
305 208
375 170
53 182
55 137
157 368
289 360
214 87
71 498
79 107
303 139
386 409
178 437
302 252
7 417
209 131
191 343
13 366
49 67
56 419
287 456
168 213
152 429
427 383
342 223
214 359
268 497
287 100
204 447
216 89
72 63
407 425
292 264
183 420
339 193
1 239
305 479
260 169
52 457
33 187
398 246
244 247
200 167
466 31
120 256
320 34
460 45
309 227
147 104
297 344
83 339
170 150
319 388
198 430
469 224
470 83
330 368
387 66
97 382
139 205
239 70
115 459
38 51
155 276
120 37
376 304
454 55
296 398
328 126
202 494
77 298
18 172
239 259
142 405
110 188
258 133
444 201
253 225
1 482
19 260
65 473
29 248
146 371
349 325
171 327
477 51
224 248
359 495
252 315
3 353
338 214
267 114
339 282
116 20
281 193
166 136
236 198
69 47
372 234
61 271
322 43
143 390
237 46
213 355
208 489
55 69
183 47
181 323
343 374
67 298
434 476
26 86
485 22
256 96
219 210
105 318
60 41
440 249
456 298
287 153
222 164
63 195
18 257
484 245
43 213
42 403
489 329
351 68
16 475
37 107
277 235
277 142
391 190
488 217
222 347
364 127
322 297
54 427
24 340
406 390
294 67
396 448
16 283
110 99
59 385
120 147
290 188
378 397
466 33
233 366
494 189
338 449
228 316
9 244
135 253
320 415
215 429
64 69
20 83
468 27
174 79
268 441
338 316
202 146
13 157
198 287
236 359
175 36
132 464
69 36
303 267
196 390
311 18
102 261
288 331
411 422
363 314
483 31
29 54
211 37
324 42
253 261
149 412
228 281
317 281
49 298
40 121
139 97
358 351
34 93
368 498
165 297
328 231
137 0
37 358
252 200
461 213
125 6
287 110
392 353
151 456
77 293
390 191
394 69
162 101
451 429
78 382
114 468
468 407
117 103
304 5
218 221
79 265
228 195
49 218
175 472
265 52
96 252
173 7
108 342
271 336
218 60
28 202
109 184
288 349
354 78
151 444
209 425
472 231
449 289
261 21
426 476
81 378
386 22
364 254
442 346
258 488
190 13
197 139
488 151
81 337
281 194
471 232
463 343
484 444
317 265
93 98
476 243
117 174
429 214
413 482
322 223
236 171
310 364
367 286
123 150
345 448
180 257
452 316
260 496
113 436
34 430
173 206
233 363
429 291
125 14
237 342
366 447
163 474
112 28
179 30
478 87
344 376
192 10
358 148
85 305
235 323
30 471
334 260
51 115
129 116
458 176
475 366
192 176
205 490
20 304
392 236
112 350
213 88
237 156
461 423
247 174
145 48
161 129
244 332
448 212
241 373
91 258
435 68
59 284
88 492
228 431
282 332
421 340
496 347
270 158
184 310
210 369
498 329
161 371
436 94
467 461
220 29
97 411
195 7
499 8
292 135
468 79
419 426
273 389
399 267
429 395
265 83
264 492
363 263
210 426
239 151
180 29
440 459
466 130
490 135
123 317
396 282
208 91
332 167
287 333
229 83
18 216
208 494
109 282
60 424
427 319
201 300
259 108
90 141
129 78
247 80
215 252
343 496
15 423
257 27
110 302
371 338
332 128
262 431
207 293
465 323
475 135
95 166
307 234
164 185
265 436
188 264
112 332
256 383
410 127
282 365
203 372
352 5
288 387
180 115
438 496
483 145
163 413
499 78
115 471
259 16
132 232
65 300
183 244
223 173
38 446
170 5
362 93
480 23
138 151
499 12
10 428
193 334
264 173
496 44
412 379
463 256
56 44
140 28
201 91
389 364
221 91
184 60
435 436
439 164
29 73
353 438
272 39
212 46
90 388
267 209
317 355
399 230
111 225
168 392
108 312
404 58
470 181
117 440
105 257
330 56
346 134
25 183
81 470
358 237
298 23
378 125
208 467
192 130
374 319
483 361
271 482
163 239
180 93
350 133
189 285
271 32
215 388
358 148
237 148
171 217
194 36
3 402
384 254
425 196
409 258
240 409
148 32
125 255
240 328
465 327
359 282
170 88
236 426
74 28
97 474
362 97
499 144
398 217
265 235
493 324
85 174
206 85
193 233
414 183
10 433
215 379
320 369
295 385
266 408
382 221
319 215
359 96
314 170
406 258
434 79
254 251
189 19
252 312
496 382
315 18
398 358
228 383
120 70
478 375
97 386
102 213
309 416
438 313
71 123
203 344
448 357
376 309
121 137
371 481
499 469
328 38
421 249
171 408
283 42
280 150
363 380
148 234
48 172
148 87
283 471
329 351
12 231
220 57
38 485
455 91
130 390
491 135
43 403
445 163
313 326
59 78
312 28
52 207
294 212
184 200
403 430
161 365
422 415
401 234
325 461
203 208
343 307
211 194
357 238
416 8
86 170
50 475
35 251
315 103
303 329
259 499
216 207
474 273
359 139
452 227
287 184
492 155
349 130
220 55
63 59
81 137
464 2
253 132
235 499
181 68
420 390
449 292
417 136
127 424
3 276
313 79
234 291
273 157
212 436
495 494
483 275
277 76
60 299
299 382
303 295
186 332
124 75
63 135
411 394
170 191
270 415
206 483
140 357
293 479
325 352
480 288
216 308
460 109
344 277
424 111
443 147
74 110
98 419
313 137
328 9
276 484
319 451
308 482
314 460
164 101
241 139
300 496
458 309
86 260
371 302
301 11
473 166
85 375
12 423
433 251
87 193
144 209
44 406
218 452
53 358
349 235
231 146
455 1
261 189
343 394
257 484
2 144
19 230
154 440
191 384
77 439
0 278
184 221
25 44
254 255
490 430
76 456
457 73
115 31
425 71
407 458
103 182
265 410
350 474
210 271
210 41
171 287
360 62
459 207
462 237
167 213
169 452
26 243
127 479
50 493
451 52
87 457
219 406
233 204
475 69
462 443
83 37
99 133
193 443
181 58
124 155
108 200
444 145
124 486
479 71
475 26
484 282
41 414
118 203
125 274
217 93
482 439
425 152
96 82
492 118
273 129
329 116
114 233
71 125
196 90
117 402
185 24
438 453
8 226
352 409
354 133
73 421
74 337
271 498
468 22
3 115
232 241
327 184
310 198
288 398
301 358
234 405
210 338
416 173
434 219
352 268
41 288
477 277
127 115
489 248
364 95
337 492
177 448
498 164
414 339
197 286
44 215
405 432
457 254
473 321
441 243
31 178
455 483
450 361
461 83
178 440
284 325
125 367
383 313
152 475
262 298
365 202
134 158
264 271
444 443
186 90
268 386
221 69
430 75
158 171
463 392
69 189
408 100
413 47
22 144
294 418
120 136
294 159
282 106
401 411
1 227
465 87
8 269
344 186
209 439
183 355
396 25
125 252
299 156
300 390
160 174
310 94
254 280
238 457
368 388
467 139
78 369
490 432
470 439
378 186
41 32
57 61
165 289
446 34
424 317
491 246
193 437
217 301
258 447
187 308
299 126
347 155
439 230
169 337
376 410
442 47
460 269
59 351
385 477
294 357
103 161
98 137
291 296
95 168
328 49
28 135
142 127
357 227
417 81
343 26
425 293
62 137
488 385
215 121
478 225
387 361
499 434
82 337
357 290
191 30
17 185
165 71
299 159
240 22
49 216
9 84
221 326
64 71
45 62
287 279
140 375
161 26
216 139
281 244
126 73
111 473
44 143
302 276
298 343
411 394
478 199
378 420
344 52
466 442
221 389
264 253
132 361
353 426
22 348
421 134
459 0
143 384
160 4
199 297
191 311
362 111
31 22
426 240
182 227
116 392
497 255
469 233
159 129
477 322
308 33
33 251
135 120
124 28
325 148
311 175
286 368
242 173
266 170
397 168
412 300
56 366
99 410
39 25
199 110
495 369
120 359
479 28
408 107
107 455
131 85
453 418
444 269
291 48
216 210
10 41
407 481
391 418
295 358
320 282
151 494
354 315
195 123
231 185
141 103
188 338
257 272
393 493
393 201
263 185
78 110
443 125
44 337
195 334
116 339
186 15
182 120
243 392
77 377
332 474
165 218
342 372
217 274
327 88
273 111
73 90
215 203
40 16
350 111
303 235
102 318
438 489
381 136
365 34
8 310
29 197
69 25
299 223
311 286
249 126
68 436
139 322
338 136
99 179
266 40
359 402
243 220
208 149
183 124
435 73
270 44
421 316
391 191
330 221
199 55
491 79
402 120
256 483
162 92
133 207
110 281
353 344
345 353
330 62
135 29
425 117
285 258
449 346
419 176
231 131
211 119
91 75
58 465
57 199
406 72
205 42
386 16
222 59
473 232
113 52
169 460
218 38
236 306
482 20
151 156
127 66
141 362
179 218
417 199
271 89
131 323
192 477
388 18
102 414
318 361
321 215
105 339
145 392
412 341
349 127
193 63
278 476
194 186
385 309
398 463
287 9
338 30
400 331
245 226
439 354
69 63
402 112
4 26
219 47
26 268
184 421
397 72
258 314
123 444
407 496
5 22
404 46
377 195
421 304
158 122
37 212
176 79
457 291
190 181
301 176
97 69
141 485
299 347
291 251
247 423
445 50
97 104
299 349
5 474
449 72
136 163
94 486
130 313
494 51
79 320
389 147
133 29
376 382
134 432
207 19
69 381
338 4
205 166
493 137
62 210
225 442
280 198
11 319
222 410
83 357
5 154
183 472
355 490
422 411
430 341
74 130
134 351
370 412
402 340
402 363
305 464
14 128
299 437
348 378
87 374
28 431
255 92
434 211
474 462
303 357
339 404
107 378
142 325
17 477
340 44
360 272
400 497
435 375
105 51
425 283
66 192
137 305
368 321
136 71
280 342
98 291
169 119
297 206
183 312
208 166
438 376
373 69
296 190
242 308
443 401
93 19
177 361
35 230
154 45
388 171
462 434
406 486
192 484
148 203
369 228
104 208
277 308
498 329
490 425
178 92
464 433
147 272
354 141
186 182
205 8
295 426
265 19
3 201
404 309
37 3
212 125
285 493
323 341
267 136
228 313
98 445
69 44
185 245
279 276
136 224
2 484
4 431
132 267
77 359
363 36
162 114
108 427
268 447
83 431
96 387
333 164
208 194
440 254
30 246
322 219
204 167
98 324
92 60
271 231
119 21
487 486
413 133
433 447
378 34
421 368
32 474
21 106
361 93
191 461
180 391
58 13
189 236
148 9
240 133
154 420
406 211
345 142
89 320
354 278
146 320
146 127
234 31
124 167
480 95
486 315
180 161
249 397
258 221
355 398
318 350
61 361
355 76
248 406
184 297
117 102
230 331
362 115
135 316
411 338
5 467
128 249
498 37
258 230
480 256
106 113
327 150
226 20
426 182
479 475
429 463
146 448
416 11
327 360
198 51
18 238
340 55
92 499
81 338
95 202
316 61
211 53
73 495
177 289
264 352
315 157
457 194
57 313
173 373
276 385
475 223
278 147
146 315
6 370
424 79
140 453
6 92
87 203
492 432
136 265
274 109
155 303
116 231
105 212
449 289
12 381
28 277
92 290
12 26
105 98
403 436
29 97
152 410
194 468
233 497
106 182
485 7
91 261
325 101
242 196
429 275
52 106
248 458
336 496
447 260
48 442
391 350
112 429
250 396
393 158
340 483
343 499
112 177
278 286
482 437
64 372
478 411
221 468
465 226
338 58
352 264
466 239
20 95
491 79
89 270
106 384
383 282
459 301
87 347
285 90
462 69
332 201
170 293
19 406
464 487
251 210
449 168
263 69
0 469
92 255
491 90
372 198
499 227
74 331
421 86
7 211
413 236
29 339
97 83
70 400
110 61
81 173
94 59
381 345
452 95
185 325
23 443
22 409
92 374
312 97
308 14
102 319
10 221
156 131
31 108
21 78
103 142
53 103
300 198
293 286
111 104
399 330
239 486
360 422
19 331
197 172
343 179
253 299
282 354
314 409
488 166
160 335
290 443
141 213
352 90
194 286
116 463
450 94
368 207
391 310
335 387
66 88
240 178
32 319
81 374
40 346
34 421
364 200
266 324
267 6
292 118
81 461
407 261
468 383
46 275
14 211
300 381
59 433
104 392
266 444
142 185
458 159
359 176
353 323
181 477
447 120
433 325
86 29
264 193
320 407
118 310
191 335
120 270
162 103
47 224
262 281
440 189
218 220
43 151
481 71
43 224
50 428
309 476
21 488
395 74
384 342
177 366
136 76
179 149
373 151
432 78
119 135
208 224
227 337
260 251
328 60
489 303
132 230
218 298
372 153
347 466
332 109
37 24
25 468
471 68
146 399
386 255
331 265
455 94
198 59
119 215
371 26
108 460
111 355
360 326
292 335
444 208
84 476
297 481
49 110
9 268
24 47
313 247
342 207
266 268
335 392
270 238
50 58
413 378
56 161
497 274
334 349
177 441
275 418
28 474
95 324
372 389
489 471
178 37
157 183
75 445
35 344
403 345
75 85
247 168
294 131
332 96
37 128
47 10
336 312
489 427
169 431
402 213
102 158
341 81
378 259
103 268
113 265
350 358
27 188
171 449
45 321
450 4
366 435
99 349
128 202
134 440
153 297
455 388
469 107
366 148
416 199
464 322
32 381
421 167
468 59
381 93
97 366
301 183
384 315
17 400
341 12
310 151
40 346
454 117
266 361
61 172
346 34
416 25
44 379
438 337
282 13
379 171
206 231
46 32
432 90
103 64
67 125
324 265
382 459
321 130
302 0
35 234
259 1
380 303
140 156
169 170
194 275
6 48
80 400
343 53
117 364
342 298
63 36
496 18
148 445
298 317
403 302
303 333
136 162
318 35
206 128
403 339
387 252
152 410
315 319
36 347
145 284
320 378
248 208
6 316
485 396
50 304
489 388
403 206
241 125
105 73
413 299
51 9
271 152
324 56
403 438
222 360
90 401
109 42
211 338
86 467
271 48
289 488
194 260
237 192
117 288
439 343
204 382
35 491
399 327
265 211
71 154
55 339
233 161
351 17
484 296
345 437
277 108
220 134
178 472
112 458
153 295
178 51
42 209
388 65
276 293
448 5
344 199
212 355
372 429
226 63
352 209
169 71
57 129
453 389
199 235
382 65
117 352
413 412
477 11
305 301
306 105
304 253
108 2
432 16
431 333
42 158
81 283
265 63
452 490
225 218
284 152
356 459
372 401
412 270
423 201
307 69
322 82
436 463
332 283
468 220
378 263
399 362
425 311
301 164
234 377
381 378
338 18
271 238
360 62
263 36
457 135
69 422
238 280
415 6
226 422
37 383
245 457
268 436
452 170
399 422
152 39
409 281
371 342
404 33
69 83
218 20
294 26
158 288
294 384
306 425
160 372
329 344
132 405
427 450
224 437
476 179
312 376
71 385
418 183
266 475
347 339
218 336
124 142
378 376
154 270
495 185
29 314
72 324
126 13
450 351
30 350
79 426
312 342
377 150
477 82
422 143
332 325
319 140
368 308
79 197
234 22
189 426
250 115
129 261
464 229
79 79
358 495
189 10
160 170
252 67
62 138
315 26
166 246
55 486
183 35
409 486
412 270
385 98
211 14
243 14
446 176
23 175
185 304
326 64
483 198
188 430
457 46
292 3
489 475
362 199
185 24
294 272
222 97
112 180
46 434
462 207
382 344
148 485
49 420
118 326
109 33
431 306
161 66
393 75
275 2
26 256
28 312
410 173
205 250
36 374
81 103
448 498
335 464
236 448
275 237
122 354
12 384
302 405
332 173
175 195
451 107
272 53
226 331
434 182
408 283
387 322
173 489
305 335
135 8
97 41
247 410
146 219
124 259
284 300
348 457
416 311
365 151
483 188
222 443
227 269
91 130
472 466
153 264
125 277
171 288
51 222
294 418
30 197
350 270
227 314
126 198
349 496
36 343
138 184
305 111
93 365
183 249
13 65
195 336
125 490
65 366
136 176
225 359
129 166
333 75
273 209
57 311
154 475
11 445
56 292
10 317
66 150
67 193
30 431
274 262
480 155
183 339
50 117
135 408
484 31
240 468
279 109
84 149
95 285
78 448
265 3
5 440
133 331
114 73
187 15
22 388
227 20
489 205
114 129
161 124
445 450
59 401
403 76
362 496
444 498
1 292
84 209
392 359
432 69
85 358
247 471
491 459
17 326
456 480
105 483
433 117
370 402
478 344
340 273
123 192
336 284
345 477
336 420
490 89
448 268
91 427
386 47
373 83
63 403
386 329
298 20
274 171
16 169
442 253
297 356
493 66
43 134
54 190
132 379
499 396
323 432
479 442
25 62
317 352
34 441
313 56
227 332
1 88
193 95
304 296
362 490
476 297
339 257
488 383
279 471
255 339
281 455
17 234
87 159
100 186
242 473
305 413
353 470
65 159
455 46
389 369
18 169
278 217
100 210
33 266
105 232
187 289
23 238
397 56
242 462
435 497
263 485
307 93
252 468
15 224
446 59
228 256
473 316
26 6
124 426
158 412
201 81
319 197
253 76
39 69
66 347
184 326
419 181
150 491
68 171
82 17
125 14
330 310
168 98
24 209
121 144
225 34
231 174
250 397
466 336
184 289
116 384
418 220
64 387
411 68
437 132
498 493
156 62
12 180
389 324
469 389
423 362
36 46
443 155
343 287
428 261
146 27
100 396
284 64
484 164
296 195
40 273
335 146
326 196
21 199
88 68
430 342
240 12
19 467
254 184
297 362
242 34
431 443
359 342
6 215
262 195
468 154
300 302
499 155
355 478
46 372
66 443
307 477
296 306
342 326
41 402
436 140
435 283
125 367
434 147
342 483
489 196
351 163
318 289
119 202
426 25
321 166
495 492
150 128
307 291
193 345
337 348
483 481
349 272
419 460
443 283
332 114
277 432
73 183
237 447
473 192
210 163
7 146
126 57
348 9
354 285
485 393
375 191
316 468
280 76
211 87
201 223
7 43
78 330
278 432
477 167
330 103
101 39
97 189
51 227
365 445
191 405
449 350
171 418
494 117
204 451
175 57
101 258
88 34
467 31
199 218
173 296
335 381
71 126
206 432
230 122
379 71
421 273
191 180
297 92
44 37
94 354
112 71
105 47
79 52
123 424
72 278
11 148
275 408
192 82
56 481
52 422
195 288
468 325
418 238
275 266
472 462
385 222
269 84
488 342
267 200
330 463
112 191
99 342
424 239
220 292
66 333
121 124
449 262
352 89
207 367
181 128
202 179
115 418
261 323
24 104
419 380
71 354
196 31
270 171
315 473
158 342
466 381
495 279
220 416
135 348
328 428
459 169
87 30
205 427
31 200
80 229
436 450
334 152
323 132
457 104
447 490
371 115
246 265
33 219
67 467
247 21
190 247
129 206
133 129
330 334
416 16
319 410
414 352
336 5
461 237
79 294
261 260
26 451
22 360
327 59
80 441
188 426
484 122
104 169
3 470
338 286
48 419
271 9
14 463
52 460
254 476
236 132
435 367
227 114
26 457
398 406
332 458
433 438
107 317
139 37
175 462
234 477
487 223
38 357
317 1
329 91
223 423
291 418
384 10
467 370
129 410
369 217
155 461
130 302
191 262
76 269
247 366
441 310
168 86
87 480
423 485
409 269
187 146
8 52
422 71
334 475
192 51
365 55
357 199
313 495
117 400
118 389
200 216
302 59
391 368
353 241
10 314
312 114
166 49
473 320
147 441
492 307
362 191
390 209
57 71
323 203
93 174
242 441
352 293
13 44
137 244
410 366
481 148
49 223
43 499
440 22
181 43
234 285
494 395
318 125
180 51
77 141
434 273
418 319
215 287
383 431
150 353
1 293
368 131
482 402
277 264
307 423
208 458
206 41
18 202
106 24
166 199
324 183
355 452
239 243
174 70
423 474
120 324
307 276
179 488
252 290
65 308
118 59
453 273
327 324
349 471
22 433
469 367
319 347
442 324
394 411
237 468
145 170
446 357
346 304
446 477
137 98
10 11
284 256
80 315
138 112
397 281
0 161
360 366
190 320
83 154
122 437
107 320
178 119
424 405
235 376
326 370
382 372
128 188
3 18
130 61
342 142
155 28
246 343
15 367
21 437
374 450
122 495
115 333
238 300
28 39
261 473
198 355
43 143
162 326
387 399
41 144
24 82
425 196
63 271
208 292
242 436
431 434
267 364
17 46
437 357
183 397
252 199
342 381
59 148
47 356
1 299
381 440
488 25
148 158
450 51
339 356
142 44
260 270
169 409
119 129
27 106
305 302
35 131
279 0
208 94
393 178
118 61
439 126
284 106
9 87
444 86
130 200
471 86
348 243
372 140
98 467
121 399
31 256
256 156
102 162
341 316
378 496
122 311
270 317
404 259
345 131
332 200
139 328
71 155
147 339
158 443
195 245
1 279
287 226
240 109
426 389
237 81
245 156
325 212
471 367
498 81
282 168
496 182
337 273
112 419
215 484
82 270
401 410
488 83
45 40
429 228
162 323
331 19
231 407
126 156
237 54
222 124
159 371
144 71
490 496
333 256
378 205
467 415
350 279
319 455
184 247
70 101
120 346
105 401
409 203
109 83
207 147
18 183
254 218
67 163
271 97
302 400
167 150
281 270
77 369
117 453
406 261
459 39
293 378
433 416
499 202
201 42
225 59
277 220
235 480
77 344
96 6
8 231
353 115
485 142
95 431
44 454
345 353
231 356
124 138
193 164
58 124
35 394
114 283
115 164
361 201
208 44
128 457
425 68
210 481
264 410
216 157
10 161
17 61
52 93
109 493
117 245
139 167
451 4
169 106
307 66
463 382
191 367
436 91
424 116
26 498
156 189
202 94
156 18
112 71
64 208
305 221
389 34
38 296
254 192
110 59
293 414
281 73
16 485
101 69
420 441
482 480
74 76
94 184
255 82
290 58
280 171
205 447
244 21
213 96
155 498
264 175
249 449
434 398
467 117
58 387
367 387
315 40
76 442
24 262
320 183
355 167
466 452
473 60
156 210
61 38
214 164
465 325
223 315
432 251
138 43
282 491
383 6
300 98
212 460
143 176
343 32
485 498
411 310
372 458
349 419
83 285
463 63
230 48
299 186
81 162
5 290
148 364
314 241
201 448
124 26
410 196
47 320
482 395
206 310
229 206
492 55
470 313
213 455
493 200
214 365
155 75
291 72
313 303
103 457
335 366
414 79
399 245
493 461
271 233
440 199
106 1
166 284
239 76
128 379
96 84
11 194
266 251
406 154
111 431
297 9
89 298
396 64
25 340
74 389
440 149
2 366
150 398
326 20
251 241
177 454
148 348
451 189
343 267
198 358
367 307
105 348
412 308
149 1
242 289
290 75
441 34
432 144
164 443
36 258
64 416
116 213
254 213
332 67
425 98
257 382
230 145
453 214
68 494
284 454
29 310
345 426
71 322
117 129
388 87
3 5
219 452
17 471
39 473
423 201
84 316
461 180
395 314
309 267
221 463
125 445
371 251
425 322
452 294
382 395
400 192
144 237
209 119
445 14
215 100
416 220
253 299
466 230
497 0
315 127
72 218
321 440
115 295
90 99
494 67
111 324
61 394
366 255
121 270
370 311
383 337
488 139
369 136
488 454
433 366
436 303
96 357
153 110
209 211
130 95
419 203
449 241
348 332
103 315
478 322
159 325
316 362
350 499
306 185
403 339
142 239
97 340
450 90
301 102
197 11
66 283
24 468
300 15
331 225
47 255
433 309
23 58
57 249
435 226
65 215
455 190
30 59
2 404
6 332
343 303
439 55
375 409
277 463
40 27
135 108
269 87
497 68
169 145
371 407
122 456
147 288
199 429
333 29
362 201
357 191
98 57
319 296
111 473
353 96
204 152
91 488
56 325
470 89
496 77
34 193
481 118
400 181
210 33
234 85
277 424
482 91
387 375
201 301
249 499
3 54
42 305
130 94
183 450
27 453
498 31
2 413
94 332
365 402
487 157
433 99
43 116
344 415
68 282
133 397
451 169
474 488
83 345
147 457
410 118
150 26
440 260
92 152
406 386
395 457
409 393
362 329
96 304
438 206
103 17
186 72
60 406
251 161
118 495
114 250
276 380
140 116
120 68
455 85
42 26
271 202
31 303
459 133
339 480
497 398
322 294
200 183
344 234
230 303
53 314
194 196
312 182
250 187
272 432
310 57
112 166
322 81
215 143
123 281
179 406
201 120
156 353
88 253
57 0
315 318
14 462
144 361
400 178
462 247
156 172
191 272
205 268
264 13
294 420
179 387
360 326
179 232
485 16
368 119
437 394
357 35
249 303
333 1
248 149
322 295
419 257
25 365
378 125
397 289
29 24
202 76
308 389
257 234
353 146
40 477
13 143
446 397
251 114
263 132
427 351
108 437
302 199
324 134
423 180
57 221
150 452
193 259
493 310
456 302
280 347
490 349
246 145
259 288
272 349
201 374
312 200
251 161
295 114
147 75
296 71
375 204
463 446
257 421
223 457
156 65
414 355
352 498
138 13
362 111
486 411
463 415
77 150
264 214
289 372
295 411
467 437
384 171
92 431
240 493
410 167
23 396
246 325
338 375
339 384
295 52
468 177
327 258
472 45
269 443
355 261
199 65
88 174
105 435
280 32
199 197
445 190
367 74
302 191
76 57
110 493
170 223
482 430
475 349
292 454
68 244
161 499
174 119
406 249
133 279
329 38
80 333
259 274
466 448
357 413
406 394
117 467
397 428
277 99
406 224
321 70
421 326
445 482
84 95
227 203
241 217
402 56
330 321
269 14
427 148
42 127
446 334
114 12
111 196
420 244
166 369
195 241
76 87
183 492
195 160
377 410
318 436
110 132
146 148
149 379
358 73
259 191
203 157
353 374
118 167
388 273
367 284
223 436
428 443
455 406
168 476
264 332
316 486
487 374
106 462
36 488
179 464
121 147
373 235
254 326
452 491
127 142
78 319
114 351
109 359
187 69
253 130
116 451
326 70
384 455
443 284
248 272
420 475
62 222
48 293
137 316
310 0
171 264
467 241
452 137
58 429
59 139
90 312
234 27
335 268
52 470
243 278
105 153
227 163
456 167
335 275
128 445
62 498
239 151
289 29
310 191
182 347
11 369
397 124
393 97
68 232
362 297
302 311
474 468
487 29
305 282
228 323
321 285
436 290
171 412
455 77
425 482
203 137
261 288
386 100
184 6
156 454
117 47
367 458
488 443
77 206
381 145
430 305
447 54
466 218
296 471
305 421
410 73
361 8
461 172
30 99
405 145
44 186
145 22
465 263
470 485
130 43
200 351
406 412
482 0
471 224
146 130
203 128
136 408
80 417
16 97
95 111
149 422
296 491
255 294
279 262
157 225
428 261
25 209
209 186
411 8
138 32
160 409
317 194
463 149
246 250
213 331
253 193
185 362
9 402
164 440
17 140
402 173
382 297
484 279
139 92
476 247
156 130
324 137
286 325
427 139
470 384
78 140
355 76
478 263
55 364
4 142
167 424
221 258
390 49
141 205
304 29
159 118
107 312
138 335
474 245
129 417
58 445
21 59
174 265
129 351
345 229
153 485
96 12
61 227
432 486
15 55
25 237
49 27
362 132
229 39
457 337
134 358
270 367
132 155
358 444
26 113
98 203
215 179
406 46
32 276
183 191
280 400
427 208
192 181
73 289
478 421
280 382
249 112
119 402
346 233
346 477
180 372
404 296
343 395
24 162
205 227
127 207
416 337
19 406
48 108
30 444
326 26
139 162
64 427
160 258
88 262
135 6
302 268
16 391
405 497
225 40
247 111
448 204
111 163
124 319
115 159
37 6
168 441
368 176
287 84
198 28
386 227
495 333
76 41
38 11
51 482
445 263
468 151
314 245
65 431
90 290
296 180
474 479
156 316
252 342
223 295
22 451
136 461
2 369
233 213
47 41
156 284
287 492
237 476
407 102
392 154
187 349
329 41
357 161
355 337
484 110
61 430
392 358
227 197
262 394
287 460
97 309
153 444
420 236
338 243
397 180
29 83
476 84
97 358
47 333
295 305
235 31
389 356
406 127
374 469
281 168
330 13
309 230
467 483
226 230
262 157
92 476
412 291
2 68
402 10
315 49
433 197
406 402
382 174
495 164
332 108
121 277
359 14
350 431
13 326
336 76
404 275
418 428
497 317
179 420
322 251
300 346
248 107
281 206
370 482
90 277
406 55
421 212
143 265
444 271
200 8
283 280
208 104
273 201
474 57
308 452
298 296
403 109
167 399
381 36
165 390
297 472
36 423
189 218
342 31
39 485
265 42
146 322
375 325
383 272
224 349
497 43
4 375
126 252
289 172
414 7
331 306
230 211
281 367
398 271
256 123
17 437
111 373
198 16
288 487
188 433
477 12
239 186
438 481
5 365
225 79
386 271
334 56
424 468
239 116
91 174
112 495
368 109
125 75
62 418
352 265
129 103
289 181
14 369
86 79
11 20
291 311
368 249
217 478
94 144
318 308
303 37
146 282
358 23
293 123
388 272
375 497
178 370
239 16
448 193
65 325
489 459
60 208
186 357
353 277
85 132
170 23
306 240
115 168
144 16
140 408
406 384
254 368
384 436
481 345
23 184
495 398
107 12
221 55
332 145
130 74
97 269
361 152
172 255
123 476
385 316
201 264
132 143
79 307
153 16
53 61
459 176
188 48
104 418
416 409
335 436
58 46
198 284
40 419
396 370
39 163
279 133
276 92
399 411
280 207
268 404
80 333
381 80
498 120
381 485
274 266
312 68
353 184
103 362
85 245
260 351
336 476
68 40
451 112
172 319
224 83
416 292
372 156
129 150
135 223
489 10
431 261
297 154
368 284
381 401
104 305
281 493
33 441
405 349
169 337
272 77
370 245
401 189
339 242
317 30
393 326
440 159
165 324
460 237
490 33
339 341
186 95
36 120
322 220
409 441
19 491
88 181
222 241
335 489
372 413
92 153
164 117
441 32
269 329
362 253
94 260
207 53
174 280
352 243
36 348
191 113
147 407
148 279
120 221
135 484
489 492
109 227
111 153
482 402
155 380
492 196
250 101
234 51
146 276
124 438
52 183
442 315
446 51
272 91
427 66
59 259
486 268
421 20
275 97
330 255
451 430
32 174
226 53
329 266
204 372
407 305
472 108
11 202
145 418
485 136
395 72
192 396
268 234
183 465
220 43
474 13
40 23
77 358
476 118
342 258
64 32
141 102
304 36
455 4
140 449
373 440
188 36
270 65
30 456
0 453
319 250
125 326
184 211
329 202
461 160
192 23
125 25
413 185
190 429
378 368
160 330
218 251
316 348
157 340
146 198
300 157
483 317
28 426
480 19
179 209
232 441
318 223
409 358
287 84
452 451
133 18
121 465
165 352
44 290
488 322
331 190
7 289
67 166
185 387
96 47
341 216
440 329
39 11
95 201
152 178
196 48
365 285
489 318
460 30
205 34
224 448
89 388
55 84
471 156
56 92
309 68
249 397
408 101
302 288
318 4
404 306
91 15
185 269
151 433
319 145
445 208
97 395
479 35
43 152
244 451
371 99
348 405
6 120
260 257
113 308
114 78
445 17
138 58
343 482
479 141
350 162
57 425
312 447
99 389
192 355
307 195
101 63
35 155
264 459
268 147
225 377
246 234
144 23
5 236
378 339
1 485
410 228
175 411
300 74
429 126
173 492
407 88
96 274
86 442
89 360
90 354
440 166
189 188
425 437
276 47
384 155
383 130
41 146
220 410
388 193
37 1
90 61
188 296
238 186
398 274
480 179
197 488
177 272
61 239
286 454
109 338
320 22
168 492
254 213
406 388
389 494
55 295
91 479
17 95
221 181
212 416
404 53
326 409
148 433
387 387
77 286
308 496
340 397
110 328
216 446
440 368
15 106
437 348
295 106
139 307
223 17
422 351
113 479
265 248
488 113
400 4
353 417
167 60
389 45
492 277
498 457
415 284
484 13
472 205
12 280
149 111
315 87
66 71
172 428
41 183
188 12
281 293
354 41
86 448
78 95
52 430
215 76
441 468
173 199
331 413
377 185
272 480
404 192
120 190
374 428
440 161
455 62
455 221
170 161
256 41
472 100
176 160
128 39
90 117
383 153
190 422
254 260
452 314
5 10
438 424
85 231
145 230
452 392
53 100
493 474
74 161
322 317
356 102
71 302
308 299
221 454
66 498
313 327
338 370
294 170
253 128
359 232
124 398
350 163
137 30
43 343
161 63
17 217
20 369
168 88
395 328
178 241
421 313
184 491
13 259
239 478
62 266
16 98
261 187
69 366
62 250
165 464
182 75
444 182
123 54
382 465
206 370
183 412
256 127
238 367
198 269
388 478
428 260
299 404
123 190
440 220
185 185
260 106
140 367
421 204
21 263
133 155
67 80
59 169
388 323
445 298
128 86
199 185
89 56
98 350
71 212
397 391
349 256
123 157
214 489
105 396
51 87
167 90
259 470
146 227
377 148
86 443
128 357
265 137
488 217
282 364
255 59
315 179
189 104
445 290
186 255
342 50
141 89
411 362
89 252
252 57
0 318
175 191
328 128
198 440
304 316
227 480
11 411
367 394
36 52
159 165
215 74
163 2
216 208
461 427
484 305
123 65
256 337
465 298
90 85
253 15
495 247
10 333
79 359
411 378
395 116
190 423
425 462
171 206
133 493
298 484
49 469
306 273
423 158
95 124
139 13
260 348
33 487
198 271
1 113
229 461
384 396
358 271
329 161
154 381
365 314
284 304
77 267
425 90
66 0
366 20
220 58
397 478
249 106
219 447
408 102
350 300
423 293
306 209
442 253
67 461
265 160
427 351
294 195
47 204
76 212
122 413
392 296
402 19
466 493
96 473
273 227
372 446
7 49
302 178
491 450
110 369
73 109
304 389
445 219
283 351
117 21
169 406
425 361
354 424
397 244
471 302
249 23
72 343
21 108
410 226
447 365
474 372
261 20
91 278
481 206
79 375
281 450
311 249
173 58
302 166
320 422
445 273
468 69
30 369
95 342
207 440
165 43
415 181
311 426
485 7
234 292
243 416
165 15
73 406
424 190
113 228
1 245
166 410
280 470
164 196
489 227
122 371
52 154
432 38
397 363
7 269
186 131
498 102
9 351
394 423
151 433
178 7
269 5
327 345
393 401
129 491
362 382
388 251
141 266
129 321
90 38
21 488
91 128
480 371
147 100
385 226
233 298
155 416
261 2
256 482
325 154
389 385
488 39
305 277
450 130
20 286
275 393
21 394
117 366
318 353
79 264
63 203
119 312
167 70
405 232
239 275
160 230
270 480
257 0
482 427
214 60
453 355
249 489
355 474
328 218
483 25
80 407
72 398
468 52
284 91
366 373
456 375
355 378
378 78
5 465
25 213
68 219
60 478
304 169
387 267
292 484
392 222
120 373
277 316
259 441
166 61
437 477
355 122
52 144
109 85
150 58
129 134
464 218
239 190
457 269
253 127
201 102
327 497
165 322
115 104
17 424
253 281
256 454
99 460
398 308
218 208
195 48
267 348
390 159
280 358
337 199
153 34
383 39
361 480
84 49
325 476
109 102
408 79
391 365
174 359
420 289
338 244
92 115
126 457
315 334
386 407
293 153
192 39
20 176
77 405
233 456
410 255
186 342
208 319
30 77
367 234
478 450
417 205
162 423
257 396
155 477
130 143
35 448
476 322
79 55
11 54
161 312
155 422
93 347
424 215
449 123
426 291
496 427
202 195
443 10
488 312
307 98
46 470
293 342
397 375
281 224
37 261
183 442
289 192
259 128
251 65
357 208
487 29
77 205
216 190
354 20
119 204
174 161
4 17
392 319
396 401
162 173
467 433
477 197
325 256
322 236
296 429
310 31
236 283
325 387
260 304
360 179
341 379
248 387
58 197
98 141
166 454
387 113
162 134
242 364
452 340
121 64
447 248
384 283
23 184
340 209
241 283
14 201
88 434
131 262
255 146
101 81
46 422
408 488
205 61
401 150
67 157
258 374
157 14
50 142
203 180
315 391
92 444
378 329
92 32
178 361
295 347
269 131
472 341
402 29
180 177
186 155
381 247
261 296
438 39
71 164
55 142
438 387
216 499
31 169
30 160
8 61
193 325
19 129
159 165
194 421
429 339
438 232
381 310
201 199
363 319
313 125
12 270
269 252
273 80
241 152
214 303
481 101
230 259
276 0
273 241
432 322
406 54
365 370
422 287
459 418
43 285
408 272
376 407
340 177
182 149
305 433
34 248
7 138
490 116
358 135
309 263
170 290
13 215
355 387
305 435
72 314
438 201
460 480
10 315
316 300
233 192
292 473
111 267
236 299
286 101
217 94
236 95
162 387
274 249
36 17
331 431
132 109
441 270
437 93
245 451
495 105
79 479
98 287
438 190
144 334
280 224
171 361
248 17
118 334
351 22
305 7
116 35
157 438
383 57
361 94
51 128
459 356
496 130
173 58
244 434
11 317
178 25
394 182
16 426
300 364
371 220
255 457
395 339
249 412
358 130
259 110
318 409
40 70
128 314
249 213
382 373
250 260
294 60
338 144
8 311
383 490
447 380
71 138
50 195
325 320
282 408
169 436
7 101
415 209
274 487
360 16
276 156
216 110
106 423
234 406
396 115
347 117
107 344
391 418
91 9
417 216
153 373
474 86
148 12
499 242
258 274
431 212
174 387
310 499
406 281
248 396
365 154
350 95
365 472
481 241
310 456
330 250
188 315
327 156
398 336
463 178
390 9
248 394
245 65
198 58
306 151
158 446
393 171
495 8
250 258
67 476
78 412
227 249
257 266
455 54
232 156
17 418
164 475
392 265
175 409
413 90
388 481
4 71
79 281
39 499
327 181
93 458
207 257
23 320
226 465
473 330
100 311
286 342
107 116
26 178
120 134
115 439
362 8
289 471
322 293
475 180
139 149
406 420
93 198
15 281
464 319
130 488
182 416
33 268
446 141
275 411
202 418
426 242
213 64
357 215
248 35
36 184
105 239
437 294
76 198
369 305
145 392
308 352
120 328
469 193
104 419
337 245
339 158
74 264
331 53
440 432
468 79
170 477
271 425
475 460
265 199
443 345
197 410
238 252
297 317
236 60
305 254
412 74
190 144
49 487
271 21
453 490
319 91
17 123
83 442
494 492
337 200
111 437
41 386
204 201
261 339
445 292
218 418
63 357
196 408
282 464
306 319
411 235
210 125
420 428
420 146
346 414
351 110
496 457
11 393
84 52
197 272
191 29
238 415
176 106
70 435
254 458
45 377
354 17
445 255
253 274
40 218
180 100
409 392
137 176
81 420
45 221
102 278
45 236
342 340
275 221
179 264
493 382
251 224
332 200
326 197
267 85
37 367
111 447
475 447
219 248
321 56
186 264
0 423
115 232
305 194
311 391
125 337
61 304
4 376
425 245
183 331
50 192
491 220
167 161
261 467
23 239
3 82
357 62
294 356
50 472
215 451
288 213
18 192
421 202
447 374
57 346
391 130
351 107
120 382
349 370
109 381
315 225
287 465
321 24
349 433
384 223
437 64
109 173
375 307
181 30
228 174
157 239
198 119
354 360
230 319
52 203
280 192
157 368
392 67
352 330
53 241
158 89
262 490
297 267
149 489
15 331
422 377
349 172
32 120
291 203
258 115
159 344
212 39
458 316
498 456
50 311
400 51
394 60
327 14
355 43
374 328
57 370
395 148
269 406
461 427
42 412
256 220
259 53
369 320
277 69
232 367
271 179
239 132
498 165
60 418
246 353
76 287
435 303
62 471
250 204
469 23
243 145
198 225
46 354
424 420
287 175
206 156
141 410
427 445
363 491
197 488
275 461
116 273
96 210
267 178
202 346
491 236
313 297
152 190
110 211
238 428
436 249
12 444
389 429
421 439
279 104
417 470
243 54
117 34
212 191
37 236
324 266
64 381
423 137
201 68
348 33
134 439
384 136
66 146
438 125
82 339
309 217
124 499
33 404
447 93
329 98
216 484
217 5
142 132
52 140
25 195
135 400
37 160
158 371
496 455
146 448
18 78
430 307
63 142
87 315
413 10
494 416
273 482
114 64
204 415
463 167
419 230
242 98
469 308
263 252
53 317
396 261
68 71
65 178
493 131
141 152
420 259
241 488
52 193
460 207
226 108
338 423
373 146
454 432
37 342
160 70
331 90
161 408
86 252
383 226
378 431
190 377
217 150
343 431
491 269
229 155
79 217
215 420
352 452
147 22
444 389
479 159
419 127
379 492
218 357
288 115
344 448
450 479
262 61
182 293
449 105
323 411
331 380
184 390
412 184
425 331
342 208
336 257
101 261
118 215
330 172
120 407
238 174
87 423
216 352
458 269
181 17
249 133
23 364
400 434
117 288
496 326
435 460
221 332
400 36
208 192
99 82
109 181
104 189
41 196
318 172
42 499
132 499
215 291
77 8
148 116
442 195
155 496
329 229
117 228
420 81
163 326
359 371
412 124
321 315
487 454
305 139
490 29
173 290
150 205
321 250
297 298
294 115
196 304
33 475
56 314
492 305
29 72
196 203
18 441
247 369
360 357
387 53
343 202
260 412
162 493
143 433
401 460
264 437
265 97
263 149
307 173
97 107
310 336
277 146
15 180
38 25
430 228
282 277
189 125
470 42
476 203
15 113
402 377
326 280
281 167
193 442
49 88
276 290
436 360
40 54
431 304
32 78
207 213
338 166
209 396
100 308
421 37
266 115
247 175
343 92
34 381
469 388
178 436
296 246
152 115
271 188
119 435
148 155
321 326
75 486
146 30
419 27
142 419
94 185
130 242
123 289
177 164
452 444
42 356
323 100
289 194
481 446
101 260
438 129
467 422
305 13
40 465
384 224
262 35
129 479
120 392
408 104
48 298
6 361
461 443
489 181
127 102
362 471
452 80
2 153
166 272
237 159
236 59
446 474
305 498
390 75
179 425
75 298
11 79
22 81
114 473
75 12
335 93
173 290
443 287
411 176
187 461
20 149
475 423
421 466
393 280
205 163
314 424
356 281
214 325
150 378
242 329
274 226
368 429
69 448
124 311
272 480
481 311
87 145
463 456
236 360
24 357
133 294
427 338
15 489
368 141
322 166
244 462
392 97
45 112
423 461
441 21
184 47
192 275
231 123
484 156
365 320
466 8
198 498
488 393
386 65
231 208
22 209
158 327
439 414
227 55
428 214
262 21
296 112
236 306
314 379
51 72
432 31
30 17
410 130
47 370
78 297
358 131
458 452
367 368
275 398
112 446
319 203
167 226
33 115
347 255
327 199
231 398
416 259
241 113
483 178
475 289
272 413
365 185
53 230
128 84
31 328
383 93
171 350
318 51
306 204
256 17