9100
43 253
465 136
16 152
79 51
341 221
409 425
254 350
483 72
28 257
403 40
157 108
236 17
330 369
48 488
134 148
401 121
258 177
329 366
417 126
348 260
185 111
313 257
181 292
401 296
336 209
317 304
173 345
214 53
393 3
151 114
88 27
56 52
270 198
324 237
498 40
3 172
281 35
327 316
464 462
171 80
385 152
498 341
246 410
266 64
31 140
19 269
322 119
317 76
165 444
484 493
166 163
199 339
155 299
262 378
459 119
124 285
478 196
458 122
38 225
217 224
494 69
40 236
164 168
464 209
203 330
345 301
140 221
20 396
127 296
267 134
272 438
134 391
365 250
327 444
169 256
177 396
485 15
35 218
279 149
331 499
300 482
203 29
425 441
89 76
62 52
490 356
100 334
437 476
273 317
73 116
13 442
309 251
321 498
499 344
343 100
435 183
212 496
437 490
418 489
42 26
234 481
315 384
213 186
4 104
221 486
280 429
180 234
84 441
285 353
306 83
266 480
476 241
231 330
320 265
143 150
483 214
98 378
64 298
255 163
1 420
350 328
414 133
74 382
236 498
433 359
192 42
135 200
382 20
286 366
368 202
416 429
159 203
2 367
382 76
496 109
437 384
17 198
81 351
349 92
303 317
211 134
334 347
368 346
64 217
271 154
435 285
488 188
55 95
23 342
451 437
173 19
218 388
91 191
135 151
468 292
427 290
138 179
377 113
182 358
364 441
226 454
142 299
246 215
57 49
338 269
141 361
249 12
55 211
362 193
485 42
332 182
213 264
378 322
180 90
31 60
366 44
344 110
325 8
409 442
64 234
95 100
112 205
416 197
390 19
61 130
312 227
492 245
68 25
467 370
282 248
293 498
108 149
9 489
431 285
20 419
19 495
52 467
164 483
2 320
450 54
134 415
160 114
139 126
496 228
477 106
457 130
279 122
111 417
55 289
60 394
390 427
394 431
414 294
115 411
317 268
183 417
32 451
77 195
424 23
482 425
56 253
375 439
208 187
328 338
232 263
42 388
319 474
269 437
348 85
353 236
153 165
117 388
84 185
209 46
472 360
465 191
482 380
67 192
30 190
306 396
136 262
89 348
137 456
393 358
94 485
3 99
487 99
285 472
18 423
135 346
37 342
222 100
292 371
413 142
390 174
437 219
420 26
334 378
88 57
395 228
327 34
133 250
222 166
90 418
264 92
435 77
30 153
24 9
151 322
497 438
9 393
420 286
164 429
339 254
334 104
138 234
484 161
328 271
190 58
150 270
199 306
460 85
447 229
404 336
274 98
492 401
39 284
65 264
370 55
159 404
490 205
218 297
68 326
236 398
168 110
269 387
324 220
449 229
417 271
222 353
106 192
328 66
330 497
404 245
2 200
257 63
212 492
171 476
374 133
95 407
146 395
115 364
445 323
94 416
270 363
407 168
234 228
226 235
332 416
117 130
46 334
179 226
202 110
243 350
109 77
324 191
55 256
79 291
207 1
216 25
194 329
58 123
358 280
197 136
118 42
377 166
392 16
127 56
258 95
24 222
413 367
475 200
491 321
322 406
432 198
380 38
161 478
258 290
278 371
413 307
473 248
265 142
198 218
165 244
318 456
176 41
241 232
53 151
58 232
282 227
117 342
320 162
304 130
1 430
238 82
331 266
261 63
281 448
192 459
268 446
339 10
94 444
95 80
164 499
226 5
347 447
461 343
473 19
450 118
200 326
445 40
455 31
479 206
17 89
387 23
34 285
81 227
307 480
480 177
182 472
271 206
402 382
401 84
202 227
54 203
95 255
286 351
409 51
492 118
141 426
64 379
106 27
8 145
174 414
238 340
398 357
91 361
297 300
28 344
400 0
255 434
285 495
398 393
363 194
472 390
270 5
384 36
182 228
142 244
436 356
65 232
93 335
135 8
353 243
243 15
449 253
100 350
95 86
132 351
241 459
316 457
493 363
92 52
149 27
236 86
171 85
420 153
14 116
359 56
423 367
472 454
156 225
311 424
275 252
63 296
253 17
232 379
283 98
126 176
115 432
18 214
367 138
254 438
346 233
100 466
420 270
347 424
349 77
181 158
306 124
493 244
475 59
158 78
254 258
43 136
350 221
359 61
351 69
303 466
432 50
172 255
180 204
281 19
177 381
5 314
58 336
395 499
429 385
496 405
41 183
257 39
452 243
165 468
434 303
353 468
75 218
423 377
396 107
488 56
371 426
262 346
197 281
167 9
415 126
161 163
202 456
52 418
239 6
309 217
37 173
244 15
392 112
220 167
223 141
67 60
406 446
228 329
338 103
229 395
58 105
414 391
161 112
118 466
183 400
426 279
146 220
184 170
189 39
32 256
317 412
211 99
280 223
179 439
334 470
76 260
3 244
208 490
308 165
417 326
457 491
63 343
365 104
495 247
4 54
319 27
478 173
248 30
469 258
80 427
188 155
251 8
350 191
208 459
137 158
149 126
321 94
50 212
312 187
93 45
424 168
341 412
294 254
364 89
369 263
270 445
453 409
452 21
480 304
462 13
139 469
64 464
28 312
499 466
364 340
8 445
357 140
395 201
143 152
267 259
204 12
273 390
411 10
166 225
238 244
213 480
444 229
42 129
448 325
165 393
338 312
452 26
79 48
200 347
107 222
234 319
209 163
25 359
85 473
69 191
172 175
405 134
264 468
293 299
192 64
376 311
189 383
431 180
28 268
491 483
154 487
2 77
437 216
189 28
71 374
49 258
244 95
416 306
105 360
424 209
372 150
385 300
333 61
330 168
3 213
200 173
102 157
373 54
434 39
265 414
24 6
453 315
473 269
129 369
79 431
433 54
206 303
365 318
338 39
252 47
72 341
498 304
359 174
66 224
138 145
3 331
498 163
432 457
326 472
255 61
467 257
61 188
358 174
213 426
325 196
389 318
122 397
423 239
463 333
479 489
321 102
117 482
439 319
143 49
462 118
375 398
438 430
104 436
214 148
196 169
487 39
288 85
325 110
295 64
53 288
242 274
109 226
398 359
260 400
18 41
292 223
5 394
330 82
231 109
278 45
436 427
365 118
228 77
141 190
330 23
150 46
273 425
284 259
11 171
64 45
120 30
424 208
291 125
86 106
3 374
153 216
334 292
369 370
60 414
290 362
260 243
168 292
403 33
56 304
201 414
444 121
329 173
298 220
327 472
198 236
305 330
122 352
222 139
406 343
57 135
230 48
340 318
351 250
54 243
157 408
381 108
281 454
174 62
35 432
168 1
332 233
437 473
465 306
150 12
499 223
271 207
25 229
479 463
206 229
489 385
493 215
169 370
284 127
59 344
345 319
405 227
53 29
336 342
206 370
445 486
45 205
434 68
31 423
4 265
3 237
452 493
215 496
123 474
318 499
171 34
114 15
45 76
270 19
389 381
219 329
34 186
254 116
39 321
86 285
374 395
240 89
438 326
300 307
307 413
448 470
486 330
258 414
433 383
116 380
209 322
360 335
303 244
417 114
399 195
90 3
445 125
451 331
138 235
0 104
426 297
479 300
214 264
147 237
118 147
321 263
450 179
275 181
147 254
449 192
48 398
23 391
222 345
80 327
283 213
10 432
233 209
474 342
79 447
447 121
385 49
81 268
302 335
441 356
401 449
348 390
282 449
146 371
198 356
69 78
10 481
43 432
274 243
43 17
490 205
255 342
462 227
63 188
44 116
66 356
247 297
246 266
489 381
237 244
322 40
373 159
443 333
428 416
285 217
274 323
165 276
3 381
69 128
96 418
275 466
263 162
280 374
255 362
106 270
162 344
355 429
114 35
452 298
367 42
366 89
365 142
375 383
363 221
491 445
263 460
474 266
492 26
240 255
377 99
444 347
128 39
74 151
450 242
136 378
468 169
163 2
238 185
258 39
336 101
413 250
368 99
477 388
495 361
460 218
65 372
411 256
408 45
287 337
68 210
379 423
278 36
73 395
286 368
321 332
82 122
73 235
123 302
163 50
268 118
342 124
380 333
378 105
442 140
350 17
293 10
398 82
329 423
291 472
156 115
237 112
199 90
392 162
212 322
292 56
32 481
166 486
91 412
405 397
414 34
396 255
189 59
482 295
119 18
133 125
238 127
217 222
384 437
112 461
17 97
430 256
243 49
314 96
493 186
220 71
326 260
319 469
116 16
386 154
279 235
362 20
94 369
159 431
392 479
428 123
379 262
163 358
306 474
161 329
400 300
412 233
54 227
95 83
237 170
405 481
353 369
238 119
402 448
279 249
372 295
57 59
417 104
78 220
50 75
375 91
177 450
29 287
223 231
254 476
310 460
329 11
131 15
315 420
169 33
180 94
5 42
498 237
310 274
350 76
20 212
14 77
365 49
132 396
372 440
400 386
398 34
50 82
354 29
414 365
312 375
269 95
184 317
92 267
344 346
58 294
371 216
265 425
321 88
28 397
136 45
80 429
363 34
415 130
347 217
92 181
128 159
329 362
481 313
159 273
67 177
393 70
495 290
379 10
260 168
213 407
188 396
282 293
275 403
472 197
378 475
134 417
131 7
172 315
440 112
290 183
105 7
150 183
46 452
120 29
288 306
54 334
479 477
380 336
385 107
82 205
122 115
122 216
384 253
365 146
330 324
184 155
191 287
240 334
363 237
395 360
194 151
480 301
137 26
133 213
418 374
489 215
283 40
145 464
110 167
344 10
18 292
80 28
214 209
298 320
180 77
80 45
346 227
253 413
126 335
209 238
453 396
288 50
14 88
108 433
443 125
417 452
332 313
22 349
169 46
475 172
217 350
429 407
320 415
102 34
272 298
194 311
362 77
17 482
267 376
353 125
77 63
376 123
472 261
307 251
423 142
344 282
190 493
260 125
159 10
161 363
26 283
212 355
190 388
117 229
355 457
372 322
445 284
46 249
0 418
412 205
488 275
120 256
381 30
392 381
244 392
175 53
261 270
11 387
468 451
260 480
302 175
460 133
382 100
18 358
63 234
9 430
38 403
433 130
11 419
311 326
231 107
229 338
77 492
443 240
72 45
221 56
41 227
327 33
243 423
9 345
127 306
210 370
0 165
436 143
321 363
322 99
437 53
45 52
144 14
411 341
249 217
444 484
17 290
65 271
468 260
419 74
444 447
464 129
124 297
12 400
351 298
203 335
239 140
154 100
293 383
100 417
402 42
184 396
167 271
384 249
175 487
434 155
136 120
269 250
150 112
410 281
468 353
493 113
66 207
443 499
417 359
402 43
440 171
294 86
188 459
299 30
185 363
335 233
484 321
434 104
238 486
192 196
162 58
266 185
185 228
439 61
104 454
477 193
132 396
208 271
154 320
183 7
92 339
13 371
475 428
267 299
347 65
124 459
496 361
89 242
303 181
487 381
74 259
8 464
88 206
378 68
75 94
285 414
285 19
300 298
449 112
178 67
26 149
10 154
248 374
56 452
333 403
162 395
212 407
466 22
90 152
246 344
258 17
37 31
182 43
8 337
404 483
132 186
192 282
156 143
95 440
343 64
312 280
39 357
380 24
28 5
202 470
488 126
9 460
356 377
214 191
27 364
402 470
104 11
6 446
386 112
29 453
233 81
290 341
217 273
278 170
493 245
223 332
293 333
210 232
424 1
217 276
98 303
314 471
417 202
166 321
274 155
88 195
388 360
133 378
49 457
54 263
96 394
227 277
10 241
94 289
65 286
89 311
134 163
217 255
428 51
58 383
431 55
415 146
376 171
129 400
163 425
171 183
313 111
352 398
39 323
109 446
109 104
119 50
157 243
146 188
424 86
141 56
54 207
378 408
308 431
208 359
43 471
83 380
130 208
31 287
86 170
274 492
394 195
291 246
434 51
489 437
346 210
417 482
390 400
331 296
155 198
22 40
420 50
258 457
96 50
220 141
133 182
378 347
445 379
431 21
458 231
442 420
255 156
57 359
7 145
196 388
428 163
213 70
379 200
103 324
465 475
10 175
22 451
182 240
261 319
51 113
386 71
228 345
204 493
138 285
173 212
227 186
256 454
154 292
116 487
463 109
285 434
237 473
213 159
479 419
385 474
397 382
227 123
116 125
410 431
495 106
293 436
390 222
15 401
389 396
6 483
269 204
29 143
302 6
278 242
68 281
163 15
490 465
443 390
174 458
416 205
141 21
244 61
463 383
132 111
94 204
408 490
133 364
222 437
31 435
217 352
219 451
268 232
475 209
167 211
417 149
22 84
145 410
294 266
229 460
16 426
268 324
40 424
213 401
336 114
467 96
47 405
138 38
248 316
379 465
466 267
203 296
59 488
255 201
13 353
131 336
160 30
306 399
300 52
19 20
116 488
394 338
376 16
184 384
201 124
244 63
212 167
155 447
0 271
124 262
99 14
44 107
6 111
16 350
222 158
146 35
373 191
207 392
276 101
78 391
454 477
496 322
121 18
289 152
266 122
488 265
372 365
329 32
234 230
388 345
232 457
148 35
279 457
58 207
450 408
385 136
458 404
275 234
386 432
54 64
182 152
370 42
426 406
137 199
396 160
469 377
264 128
85 469
28 44
452 143
132 478
235 189
423 90
22 10
426 161
166 428
470 108
367 36
87 248
261 4
233 483
463 230
52 498
42 48
43 80
59 494
35 175
118 294
156 459
120 492
421 82
43 286
174 243
492 410
266 261
96 253
335 499
497 59
459 387
320 391
385 355
30 379
25 273
232 0
493 181
263 352
491 414
9 158
68 165
279 1
106 186
186 375
287 294
33 35
427 98
453 353
84 164
437 336
336 461
142 169
374 329
95 258
416 217
382 105
458 337
23 13
389 417
63 209
97 28
126 96
302 24
40 80
268 386
348 478
499 104
286 342
100 225
442 233
338 369
206 177
190 149
418 81
143 431
311 481
77 240
116 438
370 231
118 156
134 138
242 318
12 486
63 380
114 465
334 6
35 304
453 392
473 77
361 223
204 116
356 172
110 134
365 324
481 332
470 335
5 467
453 65
445 18
483 369
375 59
364 169
61 262
191 169
393 386
355 52
77 97
83 63
388 39
372 301
488 369
336 342
407 494
364 142
11 205
264 199
368 238
352 128
298 281
19 43
448 191
140 374
438 25
416 76
377 326
195 288
483 365
211 383
377 242
447 427
126 388
478 212
192 346
479 330
226 490
33 351
225 174
51 26
102 163
341 467
108 331
48 36
272 91
185 112
39 149
390 133
197 18
216 220
51 389
232 48
399 129
155 117
143 124
140 206
25 97
280 481
370 485
428 329
441 142
143 114
99 332
202 385
106 296
37 419
319 9
138 269
239 218
342 293
351 234
332 334
316 228
214 112
293 186
180 142
256 86
271 323
209 355
3 473
244 167
176 41
162 63
281 166
459 401
136 476
310 162
390 320
284 478
164 456
99 78
16 344
20 207
63 287
261 81
248 418
459 5
69 276
442 474
227 202
178 253
267 215
35 341
319 157
114 172
250 484
180 65
272 266
406 52
133 187
106 167
172 233
361 417
243 93
296 303
408 471
186 326
19 175
185 74
246 339
175 151
216 348
466 207
260 488
28 372
391 245
331 134
403 416
361 192
348 147
118 9
336 256
284 156
82 207
46 469
120 180
28 73
281 188
28 347
71 393
138 56
42 315
231 321
14 446
93 92
102 362
470 63
219 290
497 106
75 302
482 396
469 47
87 363
62 250
143 116
24 133
448 134
455 67
365 31
124 321
35 458
21 78
368 6
112 240
394 217
113 40
439 377
92 83
333 27
495 154
139 329
315 19
438 440
471 270
92 303
261 447
25 127
485 134
227 245
463 450
342 121
350 76
11 281
160 294
448 345
26 155
27 440
380 341
463 465
269 351
151 407
387 382
17 176
274 372
174 96
69 237
165 16
150 420
66 177
374 310
466 15
455 252
445 493
310 187
390 408
316 79
314 41
70 55
279 331
279 344
433 454
322 348
120 450
127 472
283 187
202 353
105 101
94 9
48 50
311 404
336 438
332 479
34 150
333 402
98 313
267 112
312 383
333 90
414 433
120 461
166 197
298 174
183 272
174 244
1 83
21 485
464 189
191 353
107 498
312 24
488 205
88 431
373 300
233 274
235 140
337 205
379 401
25 488
84 414
497 200
185 85
126 19
224 2
0 317
341 184
241 164
448 181
334 182
456 173
313 419
125 43
296 3
491 4
419 322
374 427
365 416
287 59
413 491
309 364
48 266
282 2
36 141
323 230
256 370
141 279
174 69
424 266
123 471
293 267
195 42
310 167
78 60
51 450
314 492
258 360
215 214
355 392
475 251
473 31
310 231
152 114
381 485
308 77
344 4
398 101
120 39
451 60
10 50
42 3
215 176
242 152
45 430
33 98
481 372
103 6
121 291
128 255
184 354
210 288
389 381
272 460
20 361
412 224
79 383
59 306
311 146
429 302
252 356
80 462
469 233
376 183
290 442
148 357
145 327
208 358
318 387
100 332
56 190
73 12
319 487
134 485
139 130
338 63
25 243
328 418
453 346
140 56
413 243
422 288
146 411
150 130
463 316
7 250
115 371
359 432
417 286
416 493
56 408
151 106
376 433
132 479
36 329
424 272
61 301
64 347
329 59
376 66
169 292
16 235
167 284
70 375
220 437
345 338
296 128
61 349
328 172
1 45
318 216
18 277
124 379
290 434
1 454
98 18
253 170
306 114
341 273
62 376
66 61
41 259
108 362
386 455
0 289
5 387
164 318
49 375
310 141
95 340
210 163
333 45
160 464
89 491
367 1
415 3
262 285
499 456
263 371
12 385
272 264
82 369
245 288
281 484
176 407
70 228
274 386
202 255
246 286
139 291
294 465
102 54
363 409
132 101
486 126
390 144
13 110
250 325
309 110
17 32
260 337
223 439
46 386
172 426
69 292
109 312
218 364
273 211
164 81
60 257
401 150
260 302
127 414
25 11
395 288
125 394
334 7
394 201
127 380
25 418
230 196
412 486
50 449
382 37
294 214
365 294
97 195
462 477
488 224
365 339
233 235
243 342
43 419
152 489
407 22
71 29
15 490
291 483
373 65
280 173
468 167
215 497
474 417
493 29
220 315
402 358
53 305
225 145
134 96
471 229
258 394
384 42
25 273
191 175
200 398
418 323
172 20
437 485
14 498
313 431
141 234
391 68
213 194
143 116
345 200
94 114
156 455
81 330
5 33
284 272
447 57
78 54
39 119
117 15
298 405
491 283
351 440
134 382
351 416
468 277
243 196
4 414
244 399
285 85
209 101
159 69
123 156
127 237
104 162
419 96
231 255
195 410
292 434
203 181
311 495
192 171
86 54
306 48
133 182
284 91
12 342
350 443
32 135
149 329
277 488
243 68
330 9
295 290
472 474
470 498
22 135
41 14
62 108
290 347
290 195
389 426
221 302
437 91
420 253
94 438
6 49
410 189
480 188
163 206
56 304
439 133
499 78
186 332
180 61
108 329
255 322
125 349
440 477
82 414
205 212
261 28
218 63
252 172
230 198
354 415
400 286
365 145
477 399
312 403
84 9
332 420
269 192
21 309
75 61
273 103
484 280
344 386
410 202
252 96
363 140
279 106
103 115
366 144
399 80
442 178
450 336
28 274
435 71
132 49
4 10
291 257
495 488
42 487
83 406
46 294
252 298
413 177
321 355
288 131
309 73
261 230
356 111
182 289
190 291
301 166
423 46
387 444
431 418
176 429
76 366
164 75
252 328
36 429
60 426
351 324
54 221
332 112
401 410
53 366
32 443
489 354
299 455
226 228
158 82
449 254
329 234
414 465
395 82
360 450
126 307
381 211
323 180
442 65
432 76
19 347
202 464
272 360
89 353
287 350
104 99
185 236
202 286
368 99
402 449
108 228
439 28
61 489
55 114
190 355
203 487
303 209
421 257
462 75
277 362
461 249
338 382
168 498
450 40
341 388
468 352
380 449
439 259
373 441
149 346
185 415
476 352
461 488
416 397
112 423
24 193
427 425
424 362
402 447
335 374
226 243
45 155
266 458
252 484
182 491
406 401
105 367
207 382
280 66
489 123
317 392
317 13
228 244
44 93
467 130
226 379
387 45
4 271
107 153
145 256
9 141
8 51
434 114
32 215
191 66
310 373
238 8
104 479
425 466
97 148
380 392
438 175
298 119
272 294
402 257
398 269
321 411
377 406
473 107
25 409
282 164
24 187
18 20
339 481
129 443
188 288
463 361
480 478
272 113
370 105
374 174
437 268
26 47
6 166
75 499
164 31
70 209
81 40
21 89
32 420
208 3
364 220
198 23
136 197
302 322
348 6
126 176
224 137
303 152
152 230
114 230
291 168
60 184
125 225
145 82
85 10
82 206
81 301
498 281
455 218
76 152
329 156
293 203
207 405
487 97
179 359
379 453
490 471
48 440
374 115
125 193
251 311
112 208
341 333
403 463
115 148
304 331
386 296
201 98
47 94
305 41
494 78
49 37
329 336
452 449
495 203
14 429
137 246
431 478
441 330
479 186
18 57
353 283
233 256
350 407
300 280
359 156
45 146
483 260
210 374
77 435
216 205
303 443
421 206
36 235
273 363
272 15
151 143
400 477
384 384
17 250
258 36
183 376
136 303
177 166
453 198
403 106
49 21
227 59
146 471
186 264
131 419
63 458
435 134
19 315
417 172
208 36
264 176
331 243
261 252
451 361
467 66
88 206
117 369
192 315
431 263
35 378
188 63
49 98
265 123
147 68
456 182
358 208
451 72
325 42
403 213
279 128
186 222
91 367
35 304
419 283
13 466
381 454
404 201
325 431
351 169
352 324
32 160
232 62
104 484
49 409
389 359
82 180
400 76
232 25
161 435
401 151
106 174
376 135
66 10
180 53
377 417
77 384
446 410
246 162
71 403
114 295
475 461
389 196
74 375
162 121
124 235
409 416
51 230
93 285
190 117
386 125
9 68
330 316
478 307
62 76
223 401
362 177
225 50
426 251
224 299
34 88
4 349
431 444
81 407
24 376
1 124
192 263
79 362
170 374
302 57
458 232
409 25
75 173
276 135
286 353
442 353
202 321
117 298
206 485
362 50
174 82
345 363
226 218
92 424
333 248
332 394
271 144
169 94
81 347
200 297
150 367
188 494
145 204
190 157
208 351
285 404
119 234
453 131
407 197
445 397
144 93
89 130
224 415
262 110
407 305
172 315
309 58
114 213
222 454
157 156
60 430
17 443
426 180
229 470
219 185
130 27
157 363
279 219
181 381
38 393
208 89
499 62
275 18
324 113
270 498
280 482
277 182
214 149
471 203
240 444
471 191
54 371
442 128
361 185
79 124
213 399
461 287
157 64
177 89
439 482
316 299
334 71
221 93
148 48
492 192
383 240
111 315
443 290
475 54
30 156
55 54
194 243
307 369
458 351
333 336
488 249
320 149
94 322
370 41
234 94
335 215
30 469
259 298
352 326
334 235
141 382
477 390
111 335
187 136
325 421
170 372
374 313
487 490
32 468
415 209
424 118
87 250
48 307
485 347
434 253
487 171
413 75
411 317
305 24
445 450
322 130
295 115
458 196
17 134
344 342
460 432
34 120
279 47
246 82
187 116
288 180
108 27
196 201
78 371
321 1
484 23
491 495
192 279
266 449
291 209
141 110
82 251
150 175
109 362
478 249
281 149
28 118
320 241
112 224
225 398
273 285
281 209
341 264
65 473
34 459
69 208
311 27
54 151
365 462
63 15
164 196
314 344
86 192
416 486
236 50
336 494
55 10
126 469
294 248
207 44
252 328
355 276
280 64
378 261
276 145
341 441
137 441
485 8
494 75
126 254
248 83
445 314
283 303
52 423
467 77
257 111
388 220
136 464
225 20
17 14
307 1
294 211
219 296
372 280
34 65
0 350
16 134
289 445
369 299
228 341
453 188
408 337
301 193
213 396
262 26
379 82
293 69
218 174
306 12
430 90
292 340
326 430
376 308
459 115
309 97
285 39
376 262
307 46
442 29
407 372
454 205
126 286
312 248
112 344
286 118
310 394
325 430
238 136
252 53
150 49
440 61
175 435
481 168
197 334
58 276
333 104
243 12
112 459
156 407
378 77
471 294
225 40
177 148
201 315
365 281
194 351
139 305
326 221
407 472
248 23
480 465
329 433
393 75
482 294
371 401
195 212
253 194
343 420
236 282
415 396
248 453
110 109
182 239
211 436
312 89
406 312
245 292
219 235
381 490
243 53
266 104
299 439
211 19
301 494
390 447
252 216
177 490
229 215
151 211
300 293
457 463
107 58
293 54
397 326
380 175
279 140
79 498
17 430
424 143
442 170
238 167
157 195
410 267
478 239
384 413
229 130
188 193
99 336
15 333
360 496
489 247
245 492
422 420
63 114
136 199
218 6
201 226
345 375
466 463
376 323
305 202
247 457
146 345
178 347
195 161
260 391
383 184
105 357
323 157
208 168
26 459
37 426
154 227
42 382
57 120
175 271
228 362
207 422
269 226
387 237
128 317
1 499
356 11
21 458
127 179
490 229
156 5
85 27
409 310
282 127
250 466
180 457
232 331
57 387
477 353
170 445
296 105
469 172
130 5
184 490
219 109
467 175
54 375
37 52
179 316
282 320
129 430
261 315
202 361
215 170
467 179
137 237
409 264
269 106
96 392
353 305
332 315
43 320
372 387
203 80
252 404
186 337
152 382
243 299
469 207
238 310
48 437
53 375
481 309
53 322
127 429
97 259
79 460
199 140
72 304
60 254
91 325
59 246
397 96
303 154
465 366
155 41
269 365
26 208
382 250
32 80
339 10
322 129
121 270
426 21
127 193
370 486
84 218
314 429
84 333
52 469
363 401
266 207
268 132
234 292
224 150
12 266
395 415
38 334
207 16
210 464
303 334
405 80
362 239
73 71
41 446
347 125
184 404
36 465
109 452
455 270
389 186
101 467
154 284
301 139
456 361
48 363
295 259
498 305
376 157
455 71
48 417
173 154
471 233
37 61
184 81
119 492
460 73
209 220
212 114
327 10
225 168
427 227
32 21
30 277
201 409
178 338
492 249
482 352
265 464
397 20
364 301
374 368
88 324
290 84
446 152
320 118
197 172
45 99
229 230
139 427
265 430
31 169
373 110
426 14
386 139
440 175
43 102
427 167
103 483
136 217
187 49
73 308
260 385
467 470
250 489
271 106
275 367
477 302
168 149
140 255
430 406
9 432
99 325
309 288
5 202
104 297
105 45
282 29
0 217
206 249
207 102
469 329
132 334
335 299
54 152
59 475
408 337
162 68
208 359
62 323
120 213
110 18
47 226
443 392
493 399
1 2
331 200
35 323
122 315
468 370
198 28
217 379
299 106
317 380
203 7
72 379
249 176
402 183
427 297
48 197
51 421
473 50
225 235
402 360
83 199
227 370
101 281
239 445
177 400
259 56
288 232
408 332
367 37
186 162
212 294
67 235
137 115
350 393
253 362
61 253
475 336
117 140
85 429
329 356
265 114
199 89
273 53
90 107
122 140
434 277
12 186
301 354
247 1
363 4
257 0
189 276
416 84
13 306
15 354
468 195
136 132
185 19
127 409
49 127
404 101
287 335
189 268
269 440
444 288
141 484
260 53
490 330
488 29
383 355
50 355
487 203
223 186
95 24
152 202
155 496
332 56
177 294
234 21
162 298
283 31
84 303
485 395
424 426
282 473
181 307
363 332
371 20
45 438
140 318
315 197
253 295
89 147
20 282
81 175
206 34
337 364
111 143
69 322
148 36
195 203
36 181
201 58
348 259
77 246
443 488
135 244
391 49
331 76
252 264
298 264
480 310
305 488
162 92
128 227
430 162
343 175
86 318
77 397
143 434
423 7
251 439
340 410
487 495
111 23
288 91
253 261
249 268
360 59
286 412
426 340
16 216
35 270
167 102
36 464
471 162
453 311
222 75
422 293
317 61
152 33
294 457
77 405
464 396
160 290
130 102
319 86
208 498
452 206
170 227
390 341
152 494
421 195
489 226
287 343
228 158
467 439
197 374
270 44
334 13
116 282
369 317
167 435
141 77
305 120
313 163
9 47
242 465
44 430
273 83
93 331
123 1
228 60
105 320
333 350
133 291
460 449
236 2
431 480
452 229
393 88
135 265
82 402
333 230
313 126
458 458
312 259
319 81
253 40
390 276
420 86
388 23
377 380
212 124
354 309
249 164
429 99
1 385
467 364
490 186
497 132
391 300
233 161
201 211
339 486
425 443
319 259
140 313
289 48
209 352
369 143
94 459
196 150
14 448
134 163
147 5
305 483
144 39
102 391
377 197
493 441
201 154
319 312
212 193
397 109
104 422
381 266
417 199
147 429
92 431
288 133
117 91
130 446
337 113
311 84
26 214
221 304
468 79
272 40
149 180
454 21
288 106
305 335
264 57
340 304
437 208
152 129
75 406
372 282
219 264
478 183
339 245
324 51
92 159
339 448
469 93
199 294
481 109
166 4
160 98
158 359
488 98
356 310
445 415
179 228
263 164
261 9
61 102
261 437
237 5
98 453
99 206
168 298
154 80
30 334
193 315
265 189
351 33
448 121
202 148
164 479
489 465
420 425
214 402
407 33
486 451
10 5
155 85
18 178
364 310
477 48
89 58
443 242
215 293
441 244
223 269
235 106
383 64
466 155
188 450
401 373
231 27
464 263
441 386
196 482
383 306
216 173
267 324
117 159
255 335
104 411
369 479
43 339
346 252
202 362
235 387
266 456
219 466
353 230
213 161
319 401
427 448
272 387
398 46
381 390
153 154
133 486
177 22
274 28
390 376
263 329
285 478
296 381
111 356
369 1
403 324
272 188
75 182
228 45
287 474
128 462
448 440
462 113
493 477
353 88
269 236
66 468
349 406
263 362
364 461
137 132
173 119
153 262
159 248
74 381
195 298
238 54
19 143
473 52
492 13
101 178
499 262
20 167
29 348
161 283
268 245
216 151
413 441
41 369
103 424
222 116
22 298
294 312
216 42
407 119
297 208
322 8
27 296
497 343
478 408
154 10
161 246
187 222
444 426
350 229
197 399
197 72
384 219
261 343
462 100
161 20
380 112
408 483
178 407
316 257
268 157
403 322
44 429
356 443
172 340
239 58
131 369
88 437
132 15
468 202
74 447
59 129
464 455
362 319
429 143
152 178
352 197
478 407
350 397
237 186
245 22
243 477
266 376
243 184
386 250
49 211
192 460
267 460
280 157
152 130
160 209
258 304
63 13
262 236
423 414
436 351
180 168
396 180
364 298
401 491
55 102
414 450
411 247
256 182
164 43
104 260
416 176
189 362
450 480
394 303
7 373
393 330
362 39
338 141
133 78
180 239
41 188
287 447
129 452
347 44
156 145
321 451
165 73
53 363
166 116
489 447
129 25
65 235
376 344
422 403
494 9
49 455
402 35
340 189
233 31
28 187
491 241
314 349
212 156
272 367
166 231
256 114
349 148
492 321
76 77
439 414
369 422
310 340
29 123
154 2
189 114
356 34
384 180
189 170
390 448
179 461
427 408
56 288
461 128
206 400
167 38
312 497
337 388
12 122
124 367
481 18
53 166
198 337
360 437
237 387
201 102
10 417
57 128
257 419
171 18
408 315
312 338
227 221
195 1
368 239
257 172
190 202
39 310
99 388
128 251
353 189
458 329
309 216
487 15
33 418
233 158
497 294
367 397
399 76
315 414
86 119
321 424
87 128
17 213
464 38
227 497
326 170
238 185
200 487
406 225
235 86
232 491
241 84
160 99
13 492
111 327
252 452
80 433
146 191
229 449
446 462
484 457
142 124
112 222
299 195
281 370
213 387
471 13
464 454
446 484
311 329
281 58
343 415
106 214
15 489
303 188
145 462
438 288
362 139
334 50
272 14
401 115
480 486
292 224
208 444
126 239
149 372
287 259
473 492
333 246
434 489
303 488
276 431
70 241
144 491
5 405
372 416
254 406
130 205
1 47
138 191
63 127
387 139
483 202
300 212
53 168
156 234
17 356
450 433
276 88
345 94
362 281
39 217
274 469
16 169
212 276
403 6
145 275
478 290
3 128
296 130
217 56
265 304
89 234
174 215
161 365
146 19
89 375
344 185
207 363
139 212
218 419
195 43
185 215
195 25
155 188
97 491
296 372
459 362
429 385
103 133
153 90
317 249
287 242
105 162
374 494
413 97
140 445
160 460
337 177
366 356
199 345
69 315
177 347
85 28
162 458
48 188
289 167
409 217
379 76
70 366
463 106
403 336
148 455
133 415
123 486
331 351
166 175
374 252
281 195
153 459
499 443
110 53
270 141
217 371
89 2
460 140
328 53
360 215
130 476
314 345
196 254
281 497
250 214
409 155
467 31
326 414
467 466
459 288
159 90
92 177
169 248
153 404
119 497
325 366
211 101
207 492
489 260
474 488
144 91
474 236
150 463
429 300
88 118
60 241
418 99
200 152
408 439
436 353
219 27
128 113
105 283
43 336
176 447
38 17
253 172
135 13
165 256
226 417
158 106
57 286
438 76
367 257
111 198
225 155
268 182
465 205
393 226
173 360
378 70
242 63
428 483
91 230
147 94
52 317
103 305
233 109
367 393
91 100
255 330
364 316
374 375
101 182
42 119
189 274
190 272
108 284
14 118
64 199
17 13
318 116
78 120
14 51
3 445
127 105
274 110
485 491
25 0
119 87
213 68
192 309
445 403
374 300
0 311
324 438
407 369
341 494
397 337
134 355
313 400
10 261
104 439
439 347
434 130
50 58
219 148
403 242
395 16
327 277
68 247
116 3
349 327
16 457
165 246
498 150
411 330
269 360
208 367
349 60
118 494
494 399
142 338
206 398
27 37
284 34
389 447
126 252
61 91
337 142
292 78
408 188
400 55
275 29
89 460
455 124
24 60
250 449
199 18
407 456
342 79
26 43
147 232
175 5
499 208
287 364
52 292
199 47
77 305
265 474
451 18
78 220
22 327
345 328
137 73
152 104
499 479
63 31
36 146
206 238
103 387
31 493
393 7
312 231
57 322
340 430
2 8
187 271
451 24
98 32
488 88
68 102
133 487
485 131
222 21
409 192
37 325
332 440
23 282
104 497
427 433
293 445
216 281
306 481
13 167
108 256
210 354
193 176
159 344
217 179
223 381
206 478
419 112
395 391
240 294
227 499
296 19
300 21
2 364
384 106
214 367
221 492
20 425
121 267
298 179
61 190
169 21
485 119
362 88
382 232
232 102
121 110
483 380
97 422
380 485
352 481
325 447
224 426
193 345
24 345
35 491
364 437
57 56
144 201
434 419
374 379
341 18
398 495
417 324
161 495
328 150
97 365
291 153
350 321
18 336
179 375
164 405
462 395
97 73
345 106
337 31
49 219
214 30
206 299
147 484
134 367
233 475
481 83
404 376
213 331
58 422
327 244
140 223
148 289
248 237
268 493
212 437
468 169
468 279
115 174
394 467
443 101
184 127
355 276
107 440
362 68
165 166
241 41
183 305
42 389
235 431
220 162
331 447
78 188
215 151
119 45
146 109
88 414
190 182
122 443
364 149
315 336
378 29
334 408
298 61
344 228
390 33
332 416
105 73
224 263
308 172
281 195
461 455
137 221
164 3
153 112
448 380
261 468
229 326
239 447
175 379
412 435
352 65
490 96
211 309
481 215
262 20
327 262
335 224
227 316
428 351
232 232
201 377
55 345
293 282
161 295
82 468
386 425
21 434
243 376
443 233
105 76
190 58
134 284
100 25
377 213
446 29
258 461
306 147
281 313
108 99
420 442
367 43
477 306
34 388
473 73
149 330
388 430
214 340
365 22
235 315
196 94
55 181
180 454
267 362
313 461
403 228
271 233
391 270
11 100
25 426
256 336
267 175
367 496
18 333
148 84
179 105
287 196
150 86
448 319
281 270
498 262
347 36
159 121
221 239
165 170
358 247
274 273
269 125
459 493
429 139
244 459
156 460
47 31
203 158
428 347
461 484
372 426
47 309
48 31
53 121
220 65
190 412
389 346
339 459
98 348
160 120
81 194
226 168
326 128
327 281
265 255
33 289
450 489
373 433
54 498
415 426
338 126
472 105
416 228
428 163
283 366
60 440
108 364
344 138
419 435
190 24
313 36
26 75
8 263
113 399
177 62
40 380
485 16
96 12
27 253
119 376
317 311
27 179
170 425
212 372
396 89
478 254
330 61
176 4
255 338
253 141
21 432
300 293
158 358
111 248
477 185
348 230
261 294
71 376
100 283
373 136
390 348
409 351
207 220
411 437
78 314
98 16
161 99
309 251
499 319
357 420
2 476
122 205
81 263
399 194
330 33
381 272
475 72
145 142
79 34
348 56
72 9
460 298
49 233
405 269
189 49
377 262
319 191
307 0
46 401
434 206
330 228
300 168
310 157
191 445
353 390
251 391
41 277
363 212
481 91
492 268
382 171
214 221
221 201
454 373
79 119
199 241
409 261
418 352
297 219
461 461
204 3
280 213
277 246
337 495
115 258
429 181
402 497
51 496
369 124
95 357
98 301
62 295
147 359
431 333
294 296
151 244
457 499
245 284
279 86
345 434
115 395
244 126
122 17
493 295
153 344
145 89
236 103
463 207
392 235
31 394
138 187
186 35
319 448
34 283
217 98
345 379
358 332
201 90
237 480
176 195
136 390
346 321
381 372
459 309
55 273
460 490
25 193
493 498
133 196
295 380
111 350
34 140
82 469
302 88
283 320
62 478
152 271
495 408
217 33
158 454
296 272
318 471
469 174
370 163
43 455
305 17
10 155
476 192
280 92
412 278
109 415
38 475
235 261
146 33
339 453
77 304
275 135
309 247
411 97
52 32
401 306
313 209
253 411
356 290
420 33
300 268
95 381
142 338
223 331
136 140
445 62
198 65
313 72
169 359
243 76
382 73
283 145
56 48
190 36
422 412
33 462
344 74
265 480
163 338
479 488
51 151
217 424
348 101
312 382
458 18
443 56
53 192
240 226
115 461
226 282
245 389
463 259
91 89
427 228
69 107
258 406
182 120
73 475
209 31
401 385
293 167
212 344
423 346
308 304
87 390
279 34
145 332
421 242
323 88
195 200
459 392
364 454
281 141
24 437
322 343
10 277
474 468
314 74
379 397
139 474
8 466
298 418
12 5
94 71
271 335
79 141
447 82
224 443
380 81
424 100
230 55
23 434
9 204
453 189
164 240
206 92
362 24
382 356
427 374
62 328
469 50
133 141
85 417
350 209
161 317
224 274
60 391
447 99
289 421
161 252
196 305
181 367
75 58
285 63
243 2
405 347
488 213
482 390
451 425
243 184
458 112
356 467
67 18
440 155
260 208
365 453
173 456
367 46
462 248
103 152
499 205
270 8
250 339
265 104
140 201
313 8
327 98
469 21
177 246
306 261
214 437
245 171
70 387
136 112
116 384
441 239
99 115
307 64
20 349
50 72
432 161
259 215
237 111
210 228
341 266
55 16
40 56
443 300
413 462
346 431
22 381
497 139
203 121
322 156
228 224
385 224
292 12
123 496
77 29
147 185
202 418
326 202
354 94
56 270
53 267
1 254
245 76
49 498
6 449
25 224
448 234
98 262
258 240
121 221
407 187
106 120
322 461
407 432
54 177
296 315
421 460
36 297
147 166
115 437
161 153
239 140
254 110
202 337
411 13
52 176
296 170
483 10
295 471
0 390
57 349
161 148
298 478
144 197
487 297
451 112
104 148
110 42
232 359
224 165
341 495
17 276
287 489
460 352
242 82
283 460
109 151
129 445
494 259
56 273
237 481
130 359
402 342
201 92
257 486
333 425
201 450
440 350
202 488
422 400
213 296
447 206
151 174
433 428
53 145
479 489
349 291
133 461
53 103
89 186
111 163
113 422
124 164
5 405
306 178
474 427
133 371
45 273
201 136
134 478
319 254
397 113
74 168
271 30
216 479
494 212
486 179
344 460
365 462
140 349
128 23
394 114
239 262
250 439
269 440
47 384
349 89
109 444
327 275
107 381
445 395
75 101
413 284
246 271
120 279
302 387
353 248
362 49
488 93
385 465
201 110
199 432
229 51
178 308
41 56
303 137
239 339
123 378
149 4
283 369
108 121
222 438
487 314
407 84
49 327
437 292
77 251
154 488
149 158
66 184
322 190
29 369
248 413
417 4
226 249
223 53
491 186
0 445
381 330
9 259
404 431
34 299
287 481
139 40
224 288
331 57
426 398
311 360
217 26
276 81
134 443
481 351
296 477
159 482
241 177
460 168
319 145
478 346
238 459
247 469
26 315
213 78
291 453
479 25
458 8
303 107
458 92
69 284
118 106
284 80
248 360
357 96
443 68
27 336
305 181
496 126
205 184
137 210
87 496
356 468
428 45
489 11
147 238
197 410
490 266
478 481
429 238
158 335
23 372
406 37
164 181
365 402
464 221
69 354
174 403
300 425
436 454
45 289
199 435
201 242
75 189
280 31
219 4
377 290
328 242
275 283
37 344
65 492
198 2
405 486
411 225
179 58
347 199
134 224
466 47
88 188
219 393
398 368
159 438
33 275
410 339
35 308
153 447
301 452
438 351
76 59
117 349
400 108
332 464
363 386
74 151
44 304
172 146
84 294
69 183
374 469
130 331
131 409
213 283
134 432
343 151
352 63
171 460
277 252
139 355
6 492
296 65
211 403
197 321
356 148
117 119
302 231
492 99
382 433
218 206
209 369
432 61
374 62
166 455
310 3
347 157
223 169
424 144
317 286
286 121
92 173
256 256
355 395
180 249
307 90
459 398
312 16
430 243
198 186
41 97
106 360
29 388
32 329
468 453
427 201
375 254
10 19
266 131
232 218
308 447
345 391
260 267
362 157
195 190
139 412
272 236
125 246
427 302
107 9
63 395
2 34
406 438
421 12
82 172
471 154
45 390
9 317
326 305
348 371
283 374
110 487
233 56
210 87
449 161
408 317
352 12
302 410
275 110
282 223
377 357
248 254
423 275
432 257
481 101
475 132
120 264
172 438
25 205
218 382
52 326
190 127
389 256
366 492
216 164
374 0
106 445
72 122
231 29
483 5
137 64
181 458
248 109
315 353
88 126
452 385
12 140
248 143
135 254
418 114
114 203
149 292
266 221
102 221
78 350
266 437
396 68
177 447
301 496
122 344
230 241
233 75
70 94
348 481
447 57
261 119
411 61
134 262
335 30
232 89
26 414
482 498
446 274
271 11
208 99
192 393
320 438
32 425
258 390
300 381
0 205
118 61
175 263
145 105
194 10
424 229
80 72
347 258
122 378
329 470
215 330
120 21
446 36
278 152
385 56
261 78
491 237
353 231
336 166
29 350
80 30
455 453
64 12
390 154
124 38
220 219
240 191
227 340
344 38
94 358
288 230
319 207
438 132
298 24
375 127
157 327
133 307
319 464
118 49
439 209
280 94
286 159
499 372
410 365
223 343
425 356
415 364
496 97
121 205
332 146
474 496
155 342
306 459
360 474
35 425
371 299
310 315
39 157
23 161
4 449
157 98
462 282
379 72
278 458
105 352
349 462
304 431
242 4
331 111
388 102
253 366
34 259
417 415
76 73
375 292
390 432
214 384
309 353
163 445
298 439
401 268
199 499
355 206
317 293
395 186
405 205
316 0
415 291
216 233
25 491
424 443
328 416
121 490
288 137
428 284
53 438
437 329
35 104
398 144
183 204
261 145
146 88
231 78
163 413
405 299
243 189
457 181
23 423
412 430
214 311
249 340
169 119
76 38
183 57
113 326
471 218
158 375
305 469
235 389
188 468
9 140
173 283
206 318
248 48
360 118
458 315
434 461
352 480
37 10
336 387
105 2
229 160
481 263
4 34
355 216
208 192
476 364
183 381
430 182
301 283
98 142
455 111
91 385
247 307
194 480
483 84
96 151
414 212
99 77
294 418
463 454
318 2
236 439
473 353
489 18
12 126
238 87
324 467
127 181
162 72
8 321
473 497
209 104
33 239
158 308
114 327
182 473
264 433
138 270
288 237
216 127
67 300
119 306
487 391
463 246
420 149
498 471
427 245
484 60
220 461
140 494
319 335
268 322
444 83
173 258
386 232
384 389
195 305
196 356
102 182
184 12
483 374
119 34
94 263
224 456
302 315
150 216
39 122
205 270
28 483
68 378
119 414
219 304
160 314
349 268
280 115
489 385
419 115
378 461
269 366
181 454
171 71
45 331
101 62
45 251
481 129
396 465
122 101
267 467
235 282
249 468
353 15
131 239
52 125
491 361
316 321
244 24
355 487
49 290
41 308
289 446
264 374
475 185
153 386
168 95
63 240
256 418
9 269
246 239
452 413
234 89
113 268
107 478
120 320
128 156
455 161
388 417
455 219
105 363
310 108
348 125
395 374
495 456
47 256
169 241
330 0
268 255
86 443
263 228
384 206
220 243
160 191
410 108
323 115
75 367
493 134
360 276
232 240
497 355
96 132
132 18
274 278
221 252
480 212
418 336
79 217
408 490
98 91
59 319
38 274
408 134
410 31
272 120
475 495
127 121
139 423
201 111
215 265
329 274
462 196
265 100
90 41
484 173
344 189
315 43
30 383
266 223
343 292
287 390
11 170
445 266
229 3
120 146
272 445
493 450
50 234
127 258
283 492
33 111
7 128
363 348
71 37
329 129
20 266
288 469
87 383
238 233
231 317
114 359
161 3
237 107
217 63
55 216
328 0
480 89
437 335
224 343
473 361
479 53
22 345
228 120
353 110
279 319
30 85
440 393
352 191
106 30
246 69
69 161
102 74
261 50
245 392
105 485
391 218
415 84
204 413
375 496
315 410
495 154
399 345
36 287
317 251
172 494
155 416
342 94
496 110
2 104
441 241
312 107
43 332
98 227
223 248
158 473
480 38
235 5
144 231
483 123
117 462
230 7
101 273
235 72
176 97
339 237
196 470
302 151
378 239
339 252
78 454
344 497
354 410
141 80
203 499
313 476
484 321
446 43
115 85
183 181
270 144
114 22
25 466
205 268
21 255
209 45
394 451
361 54
134 101
452 2
479 189
10 117
12 315
400 308
341 479
475 83
457 111
77 89
210 334
90 135
32 83
34 151
205 278
231 247
249 191
233 183
300 80
395 95
404 164
144 296
231 245
357 119
61 41
375 286
273 123
58 317
469 305
436 444
191 26
218 167
203 440
373 303
398 355
20 268
416 302
400 16
135 0
393 257
395 48
23 268
86 169
326 81
25 407
433 114
282 216
9 3
306 485
340 382
2 205
7 212
228 271
271 407
16 216
264 164
284 264
285 288
369 222
481 111
78 247
463 415
418 212
197 472
206 225
430 389
102 209
332 289
49 330
46 455
471 417
181 163
303 255
330 466
430 24
271 311
226 360
72 87
411 497
222 269
10 118
179 4
145 464
147 11
466 46
464 45
208 437
44 497
316 363
388 226
38 98
458 159
98 116
465 30
151 10
480 187
43 161
478 159
22 41
87 125
170 340
129 403
253 231
94 25
252 69
19 482
494 142
110 477
359 92
454 76
115 10
23 434
445 159
52 1
478 319
11 491
395 149
380 140
18 0
69 326
309 270
264 440
417 155
99 374
450 128
138 54
340 418
429 13
367 286
457 481
472 345
346 469
461 219
219 78
405 479
101 140
80 214
221 365
92 349
477 320
226 394
312 467
333 67
205 241
74 200
397 162
131 47
266 244
322 93
424 338
478 227
293 26
391 59
260 14
335 483
230 238
57 413
480 42
136 390
442 185
200 210
257 340
436 183
128 376
214 110
190 53
79 44
455 335
350 322
158 216
306 37
450 388
430 363
106 283
468 66
277 48
240 20
204 386
262 28
491 332
385 328
373 181
16 316
139 180
396 218
107 297
185 202
418 58
341 467
386 24
424 161
182 15
401 17
45 238
70 16
196 388
69 308
476 69
102 438
8 115
264 498
53 116
174 301
121 323
347 367
380 7
22 123
492 414
152 275
291 38
278 75
383 488
409 200
138 211
179 11
362 146
114 443
97 415
238 288
7 218
77 437
412 388
302 99
374 405
295 307
382 18
6 73
273 117
328 267
279 263
262 7
303 493
408 376
17 400
470 498
287 24
264 47
498 51
456 419
226 372
242 103
177 108
225 100
368 302
418 53
413 499
492 180
56 216
468 252
102 425
302 438
485 241
292 66
337 483
207 249
204 63
23 450
50 233
36 100
154 270
269 306
486 419
135 113
365 394
172 455
393 319
60 474
40 230
213 353
454 230
293 272
74 158
392 169
269 125
247 280
438 275
194 17
130 424
170 181
136 348
167 342
316 381
111 228
433 209
439 176
449 387
397 84
105 23
0 141
421 375
150 248
117 359
135 197
378 99
447 158
0 367
248 467
47 169
230 212
388 480
219 21
457 189
65 116
258 63
438 65
165 31
243 440
137 134
234 230
388 368
87 33
0 241
262 335
399 399
379 492
13 140
329 450
67 322
385 394
312 177
208 175
116 329
464 303
34 105
473 198
231 274
15 60
248 84
483 129
121 147
287 215
165 486
309 469
215 84
261 46
222 379
209 470
125 190
295 173
223 159
434 269
181 306
242 301
431 429
429 78
293 404
243 68
37 310
395 404
450 105
484 156
478 24
214 193
218 104
115 10
131 293
100 401
55 312
94 194
272 486
242 23
443 417
228 485
389 333
438 475
483 192
216 422
468 314
418 283
145 186
480 385
287 276
440 432
126 342
180 34
409 399
316 274
112 205
38 396
371 353
45 476
250 207
21 114
249 218
405 291
176 394
170 237
169 315
9 462
497 295
46 41
316 258
463 215
111 428
281 353
329 335
42 179
293 432
150 415
206 42
288 407
144 382
198 310
272 165
461 59
101 121
232 359
74 417
197 195
49 38
225 478
157 230
162 119
34 302
196 313
72 240
474 484
294 217
382 24
84 419
40 195
55 185
454 272
320 481
371 151
481 221
451 96
67 491
293 466
131 101
193 342
326 203
420 20
44 473
392 155
350 480
165 284
409 257
91 471
474 229
450 314
263 456
447 253
219 330
284 92
434 202
406 329
349 261
86 178
333 394
374 330
114 36
145 392
215 375
104 88
403 190
498 406
160 166
348 297
389 231
434 484
314 324
437 192
370 163
409 375
205 56
444 136
380 171
47 441
30 95
137 3
410 285
303 135
284 70
153 3
488 174
350 87
131 302
317 287
14 2
410 227
215 219
242 354
147 95
190 289
145 29
166 180
315 55
477 469
325 452
126 130
70 313
467 476
115 201
55 284
363 129
200 465
171 78
173 442
84 171
200 216
396 229
136 367
188 63
15 113
243 13
326 141
469 165
367 293
430 84
65 274
92 293
372 265
60 115
286 45
261 496
77 487
206 157
221 213
326 394
260 88
230 421
87 86
232 51
488 454
80 162
455 53
171 172
288 327
225 83
79 426
413 338
348 8
221 471
218 421
9 47
468 478
64 239
143 407
213 148
310 131
184 294
466 266
445 207
290 106
33 170
361 221
229 298
270 209
130 302
349 488
466 139
231 170
429 382
31 374
5 143
437 341
459 41
249 255
362 257
279 391
465 247
45 140
349 46
349 167
155 479
471 50
72 473
208 202
76 2
145 239
432 433
474 82
189 392
149 75
319 51
298 428
421 284
330 196
363 270
102 31
82 371
196 73
275 6
8 404
495 203
136 153
87 428
172 110
38 129
180 173
453 357
141 331
379 374
145 323
207 242
465 247
320 141
147 162
418 447
150 156
161 414
342 286
248 101
230 14
187 286
143 262
445 140
15 136
312 324
67 12
111 19
160 384
46 431
230 159
315 465
379 380
166 329
282 73
87 266
53 12
126 126
266 48
185 72
396 133
497 349
220 463
200 108
391 232
391 246
63 121
1 59
388 294
367 19
286 170
34 306
432 191
239 160
232 51
36 276
125 129
444 34
142 345
429 144
243 34
155 321
380 306
453 157
28 120
142 320
127 314
5 176
188 59
462 97
373 273
254 499
33 499
196 198
195 175
209 126
299 290
96 365
374 31
151 401
222 402
69 145
173 201
112 426
23 361
134 75
74 397
248 388
439 107
134 444
422 486
276 196
61 73
104 224
126 287
41 107
252 348
401 110
389 425
139 13
88 412
161 125
14 14
473 409
206 305
291 108
304 128
202 67
143 217
356 158
266 269
469 397
360 370
296 370
384 249
13 435
412 324
339 175
84 426
83 312
272 290
271 374
293 76
145 325
483 289
58 1
251 101
472 380
250 111
212 120
407 486
311 225
252 319
98 150
314 337
479 181
408 87
15 250
427 53
342 161
162 263
364 253
133 265
376 336
308 235
222 440
166 215
35 385
387 270
107 133
166 201
140 439
41 74
480 156
317 469
232 322
427 331
97 96
285 60
148 325
266 445
161 222
107 284
54 196
181 346
399 14
305 347
274 40
48 346
315 254
428 217
400 399
348 356
268 497
175 485
430 268
490 293
77 91
139 449
147 483
349 320
20 47
439 154
1 146
252 487
204 168
68 180
388 456
306 416
401 9
277 481
274 331
275 120
69 203
38 414
87 217
116 240
394 459
105 55
394 247
416 357
389 450
406 336
252 130
491 212
45 5
188 268
388 171
374 315
230 310
379 265
5 169
128 495
402 251
499 85
294 148
98 415
103 35
165 356
421 355
212 156
277 466
138 252
68 17
179 364
129 150
319 58
405 486
238 299
236 159
307 237
4 30
65 257
466 459
314 83
91 387
353 378
482 220
238 343
208 50
200 269
328 189
176 371
170 85
97 266
355 406
288 404
14 211
170 354
289 480
219 336
214 380
101 72
416 196
99 191
460 476
17 151
23 140
78 193
311 45
452 175
431 166
229 92
298 297
129 399
235 87
320 348
421 301
350 273
464 189
17 301
452 276
269 34
80 475
21 347
374 391
410 325
417 157
455 139
391 216
155 84
433 126
280 475
100 206
247 482
283 416
193 264
150 87
63 314
13 230
474 436
113 387
396 384
375 30
98 203
288 266
245 106
433 73
131 25
359 34
450 230
346 494
81 495
309 496
79 144
432 322
61 53
289 45
428 310
13 164
431 378
484 153
78 176
53 418
304 209
439 264
258 254
250 137
134 339
336 411
86 213
118 268
166 147
309 407
71 94
324 323
476 354
382 309
79 55
116 435
199 383
137 408
45 309
149 239
151 179
244 485
105 89
88 362
269 271
217 398
221 193
47 42
203 49
456 430
217 282
165 73
481 269
78 154
246 378
410 79
416 249
338 154
369 22
145 426
324 490
183 215
257 397
447 231
13 460
242 255
328 82
351 259
265 161
40 282
361 11
260 450
456 130
152 450
377 325
316 149
364 53
451 351
82 473
433 250
5 447
30 27
138 186
199 233
15 404
267 91
41 229
359 380
330 350
27 363
12 207
261 343
195 229
202 64
166 129
429 488
15 23
209 311
44 6
262 409
0 412
141 29
409 394
96 352
215 240
299 123
319 79
160 412
476 366
347 363
351 142
18 276
87 218
76 227
488 484
396 338
368 341
87 389
241 129
221 35
158 308
387 21
433 477
195 48
263 262
404 43
171 466
36 274
354 111
95 113
303 342
35 343
232 23
153 474
9 325
133 374
247 20
349 372
272 181
443 45
440 35
353 199
474 111
222 390
355 328
22 169
364 158
182 410
236 96
421 187
61 246
266 406
279 161
342 467
12 51
439 137
188 452
416 292
182 14
194 490
160 389
48 217
479 24
473 230
417 215
313 246
153 330
491 431
399 284
187 185
174 263
216 126
419 363
377 484
474 453
343 72
141 486
363 391
473 472
187 336
434 242
424 1
284 439
223 268
453 183
447 411
37 480
343 15
499 308
114 72
496 325
312 457
200 489
461 175
363 25
119 149
2 149
89 43
311 286
322 312
75 117
97 121
136 465
273 292
216 487
312 387
196 213
202 476
3 396
273 16
17 218
368 392
436 19
157 457
121 99
216 331
452 197
162 165
309 440
279 287
175 26
91 92
420 371
120 145
161 424
142 393
138 178
49 362
319 74
173 59
390 293
490 242
259 195
135 4
291 69
447 415
359 318
42 38
183 131
55 162
407 345
375 50
264 45
471 425
484 84
377 497
239 226
421 219
223 350
271 409
176 366
185 218
108 387
18 227
241 292
489 426
328 148
46 364
141 92
28 17
14 125
204 257
476 105
308 477
238 51
270 79
150 414
153 455
34 258
402 24
450 275
275 391
108 130
222 321
191 249
227 251
360 205
163 283
260 189
92 471
50 351
117 362
169 52
311 271
295 203
330 65
309 97
227 458
131 269
18 449
52 322
380 97
232 413
454 43
14 345
196 46
409 416
321 313
84 78
134 484
49 231
328 316
274 358
479 407
209 406
228 498
447 261
26 108
3 180
25 332
379 369
138 221
386 288
218 459
443 323
54 352
169 344
55 235
142 295
201 34
384 203
317 282
242 332
364 195
28 246
115 241
314 407
195 105
64 200
23 265
118 359
204 430
17 139
434 259
293 11
215 488
270 178
362 32
227 364
110 78
319 255
162 78
183 485
37 209
475 100
459 413
343 445
84 163
274 360
371 370
210 68
98 438
470 332
197 312
390 198
305 307
237 61
46 468
29 273
373 435
348 4
449 184
348 191
403 385
108 122
42 127
65 318
151 492
304 388
438 348
7 194
107 243
63 97
370 153
89 445
449 95
279 437
481 251
488 479
454 236
215 96
415 496
489 133
21 418
266 145
340 311
54 273
222 447
453 470
415 92
39 394
183 216
467 319
298 16
253 456
404 104
101 320
453 319
237 442
87 326
137 355
481 279
79 44
14 203
148 384
278 281
349 187
6 313
330 169
125 157
261 435
255 381
201 214
8 209
35 290
498 448
227 25
69 479
34 158
42 435
216 182
370 172
486 417
86 228
385 168
103 63
445 499
213 210
271 498
140 222
170 307
184 138
117 249
408 253
188 152
334 302
327 256
173 56
285 165
333 260
323 170
21 288
498 120
118 235
309 270
429 259
397 479
80 113
366 367
371 340
143 406
162 205
114 322
487 187
447 399
421 320
108 123
243 443
30 458
228 362
473 339
170 9
122 370
237 250
91 340
246 108
166 86
408 260
448 132
31 395
67 247
370 304
247 27
485 466
328 277
468 66
75 301
23 138
241 50
390 113
73 184
270 137
249 239
371 30
277 197
445 254
59 196
223 315
133 306
436 60
126 461
114 404
395 54
104 490
103 136
320 346
335 176
268 442
324 85
282 491
246 101
297 79
247 157
315 372
432 380
194 251
8 411
317 160
150 403
391 273
119 105
134 211
5 307
392 402
245 329
282 26
458 491
0 431
303 205
85 316
419 87
350 131
292 427
182 167
440 442
400 73
136 412
71 34
436 141
322 463
341 33
25 104
35 299
356 25
193 190
130 294
425 113
40 480
0 217
12 75
0 292
204 412
298 489
130 275
90 86
119 305
409 284
435 496
374 297
339 292
438 67
180 469
450 363
433 73
148 450
242 445
209 0
489 299
426 359
445 472
277 369
153 416
413 38
187 440
84 287
354 27
496 22
238 35
108 298
100 171
468 108
108 343
494 29
388 450
422 420
141 185
101 51
89 146
87 366
153 277
156 23
398 8
395 152
451 136
159 355
463 51
246 127
8 423
225 92
365 248
285 147
50 6
153 386
253 140
269 92
115 258
266 425
429 365
1 13
368 232
136 160
139 183
459 382
327 499
247 184
184 192
198 32
271 234
226 351
295 376
134 495
272 263
128 253
266 202
434 130
142 135
318 70
305 134
133 129
314 132
324 233
265 498
84 374
78 388
264 311
306 373
136 399
152 431
133 265
247 270
405 419
342 241
375 76
205 499
131 361
94 371
369 307
181 211
100 306
117 259
485 364
115 275
206 121
238 119
390 339
111 337
79 295
223 453
452 454
315 429
152 435
242 261
473 22
180 275
387 73
289 297
72 224
345 405
376 131
322 436
273 266
414 433
386 352
159 137
418 190
125 326
88 71
445 219
347 61
486 125
274 86
310 275
32 198
329 7
443 409
27 152
85 69
421 441
431 324
366 80
407 201
272 344
63 495
408 69
46 262
200 394
21 320
19 10
18 54
315 200
352 313
382 342
136 290
114 304
236 67
268 332
176 495
342 393
314 92
354 250
496 361
33 55
417 18
72 404
105 287
101 387
81 457
247 483
139 217
136 213
46 228
223 405
150 74
166 418
20 464
177 373
280 17
35 211
467 197
485 459
198 72
382 438
273 279
497 481
195 265
493 133
390 93
167 68
486 392
209 186
59 359
376 386
449 339
36 263
222 417
489 373
163 420
199 371
353 437
202 48
34 400
345 47
115 276
169 364
50 454
313 378
116 109
448 41
304 66
335 337
62 26
298 176
400 226
15 349
398 105
5 217
264 284
412 202
66 231
37 81
311 117
78 202
243 280
198 379
68 47
425 33
209 482
208 223
73 461
66 75
292 323
107 423
125 408
492 371
453 44
13 29
232 116
248 91
322 475
375 446
479 390
373 300
376 41
2 433
9 449
272 421
344 153
414 231
102 322
366 406
435 407
376 379
322 19
347 124
71 145
387 74
374 402
295 112
46 102
51 150
71 407
412 175
258 415
237 326
84 361
120 455
334 372
391 348
473 9
154 238
164 396
150 393
6 391
493 446
96 404
311 45
72 167
82 75
402 331
44 172
127 338
210 164
13 314
323 102
192 338
234 329
222 357
248 384
182 228
132 241
138 278
297 295
371 63
394 380
404 125
463 290
454 383
197 174
128 319
9 372
201 320
29 95
332 276
356 129
223 14
145 341
136 213
276 442
174 359
336 22
312 78
462 152
178 119
290 11
384 306
478 300
395 437
213 8
489 79
94 70
263 212
426 239
33 251
111 202
225 208
286 299
451 37
8 100
464 481
287 299
99 348
285 266
126 346
426 351
273 115
180 372
463 36
287 106
160 496
204 250
402 237
127 343
295 353
335 135
434 259
459 474
92 385
232 245
448 70
186 10
382 221
109 218
324 345
341 248
499 336
74 398
241 401
106 53
188 388
148 293
268 123
8 107
204 212
283 92
102 152
225 321
39 484
181 186
435 215
51 375
273 286
39 477
30 366
254 497
291 219
194 254
362 411
123 54
499 418
423 406
227 101
438 0
187 266
333 119
346 474
112 385
214 119
337 151
0 245
316 444
198 291
54 362
416 412
331 178
436 415
369 106
106 16
282 307
278 145
119 468
353 125
96 83
86 67
164 286
230 87
378 480
342 280
45 433
463 111
378 228
334 251
267 247
406 440
86 402
370 185
162 57
141 223
142 258
396 227
314 307
139 126
259 45
330 334
297 304
32 145
396 175
275 366
158 164
66 33
70 244
154 436
11 232
343 295
374 5
164 239
218 41
86 304
490 329
133 268
413 287
462 17
235 309
473 89
123 393
490 391
327 193
426 144
291 190
196 121
212 17
58 212
16 430
259 496
264 358
145 244
113 177
487 460
401 348
94 312
204 24
70 436
80 383
426 348
469 223
92 122
186 181
464 151
147 55
413 75
172 264
441 411
371 285
134 280
445 272
149 80
16 1
236 219
67 448
23 162
136 388
421 115
266 323
378 385
461 266
30 291
202 485
270 323
456 425
50 256
336 401
402 199
270 204
152 138
301 189
77 175
291 289
112 498
236 409
27 490
134 49
34 57
233 188
114 304
61 189
442 16
67 249
454 344
334 337
26 106
134 487
277 455
305 277
186 241
232 41
90 214
123 218
406 124
281 208
397 372
388 194
443 339
35 455
292 397
356 222
209 170
477 342
119 338
80 283
324 157
371 312
382 267
391 347
407 288
161 24
218 157
348 401
357 162
411 384
458 1
24 119
461 167
6 1
284 432
90 86
250 461
228 461
160 132
272 471
496 420
77 285
187 214
228 425
161 396
397 492
111 119
139 421
275 425
357 145
83 59
372 447
261 185
169 100
72 273
193 441
79 420
134 122
400 266
162 215
207 61
33 411
333 170
447 172
169 460
19 157
456 104
141 392
344 217
343 310
103 268
188 388
11 182
300 175
390 263
176 462
374 449
471 209
233 59
19 271
428 254
210 390
134 236
454 351
161 331
99 149
37 265
299 288
315 400
15 100
414 57
6 192
401 140
199 329
452 487
93 70
313 232
469 304
155 299
130 275
424 169
286 230
370 313
66 85
37 185
242 81
273 452
92 100
281 27
14 144
66 234
466 459
263 231
31 435
62 271
440 161
243 486
152 226
163 113
298 218
151 53
5 392
492 425
304 449
445 274
360 170
129 12
243 178
466 393
164 126
288 28
15 456
34 31
497 19
237 49
102 295
188 388
165 459
409 32
158 469
139 354
218 18
197 121
14 314
440 163
43 30
338 80
464 58
77 372
421 461
256 166
407 376
335 296
181 72
394 244
451 339
358 385
6 21
187 407
422 372
402 128
60 465
376 240
464 24
485 305
324 238
114 94
242 231
155 301
46 423
263 401
287 349
222 473
232 293
166 410
390 154
471 420
13 450
327 347
5 477
67 312
258 329
60 181
483 353
276 67
469 381
82 391
364 256
401 304
66 96
102 67
340 456
259 74
421 353
182 86
250 426
107 250
283 9
362 167
235 118
351 490
382 56
312 285
442 98
47 213
133 8
465 149
75 473
178 224
310 497
275 360
462 412
421 235
402 98
216 135
478 489
45 420
205 212
310 209
423 147
156 209
359 408
381 473
49 434
283 411
271 359
123 411
146 86
184 45
32 400
242 252
172 362
74 287
349 378
25 237
446 124
32 181
6 157
92 265
176 55
266 227
490 299
385 390
435 136
389 69
322 319
182 131
270 494
224 108
345 119
243 250
283 292
449 127
392 290
345 393
121 68
368 464
354 111
100 105
27 141
460 489
472 349
195 494
103 242
214 272
22 300
92 309
437 157
299 394
287 329
250 497
461 260
224 470
75 315
456 324
165 102
303 268
115 489
83 351
123 70
370 297
459 497
6 315
209 396
77 306
303 348
109 179
149 116
283 333
9 77
31 91
359 26
15 335
38 326
396 450
248 161
10 119
434 207
455 16
174 495
343 384
64 329
445 452
137 65
142 228
319 498
24 26
361 31
209 391
342 251
264 458
77 442
1 274
142 363
358 308
192 317
146 201
6 256
174 444
24 495
494 168
194 196
227 370
114 407
158 288
246 308
102 422
48 175
38 103
411 191
360 248
450 103
212 6
302 308
155 386
54 327
23 1
372 101
8 102
390 338
146 167
441 137
312 248
203 490
33 203
451 466
69 245
103 253
413 133
371 406
233 69
70 278
379 256
210 294
132 387
406 100
89 130
230 348
190 254
457 285
251 75
320 408
14 321
306 423
329 427
496 178
456 414
22 419
213 187
74 232
185 198
180 333
181 274
28 263
48 223
150 337
98 300
473 470
245 112
391 279
309 75
341 240
159 117
304 364
448 224
274 231
64 133
260 307
70 97
320 140
478 118
418 470
292 428
392 243
375 37
464 283
23 184
154 306
22 34
111 458
41 322
456 237
44 105
202 68
208 114
233 374
196 186
466 3
247 340
378 358
142 122
158 342
0 17
404 312
123 374
197 15
252 164
122 5
73 149
263 176
403 133
172 348
352 99
440 138
497 451
425 170
364 491
360 83
248 217
91 264
131 371
387 140
497 236
385 9
186 422
56 148
497 89
40 228
366 201
4 332
2 215
206 429
364 367
84 67
331 112
335 27
20 315
51 223
232 17
440 436
436 270
211 496
76 285
486 252
84 442
158 490
271 439
158 216
283 136
100 94
121 467
282 436
11 493
11 185
473 95
366 303
151 409
47 77
181 227
21 33
376 118
57 179
396 499
135 215
161 31
350 236
24 134
128 484
169 35
130 491
294 142
404 348
278 297
376 451
336 459
429 397
77 64
64 338
405 325
208 51
139 66
201 59
43 163
50 329
172 65
207 33
381 466
115 463
414 159
471 491
388 103
167 400
239 317
494 83
135 144
63 203
114 126
142 264
445 157
222 192
225 117
435 282
245 459
118 50
393 12
467 441
342 281
451 486
70 433
429 445
0 57
183 492
108 114
272 177
370 53
170 346
480 447
406 105
7 78
442 377
318 400
182 409
395 12
297 485
430 317
226 79
71 431
45 262
439 180
85 169
368 309
109 256
213 348
426 15
392 221
473 368
277 63
427 7
492 25
342 225
304 423
206 421
183 227
259 251
273 122
432 345
453 141
489 393
408 166
239 268
136 153
68 213
220 266
143 495
220 213
488 337
258 376
104 194
445 441
64 363
60 70
211 348
241 13
32 53
321 1
154 271
484 309
75 222
70 57
122 70
408 290
167 110
304 166
460 123
338 101
172 376
224 399
412 383
288 317
318 444
68 109
419 325
399 404
461 346
417 469
112 83
45 177
195 131
254 349
303 155
31 92
343 475
210 107
276 256
52 499
460 95
272 472
377 379
78 23
493 338
274 495
24 105
88 319
21 219
375 342
286 324
151 258
218 130
238 213
64 494
441 142
115 25
256 65
89 492
182 334
181 82
39 308
480 205
425 127
321 1
177 152
262 459
441 328
41 480
327 31
174 106
483 268
186 141
485 239
74 275
209 167
328 107
313 248
227 308
309 90
242 400
359 338
166 4
337 301
332 59
17 164
284 358
499 0
92 470
245 484
4 18
125 454
54 184
492 438
28 133
33 153
491 122
479 245
46 9
68 316
480 230
441 438
438 264
87 292
277 382
400 184
491 133
169 26
316 45
31 13
166 197
319 64
309 9
370 298
466 207
290 290
228 446
63 83
375 19
401 2
186 4
137 302
180 177
75 158
171 496
193 106
22 189
198 365
15 184
243 68
359 482
280 385
468 439
458 195
197 344
348 360
14 236
413 338
496 194
190 340
298 20
209 236
453 321
357 408
328 320
154 100
338 39
479 435
482 306
2 289
149 32
268 351
41 163
357 181
22 37
409 400
136 172
493 119
379 441
261 202
303 207
99 416
203 493
299 430
219 37
69 154
5 369
384 337
19 46
435 242
142 393
65 345
316 130
71 411
113 195
402 332
100 268
113 353
283 155
193 413
419 3
372 262
100 424
322 108
350 471
364 109
306 344
326 281
44 122
317 397
82 10
130 72
425 34
190 244
9 209
64 383
145 428
352 288
396 97
68 26
487 247
443 284
418 294
268 270
19 462
472 438
10 453
340 103
199 287
348 30
265 208
136 412
200 410
360 488
366 97
196 428
213 353
499 491
261 131
445 268
206 133
438 270
225 68
355 278
160 424
132 204
468 425
188 268
108 169
118 48
476 474
327 314
305 41
172 327
447 419
404 118
388 153
221 342
473 113
389 428
132 133
411 21
289 101
122 99
147 397
371 240
54 475
17 50
229 211
130 41
159 176
181 34
229 399
364 402
183 54
187 253
274 315
268 98
49 415
312 390
482 48
24 35
438 36
100 393
434 167
196 230
117 94
345 377
132 198
252 62
315 315
482 439
390 442
357 103
345 439
488 22
57 328
216 364
257 495
15 316
399 191
137 63
292 16
214 483
45 276
443 318
109 212
154 426
29 499
291 364
386 374
54 131
495 443
291 271
87 104
295 158
221 338
354 285
120 13
142 420
238 17
229 85
11 348
199 236
100 392
119 490
473 486
281 173
296 320
424 424
82 236
74 72
209 155
21 429
201 329
346 163
248 292
140 427
15 260
4 191
34 115
453 475
149 7
180 87
11 297
33 104
28 94
101 108
389 89
418 122
285 90
382 116
396 34
146 374
66 411
379 150
126 100
107 332
271 127
424 139
96 283
229 458
418 124
66 330
453 307
397 484
453 238
124 132
6 349
112 270
273 72
24 491
176 251
378 484
123 447
230 154
464 219
196 311
142 382
41 262
98 95
185 439
423 51
252 310
432 429
354 217
208 205
456 230
214 384
184 186
341 190
409 266
78 157
392 105
219 220
167 433
372 318
221 352
14 147
77 326
43 447
152 283
13 103
340 461
147 80
270 24
290 340
498 31
137 220
440 390
175 208
378 459
164 400
47 100
278 178
477 476
259 321
276 130
443 125
57 116
140 90
283 179
210 283
3 281
23 199
408 296
255 50
450 286
238 419
450 498
474 16
189 427
409 86
63 466
82 352
443 120
299 75
358 226
359 361
61 213
9 234
284 469
107 117
388 235
85 346
362 338
266 59
145 404
370 175
28 208
180 452
379 323
401 331
193 237
303 112
198 254
75 164
281 334
69 182
28 22
360 6
66 243
147 478
6 63
124 17
321 386
209 304
488 201
290 462
74 181
287 93
110 124
458 362
44 243
265 380
386 425
168 478
456 452
368 167
36 462
348 492
148 357
410 409
371 136
317 201
146 297
421 104
318 256
352 232
112 215
140 117
95 498
303 160
327 404
366 23
15 363
72 215
476 163
300 483
36 348
497 469
426 34
143 271
3 96
311 495
464 467
317 451
111 60
464 472
495 290
5 182
249 10
26 78
413 226
426 178
499 301
335 423
46 425
374 478
325 49
368 185
489 290
202 186
158 452
243 18
200 154
16 248
178 450
28 42
220 91
244 454
229 220
497 80
410 276
177 371
409 236
378 46
84 398
350 80
450 242
248 93
194 150
452 265
307 224
168 480
286 380
452 412
492 368
496 449
173 403
491 25
423 82
332 221
301 7
250 182
128 251
253 498
115 322
46 58
390 423
303 214
127 177
397 107
56 471
226 393
418 81
15 69
290 342
201 347
30 91
194 451
302 158
332 300
358 417
192 230
297 248
277 347
454 424
247 174
419 363
296 474
43 190
384 312
159 334
277 85
389 41
51 324
476 43
460 235
466 334
434 5
352 263
39 212
238 159
22 286
112 10
200 318
482 8
194 84
169 494
387 323
147 58
453 439
174 475
309 414
271 492
255 96
160 475
134 146
285 250
260 8
179 397
405 460
396 161
155 451
275 418
328 43
334 274
250 282
48 360
353 411
7 319
294 460
107 167
418 281
289 392
141 30
343 468
482 399
350 239
9 137
180 125
400 338
120 366
227 150
61 20
339 80
40 421
88 485
266 499
243 358
241 408
228 385
284 84
175 210
348 486
112 185
375 380
99 364
14 347
367 326
406 427
348 206
43 298
298 289
499 162
70 393
278 240
176 150
361 414
401 352
389 61
293 365
229 264
111 392
218 95
22 478
36 476
275 223
12 79
93 425
170 363
104 163
166 449
215 132
484 379
440 468
333 225
341 85
330 414
9 452
282 400
377 32
107 170
250 4
281 119
482 343
359 451
252 438
423 377
256 468
288 407
485 48
133 474
388 326
131 463
364 250
282 413
84 93
97 241
360 186
381 230
181 194
485 92
469 434
254 408
167 225
125 394
368 4
331 259
74 109
359 462
375 290
383 493
234 311
349 332
62 446
140 231
323 96
30 477
237 145
222 136
30 405
409 348
459 251
360 92
54 33
176 219
212 282
445 411
244 298
244 295
26 158
254 236
214 201
198 136
124 303
60 421
269 155
258 470
414 80
113 118
189 321
103 141
53 253
51 400
195 297
307 295
383 73
127 62
198 97
253 325
246 323
330 313
135 367
447 88
58 50
371 413
54 99
352 326
226 107
256 255
402 274
347 64
126 285
235 474
300 176
351 488
301 398
266 181
121 437
339 213
478 31
130 210
388 33
492 334
89 114
240 101
165 343
129 88
414 143
171 216
56 66
465 23
56 357
146 231
296 30
61 485
195 127
160 44
230 83
50 4
105 172
15 290
230 122
265 496
212 145
63 289
312 268
478 28
111 220
250 124
110 260
387 164
60 157
93 399
403 290
462 495
285 9
483 478
474 368
13 249
38 39
159 428
457 202
274 137
114 420
180 25
41 224
233 419
318 101
391 178
173 222
83 354
184 459
327 418
167 10
49 192
120 57
111 209
198 429
350 386
263 312
388 382
302 304
405 122
300 120
194 148
2 474
285 129
48 38
49 464
8 67
477 98
159 480
410 440
326 358
170 112
494 441
245 411
33 296
269 2
151 185
11 463
445 5
396 148
112 493
412 445
395 472
453 241
182 55
265 215
327 8
302 287
198 321
470 47
402 231
269 239
54 405
262 280
429 351
196 158
103 393
366 109
350 499
406 319
386 32
393 171
458 213
386 195
94 9
92 356
447 348
253 361
494 354
205 16
26 275
168 402
363 482
333 386
205 213
98 239
262 443
156 343
38 72
81 43
251 484
333 174
35 51
405 438
306 381
156 110
364 333
167 325
211 227
441 0
239 269
212 391
234 353
425 221
264 124
108 7
181 367
418 293
232 68
450 175
138 390
75 106
283 2
230 242
242 347
116 23
266 333
186 180
401 0
124 112
471 17
385 84
378 4
424 155
331 462
204 374
333 469
323 280
22 468
315 405
428 117
450 431
464 194
46 489
453 365
383 22
107 424
428 268
423 337
299 352
79 106
75 355
135 264
232 251
156 10
127 400
183 85
131 77
418 147
13 30
52 371
295 396
16 159
496 75
280 291
398 147
3 211
475 325
76 490
0 59
459 233
170 127
57 495
142 153
35 475
199 155
403 88
99 346
422 271
63 448
95 54
117 313
490 450
293 444
3 419
4 293
421 315
310 26
31 330
157 304
460 67
7 356
203 215
487 106
54 477
383 402
67 2
304 0
444 409
180 97
391 299
466 36
62 164
494 276
81 446
13 3
360 393
460 20
478 415
244 299
53 33
35 127
479 472
234 339
437 275
74 414
451 180
344 41
169 365
163 190
193 102
347 28
400 405
320 160
459 379
264 416
395 13
337 299
490 374
149 71
338 279
459 76
469 141
6 155
345 138
93 22
50 39
296 440
452 451
182 469
385 412
277 446
97 281
7 114
38 87
219 157
233 376
17 30
186 54
192 375
397 31
422 137
430 300
251 71
40 382
294 285
231 425
206 423
38 180
119 214
223 76
452 338
369 308
362 321
196 407
290 406
44 94
394 65
136 474
356 497
282 176
101 3
426 365
45 160
226 316
392 164
355 449
109 196
17 76
483 323
229 66
160 273
338 273
99 406
255 474
2 308
311 389
254 104
116 237
54 151
167 342
143 298
347 374
450 252
427 216
282 433
59 156
282 294
52 249
76 381
189 307
196 78
182 352
90 302
305 298
492 496
146 473
199 135
239 493
210 150
435 166
175 344
139 494
96 457
338 191
351 172
250 380
232 399
202 433
83 174
22 7
332 76
63 169
162 32
34 155
321 224
69 469
316 496
453 60
103 412
84 144
376 454
354 334
119 460
135 408
267 55
131 9
178 100
484 46
201 341
417 370
191 375
371 486
46 7
271 177
173 150
456 355
42 49
361 310
218 161
216 348
358 486
438 199
98 36
229 274
496 299
174 147
485 187
195 398
75 384
34 466
174 100
1 342
153 216
229 362
211 223
61 298
349 421
457 351
125 447
247 39
38 121
161 273
171 23
407 356
174 246
198 293
488 348
416 199
62 141
216 498
148 125
46 278
129 497
445 355
246 107
80 44
317 284
160 241
449 489
87 419
65 476
324 138
337 53
46 93
443 251
376 262
392 91
88 274
482 374
333 385
429 228
365 413
7 99
440 25
296 308
284 27
165 361
266 461
54 355
106 164
427 497
88 335
109 171
45 28
414 443
172 378
144 343
442 37
414 3
311 234
262 62
276 96
409 279
486 42
207 463
312 93
280 486
157 252
280 389
333 55
285 194
390 357
246 281
136 184
419 12
74 448
396 33
164 350
245 305
120 151
96 452
290 284
36 376
117 299
206 316
363 302
11 492
125 253
289 257
269 262
62 208
93 196
46 310
467 258
409 291
95 87
223 357
85 385
185 259
427 202
357 391
235 290
395 368
126 361
475 37
245 247
443 389
199 339
449 490
133 166
105 210
67 229
114 328
87 152
206 151
395 366
9 63
432 130
343 404
441 410
157 170
59 39
230 453
295 258
276 179
389 428
9 381
209 308
460 476
127 148
367 166
82 374
5 376
132 14
276 200
371 426
465 285
238 430
41 47
226 385
166 317
199 467
275 175
151 260
261 87
253 131
357 128
4 187
201 362
63 136
414 329
115 286
216 379
278 205
91 109
427 356
323 257
432 478
238 450
37 436
419 351
331 143
330 276
491 335
324 384
213 406
192 238
470 328
34 260
370 248
457 477
234 149
127 280
83 18
306 365
69 120
115 225
354 400
88 446
330 197
103 264
2 395
224 147
259 324
425 110
87 129
278 382
14 173
191 405
123 97
70 498
75 44
444 185
483 429
126 32
296 313
61 81
228 151
327 285
247 488
469 104
338 186
359 100
5 353
302 50
48 480
24 224
410 476
405 321
205 393
59 384
317 354
357 120
257 46
386 184
141 356
42 355
455 479
184 401
303 313
145 487
211 204
180 22
195 473
219 437
173 400
106 278
250 491
37 463
0 359
215 275
482 141
120 109
362 290
103 305
144 165
221 100
474 207
33 401
191 169
422 252
382 364
355 28
492 484
343 392
19 344
485 58
19 2
292 457
262 381
46 247
347 258
318 268
21 174
195 351
455 212
77 117
498 337
321 432
177 342
186 16
426 196
198 171
128 445
326 490
237 243
353 224
344 437
111 171
374 218
430 158
276 329
18 359
144 274
116 191
207 321
369 302
325 485
430 420
410 453
48 108
333 0
289 402
73 29
247 252
410 448
129 178
389 38
164 0
191 33
206 280
434 251
236 76
496 111
65 19
127 258
110 113
15 460
490 399
3 441
241 237
267 414
452 370
222 157
42 469
101 414
17 249
325 36
147 105
124 173
431 64
30 252
64 42
293 397
338 406
144 297
63 431
154 263
272 367
336 376
142 315
64 438
474 159
265 241
414 473
390 241
493 197
91 272
169 410
316 385
34 8
291 312
76 97
464 445
322 200
15 301
239 464
476 431
24 65
390 93
334 290
488 132
404 180
90 79
316 74
434 258
71 350
447 225
171 147
199 412
65 493
309 215
498 304
221 285
230 23
165 111
244 65
97 153
85 148
74 39
297 401
104 8
234 368
367 51
315 257
250 67
134 380
36 411
49 484
359 257
221 279
344 25
178 465
465 293
332 115
369 40
400 130