900
106 110
112 425
378 142
55 26
262 82
363 390
107 194
266 330
228 70
236 480
394 26
47 107
261 407
299 165
302 153
263 62
339 408
402 227
254 217
151 309
52 16
211 14
196 159
229 477
458 425
451 465
425 204
463 350
368 186
191 114
176 170
430 306
34 367
84 185
494 288
156 87
453 46
205 219
49 150
427 435
252 359
63 230
433 177
215 379
493 301
323 406
65 22
389 105
290 99
239 326
413 285
331 247
467 367
369 37
324 16
375 296
26 76
106 290
169 311
112 321
80 163
37 287
393 145
96 426
252 35
320 187
434 18
385 4
41 253
269 254
402 217
293 496
287 280
92 399
73 456
471 56
344 153
298 8
435 89
124 246
433 39
57 297
301 219
473 294
400 194
411 94
91 302
83 56
308 378
186 27
83 381
34 10
18 279
368 184
282 305
197 345
494 215
286 254
401 295
489 111
206 301
104 252
308 149
27 39
66 116
497 65
75 1
281 383
419 446
103 1
346 201
416 152
259 340
487 55
166 160
461 328
80 224
373 417
308 389
5 252
318 226
228 355
238 245
43 9
362 158
211 499
151 209
401 480
35 410
422 241
69 53
278 236
5 150
391 151
404 314
392 248
103 74
171 120
481 194
204 67
66 344
405 415
395 69
480 158
399 282
336 254
490 321
323 466
117 496
162 214
462 373
299 54
27 418
464 471
38 360
204 20
435 456
25 461
120 183
317 357
112 371
192 153
119 102
450 15
81 89
314 112
19 44
314 114
437 46
406 278
298 327
283 463
424 85
120 160
18 396
120 438
443 130
84 312
180 415
356 35
499 261
157 170
136 370
416 471
101 425
252 175
490 251
337 387
48 266
163 309
247 418
48 135
447 43
458 484
371 479
93 166
336 371
93 250
74 325
250 362
37 27
279 355
94 379
145 468
277 494
412 160
295 377
272 460
297 95
426 82
248 168
391 19
122 84
261 485
347 48
75 12
219 236
115 206
174 313
308 112
125 304
33 220
33 420
367 305
387 330
350 294
313 135
71 242
227 287
335 333
197 426
162 411
117 268
81 129
241 144
448 241
314 366
139 333
138 199
381 358
152 25
12 231
325 318
105 435
268 404
330 293
56 317
85 344
473 25
169 19
260 67
285 469
302 426
125 424
283 292
169 6
238 287
457 181
117 63
468 63
208 237
407 150
495 264
289 492
363 320
387 311
132 124
50 173
449 435
227 176
34 232
372 397
430 272
188 329
244 399
489 8
10 452
68 396
240 5
326 210
21 104
80 213
238 153
440 130
158 188
272 20
269 45
169 144
474 199
451 357
217 218
23 440
336 228
85 91
301 76
32 411
477 174
180 112
95 215
255 120
492 105
150 28
172 261
313 320
29 498
69 264
204 99
327 444
35 392
320 412
176 189
215 353
465 5
72 395
368 412
18 328
208 212
474 168
340 232
231 287
403 370
469 152
96 459
203 148
412 483
24 23
228 440
445 240
487 46
458 370
50 207
420 476
497 258
490 394
33 189
59 73
225 288
247 380
28 321
305 450
325 293
233 329
421 54
100 31
401 409
116 410
387 303
61 36
282 236
425 403
477 315
103 337
217 202
376 202
4 98
243 181
362 330
384 476
359 284
193 336
246 260
63 161
198 485
73 476
380 480
148 351
188 357
411 103
158 257
207 287
320 162
492 450
427 183
467 228
416 286
399 12
25 15
0 314
291 223
56 426
277 23
232 56
11 465
222 495
283 169
332 430
380 455
138 176
257 159
298 457
321 25
40 197
363 347
422 41
467 6
29 330
386 244
61 113
109 398
67 135
417 244
199 251
280 150
309 338
147 37
62 459
156 469
168 455
496 372
378 90
421 315
411 260
373 159
409 324
459 482
226 329
80 377
27 426
116 212
249 188
148 115
84 164
119 156
380 104
195 467
134 259
19 468
479 397
221 392
227 389
218 180
409 305
83 150
363 288
329 199
315 464
128 329
337 251
208 99
418 218
477 255
223 52
301 348
92 202
443 22
55 319
125 161
312 464
105 208
260 27
491 434
115 427
30 120
71 452
170 238
345 490
394 499
347 68
123 196
70 440
111 418
80 125
442 236
297 244
271 47
333 409
188 262
234 448
252 70
161 158
0 275
274 6
427 246
294 474
414 402
320 365
342 377
466 252
348 284
183 115
24 119
234 368
168 64
134 320
478 421
196 295
154 330
77 322
296 81
483 371
236 62
440 155
408 431
215 406
21 256
228 251
119 397
313 314
134 140
61 447
95 465
295 109
283 101
182 224
96 432
494 17
172 184
115 286
44 80
189 183
434 417
166 417
83 405
45 479
279 217
34 458
419 226
327 182
406 203
135 361
378 354
391 481
268 402
335 358
41 164
82 24
293 327
233 248
80 376
445 130
89 359
85 480
14 8
63 412
273 272
479 198
180 3
405 370
228 300
316 240
264 122
449 398
499 409
285 34
165 79
438 231
63 106
114 375
287 429
201 178
228 412
415 180
402 260
412 320
413 483
105 229
479 177
439 54
441 478
409 224
307 106
212 199
74 370
299 178
208 213
125 353
385 437
49 392
65 288
271 462
191 478
7 376
282 170
1 446
23 223
181 410
462 330
201 245
276 36
250 352
57 484
273 227
472 443
231 323
137 37
367 2
230 328
350 374
173 364
440 351
114 196
26 121
219 76
464 79
284 495
331 66
294 341
284 105
280 118
155 367
221 417
97 374
248 451
168 447
151 273
469 108
81 265
193 348
427 300
147 157
224 63
405 479
436 370
488 41
409 68
337 495
369 130
434 434
233 469
243 102
62 384
1 212
412 143
296 194
204 340
403 295
126 428
150 160
202 62
482 490
485 463
93 319
105 206
175 379
333 339
75 270
335 395
391 77
271 247
439 39
334 475
255 343
355 313
227 405
395 57
20 210
381 232
438 466
197 487
178 466
236 31
278 253
330 71
319 21
412 454
281 258
453 99
412 37
294 161
218 139
349 42
274 91
409 83
70 65
31 106
489 100
353 119
191 120
141 184
490 362
472 54
153 271
308 278
439 65
204 455
497 9
452 406
489 123
188 361
320 411
11 71
191 161
281 216
400 234
96 423
329 242
14 420
198 482
399 174
129 137
147 455
213 126
250 99
313 54
465 290
362 485
146 328
45 53
287 428
351 297
40 235
155 180
14 406
80 206
343 413
220 210
188 342
294 434
488 290
81 459
444 306
134 443
348 90
18 31
329 135
222 221
253 221
127 377
435 267
32 207
269 279
473 105
39 458
248 119
430 379
185 329
124 374
317 172
55 472
459 187
409 384
457 181
411 14
134 84
144 346
477 18
123 265
223 451
422 14
394 324
5 353
79 431
455 130
454 396
436 11
247 414
95 197
211 57
493 6
353 345
364 137
403 182
485 339
354 478
302 408
113 100
383 308
290 192
441 339
202 244
10 377
74 301
358 106
464 137
335 352
489 169
352 51
390 244
75 337
97 96
196 377
37 210
255 80
271 179
276 196
425 325
126 286
392 351
488 485
337 209
378 323
374 178
275 230
420 117
213 350
227 17
228 262
342 117
148 335
383 465
290 424
211 308
11 416
253 103
164 499
175 90
121 43
125 401
18 396
246 45
63 84
346 325
294 143
478 40
5 443
367 213
21 147
63 78
34 384
235 169
259 198
93 410
164 232
128 219
264 34
118 226
404 179
322 464
356 50
493 152
365 361
8 213
143 238
122 424
93 177
228 210
472 204
437 173
392 136
171 417
496 9
188 141
458 400
450 363
15 314
28 296
9 233
323 36
312 152
182 298
8 257
462 262
435 480
117 251
168 180
189 140
133 16
416 377
92 91
258 219
367 460
193 286
174 228
380 16
314 487
244 414
28 322
155 58
309 464
496 272
264 330
346 185
414 249
341 115
186 7
467 451
237 53
281 12
28 411
250 13
280 195
369 347
405 308
124 24
148 67
397 120
305 264
14 95
210 72
431 207
158 396
301 398
262 247
10 434
300 142
337 261
460 80
388 207
83 365
284 365
485 232
348 181
277 143
215 362
69 339
236 146
396 79
326 389
176 158
300 337