9000
44 153
413 360
48 131
37 260
14 188
143 152
71 362
234 94
61 74
251 332
461 85
209 5
249 78
282 13
442 244
249 42
254 486
117 162
422 155
195 6
159 288
150 339
433 82
8 384
68 347
284 259
116 382
312 493
6 366
462 94
488 300
138 211
226 243
250 255
114 0
289 445
136 273
355 439
176 422
269 363
474 96
478 53
398 90
308 291
385 257
57 270
482 226
469 48
155 60
60 219
16 269
42 349
141 153
427 249
464 317
265 196
101 438
29 244
387 499
108 337
460 124
350 18
66 294
354 319
390 221
491 414
264 259
264 385
135 405
74 191
239 451
390 339
83 192
43 271
460 322
447 152
170 272
66 297
469 88
309 420
335 211
470 152
38 451
356 86
277 25
476 430
121 368
60 218
341 57
379 104
256 154
426 326
124 278
366 493
413 93
304 27
180 100
51 127
213 70
95 407
189 343
63 423
494 163
220 124
80 335
341 99
278 336
466 268
113 402
347 184
211 26
127 3
482 243
313 30
290 196
391 408
184 479
494 454
430 178
365 214
166 10
198 207
327 444
198 164
200 440
466 45
400 412
7 445
476 383
79 321
81 118
449 322
128 265
295 444
158 59
69 161
220 176
120 268
284 47
487 318
215 485
249 453
251 116
499 256
77 79
197 430
104 11
128 146
442 232
291 424
85 453
129 361
481 305
204 102
272 265
250 191
496 488
104 499
108 99
178 455
237 37
48 227
226 341
73 177
453 168
473 365
78 390
47 103
205 59
324 251
442 477
317 427
278 438
38 273
228 386
424 68
148 465
306 324
353 374
394 232
97 306
196 368
323 175
86 243
494 28
357 410
189 288
227 27
300 468
206 117
37 29
346 482
307 185
59 5
237 12
319 306
26 186
213 367
111 349
229 299
61 457
246 86
113 251
71 325
294 266
147 277
260 331
17 493
350 419
431 428
234 87
125 102
470 260
109 338
137 81
390 338
277 199
302 488
313 242
8 373
150 107
439 7
1 262
33 308
236 203
143 317
419 471
83 268
107 389
322 45
383 96
295 213
201 12
107 97
470 367
474 467
475 473
87 265
73 328
31 473
290 162
133 26
295 209
451 68
113 402
350 273
338 349
361 146
95 40
259 320
288 418
243 85
351 115
443 330
303 276
290 326
353 445
155 423
344 148
402 106
231 457
306 252
250 70
462 20
340 346
264 221
306 480
95 359
189 9
286 390
217 345
290 428
352 70
70 297
255 48
5 324
428 487
57 312
184 179
377 371
92 24
357 493
352 398
408 452
343 393
238 46
474 60
482 381
30 178
226 404
228 286
125 84
248 8
187 34
405 432
308 416
409 497
247 165
470 261
155 7
53 313
225 245
126 380
410 59
463 9
295 489
73 43
51 420
454 321
105 91
7 211
208 413
431 269
30 307
315 401
66 37
283 220
100 143
202 261
270 363
352 17
412 417
189 277
450 315
258 143
206 55
320 118
387 414
222 103
4 269
307 389
109 422
65 442
55 210
425 119
488 178
95 277
54 252
68 285
280 4
411 326
296 487
253 231
335 183
453 327
216 191
466 112
406 326
388 31
3 461
139 313
442 343
96 87
372 496
352 164
342 4
343 263
346 139
322 97
276 33
77 127
91 493
171 43
426 497
459 59
224 281
125 450
389 166
14 221
385 113
118 218
333 79
218 461
410 179
65 393
372 187
32 142
37 464
461 203
114 463
97 272
75 338
356 222
443 464
78 370
440 328
259 48
361 273
304 478
371 272
311 369
363 95
59 343
398 252
68 373
497 364
202 165
387 72
389 410
132 330
10 467
367 72
345 269
99 228
0 1
371 322
418 163
358 86
339 329
202 256
120 259
424 200
124 174
84 311
493 13
332 68
140 355
476 199
280 485
339 76
398 280
296 210
148 168
498 154
263 339
98 200
252 235
262 374
37 229
242 198
267 30
237 427
478 407
245 214
142 258
391 84
146 392
61 187
193 146
338 411
463 308
44 436
163 216
445 158
356 200
83 39
318 123
383 320
386 297
55 480
416 28
273 298
485 414
60 334
245 31
339 398
187 208
276 235
393 350
402 73
113 250
225 485
158 431
80 460
292 396
277 136
286 208
122 50
236 272
155 35
433 333
393 494
230 472
322 170
95 475
225 77
414 208
492 303
115 424
321 72
60 408
468 450
0 347
471 91
126 236
421 126
472 411
384 314
336 202
178 58
487 432
492 255
410 402
326 484
409 378
286 499
449 469
316 106
49 301
389 287
265 27
439 310
125 238
292 175
85 313
245 322
430 73
475 238
74 340
218 153
153 483
453 356
315 454
256 121
261 364
392 145
456 26
116 331
358 433
246 409
231 443
16 344
434 161
354 343
497 8
344 424
133 150
104 297
270 448
312 360
358 31
410 204
387 314
99 26
287 97
41 197
41 19
32 409
253 475
336 386
163 250
252 180
329 296
244 356
69 99
483 408
465 427
93 245
271 204
302 192
389 411
430 343
252 283
110 314
53 5
107 446
478 216
12 359
216 307
259 108
16 137
416 94
339 481
186 9
53 462
373 488
183 294
429 155
470 287
145 40
338 23
91 252
112 169
328 103
211 180
317 87
33 79
61 85
446 372
187 99
439 351
497 60
216 122
409 427
319 38
413 406
159 9
178 4
459 271
303 7
446 22
101 472
57 480
204 162
113 3
206 391
452 52
174 203
130 20
410 436
342 301
311 175
31 353
476 489
496 490
12 279
251 295
275 465
480 160
15 479
223 93
146 221
425 27
47 172
460 407
209 309
484 155
8 372
361 15
357 485
116 210
5 221
186 368
380 132
463 166
112 396
117 186
213 258
282 394
302 112
421 243
398 363
235 257
124 258
243 448
158 333
54 212
80 15
147 93
111 312
208 111
297 223
333 178
72 363
475 116
359 226
441 249
6 109
367 176
125 131
464 463
175 135
151 371
464 107
419 298
261 75
299 480
158 59
274 132
100 82
309 249
498 311
420 250
279 5
488 140
103 256
391 304
27 130
89 394
45 343
419 360
340 306
217 70
54 498
433 491
93 155
318 242
344 91
448 239
379 123
379 288
445 334
316 123
369 472
316 257
117 414
73 87
157 458
308 142
486 63
70 241
335 79
170 389
480 180
155 471
259 211
397 35
10 204
29 213
470 379
146 345
432 439
249 71
213 441
4 410
3 199
130 427
168 339
371 153
124 148
359 26
61 235
292 256
321 423
155 321
166 143
82 301
224 450
391 332
242 437
489 247
26 97
436 471
124 194
342 307
334 100
336 201
309 247
171 128
301 130
273 178
331 467
269 208
392 55
344 12
259 486
83 185
157 138
332 20
179 281
382 27
80 13
113 70
50 390
20 136
314 351
170 146
354 145
200 439
451 246
232 44
82 62
200 315
187 239
372 385
412 367
232 106
176 492
234 345
481 226
77 255
253 295
292 99
38 459
205 492
389 341
404 289
456 323
62 456
193 496
363 434
41 105
450 447
293 69
148 184
291 126
274 77
177 44
355 66
411 215
57 60
201 152
475 313
121 10
6 389
323 315
272 369
316 216
286 74
111 461
440 434
11 402
299 214
132 188
256 154
67 43
47 165
330 120
130 374
263 451
118 136
357 87
155 243
317 26
487 441
227 428
183 279
493 91
131 334
488 478
373 239
404 407
28 421
295 86
38 10
147 59
498 8
251 4
30 153
447 69
349 370
1 26
117 32
366 495
325 101
340 207
466 198
471 97
183 346
357 267
178 73
82 4
360 28
181 333
254 243
465 480
7 104
488 466
313 476
77 355
414 138
337 418
367 232
79 308
427 50
124 436
292 457
485 206
391 4
247 167
499 146
250 64
31 6
335 90
297 196
187 412
182 211
296 24
184 49
100 375
163 464
421 76
134 455
311 259
278 25
171 59
475 277
136 273
364 358
55 471
383 13
225 242
118 418
319 21
248 154
118 271
347 411
218 392
151 481
7 29
440 429
58 30
156 416
274 194
165 372
385 181
423 401
171 462
335 393
48 490
262 83
346 18
262 109
443 64
446 265
46 302
184 386
302 105
151 340
64 429
110 317
70 302
264 386
279 241
231 452
387 179
50 345
307 234
150 312
430 250
52 96
335 476
433 88
281 489
418 85
254 345
499 381
267 176
417 116
68 398
430 0
198 307
41 332
496 5
255 44
492 426
255 159
247 327
317 188
125 380
78 87
468 379
407 77
193 87
338 324
177 113
421 268
100 227
232 462
358 96
375 339
350 351
30 130
170 449
330 199
287 296
27 408
485 255
195 435
111 179
292 33
153 140
367 65
380 105
201 99
290 238
441 428
58 140
90 472
23 81
377 420
328 310
418 404
191 165
196 113
146 303
443 341
406 299
404 163
262 286
25 457
238 53
45 318
142 148
229 135
407 166
476 106
363 235
253 394
359 54
209 449
290 357
156 153
316 49
335 412
222 430
335 212
31 460
460 381
368 173
191 190
296 276
363 168
414 11
66 116
418 126
483 275
280 60
109 492
256 448
231 297
9 478
290 66
299 392
66 251
293 168
444 109
277 89
101 307
276 44
170 19
146 194
254 5
497 427
227 216
13 254
84 458
377 22
415 227
478 176
196 333
442 123
212 140
300 72
468 165
184 76
122 490
495 331
110 228
444 493
247 337
148 457
332 331
58 25
53 99
432 388
11 250
242 226
150 76
241 394
470 118
108 278
461 444
173 104
97 423
112 117
427 196
379 260
137 259
210 290
30 43
293 494
220 42
470 387
282 371
341 63
193 104
49 450
406 154
77 222
339 355
51 190
302 118
377 430
72 440
335 439
433 103
497 128
367 154
377 467
382 149
106 218
20 76
230 155
377 278
133 160
202 68
187 184
467 4
296 416
356 39
142 131
111 289
295 491
458 331
332 24
95 341
269 438
93 115
394 351
11 322
243 379
416 65
422 282
50 383
274 218
202 406
48 269
260 165
348 195
220 71
264 181
119 167
134 33
384 65
387 380
260 248
165 130
412 176
411 87
158 463
221 185
306 212
377 121
169 419
490 226
259 241
408 106
139 378
443 42
423 375
475 183
313 183
211 141
228 78
393 122
159 238
450 114
88 466
385 328
406 257
350 227
333 165
395 258
300 324
51 191
374 75
110 27
20 187
117 321
443 100
339 10
477 103
421 289
469 65
174 158
385 227
244 24
134 70
394 140
331 286
362 445
324 205
244 472
146 196
297 362
224 89
44 488
129 201
118 465
123 99
326 144
20 360
430 423
63 154
441 324
122 246
451 155
479 298
495 47
261 125
67 144
132 486
39 111
429 261
212 10
154 404
265 391
314 27
181 47
224 377
123 474
129 346
496 426
325 461
86 491
135 87
425 5
469 119
381 316
326 398
154 93
484 333
360 271
319 150
27 41
368 43
241 2
280 349
310 237
81 106
45 249
254 216
188 470
286 223
473 69
14 465
298 480
251 351
1 10
403 422
317 381
235 271
121 58
148 368
474 431
180 229
297 371
341 287
10 485
54 479
444 336
316 421
272 94
456 419
342 125
358 360
131 159
70 94
462 104
388 218
447 288
159 420
207 244
82 352
331 70
406 136
409 128
74 74
493 33
159 31
391 335
495 17
463 374
479 65
135 425
65 219
139 434
178 224
76 347
269 112
249 260
388 175
249 10
44 314
345 242
430 55
424 88
315 277
194 388
165 146
365 329
263 83
307 4
203 293
406 236
348 472
499 7
17 236
402 248
343 413
320 100
188 125
402 245
485 3
149 96
425 2
85 14
371 40
185 245
333 74
399 91
450 181
269 398
499 320
233 171
271 194
319 406
151 312
315 221
317 488
342 317
183 94
486 428
25 54
481 171
115 358
39 232
130 65
385 308
331 481
175 471
377 103
267 494
67 380
368 82
251 384
330 62
490 435
341 316
340 367
225 174
406 455
20 116
276 389
222 258
229 460
63 398
244 106
338 182
264 312
48 58
120 368
303 379
47 463
330 496
23 239
194 408
24 281
170 67
325 153
113 245
495 406
364 28
210 239
403 202
260 326
194 452
183 232
195 349
346 82
322 26
434 369
2 368
287 310
463 173
270 464
370 428
456 265
4 86
288 166
345 408
212 400
133 39
241 395
329 180
206 439
160 151
372 492
303 162
187 159
476 118
47 457
222 198
285 355
374 79
339 425
178 219
110 51
298 163
343 351
290 127
131 402
394 302
465 3
14 49
20 152
462 490
41 67
274 184
115 326
251 148
367 306
209 281
444 330
33 7
487 288
42 176
478 118
473 436
486 443
448 339
182 6
425 410
446 223
49 51
200 414
220 152
286 419
249 430
289 230
370 283
459 276
246 412
201 289
85 71
411 39
397 33
295 93
168 322
373 93
7 69
221 425
345 228
10 7
90 446
81 299
76 460
225 392
182 174
246 426
465 267
152 157
102 214
388 447
40 270
339 261
39 48
128 412
272 236
182 490
289 214
174 116
8 217
392 251
29 190
309 490
499 346
60 461
408 101
223 448
62 301
201 414
178 101
337 181
171 302
16 371
487 460
30 43
294 348
390 274
264 176
22 200
161 263
216 83
31 422
75 291
57 445
46 276
457 235
390 235
459 128
440 406
449 298
146 470
96 96
272 389
89 360
475 294
229 102
376 191
334 113
58 451
227 391
479 457
192 36
16 369
275 3
302 457
279 77
173 300
189 376
88 445
91 130
85 64
107 321
434 461
413 442
333 492
449 492
29 312
33 494
497 45
354 309
386 151
304 134
362 411
208 345
476 450
366 299
120 61
374 474
416 406
251 287
132 249
414 52
46 161
58 447
108 396
399 413
399 346
109 203
49 113
415 317
117 377
438 282
256 89
496 312
452 24
125 247
299 84
97 39
339 198
446 7
272 299
498 345
401 23
136 107
425 302
179 404
38 42
131 469
133 146
170 479
226 437
373 295
187 378
428 470
330 378
29 374
219 102
126 27
135 472
274 114
370 60
454 453
274 408
54 437
417 408
345 76
372 495
225 219
41 411
289 153
27 223
326 170
198 99
71 304
270 185
97 346
151 141
49 51
488 426
186 456
32 257
105 383
102 256
167 330
484 496
71 308
479 363
314 397
53 29
214 386
84 324
317 311
362 87
13 218
174 202
312 199
83 59
315 417
247 37
385 335
143 83
299 457
206 474
3 113
499 112
436 217
380 435
23 105
323 94
297 388
440 350
409 461
378 375
412 76
411 125
61 150
459 407
381 360
473 17
129 237
306 325
260 417
22 187
281 135
24 198
48 430
391 464
339 309
385 269
247 103
105 149
56 160
20 64
82 289
26 345
170 211
481 333
372 283
418 3
53 5
436 442
258 101
262 179
449 97
201 0
149 48
208 306
223 57
346 80
425 157
220 373
58 96
231 201
57 282
287 149
444 110
64 223
403 202
152 326
178 204
104 205
363 179
236 164
244 86
243 83
308 21
117 464
17 218
0 200
202 74
185 287
363 146
200 249
427 118
322 352
409 106
285 278
442 273
359 22
457 38
59 455
271 117
187 29
229 288
363 187
326 431
429 48
297 189
307 130
334 224
182 481
259 96
369 468
342 53
91 80
35 151
268 3
32 158
447 307
494 261
45 310
210 320
362 326
456 359
435 169
3 143
239 118
438 114
168 460
40 280
283 111
114 428
86 403
210 146
260 385
195 204
376 157
483 257
116 90
260 292
435 404
22 115
229 26
338 460
92 397
9 378
306 375
278 123
122 245
130 340
396 234
391 178
435 272
363 374
166 404
308 475
90 453
331 330
142 171
69 169
48 86
313 430
405 206
451 91
283 27
261 434
112 179
303 4
379 399
303 18
493 45
351 463
145 435
107 182
352 287
225 28
458 400
458 38
481 363
243 262
196 264
443 356
361 308
207 247
265 240
137 363
326 111
398 488
171 472
111 357
385 375
275 337
375 195
411 85
347 357
121 6
362 43
351 417
164 75
315 411
274 281
244 305
145 452
424 143
352 168
43 36
225 90
285 170
256 100
309 48
54 103
147 431
200 417
344 350
113 364
497 12
317 387
192 94
89 462
131 116
4 441
31 26
197 229
182 169
217 453
56 491
274 124
41 55
258 474
190 237
249 371
111 188
282 66
381 303
271 371
164 364
390 276
357 196
217 87
40 39
383 286
410 449
356 157
132 303
41 114
486 322
362 290
357 97
252 496
219 90
454 23
151 384
432 196
136 9
400 149
287 28
477 283
293 198
1 186
300 425
99 42
333 138
87 314
310 42
132 339
215 30
266 438
486 366
375 198
199 122
151 128
411 486
184 480
166 204
481 186
80 319
457 433
247 413
307 397
236 57
439 439
229 303
170 205
255 216
190 397
25 454
293 341
174 289
345 477
15 340
159 327
260 96
361 469
366 359
268 169
460 454
258 208
265 190
258 280
177 21
327 300
142 203
492 120
450 316
8 337
16 465
413 20
489 128
487 275
296 207
13 108
168 256
298 271
51 433
306 408
209 81
284 486
106 203
371 128
465 408
226 379
251 334
462 139
266 92
299 302
410 62
171 165
436 78
363 469
378 340
273 170
156 439
142 57
185 114
23 365
96 2
188 101
240 348
440 151
453 359
421 92
257 215
293 92
414 45
237 156
178 144
83 10
419 186
153 77
442 456
459 28
129 390
238 499
150 369
228 31
123 455
170 2
446 232
277 315
324 212
356 15
377 354
41 291
368 297
253 46
74 162
53 64
64 203
424 143
174 66
22 5
359 149
381 44
212 305
18 11
378 388
242 226
18 255
404 135
181 238
401 158
74 255
310 306
301 138
205 235
240 328
477 79
475 99
256 211
74 187
75 126
353 452
59 170
305 371
109 464
474 339
94 362
20 48
187 405
492 322
2 244
175 84
35 331
42 150
190 291
270 468
272 117
139 123
346 332
148 445
284 307
170 122
170 230
487 190
364 209
305 479
415 366
198 480
483 450
94 92
61 25
494 364
339 185
17 134
431 185
492 17
139 67
297 14
57 162
223 137
468 273
140 29
361 384
334 190
282 196
221 280
496 195
381 68
202 335
372 250
268 485
52 217
231 259
273 201
338 288
62 497
26 307
191 54
244 387
436 377
10 378
426 157
77 6
342 159
261 279
116 66
283 381
141 168
370 15
155 414
263 208
367 69
123 289
29 410
288 219
450 465
474 150
156 228
387 52
183 350
417 0
382 300
320 200
67 375
141 190
251 223
292 405
46 470
381 268
339 75
392 21
171 289
17 219
123 327
30 256
257 306
458 447
147 139
366 279
321 215
290 7
264 72
43 434
202 311
238 276
297 394
183 483
202 468
147 53
161 325
483 177
476 418
409 442
73 124
191 127
135 394
319 333
267 251
62 214
490 322
216 301
284 287
107 251
156 338
15 254
284 318
88 498
292 260
236 350
477 217
112 279
464 464
216 283
497 232
406 278
431 487
126 474
77 67
257 233
339 234
404 272
123 475
88 344
194 415
485 324
456 24
488 97
232 420
4 56
187 229
68 262
236 470
38 194
279 314
400 295
68 470
298 156
0 191
458 386
62 47
71 443
392 18
291 411
468 476
205 147
410 7
477 125
171 146
312 15
163 450
273 64
72 83
126 71
309 73
472 436
232 371
242 395
306 124
101 385
32 126
133 158
284 442
441 111
478 455
258 253
170 141
76 383
306 242
167 202
139 115
338 139
34 371
347 80
317 193
171 300
311 350
292 305
268 95
402 233
339 98
92 12
247 9
251 168
223 53
20 271
410 214
437 359
291 297
342 284
437 109
459 13
170 248
195 103
337 438
37 449
314 176
37 481
149 61
467 288
411 372
438 487
198 322
471 375
160 342
303 313
326 449
49 262
217 497
287 244
45 54
82 176
157 359
421 119
260 159
383 388
375 171
345 322
197 426
268 316
481 209
158 71
185 308
157 207
303 402
309 444
473 349
208 243
215 482
141 481
369 327
350 25
347 97
23 196
364 396
106 143
214 346
6 116
176 251
153 163
459 479
180 314
410 284
267 241
222 125
452 408
285 92
41 302
350 484
381 64
59 67
265 339
455 273
24 271
286 131
463 29
196 97
382 495
236 106
231 149
409 459
403 35
189 195
179 296
360 392
459 60
399 271
44 224
347 207
190 420
301 133
82 5
1 497
455 464
465 89
400 38
73 375
70 155
451 115
7 249
162 163
434 318
42 413
472 330
250 241
226 163
20 404
401 308
125 21
463 209
247 90
465 363
19 173
288 387
489 322
486 147
465 3
416 420
251 359
100 389
404 353
257 326
486 424
298 11
220 111
202 261
476 467
492 167
407 347
170 280
427 396
399 156
428 244
103 167
408 31
385 203
381 312
89 494
5 368
479 387
0 77
397 181
201 476
324 389
22 108
356 346
354 301
46 255
422 282
314 149
205 331
495 51
45 86
454 84
323 403
480 286
319 175
152 377
267 20
480 328
26 289
90 188
443 380
162 136
138 218
401 328
231 343
281 248
185 277
32 88
374 8
184 12
390 193
66 188
368 157
298 398
87 394
274 240
377 382
452 288
117 367
210 353
102 200
477 343
431 139
499 9
374 305
351 35
223 264
273 269
19 443
337 71
311 106
489 463
252 40
407 441
147 221
421 469
313 101
240 251
112 96
254 239
275 486
102 105
226 350
294 375
298 245
204 483
299 462
354 45
486 51
124 114
83 485
438 397
148 248
345 178
270 113
99 99
56 397
247 202
429 282
379 393
229 228
190 83
128 28
431 396
10 467
452 407
304 94
194 243
421 453
66 391
490 43
440 17
71 398
32 188
433 1
229 412
495 162
42 271
167 476
443 473
380 178
124 247
490 185
490 170
62 264
307 408
277 404
303 248
288 349
350 335
247 73
236 79
202 95
423 278
104 369
399 366
465 484
21 375
46 308
72 363
271 108
12 231
331 49
250 167
3 471
45 100
31 102
197 281
411 233
454 120
338 15
352 206
81 156
464 373
237 479
87 388
471 360
261 452
119 303
274 11
463 474
77 171
304 494
79 274
247 216
83 386
92 437
93 435
161 25
5 57
297 250
462 444
248 269
424 224
87 368
342 50
222 51
397 419
46 26
94 477
363 145
82 30
465 307
332 176
85 478
80 189
134 383
4 43
267 382
102 428
478 354
257 297
68 52
431 155
132 466
111 25
55 347
6 46
222 373
203 190
380 159
394 284
327 366
100 398
178 446
152 55
352 9
61 410
65 272
239 344
370 49
248 202
248 277
2 254
444 470
482 58
342 324
42 376
275 21
319 143
198 305
314 471
233 402
174 228
72 150
51 413
116 294
424 299
53 216
187 278
336 350
26 169
397 178
51 69
64 24
330 370
194 262
164 496
224 427
78 190
456 149
295 129
429 424
140 219
498 334
36 179
200 334
365 63
484 98
122 416
139 48
162 304
301 333
260 178
368 377
26 190
172 324
248 322
393 453
287 389
420 391
78 176
91 121
219 443
211 75
475 341
498 202
35 137
315 299
176 148
190 35
360 203
377 362
315 460
201 270
14 455
131 122
243 92
387 222
297 314
7 98
153 124
261 5
304 188
188 428
463 333
36 379
241 175
488 265
35 57
364 41
163 401
493 495
217 258
424 380
331 366
490 432
289 484
24 103
31 94
427 65
444 346
374 315
432 37
446 362
403 319
221 310
157 419
29 66
447 374
92 454
238 130
466 434
37 27
473 490
55 420
119 400
67 351
241 493
207 351
171 39
350 462
233 392
458 7
234 263
69 257
387 178
113 307
186 205
196 2
275 160
412 103
307 246
91 480
183 400
439 298
260 354
98 289
149 494
109 409
166 235
413 178
337 406
111 378
233 23
183 159
115 8
106 96
428 422
322 197
495 111
318 261
403 107
453 416
325 404
491 62
92 344
102 256
135 429
453 65
225 368
228 488
436 340
114 334
31 216
328 288
401 378
485 498
266 156
412 439
353 92
288 403
160 446
375 390
455 147
367 180
21 32
224 447
281 457
174 190
478 164
394 354
204 232
240 379
170 470
62 153
408 376
322 202
444 68
67 49
82 252
284 434
381 103
412 361
51 14
30 438
144 382
114 424
156 348
319 206
359 178
54 233
436 268
188 228
278 232
484 256
42 360
315 121
482 424
290 79
18 33
415 173
449 14
363 381
88 105
136 34
267 299
67 190
419 55
288 108
364 49
261 124
245 406
182 428
7 227
113 325
498 377
392 380
114 447
405 107
141 202
353 393
435 260
168 421
381 206
255 308
432 245
3 368
296 178
257 38
215 304
33 370
251 213
12 277
384 365
419 269
14 377
138 124
397 450
156 306
114 278
23 412
280 398
428 379
417 429
233 186
408 484
49 118
396 11
228 413
183 280
10 499
124 197
499 148
306 21
300 156
420 272
22 175
54 52
481 451
489 323
307 66
185 397
261 356
270 81
213 489
489 305
354 75
223 113
134 354
10 381
5 434
110 430
482 28
479 16
340 316
382 468
217 499
356 67
0 478
320 478
283 66
141 309
274 489
343 217
450 408
195 205
487 456
484 157
25 322
138 315
135 365
217 20
440 352
183 425
403 440
358 3
164 38
27 352
421 438
198 223
428 371
179 393
402 416
238 163
330 428
145 376
248 465
318 362
287 188
481 353
356 42
80 191
43 20
458 460
183 464
188 8
402 463
231 367
383 156
436 321
49 213
31 82
296 298
338 201
54 436
478 319
11 262
282 411
371 406
223 92
100 406
369 411
130 354
363 101
274 365
431 299
381 324
122 462
163 30
466 460
132 69
331 444
355 495
401 465
409 78
484 476
239 9
216 354
307 370
87 79
378 81
257 18
332 112
142 379
192 347
416 108
52 324
319 99
64 260
338 72
49 473
335 323
29 140
362 403
482 188
121 450
320 212
324 379
110 153
0 466
426 302
478 269
368 479
91 149
222 285
110 429
104 123
115 445
200 485
25 478
428 182
395 147
378 248
401 219
38 488
143 254
23 464
295 121
123 243
28 386
168 345
320 139
436 124
110 435
413 137
171 135
134 193
294 418
138 12
353 195
301 28
492 348
321 176
420 140
378 444
141 300
291 46
23 313
101 80
217 133
120 366
60 240
159 255
119 354
401 149
177 324
24 203
379 21
13 346
290 151
452 392
290 284
97 243
323 313
298 198
65 392
133 271
378 477
183 144
293 349
174 84
139 322
195 198
396 371
22 61
453 39
323 474
70 95
261 272
323 393
286 411
182 388
217 271
267 60
410 400
336 60
234 436
486 476
347 281
342 383
422 221
48 147
243 97
369 118
11 356
267 192
432 149
272 450
362 1
401 39
451 272
60 90
66 185
319 47
430 265
338 161
309 204
153 386
4 404
260 374
419 368
369 27
329 203
205 494
33 192
316 458
48 485
22 377
424 466
231 193
355 206
262 70
308 16
420 415
141 313
33 32
411 60
264 254
248 241
433 469
279 282
119 249
478 180
146 493
187 402
460 230
300 394
410 222
489 108
273 182
66 131
43 158
413 477
218 307
128 13
147 3
253 408
440 266
112 231
486 86
316 299
45 298
21 468
429 307
341 362
345 54
213 407
384 389
48 478
491 455
458 177
437 139
257 63
147 377
463 369
20 133
431 132
100 417
224 304
19 29
84 65
472 364
105 149
127 209
164 154
183 470
461 474
38 120
349 71
292 185
170 164
296 165
82 101
258 397
278 307
224 129
345 214
363 49
258 451
457 342
165 274
248 140
112 126
49 138
323 461
477 342
7 493
447 274
23 441
248 57
186 153
368 325
374 31
334 83
426 484
110 291
431 443
69 210
349 395
208 119
313 172
18 186
312 320
261 317
374 335
488 362
39 60
443 208
292 413
249 278
69 70
13 359
69 353
100 434
405 418
443 309
495 218
390 313
130 307
494 4
218 4
416 334
43 257
22 211
489 187
257 271
482 411
264 270
56 51
322 364
25 462
180 117
430 372
179 423
427 60
416 25
360 145
402 332
43 255
442 424
47 385
296 51
173 29
432 412
276 229
191 254
371 154
26 224
147 301
213 58
83 426
71 129
461 295
50 325
249 357
94 344
247 296
177 390
302 420
2 109
216 430
84 45
269 87
241 463
21 268
194 454
84 104
252 117
442 397
106 154
351 191
339 200
90 98
371 368
478 244
175 373
270 194
133 111
74 392
160 374
181 95
52 207
324 117
14 156
310 267
310 473
173 13
112 2
370 116
360 335
60 200
246 387
351 330
222 380
106 425
373 235
442 139
256 277
433 118
237 123
96 95
109 48
402 121
89 221
56 272
325 302
41 468
298 71
451 392
318 373
108 410
49 43
320 402
20 306
281 253
348 258
158 229
350 309
30 60
184 292
94 438
406 9
81 135
28 57
430 384
294 198
241 390
292 344
2 413
166 164
274 283
12 366
176 432
344 214
358 58
349 29
38 452
440 107
164 471
356 320
18 446
336 2
346 111
24 480
145 200
335 42
260 419
204 199
266 436
347 48
429 124
77 196
155 468
291 369
189 172
118 147
150 59
170 307
287 348
401 46
88 284
56 236
288 348
137 260
160 54
178 336
384 90
410 107
476 39
211 201
349 17
76 182
489 351
51 98
144 128
413 452
189 84
285 469
81 329
383 274
110 93
183 413
373 494
385 93
147 201
219 449
131 348
199 147
246 472
452 250
55 242
179 365
186 96
425 464
238 119
213 308
73 200
194 248
194 446
148 79
28 341
189 219
366 11
335 240
342 112
207 288
5 397
493 386
202 44
163 418
78 440
140 376
125 152
450 186
117 319
12 98
317 498
361 201
293 36
0 197
485 135
33 207
445 342
386 378
149 147
439 50
278 227
231 431
117 255
426 34
132 87
85 438
491 302
190 298
495 136
272 190
398 332
175 157
35 195
343 413
315 36
264 282
214 94
201 347
381 183
122 480
270 366
20 59
358 114
250 210
400 205
38 374
31 150
346 65
478 419
455 41
323 146
92 71
271 389
425 293
273 4
370 47
107 396
10 242
452 317
22 260
135 205
207 412
477 18
289 53
94 308
454 245
168 270
11 46
191 439
296 288
188 317
213 166
261 295
464 75
335 65
270 486
399 322
341 478
383 228
388 482
79 330
452 194
92 248
39 463
104 284
453 335
354 292
439 166
241 115
180 403
389 428
251 303
281 140
221 444
426 16
346 109
304 6
106 298
114 396
180 497
333 218
10 485
151 39
154 449
204 244
25 186
489 445
86 128
424 122
139 307
416 350
208 337
488 72
469 166
164 454
172 1
487 349
388 34
335 490
235 394
80 39
484 112
240 70
44 422
229 164
366 183
373 498
70 427
93 361
315 391
393 109
458 339
373 380
370 346
92 208
99 457
69 173
95 83
6 161
325 139
175 87
85 192
119 48
261 8
251 64
174 76
267 144
376 484
331 492
52 99
408 275
448 151
234 330
491 43
35 92
180 317
361 210
258 117
477 332
396 371
299 229
373 422
407 66
58 102
201 90
365 110
261 109
439 314
209 347
440 431
100 244
454 472
441 461
145 64
435 419
148 41
464 234
152 373
327 223
313 210
172 28
490 178
344 433
133 281
64 54
150 425
397 164
477 105
21 338
109 122
16 309
395 257
483 332
55 48
258 310
191 220
398 283
216 181
314 243
149 201
126 379
395 299
256 375
214 225
199 278
439 323
433 215
399 334
382 268
78 454
174 493
276 121
154 425
20 344
46 469
348 169
468 24
400 95
320 77
207 466
141 372
87 146
332 74
194 339
145 67
60 125
246 172
97 188
384 401
370 469
138 282
307 70
17 458
35 59
25 338
62 94
240 166
93 149
340 73
140 287
412 486
158 52
92 11
412 107
76 328
111 282
204 66
376 270
329 221
411 412
358 206
224 473
475 99
24 317
457 315
153 16
68 221
232 163
270 12
340 144
278 198
116 451
73 482
56 493
257 254
460 467
293 115
66 185
354 268
435 90
106 311
33 89
104 26
38 265
262 227
277 379
182 40
375 394
387 256
10 283
102 496
111 471
8 395
15 178
120 362
174 451
392 79
105 59
176 348
75 144
375 438
479 353
247 57
313 206
489 486
482 176
499 91
339 445
475 7
369 354
157 96
175 395
306 401
250 132
128 483
421 177
30 3
61 252
310 129
115 226
402 151
243 449
395 401
260 434
140 222
318 482
377 298
51 345
478 36
19 153
331 106
462 292
397 361
343 23
101 207
359 458
260 356
257 454
240 155
229 370
352 380
178 48
245 229
117 82
235 75
34 136
281 418
132 496
371 178
237 475
285 324
180 448
402 45
52 290
160 142
23 282
182 12
93 53
487 427
355 211
347 75
493 389
237 480
158 125
452 460
284 248
196 238
283 465
255 99
93 336
470 415
279 468
374 152
431 372
83 361
436 286
27 283
263 282
259 264
224 274
22 212
450 361
326 218
169 85
273 433
200 115
83 243
247 479
351 457
171 179
465 287
70 459
241 493
109 185
311 1
213 186
47 333
404 15
100 225
10 425
40 226
321 210
41 476
285 69
248 244
31 456
416 65
58 453
139 157
10 20
58 450
136 223
90 105
182 40
317 191
269 192
254 210
186 90
159 295
39 471
280 259
325 71
24 196
205 235
255 15
466 216
291 313
270 454
346 382
425 304
496 163
373 194
136 250
45 411
383 296
55 437
8 15
211 232
468 384
252 268
484 75
241 218
24 128
10 11
316 370
385 435
481 164
267 259
22 117
265 312
101 405
272 173
405 109
346 483
104 225
301 98
168 88
68 42
405 192
414 78
365 73
90 299
410 198
168 357
21 433
190 285
458 123
84 463
298 216
293 430
380 402
343 94
488 48
92 411
342 246
319 6
306 207
258 409
266 216
1 426
211 288
263 192
155 22
90 347
278 453
356 383
478 158
59 199
462 318
64 151
158 304
364 236
497 316
384 122
48 264
404 386
78 111
133 19
366 85
390 75
459 144
155 98
149 289
107 214
217 112
416 24
260 227
43 280
254 257
373 280
166 154
266 129
148 96
33 251
327 15
11 423
22 286
427 18
84 171
135 34
410 154
381 52
184 170
280 277
57 439
93 5
487 223
171 359
463 135
2 204
479 142
428 366
236 353
25 355
241 173
327 160
64 152
174 208
485 249
40 306
164 42
117 133
345 151
138 140
196 160
302 493
359 176
29 82
289 447
120 406
419 30
34 447
8 483
84 61
219 345
240 124
110 383
34 209
350 455
115 25
18 46
74 269
351 229
176 456
362 140
22 149
448 133
117 409
470 308
154 53
178 41
425 394
103 140
95 311
188 305
204 62
331 206
435 130
86 182
174 464
465 301
434 196
105 413
222 403
457 427
469 376
122 487
127 246
409 77
383 74
488 98
304 439
69 319
353 92
408 156
457 379
75 373
138 243
147 33
312 360
88 104
91 133
379 62
140 70
144 141
239 375
314 132
303 395
487 383
391 8
387 247
120 348
92 314
199 111
471 239
195 12
145 412
326 138
60 377
18 466
193 204
188 109
4 7
243 343
351 344
91 134
335 90
404 64
175 427
18 104
468 498
262 65
203 465
342 89
407 263
319 212
321 101
460 359
202 178
374 203
338 405
495 317
381 173
452 251
207 408
259 322
387 175
493 21
462 442
57 335
400 370
471 228
87 221
251 431
135 141
398 125
443 325
350 393
496 176
85 302
124 56
83 196
217 363
305 76
412 32
402 214
442 164
385 373
156 381
374 489
114 143
320 272
17 409
86 170
472 13
421 23
219 448
311 5
81 288
320 468
182 345
9 74
299 476
357 247
236 456
451 83
355 202
112 272
442 224
90 198
73 267
215 11
16 292
432 27
347 98
443 253
179 382
358 453
200 479
435 68
151 288
490 238
10 359
83 102
152 453
220 173
185 225
369 287
166 201
151 302
407 14
396 95
400 86
65 106
174 452
240 352
91 178
37 82
37 101
406 120
146 189
267 478
118 183
384 136
438 284
150 388
335 197
284 46
153 235
39 201
54 179
357 131
213 145
98 394
367 250
292 357
187 13
196 59
195 305
442 432
172 486
183 92
139 7
94 467
169 144
323 133
116 75
72 181
427 330
432 22
379 146
11 76
135 419
224 207
492 183
169 18
111 164
24 204
172 102
246 118
104 193
120 421
102 220
402 192
214 382
28 187
263 446
365 40
99 251
434 441
460 443
460 455
159 71
173 484
454 183
228 271
192 58
131 348
40 147
29 33
72 255
53 409
449 336
87 418
211 401
344 373
328 23
94 156
140 339
23 119
242 447
357 251
100 435
434 488
374 140
247 315
224 446
134 300
70 26
279 73
446 282
305 475
132 274
114 252
223 272
71 489
240 318
105 429
417 340
333 39
354 143
90 432
85 430
308 76
150 155
289 87
63 96
223 95
199 195
319 189
178 274
92 391
320 270
463 197
88 89
233 148
80 442
225 175
103 165
173 33
473 253
350 462
409 36
83 425
114 108
235 254
497 144
414 327
377 169
259 229
377 465
260 344
371 458
475 337
370 474
228 148
111 195
83 430
207 372
481 166
421 173
317 68
247 270
440 83
165 124
442 51
395 42
352 202
39 118
92 328
328 261
457 172
454 439
164 40
59 161
334 145
65 332
102 3
439 312
289 394
445 104
498 231
285 340
458 351
31 176
437 403
75 359
151 246
139 382
43 315
312 50
234 230
233 377
41 336
231 24
128 330
61 176
369 127
330 346
22 179
434 361
220 312
410 10
244 223
38 401
451 287
17 350
79 185
374 103
479 121
451 457
485 108
87 365
211 206
386 269
130 86
250 320
182 202
426 160
62 426
66 316
19 13
51 435
390 98
71 425
234 370
330 375
240 219
426 417
186 303
389 164
336 168
370 491
152 19
297 148
465 66
431 215
151 484
434 482
259 41
411 6
381 493
65 241
10 121
424 343
7 48
216 166
9 343
214 439
87 161
79 12
227 404
388 11
345 230
124 323
329 105
450 35
129 62
35 367
210 491
392 459
477 217
61 460
399 487
0 275
139 339
243 80
91 219
449 484
159 436
393 73
461 340
402 196
63 442
433 437
248 274
491 177
138 78
65 404
32 389
228 417
349 171
390 324
308 292
81 192
265 467
307 474
22 226
20 61
498 86
360 306
483 98
176 203
108 121
11 93
11 140
311 91
415 360
153 54
246 75
394 86
60 363
442 53
114 83
21 462
268 464
63 381
436 252
225 239
185 44
36 236
328 196
408 200
254 95
171 413
499 352
215 417
471 412
347 157
472 437
402 368
101 240
344 317
408 37
82 70
306 93
289 118
170 486
82 50
315 424
128 105
22 315
79 344
353 493
431 426
294 325
418 185
2 395
432 262
332 262
356 366
337 491
329 497
399 7
284 411
16 215
382 412
108 391
384 461
387 462
139 167
204 33
280 409
172 58
321 64
431 356
199 177
26 268
127 29
440 426
141 411
176 309
200 23
484 284
98 436
104 223
256 90
499 308
367 388
452 171
380 40
217 383
3 79
108 95
21 483
246 401
210 162
37 422
207 262
198 21
96 157
247 154
315 204
92 247
270 34
74 45
280 150
82 143
238 136
471 190
91 260
274 217
140 153
267 312
185 199
356 466
472 282
486 456
55 287
321 431
328 325
328 247
390 460
96 410
452 481
93 67
137 396
401 219
31 277
328 169
487 69
351 36
492 459
247 189
472 399
225 420
20 300
261 405
167 262
243 209
129 471
367 188
408 266
395 269
438 291
360 223
259 277
236 211
253 104
3 335
108 225
378 80
337 128
390 139
200 4
476 486
174 329
447 195
316 434
226 194
417 254
383 86
150 29
485 120
455 255
480 488
421 63
43 210
201 258
115 434
272 402
83 443
138 298
233 383
77 455
61 311
397 495
376 445
417 399
154 361
201 224
288 487
197 474
85 183
469 399
153 200
495 241
40 88
471 485
292 125
436 49
396 206
3 185
85 272
485 420
144 239
226 38
13 284
468 276
27 98
150 437
31 180
268 497
482 423
48 92
141 275
481 336
21 37
309 484
256 106
198 146
184 400
37 424
52 49
499 357
146 79
111 1
498 177
100 232
324 481
108 0
336 317
354 441
277 358
464 15
161 33
285 162
439 197
247 174
31 343
275 98
100 178
355 386
470 98
431 308
308 146
463 391
184 145
3 169
184 461
346 319
334 197
395 484
158 125
468 494
92 42
220 243
482 44
495 427
87 304
303 278
170 396
393 266
436 354
168 248
67 472
170 14
498 253
230 417
411 9
51 199
294 355
400 271
50 128
433 395
25 138
34 236
354 195
402 279
27 142
115 70
84 446
200 137
54 83
92 430
481 317
172 495
266 128
256 424
171 168
306 189
277 197
392 192
471 132
126 146
216 498
297 241
378 301
236 349
131 284
101 180
175 113
241 126
50 293
461 497
39 222
271 268
312 168
152 15
162 284
134 279
372 378
31 283
132 103
387 267
299 264
377 489
115 326
119 470
319 17
91 81
201 210
379 362
378 365
1 31
162 392
122 488
271 35
138 154
273 404
168 25
366 73
399 397
367 481
499 371
304 38
249 90
305 5
222 128
11 35
427 224
212 174
209 401
55 483
239 347
372 329
254 407
304 239
72 153
24 23
62 423
366 328
185 311
291 171
58 260
484 302
476 485
386 48
31 185
384 294
123 271
30 109
348 229
382 187
210 272
196 259
439 124
287 62
85 477
89 78
381 143
480 73
121 209
395 218
12 4
127 131
240 487
216 10
197 440
213 451
62 259
384 261
175 353
182 171
102 260
255 271
196 483
192 235
305 169
174 439
71 318
157 153
163 163
104 226
29 212
472 169
430 91
296 208
231 105
217 479
250 333
168 324
59 447
116 213
152 216
34 142
148 75
239 44
270 163
376 343
364 299
242 200
260 294
251 38
17 343
177 320
144 120
419 197
410 55
271 387
382 415
490 158
202 30
45 81
276 324
123 273
325 140
434 365
255 85
281 37
357 125
97 310
7 353
408 16
255 418
333 32
190 137
19 175
109 244
68 65
190 385
26 191
408 16
453 312
350 15
140 234
44 59
413 237
105 52
322 173
205 213
202 7
182 247
491 222
139 291
29 411
102 329
197 55
219 362
230 151
237 421
481 370
460 282
186 246
271 417
130 8
15 329
76 333
407 49
193 420
331 398
79 222
129 286
0 277
280 200
122 230
453 17
299 103
201 265
34 485
345 472
153 165
350 360
262 82
2 109
7 307
381 185
323 438
215 10
210 324
406 347
365 184
139 211
476 16
2 340
165 11
28 347
60 318
252 230
339 174
481 254
292 198
136 362
224 115
291 204
51 286
471 50
261 268
285 110
303 90
101 139
338 320
490 481
211 250
424 243
349 402
452 257
471 141
109 440
496 47
334 252
302 400
168 157
119 64
154 305
444 274
94 107
88 283
385 437
180 151
405 310
419 29
23 357
149 391
438 484
236 146
46 124
133 39
103 66
372 253
379 109
216 168
303 474
263 156
307 189
351 443
324 212
421 270
161 347
183 70
216 452
76 420
459 114
33 210
315 414
23 257
425 194
20 91
247 229
270 283
226 54
118 121
391 403
250 39
461 53
5 286
206 30
144 433
143 17
283 29
286 458
5 158
249 64
145 25
309 496
402 415
36 387
290 372
411 279
332 393
179 372
254 189
475 237
254 251
280 118
429 37
195 419
483 434
311 296
292 480
395 120
360 46
418 283
62 150
395 181
405 247
288 74
311 160
411 263
234 417
454 43
462 163
449 1
297 297
277 260
381 441
339 24
307 93
243 257
290 222
469 491
65 48
208 109
373 229
146 471
366 107
122 453
306 181
478 71
331 104
397 108
132 64
157 237
346 292
366 253
244 137
185 187
296 161
390 245
68 169
128 389
194 286
467 250
321 0
104 298
406 5
69 2
91 390
34 79
184 437
426 400
87 428
441 111
208 384
405 332
73 128
415 34
136 267
267 382
180 458
315 224
78 438
181 384
315 169
106 215
468 499
279 33
496 55
291 221
405 57
185 49
83 478
97 452
187 71
29 364
440 219
10 196
433 18
187 191
406 248
100 146
179 226
134 379
452 27
84 425
326 357
187 122
426 261
333 136
353 113
185 214
411 293
312 195
386 344
444 351
497 144
371 44
276 28
56 5
282 228
438 492
466 109
370 477
114 393
358 55
270 467
112 43
238 181
25 276
128 124
121 469
366 477
358 492
349 142
370 266
258 483
92 160
138 77
470 315
370 104
423 328
372 140
173 35
164 462
439 50
372 292
121 60
52 238
380 479
245 253
236 102
115 356
433 181
496 253
209 255
83 218
211 132
19 307
270 384
287 183
327 209
269 159
397 449
280 173
278 129
83 26
234 366
47 198
303 167
422 395
114 12
496 357
17 177
413 16
199 287
348 200
359 27
328 469
494 108
89 108
486 272
490 173
223 220
239 38
433 379
243 13
371 399
428 240
108 240
27 342
42 307
186 227
48 402
362 366
475 42
166 452
477 461
34 156
46 200
431 273
139 480
231 175
267 362
102 160
354 375
34 481
208 396
150 73
439 256
150 13
465 266
80 168
324 442
494 114
239 223
55 426
453 378
240 286
298 72
447 342
175 152
401 333
258 383
491 51
64 50
316 141
161 29
323 396
362 338
61 318
96 102
332 116
254 49
473 425
119 53
57 420
105 295
178 458
10 216
266 22
15 426
308 82
331 177
15 131
301 193
295 76
44 249
298 480
405 298
203 123
43 24
319 261
71 1
217 350
372 433
360 483
417 387
416 168
151 248
442 431
359 305
54 89
69 255
54 205
328 474
499 257
370 224
225 170
20 442
375 294
129 392
132 235
255 46
295 48
332 259
64 89
178 43
299 470
175 248
74 353
462 4
80 425
96 333
275 157
451 116
361 2
90 432
478 345
245 345
456 125
214 77
121 372
343 393
493 272
125 370
226 67
493 87
272 306
463 89
57 399
402 266
198 270
115 492
189 177
154 361
290 146
18 369
114 263
35 213
84 107
26 160
100 310
117 19
460 224
124 432
199 370
492 26
370 397
426 108
321 59
57 81
302 463
227 76
289 416
375 262
275 225
36 401
421 227
451 5
437 233
455 427
453 136
386 448
408 175
235 164
245 229
44 292
220 399
315 271
386 362
87 190
92 161
388 475
480 365
450 191
119 418
406 406
354 424
100 292
457 262
343 187
331 54
454 239
11 52
266 121
164 397
410 205
181 256
473 298
341 13
431 275
181 460
385 338
482 387
1 485
24 291
346 196
436 355
259 152
273 447
196 25
83 437
45 106
256 116
129 370
146 97
58 413
103 327
67 295
132 85
377 68
265 156
11 75
227 201
0 271
148 352
142 48
6 231
347 187
410 114
211 477
390 56
235 121
268 493
430 302
223 400
56 159
234 488
41 68
339 313
18 393
441 487
71 160
199 299
413 418
247 109
17 476
98 137
482 253
407 218
119 265
424 130
470 175
243 11
176 363
256 434
274 194
206 49
348 197
115 406
15 261
90 363
352 33
138 40
258 187
452 397
28 377
53 228
91 350
214 148
435 120
166 470
372 61
258 373
279 220
334 225
88 146
31 424
464 441
128 169
419 74
452 432
160 447
149 357
5 104
224 363
186 292
205 390
263 58
130 463
189 394
41 316
92 129
70 72
94 56
483 50
482 13
312 435
292 495
99 461
177 149
294 323
65 363
273 499
463 329
223 403
220 4
133 264
189 312
221 56
458 135
0 204
491 441
288 164
125 135
284 387
62 154
17 78
430 127
308 142
46 245
249 32
148 118
282 234
142 189
324 355
411 101
394 176
340 402
37 182
421 466
472 174
104 483
462 342
484 34
279 271
303 382
0 380
467 303
493 135
490 109
210 169
346 254
156 456
138 186
4 46
72 59
394 477
319 176
63 357
480 155
38 194
75 283
438 390
25 42
3 431
453 368
122 66
22 299
337 130
176 161
72 194
23 100
129 319
28 194
349 192
386 8
291 387
278 313
207 81
13 303
23 211
277 466
117 145
276 151
164 454
0 304
405 237
408 23
217 34
78 436
444 67
306 464
130 87
168 84
240 337
48 33
351 263
261 177
329 468
275 37
193 493
82 275
151 450
336 490
278 368
287 414
231 222
161 446
382 361
198 182
215 474
90 99
128 67
387 351
240 457
303 14
142 433
384 385
228 293
13 72
487 6
81 153
99 218
79 94
276 481
308 129
80 344
263 398
249 209
18 150
165 341
126 321
59 307
452 362
435 139
497 465
118 422
492 430
25 69
403 423
52 153
497 211
461 485
194 112
263 62
403 212
386 280
439 29
244 445
84 391
208 179
101 81
12 179
100 445
368 389
42 3
66 272
257 392
4 27
89 451
16 119
251 344
374 402
347 190
433 118
149 283
216 494
173 102
47 228
469 273
129 415
187 364
256 195
75 445
248 112
232 164
9 116
18 335
26 235
205 217
352 311
305 354
308 69
149 478
104 355
270 119
483 233
280 309
106 91
203 355
20 207
323 287
123 381
468 342
411 1
164 25
231 264
333 470
300 39
394 334
453 404
489 16
325 288
231 270
477 284
491 435
74 349
230 166
8 49
402 50
75 272
36 67
37 306
345 221
407 189
94 239
107 361
1 435
57 285
69 233
20 35
384 412
78 446
496 467
17 439
211 250
317 93
251 99
172 206
396 97
188 79
292 342
277 296
433 146
379 335
370 354
266 251
197 106
73 196
135 45
296 91
36 198
149 465
172 287
384 173
105 68
410 425
73 397
395 39
374 6
360 274
377 96
203 478
174 427
472 276
219 162
212 120
86 255
43 362
387 258
178 279
56 492
242 88
127 129
135 137
264 354
450 347
325 141
68 5
282 0
14 41
13 353
109 226
88 99
357 4
135 476
320 35
475 192
321 62
200 455
309 309
156 464
105 111
117 334
186 26
419 251
104 200
426 432
32 213
69 367
195 241
129 205
249 15
78 456
411 422
231 130
94 72
184 240
74 51
429 153
404 260
460 348
133 8
74 386
253 17
258 495
52 448
316 239
196 301
224 394
24 459
32 307
47 470
373 68
73 473
233 303
151 477
337 45
284 284
301 411
259 37
338 412
3 311
113 6
400 199
11 189
496 276
98 395
315 396
369 471
274 388
365 103
0 278
62 202
466 284
174 216
480 77
388 12
370 483
35 353
42 122
398 46
441 391
287 348
319 108
496 156
111 446
224 361
415 112
396 138
206 233
310 422
286 186
170 51
404 156
278 205
103 299
190 28
376 396
4 329
337 48
494 0
213 301
265 218
208 480
214 13
436 415
101 376
427 222
379 123
180 332
483 157
186 283
31 25
354 414
462 35
387 43
344 456
26 452
433 109
123 235
150 499
227 411
133 103
227 155
339 12
22 259
395 174
199 60
474 426
314 405
448 437
245 53
6 145
254 124
359 291
142 229
140 361
464 369
376 126
490 43
303 67
241 12
72 198
476 292
197 399
188 290
196 146
291 433
57 54
345 397
479 268
129 339
60 471
97 446
489 289
208 88
452 144
194 450
94 25
276 171
313 292
438 464
249 361
415 81
478 159
427 112
451 309
281 409
207 364
153 378
318 196
193 361
163 271
148 387
410 258
50 424
388 76
437 340
273 137
148 353
465 103
413 76
337 269
133 194
424 44
92 286
499 243
14 285
25 163
273 14
438 287
215 175
15 178
167 153
358 140
243 316
244 175
444 156
350 81
477 429
67 275
370 69
207 67
82 236
250 84
371 355
382 188
366 87
92 249
389 33
349 302
477 132
289 93
26 274
55 491
118 3
425 123
42 488
224 132
68 124
331 474
14 291
230 213
462 380
266 322
124 203
335 467
61 454
228 476
320 439
443 283
258 438
279 220
352 300
276 3
330 272
63 107
172 344
77 294
468 486
189 343
310 445
399 377
205 223
163 479
114 25
316 458
178 373
25 95
98 382
154 302
261 280
125 217
363 434
420 202
45 332
129 462
191 207
431 28
359 396
422 94
404 473
198 90
185 82
316 224
378 135
416 470
39 139
73 41
95 255
87 346
160 492
199 216
96 351
99 482
428 455
280 21
111 332
266 479
55 148
284 82
404 433
424 200
93 444
199 350
48 40
384 138
206 208
411 83
418 154
109 10
384 346
31 241
72 347
496 297
232 479
264 280
332 136
80 189
39 277
169 131
121 87
147 53
488 327
333 58
68 406
105 294
36 452
300 136
433 108
88 148
280 17
154 204
393 112
241 86
218 432
371 410
463 339
19 18
76 303
210 204
499 497
301 315
451 35
495 101
101 236
254 435
140 381
345 260
346 385
170 86
348 64
256 41
412 163
467 127
331 340
337 29
344 330
217 139
92 147
235 65
0 194
427 341
101 492
378 273
211 448
364 48
441 60
75 120
99 353
46 394
423 283
465 383
374 119
266 183
100 319
365 2
343 452
445 292
417 445
245 175
75 129
41 109
82 16
222 468
363 33
316 268
151 286
406 282
317 378
197 24
26 417
369 414
206 222
19 166
341 476
105 116
225 416
285 498
466 159
193 7
275 329
468 361
143 278
8 226
250 312
229 205
471 129
203 451
469 30
6 222
338 163
79 111
109 415
427 216
223 75
257 120
481 350
129 225
451 477
289 137
195 53
182 371
174 166
48 385
459 143
306 54
17 149
417 238
454 478
406 344
316 30
380 163
240 297
126 361
499 43
96 416
139 46
64 279
16 313
308 113
19 328
329 115
205 37
15 246
442 159
41 421
436 258
408 422
283 176
219 34
302 134
32 168
299 441
106 97
62 315
495 267
382 81
118 325
423 439
450 486
259 366
476 492
414 196
224 384
419 49
184 296
464 73
367 216
165 263
430 473
92 227
309 278
455 474
265 279
265 378
96 216
208 377
425 425
309 122
23 149
297 80
154 207
276 261
376 373
346 441
21 159
437 291
265 330
109 392
122 383
99 227
104 219
144 307
281 381
30 305
386 304
364 328
441 392
265 492
433 170
329 463
254 454
136 266
10 372
255 98
177 132
203 206
13 133
14 199
5 146
302 396
76 243
487 166
158 18
40 104
419 444
250 369
487 174
398 387
337 497
481 5
211 14
147 185
236 76
222 13
409 241
336 24
43 486
356 175
279 201
497 396
265 199
225 248
487 252
101 475
480 324
190 82
119 191
119 337
202 356
449 341
217 111
97 286
313 260
314 453
201 445
144 311
59 466
70 221
196 46
222 23
458 176
219 412
101 77
433 338
31 303
415 383
21 248
361 364
170 334
279 175
486 371
190 275
348 398
296 112
488 44
72 19
431 446
23 291
481 33
188 457
192 12
113 103
320 213
399 474
1 342
65 31
306 339
237 255
220 7
51 386
405 208
154 124
267 336
221 29
338 101
465 410
365 30
95 78
404 37
379 495
26 257
97 445
52 184
191 186
72 124
332 95
71 477
166 338
368 190
291 239
1 58
89 257
187 219
256 184
31 444
201 488
285 409
94 150
337 337
462 137
84 261
91 146
337 7
198 109
348 57
115 489
98 202
421 204
241 138
82 29
17 272
182 135
286 302
492 128
117 475
88 306
304 54
61 179
288 141
198 259
101 489
43 166
222 51
189 464
345 463
88 123
259 363
17 122
102 45
372 361
167 71
125 460
140 472
465 187
298 280
121 16
182 251
303 164
480 404
220 344
468 326
41 308
282 227
124 58
272 384
455 496
308 439
263 81
120 300
81 81
97 270
22 54
71 131
35 177
373 51
229 107
267 341
420 270
181 49
285 396
244 453
392 241
174 53
353 8
441 146
416 286
341 38
169 290
319 412
315 56
16 193
386 45
315 283
333 159
55 496
449 118
211 300
205 194
54 237
383 58
345 495
385 152
294 38
450 54
462 114
159 265
162 478
114 45
56 478
474 299
417 112
264 276
470 481
218 469
27 376
371 454
106 224
262 256
162 400
366 64
182 476
455 25
423 344
322 421
220 331
443 149
277 489
470 59
28 99
475 41
495 408
132 346
454 453
353 247
163 116
444 72
449 345
42 399
320 224
56 216
365 392
382 351
411 494
93 352
245 439
199 68
266 240
193 332
431 72
40 399
471 94
292 485
236 272
497 334
50 409
301 53
256 268
262 183
388 167
459 208
276 133
226 158
342 395
319 419
170 273
220 360
345 141
414 12
198 433
342 263
168 248
368 144
179 424
92 483
191 67
53 51
209 319
214 279
198 52
177 386
246 221
362 397
261 443
376 128
243 459
60 71
215 411
336 280
263 394
314 280
331 454
274 367
146 392
444 340
226 196
417 122
371 324
267 132
112 133
444 496
67 356
119 356
137 134
380 455
235 252
207 194
413 418
311 333
173 59
108 107
81 252
76 377
9 453
438 196
192 474
182 234
91 111
245 301
109 80
184 477
172 196
115 391
224 437
349 278
385 250
354 457
334 467
420 430
478 196
22 210
444 22
133 204
357 387
319 230
60 466
163 4
247 232
21 130
408 324
74 370
327 145
112 428
210 14
62 384
94 189
211 84
140 391
278 197
279 497
316 450
454 339
423 331
461 201
25 445
315 221
366 451
231 495
361 331
215 294
483 423
359 310
53 46
243 499
348 331
133 375
214 164
495 87
141 138
435 308
381 18
470 250
97 248
79 53
347 458
233 146
308 182
229 444
295 361
45 324
199 144
160 178
118 266
404 156
316 259
277 339
441 198
298 99
5 39
349 377
375 352
35 435
379 184
45 116
440 175
171 90
269 492
258 331
339 387
146 14
205 156
354 275
227 498
389 4
381 84
436 239
174 108
292 323
291 405
80 338
428 84
76 251
435 197
436 186
52 274
282 434
62 257
255 488
492 141
225 145
236 373
482 13
189 262
167 126
464 480
64 100
203 393
442 492
30 138
413 231
165 434
191 47
36 79
220 299
296 28
254 445
459 384
146 88
214 0
480 313
265 179
424 397
241 469
107 218
449 124
58 372
420 467
46 102
401 456
336 267
64 49
433 90
178 23
375 79
244 393
424 356
105 10
331 348
418 198
322 438
163 368
187 233
335 435
391 233
0 88
137 227
170 417
440 70
1 348
93 168
376 97
459 17
365 481
179 290
81 136
4 354
87 244
179 191
276 422
10 422
1 129
46 499
421 171
20 338
6 274
371 465
483 382
363 183
473 200
336 395
101 54
150 192
383 40
314 329
103 12
141 324
175 105
276 187
25 96
370 148
114 32
266 93
276 449
149 130
377 102
8 486
178 330
370 159
488 414
426 184
360 92
49 419
106 387
483 177
178 483
367 205
150 292
241 134
116 279
381 242
80 493
175 389
48 259
25 45
81 389
333 303
222 293
180 234
411 180
163 15
220 89
233 31
165 222
1 326
69 281
126 382
124 149
260 153
50 172
413 137
440 131
276 98
332 14
46 456
471 244
185 62
445 43
265 419
245 462
95 119
1 166
316 221
226 125
150 428
66 276
407 415
366 358
225 183
491 198
294 271
185 314
357 480
399 130
92 474
445 496
163 187
260 447
424 331
111 486
262 426
194 177
388 21
204 60
258 113
236 47
361 405
385 422
52 70
397 136
484 145
184 342
141 499
182 445
283 418
344 294
471 46
67 390
450 359
324 124
23 61
466 61
483 385
307 203
191 35
32 204
47 175
175 217
14 40
458 357
3 297
195 303
45 475
186 115
91 496
409 11
424 114
351 227
430 407
294 159
363 121
148 327
396 262
303 175
33 410
59 261
416 36
363 107
222 314
162 402
265 313
279 71
298 189
448 131
290 80
53 242
421 5
120 201
377 317
79 275
388 262
150 491
98 157
471 366
120 320
485 133
56 385
426 264
247 206
286 374
468 389
247 191
392 390
207 367
494 121
235 139
130 382
39 386
104 228
400 362
347 224
109 385
1 403
109 387
113 249
490 247
438 81
471 237
456 183
156 31
170 450
333 392
278 300
28 224
439 382
458 428
165 286
190 67
306 166
267 151
251 419
0 110
347 189
224 324
355 304
106 381
273 25
177 291
368 403
137 57
337 307
445 95
14 2
20 487
139 320
239 140
250 390
431 239
63 449
105 156
389 270
147 212
3 14
417 324
381 371
30 406
1 70
72 476
463 367
187 445
85 454
344 278
369 187
136 128
284 433
55 242
306 25
39 203
27 309
33 456
214 261
331 63
39 67
434 256
201 355
309 473
251 138
325 6
134 120
405 461
55 270
295 461
164 361
23 334
142 43
156 56
471 356
423 488
96 363
218 209
182 297
287 379
385 433
53 112
425 19
141 459
272 333
194 436
122 436
331 69
125 116
472 488
328 449
312 247
456 424
73 382
261 490
423 360
324 499
370 329
140 249
82 12
300 412
200 129
198 423
391 31
371 176
125 364
463 51
327 289
171 272
262 400
112 284
283 38
219 288
390 154
18 359
123 324
453 318
93 323
206 4
180 485
201 430
481 157
446 164
288 309
61 469
253 403
293 26
314 389
43 12
371 204
29 61
231 346
21 334
338 325
310 227
9 370
379 11
27 491
152 325
146 168
71 213
239 400
141 364
228 406
110 184
97 451
297 491
178 328
153 318
397 16
239 315
326 407
398 118
296 206
374 50
115 442
194 445
161 355
113 335
371 389
340 223
67 468
149 137
307 245
113 154
470 204
111 204
323 148
354 361
263 471
265 80
25 379
86 460
147 38
279 199
274 371
191 119
108 193
438 340
495 415
120 404
108 317
465 83
445 283
106 172
252 60
439 372
184 130
168 25
76 331
54 448
419 203
396 246
86 380
295 187
91 433
250 267
203 51
335 68
240 148
208 441
165 344
474 0
377 349
33 495
295 454
9 87
333 214
94 405
92 272
205 242
361 35
87 308
376 64
64 274
67 468
164 125
125 233
82 491
486 354
160 467
55 133
199 169
75 240
12 146
388 167
55 218
378 101
166 142
416 254
74 230
207 483
68 90
81 332
187 151
470 67
52 199
369 25
266 252
398 444
463 278
348 138
239 18
12 226
332 257
340 428
264 258
349 47
232 332
335 430
350 271
470 306
183 402
154 339
135 449
80 404
394 451
321 280
7 486
243 334
114 339
98 435
483 230
63 299
229 67
338 250
56 79
482 160
352 240
41 488
245 339
142 473
254 139
477 464
150 261
452 221
8 116
347 402
201 491
410 410
160 283
362 100
261 69
161 196
37 113
304 202
28 282
273 447
411 282
395 251
324 413
29 199
102 332
176 376
138 155
438 86
39 151
220 153
349 300
265 381
435 386
20 69
368 463
97 146
397 279
44 492
192 73
257 74
302 146
153 433
372 441
92 92
97 411
63 164
397 446
185 328
249 184
0 205
203 118
249 97
90 100
25 294
220 134
280 283
68 22
315 285
229 292
55 259
275 326
125 118
298 172
209 310
367 400
18 209
158 71
23 119
265 248
234 49
184 337
360 366
152 252
397 27
287 381
208 452
71 414
87 333
495 221
121 148
357 362
285 491
111 15
116 309
210 228
66 202
69 394
498 278
305 221
454 395
348 444
359 162
347 271
492 298
298 342
57 466
457 155
22 194
3 420
149 490
193 65
311 67
345 262
335 310
57 2
299 289
304 257
28 10
308 3
198 373
339 458
113 107
301 148
69 487
478 157
222 70
489 171
285 34
196 334
188 120
261 105
363 487
497 417
421 243
116 157
115 119
226 307
308 80
68 379
36 229
151 398
69 259
145 140
326 206
326 193
298 14
354 439
357 161
405 351
361 278
249 373
33 328
409 327
206 193
422 329
79 243
354 73
65 0
206 351
44 391
405 384
323 342
356 259
463 32
310 113
338 176
4 411
238 223
416 265
446 297
40 338
263 25
25 246
97 328
219 231
467 493
335 477
236 143
175 43
156 51
227 338
249 347
70 232
349 340
137 487
177 296
321 29
275 441
121 199
282 224
217 341
318 250
393 404
300 406
458 68
406 308
155 37
269 8
348 226
65 119
267 485
366 242
35 440
139 493
217 157
498 422
172 286
190 168
426 417
485 490
151 236
274 244
252 306
384 43
14 100
437 449
44 133
74 303
296 79
236 213
487 365
151 86
106 11
428 193
36 33
269 266
362 187
345 43
439 114
66 230
31 305
439 355
10 75
155 13
78 158
23 243
182 418
429 26
71 288
321 210
476 107
146 91
486 190
156 492
222 425
83 222
429 105
181 22
387 291
449 188
283 317
235 324
202 465
254 165
227 273
381 75
18 55
245 27
371 357
282 401
475 93
199 217
239 404
47 232
420 478
296 496
172 55
21 383
400 374
147 275
202 127
182 380
260 73
430 427
328 131
225 64
282 155
411 276
360 373
352 458
454 132
187 0
383 478
352 208
335 284
411 352
232 390
315 94
373 492
124 245
161 54
209 201
329 295
21 121
79 189
321 225
225 386
216 8
69 108
244 69
421 404
146 156
102 5
498 461
58 327
381 474
175 72
367 443
416 356
45 240
465 347
85 218
78 190
151 302
371 147
404 395
403 144
1 50
364 357
185 499
325 422
494 418
213 352
208 214
454 129
477 253
323 420
462 62
364 402
49 113
361 87
83 305
208 264
474 85
436 72
494 159
429 262
466 341
55 143
272 175
280 9
281 101
16 104
6 244
357 380
320 407
213 218
335 255
192 421
345 309
320 129
243 339
180 249
244 209
236 87
97 17
470 17
121 378
474 486
219 479
386 332
402 391
146 451
224 89
398 339
320 69
261 70
320 415
124 293
381 416
285 361
230 330
60 256
242 203
182 35
219 461
352 420
224 121
211 351
42 300
370 461
32 362
277 483
128 204
120 253
466 361
43 406
162 196
399 104
491 256
70 433
354 210
183 274
125 78
378 246
208 167
381 100
435 92
296 158
264 416
277 268
174 230
279 321
277 188
297 178
112 268
478 367
141 318
396 161
408 119
286 126
79 468
60 20
178 366
282 356
476 294
25 60
233 151
191 304
334 10
278 488
355 298
116 256
269 349
468 364
343 29
497 106
126 422
140 57
265 157
451 423
335 242
245 328
484 68
78 436
277 319
117 208
316 484
333 86
450 85
115 301
260 293
67 464
22 386
43 208
131 139
381 495
175 466
386 478
267 160
331 316
24 44
380 300
386 192
277 214
367 337
482 244
209 127
366 50
110 83
222 409
256 93
411 456
434 432
444 297
113 53
449 275
75 489
181 330
44 314
3 310
407 263
243 485
387 116
51 109
18 497
90 273
229 127
59 353
150 16
421 355
130 115
456 371
201 57
223 489
152 97
212 226
64 59
27 455
64 303
153 78
351 435
62 95
449 433
301 473
328 99
67 222
445 310
219 23
13 498
95 443
21 165
76 160
115 85
389 103
181 180
467 394
489 384
317 29
354 438
390 470
45 34
344 457
332 490
489 415
358 197
214 436
96 380
317 290
393 212
244 58
452 426
311 211
92 294
232 480
303 446
480 474
431 348
190 176
91 116
313 179
468 302
34 28
170 64
128 351
262 416
342 224
435 66
360 5
338 379
177 445
419 141
341 157
185 203
319 31
211 277
79 484
12 31
95 113
316 35
451 76
300 430
497 293
151 88
467 357
302 489
482 145
154 74
277 323
354 340
117 96
80 417
448 48
13 445
480 396
472 329
260 431
76 124
212 109
466 227
68 180
177 121
195 50
225 331
171 324
420 80
349 140
40 352
149 150
46 53
235 481
412 370
494 347
456 341
420 207
239 274
247 341
391 268
99 442
266 469
49 123
263 38
243 250
400 156
209 392
374 298
168 296
143 138
331 15
74 451
226 252
93 165
433 473
268 336
305 32
7 386
425 206
309 123
279 20
412 209
360 488
137 138
277 380
395 280
84 108
212 321
486 162
487 157
346 419
304 255
142 151
210 163
286 419
439 371
80 65
406 203
342 292
173 43
175 471
431 68
390 259
421 144
153 228
0 409
16 499
3 304
319 10
429 213
84 106
23 220
424 16
309 429
324 118
89 482
402 352
463 20
16 144
373 237
498 170
169 373
29 14
25 172
237 348
454 306
27 173
42 330
259 303
421 351
185 436
288 10
382 87
232 251
340 251
421 457
330 338
353 442
467 211
59 230
388 56
230 366
196 415
70 272
475 307
95 491
353 12
451 235
339 236
487 183
492 179
18 260
54 322
33 223
453 21
430 445
311 341
109 160
284 359
18 179
23 111
123 114
349 376
464 74
110 188
368 303
63 102
277 238
461 118
491 162
107 414
107 421
433 270
481 216
248 69
32 0
114 271
499 7
434 315
356 464
267 396
498 224
462 183
153 127
142 275
189 496
270 101
372 148
365 55
125 205
205 465
88 9
17 171
487 87
403 451
347 343
419 23
206 197
177 233
8 211
207 319
420 49
197 477
385 144
350 414
231 362
371 407
431 319
407 240
191 418
113 310
333 390
440 384
117 391
102 117
288 477
378 162
491 60
57 427
342 376
238 259
166 425
245 462
202 97
367 4
166 394
136 332
216 352
243 76
45 185
14 198
212 333
246 392
320 203
432 303
62 14
439 170
132 80
178 36
40 335
81 397
230 207
59 69
146 298
484 154
352 43
229 498
243 64
120 475
278 415
429 52
74 340
272 220
109 207
394 450
200 149
356 327
396 430
228 267
422 394
438 64
415 126
43 167
142 158
73 163
215 272
464 354
426 289
348 236
39 35
37 94
421 239
21 245
13 170
64 101
166 287
413 2
21 81
91 456
471 15
287 164
370 38
180 251
340 296
332 28
475 379
118 369
114 396
66 139
240 479
266 483
337 258
191 32
488 359
374 282
446 312
350 162
265 168
465 30
411 105
484 149
370 386
134 454
445 336
316 53
36 38
296 434
466 373
84 340
122 307
119 459
473 421
89 321
352 90
48 406
55 115
353 32
339 277
114 487
392 284
174 282
216 428
154 471
311 35
194 238
49 285
206 313
134 22
465 148
54 338
305 13
397 110
387 158
146 236
373 353
135 390
171 47
370 204
91 325
415 33
319 285
98 465
339 377
25 84
275 304
169 80
42 80
239 67
155 281
487 237
127 28
428 122
178 298
475 298
184 269
406 243
208 3
380 356
441 399
56 258
190 68
0 225
144 84
365 239
328 300
180 352
327 308
458 460
259 357
479 434
29 443
298 385
242 237
488 30
288 35
103 44
122 478
414 103
195 118
418 280
484 23
183 451
411 163
21 142
428 22
317 352
237 457
46 115
498 479
14 34
431 286
117 469
425 405
23 31
163 120
495 294
97 0
15 179
173 8
383 388
240 453
410 200
168 478
309 308
194 166
304 176
145 477
382 273
157 70
42 258
404 172
172 38
69 1
361 40
428 94
47 96
297 169
499 309
469 317
335 308
484 163
141 491
117 130
52 375
485 274
446 95
485 389
390 471
363 406
0 104
200 291
312 399
208 349
18 311
120 29
192 353
197 456
438 185
61 314
88 491
438 398
288 386
209 275
181 30
134 72
216 181
80 187
36 28
340 140
169 407
260 312
268 213
399 309
123 207
50 312
210 63
450 488
263 350
381 11
436 296
477 367
406 152
180 409
401 295
202 20
332 422
135 314
124 101
160 386
50 247
311 210
50 261
463 113
476 165
461 196
416 412
64 290
199 322
117 245
117 452
374 171
486 450
403 361
248 110
209 63
125 298
411 372
337 175
192 227
423 314
226 153
443 339
162 143
240 494
446 131
303 357
159 172
33 141
251 414
329 133
284 460
333 454
481 195
422 22
336 173
178 198
37 415
410 121
467 51
35 150
359 265
437 190
331 371
285 323
456 82
394 467
421 240
288 79
102 255
428 62
260 290
205 107
80 150
201 115
117 48
165 88
278 329
200 103
426 109
43 337
304 234
475 438
369 78
333 263
177 323
114 113
72 438
88 171
287 5
405 141
230 256
85 70
173 8
118 137
475 451
186 13
451 131
209 161
276 173
496 394
8 453
243 462
134 432
437 331
473 273
29 342
413 203
211 115
104 438
390 181
195 431
63 76
89 498
23 124
19 365
170 372
334 379
311 414
97 468
241 249
443 70
125 123
90 356
295 189
222 194
126 37
113 417
268 41
165 202
419 291
163 184
415 441
355 350
318 227
328 305
375 412
387 271
480 353
42 477
171 127
164 264
34 149
190 129
331 302
445 356
392 102
395 461
311 160
387 251
408 481
393 67
190 135
488 280
109 170
149 382
147 133
282 313
442 33
187 325
181 125
79 132
93 425
85 475
78 256
238 324
243 486
121 483
116 434
456 110
492 225
358 106
271 491
376 493
318 66
191 63
196 351
276 123
98 141
398 214
390 176
14 488
471 134
420 135
97 87
165 376
334 442
285 375
368 458
24 162
225 38
389 67
190 273
267 18
84 140
168 165
153 474
108 182
170 476
416 28
257 267
61 81
308 91
49 347
9 29
67 425
493 86
360 309
327 35
176 127
144 411
385 344
27 149
125 346
374 49
316 393
326 131
75 378
77 135
164 476
402 86
24 83
392 247
282 384
363 71
482 310
155 359
8 220
418 34
83 486
379 292
276 251
481 206
193 203
179 58
496 209
292 433
180 21
257 37
108 315
125 473
332 443
15 132
18 341
179 433
225 453
205 58
116 353
56 38
97 161
222 88
21 445
318 15
404 54
221 76
401 12
307 198
331 233
426 322
255 349
303 105
16 333
186 360
398 132
146 95
35 347
293 368
235 408
462 111
39 139
4 35
234 440
26 311
486 417
266 452
58 241
74 421
133 74
58 113
60 384
231 56
425 95
3 376
340 160
152 318
353 379
172 156
319 439
356 50
2 305
47 475
248 412
338 473
438 382
266 397
453 498
445 497
226 230
243 449
119 66
297 395
403 324
264 469
19 222
380 120
447 374
286 279
104 196
78 125
374 43
393 196
45 179
262 339
140 271
337 5
252 259
83 135
456 155
229 199
172 328
202 461
240 119
315 340
317 345
240 245
441 43
223 133
472 487
110 337
342 112
371 448
435 94
101 307
358 391
71 182
144 30
2 273
466 384
81 317
415 283
327 321
455 208
47 402
239 279
392 158
458 433
379 115
274 393
136 332
14 133
15 60
185 158
395 17
187 151
287 328
2 454
162 114
368 457
236 210
368 459
392 480
448 326
71 123
455 222
207 59
119 469
480 223
92 305
308 227
55 279
233 95
61 57
366 396
458 429
240 455
287 326
4 132
107 235
458 427
338 62
384 165
240 458
115 364
443 333
464 423
19 498
408 198
446 80
362 126
433 404
82 102
87 221
456 86
365 194
109 266
432 203
13 493
357 24
357 128
404 300
150 322
372 423
355 410
389 170
74 69
24 322
43 8
446 111
157 0
266 311
14 266
259 50
75 28
8 468
120 284
458 412
187 123
33 330
352 43
464 422
245 426
286 488
451 140
492 232
43 109
227 259
161 410
290 339
307 88
373 298
63 280
403 183
366 250
145 436
211 218
497 110
450 308
448 283
16 402
363 441
52 411
321 90
429 65
154 463
262 89
369 379
62 325
427 272
60 428
499 73
35 123
283 496
279 485
239 84
377 147
59 102
45 429
346 232
196 326
267 0
379 310
487 136
260 294
74 414
339 173
148 73
69 226
212 432
16 201
348 303
258 393
174 259
492 303
481 20
373 40
350 249
385 252
398 337
103 498
23 473
46 443
169 171
103 468
169 233
389 471
216 369
481 147
302 390
263 473
365 283
32 136
388 215
404 270
120 139
112 359
302 143
314 10
478 324
409 270
93 499
369 298
445 310
52 350
175 99
383 315
451 40
107 415
185 192
331 363
222 305
300 443
305 377
53 467
89 284
283 462
113 182
344 4
354 410
10 397
212 381
273 393
308 164
208 380
95 346
3 39
334 318
47 156
123 139
423 100
62 212
246 59
63 175
86 443
340 270
151 96
341 404
420 425
157 1
347 128
167 253
423 203
359 1
493 322
422 334
398 268
327 336
364 144
87 391
161 302
250 279
184 164
89 91
92 456
85 99
204 292
495 104
458 479
301 206
40 451
219 223
59 438
434 399
290 275
77 374
5 303
319 327
418 41
498 409
360 363
155 435
39 64
43 150
208 497
300 344
419 248
38 372
271 330
106 324
50 413
216 183
11 56
97 387
148 281
144 447
382 8
72 299
301 422
271 467
311 361
461 72
444 230
61 499
176 215
480 19
202 226
282 48
435 65
347 232
179 84
92 343
495 62
336 17
484 296
158 107
31 296
378 119
471 475
42 291
310 147
225 374
422 13
430 8
92 358
442 277
473 271
333 386
403 468
264 21
129 388
36 274
246 160
488 414
206 69
216 382
257 368
233 441
301 179
389 164
293 393
17 331
218 266
234 202
224 473
361 351
125 353
365 397
164 223
292 205
440 222
90 360
154 197
228 324
340 307
201 470
301 133
400 70
272 371
197 486
337 496
201 58
308 315
38 419
124 472
46 183
43 416
113 488
312 197
5 194
164 4
138 58
128 317
41 390
376 252
101 238
148 214
381 302
73 308
132 271
454 50
466 178
167 498
47 432
126 331
336 404
314 142
311 326
216 294
47 204
294 92
158 148
302 295
103 39
311 376
426 236
266 117
115 392
324 285
469 15
419 302
296 305
483 234
28 460
16 199
143 427
75 311
458 154
193 378
106 61
149 356
474 384
276 268
53 441
456 453
107 22
179 228
462 404
216 14
65 342
270 232
395 209
363 197
427 353
267 408
117 33
417 416
36 443
384 46
351 442
316 193
421 458
214 348
362 235
77 430
15 428
137 199
397 410
264 352
112 324
358 31
299 81
24 127
25 188
130 409
454 228
39 446
294 375
462 253
36 9
437 391
91 403
313 426
278 488
164 429
312 242
324 374
354 464
152 348
109 379
108 134
80 415
142 499
252 227
236 104
496 140
43 173
451 439
279 209
138 81
323 443
318 451
415 499
200 24
403 67
201 161
77 363
362 133
212 219
176 467
459 300
473 172
463 3
212 276
357 242
37 202
153 181
32 207
231 68
487 232
394 487
202 40
26 471
42 65
384 90
391 218
242 343
198 364
493 205
299 410
113 350
383 337
396 118
39 416
148 128
467 378
271 394
217 169
86 297
387 260
478 470
314 278
495 221
278 12
275 488
190 78
267 240
358 74
342 15
495 249
128 342
237 462
132 399
48 454
66 218
41 435
66 45
118 207
71 413
253 248
326 198
438 443
369 445
461 149
398 211
54 308
271 378
277 291
97 255
325 325
113 164
61 366
425 31
444 31
279 497
195 49
492 458
255 134
135 362
425 216
25 385
264 479
122 148
403 41
219 72
88 80
299 184
215 1
32 224
221 11
60 163
121 417
403 404
118 377
445 390
275 44
375 322
322 39
433 498
70 77
158 152
188 10
11 457
181 403
266 43
206 403
172 178
82 180
409 75
317 53
97 354
29 92
132 324
322 351
429 65
69 244
254 87
44 257
12 265
160 77
332 278
456 219
399 4
431 390
295 160
14 248
341 244
69 43
247 325
242 391
488 176
115 163
420 242
360 159
88 284
414 372
91 421
425 370
112 342
2 209
457 408
152 17
412 150
475 221
465 159
187 217
380 305
399 302
313 152
436 259
132 402
175 350
72 75
418 452
161 37
297 420
289 119
121 449
23 54
65 97
166 340
145 105
407 399
403 396
8 221
475 192
394 492
67 150
102 467
356 337
110 116
87 153
454 399
305 208
157 329
21 223
328 324
75 18
415 87
160 478
170 423
415 135
137 65
384 334
172 92
60 240
245 282
33 147
355 51
381 191
414 13
189 254
273 94
181 264
242 40
463 342
329 413
330 230
64 319
263 214
306 236
370 323
470 403
454 404
95 177
42 187
294 361
455 231
495 67
459 488
182 238
3 422
4 364
35 185
399 420
9 298
473 57
312 379
283 295
472 266
306 230
443 15
246 100
19 398
239 94
184 478
252 421
285 187
224 256
176 172
470 475
32 185
417 443
90 344
462 52
135 63
430 120
72 78
477 28
122 91
421 68
489 306
345 173
281 127
299 69
44 310
347 122
417 428
124 116
169 8
423 439
59 304
382 353
381 484
75 211
279 356
162 349
374 121
100 8
429 8
318 251
225 474
402 17
134 143
3 379
318 303
459 426
131 377
361 341
405 364
220 289
490 36
157 235
243 364
372 109
213 24
498 42
60 438
81 253
132 46
201 436
214 302
179 160
353 345
62 393
34 258
147 282
369 24
240 156
266 464
489 113
7 479
417 339
92 419
465 351
139 76
378 166
178 354
51 410
155 32
142 113
248 189
65 289
446 117
82 305
270 64
43 71
262 278
197 312
15 355
283 15
33 155
9 14
424 212
244 412
26 431
120 238
28 274
243 37
342 326
390 325
248 465
95 433
97 11
218 144
159 465
120 353
367 193
405 481
393 143
74 1
239 271
397 46
435 119
445 141
318 130
95 335
120 419
282 190
186 70
35 352
205 346
391 7
340 425
420 148
149 85
357 347
245 240
360 254
247 181
311 305
493 66
337 406
448 113
183 119
323 134
332 70
77 380
157 223
371 417
3 78
277 372
113 212
318 22
203 325
482 66
484 366
124 475
441 321
292 72
59 124
195 467
347 243
467 124
42 5
435 190
415 397
109 212
234 28
353 427
493 290
156 335
163 329
2 281
205 104
80 294
113 116
360 127
252 461
466 179
221 294