9400
155 17
285 391
145 498
90 383
180 323
357 55
144 377
136 90
204 100
456 323
193 273
247 426
260 430
132 254
369 235
252 467
359 377
375 37
273 4
327 465
373 305
182 36
126 17
470 319
142 183
456 426
352 335
118 203
309 465
200 250
70 179
56 304
194 429
285 431
249 467
272 464
0 122
491 306
125 126
161 461
388 120
307 117
321 92
57 425
28 482
161 109
414 98
27 69
1 460
427 164
128 102
76 51
357 128
106 67
381 335
455 268
385 121
213 262
188 58
41 123
232 68
166 54
124 146
106 45
209 477
79 385
288 337
317 155
74 146
333 423
191 455
428 288
50 429
339 142
265 90
158 380
435 497
496 176
221 411
388 454
192 282
471 319
474 480
478 288
64 400
356 311
99 107
36 136
130 2
92 376
108 395
245 103
279 43
306 93
399 353
135 194
13 91
424 107
247 339
240 254
66 311
419 448
84 17
371 307
183 215
462 464
67 292
187 59
4 198
51 346
40 404
347 187
146 406
245 271
26 245
57 337
285 444
313 328
135 222
437 185
1 171
315 251
311 420
118 354
200 315
71 170
209 241
499 419
190 207
452 96
434 68
12 361
41 219
293 326
11 29
200 82
334 12
432 15
221 497
164 402
72 422
15 236
7 133
340 14
110 197
266 145
6 44
116 130
456 400
429 261
344 319
183 129
496 178
27 467
370 217
491 191
279 294
428 6
372 286
336 120
265 483
379 454
84 124
24 347
461 393
64 305
434 305
335 248
215 282
351 362
405 437
84 343
201 185
323 364
484 74
409 159
113 102
78 140
340 50
443 454
259 301
106 7
107 45
327 441
155 175
112 178
21 60
97 48
412 75
149 421
432 249
351 58
50 398
448 281
235 390
191 243
102 494
39 149
442 210
385 218
396 449
10 349
398 270
345 459
232 162
411 346
256 17
415 262
395 306
49 363
458 130
476 92
242 60
270 367
85 36
486 7
209 334
456 348
307 107
269 153
499 392
409 33
147 255
413 324
39 43
173 462
55 497
57 2
369 149
185 180
39 307
141 171
19 248
207 449
102 327
71 329
362 101
208 480
156 9
52 121
436 195
44 78
432 491
492 453
133 301
460 177
349 25
273 453
402 220
399 333
162 4
457 470
450 24
385 165
139 106
153 290
368 75
418 197
151 300
453 410
87 136
161 266
219 288
9 287
120 474
478 408
379 134
10 436
453 181
140 395
185 92
167 145
343 405
57 85
347 346
482 363
129 435
75 496
135 348
322 84
345 107
93 153
441 224
257 103
350 394
487 249
395 388
293 6
444 238
436 203
66 291
78 270
266 195
395 154
90 253
212 70
223 435
11 305
408 16
410 121
370 111
499 249
108 265
355 144
347 52
195 291
62 413
460 274
280 180
434 208
278 222
158 146
452 353
369 21
494 212
323 131
233 365
130 322
467 193
245 486
277 166
432 292
418 191
372 392
100 198
421 158
156 378
83 431
304 460
173 304
288 299
164 348
23 21
214 146
484 342
8 311
103 114
305 440
185 22
72 29
187 285
16 345
128 344
304 99
256 433
84 329
178 44
417 100
246 201
395 131
294 83
197 403
196 249
123 354
384 381
166 48
393 71
267 34
486 22
307 72
401 242
286 391
491 431
484 203
186 89
172 379
283 332
433 221
76 479
212 57
105 312
235 378
413 350
372 3
427 399
493 31
422 328
112 279
334 413
3 96
476 372
204 175
249 111
442 137
46 325
137 154
384 3
206 372
375 149
48 430
462 154
335 41
172 384
298 447
395 358
230 153
180 371
334 434
424 429
254 276
282 322
326 243
468 167
316 32
462 195
350 217
110 424
161 185
132 283
141 311
464 27
251 372
158 496
426 85
214 434
257 32
128 496
163 435
319 96
291 332
49 133
410 141
178 159
294 71
382 162
42 436
160 198
194 293
230 170
105 472
5 444
293 214
149 485
81 308
140 468
101 372
366 41
201 363
434 396
59 495
283 168
366 101
394 443
466 413
385 476
273 71
137 242
227 66
226 286
106 308
33 367
408 59
423 251
147 461
457 209
378 206
159 92
388 244
9 405
382 354
277 395
137 155
73 414
52 217
377 299
18 10
69 262
13 279
240 344
54 13
71 49
494 284
380 231
136 382
236 390
285 18
25 365
279 274
343 450
250 183
193 221
483 120
251 262
459 497
362 344
393 13
297 433
164 239
121 29
419 153
171 209
74 204
331 49
499 205
388 174
395 101
222 433
196 231
228 473
317 7
372 442
375 63
302 21
50 392
45 276
337 470
26 68
117 264
469 357
384 117
70 210
143 131
362 292
118 191
50 442
384 287
350 422
443 112
4 5
133 494
464 49
469 470
86 490
200 87
56 408
470 84
215 126
271 465
157 430
372 389
28 59
482 257
369 231
236 425
419 225
274 221
43 235
226 243
182 130
38 426
362 238
217 8
473 429
359 488
229 482
42 232
341 257
488 376
301 62
287 76
149 73
308 413
8 193
175 34
312 191
281 65
425 26
456 350
338 250
85 167
399 419
177 479
355 92
154 17
94 156
229 441
206 243
288 390
424 215
258 315
380 89
115 391
242 305
56 71
239 80
352 493
472 490
435 29
398 327
335 89
383 492
88 417
307 89
156 228
44 83
172 414
158 424
82 288
211 400
332 490
483 302
145 184
65 455
134 80
21 464
308 321
238 256
198 248
477 397
481 354
121 21
297 5
145 279
179 231
221 209
363 363
48 204
11 8
440 113
429 497
319 314
70 238
486 57
307 268
475 315
188 288
293 448
227 486
217 291
0 258
473 291
347 363
224 21
487 359
208 164
330 416
6 27
437 401
21 345
160 244
384 496
444 349
187 29
320 23
133 256
399 320
36 107
480 247
458 260
424 467
236 166
194 255
8 242
87 483
227 29
378 248
449 463
492 322
198 488
244 165
337 183
142 144
243 373
133 123
442 201
367 410
17 178
421 413
396 25
406 360
108 475
438 284
459 409
397 283
448 157
192 494
490 285
159 335
458 233
286 144
54 400
431 153
67 423
448 352
212 315
291 207
491 173
434 229
12 450
459 332
178 312
450 152
339 20
253 461
105 149
49 39
44 12
435 332
184 463
279 384
443 249
274 70
151 434
237 208
392 16
328 48
200 422
442 278
239 391
40 47
438 197
209 442
274 483
298 144
380 311
412 77
499 323
110 186
246 151
19 347
395 139
413 347
478 448
339 356
255 69
266 380
174 194
29 327
472 448
259 327
257 204
28 23
209 256
259 138
337 308
299 278
478 232
32 212
420 308
377 372
104 176
370 496
323 278
78 399
78 295
352 338
361 335
444 380
370 423
231 55
334 207
291 30
242 164
472 324
48 163
191 201
197 152
430 61
312 373
168 8
198 390
78 20
252 412
187 22
77 474
181 270
300 263
279 325
149 394
409 103
157 197
201 100
13 354
227 483
491 325
68 248
120 42
306 498
20 225
199 345
115 449
65 233
58 267
13 196
300 59
108 423
375 309
163 309
292 241
66 243
343 135
29 486
484 315
392 335
32 356
158 92
177 147
266 75
271 235
146 280
55 423
232 254
63 430
171 248
343 207
342 90
428 186
353 372
59 413
121 246
190 444
91 279
354 367
454 358
490 478
401 100
206 45
327 486
234 121
328 351
441 77
115 22
394 221
486 468
66 306
250 108
239 256
475 193
403 446
424 429
381 393
290 177
163 87
208 118
469 397
326 388
411 262
483 441
262 305
463 470
430 180
437 65
259 21
467 264
194 14
408 243
421 75
15 50
168 84
334 75
464 137
399 160
454 375
32 235
57 216
396 496
413 339
360 185
450 172
39 180
423 496
423 299
349 196
133 438
14 18
7 467
479 330
205 407
494 433
1 237
85 51
390 250
287 499
23 250
430 237
85 414
213 206
402 9
299 63
433 35
354 165
495 440
199 334
119 52
142 193
244 121
371 227
78 486
89 158
248 454
368 19
77 185
46 434
497 480
367 198
363 282
222 222
408 211
263 422
115 379
0 257
485 212
198 223
234 415
221 287
159 334
371 90
24 88
420 418
116 373
7 288
362 331
394 229
3 122
1 10
267 471
183 354
77 252
20 233
373 163
349 241
183 384
472 221
139 59
284 245
33 107
438 291
373 247
369 333
343 376
347 370
224 110
215 382
468 154
169 87
328 341
77 19
240 364
423 401
146 379
486 208
351 31
278 276
109 224
101 499
222 304
267 448
183 298
452 482
69 151
344 122
141 249
113 421
174 381
112 37
97 173
204 450
78 448
25 335
334 40
344 126
426 408
207 111
445 109
260 159
133 366
116 456
377 126
359 229
118 404
77 471
273 67
368 281
116 352
392 393
371 303
211 88
200 149
259 418
430 497
364 371
328 63
190 480
61 57
461 49
373 32
451 38
172 498
350 319
64 140
443 94
183 287
437 7
277 235
84 196
419 207
123 448
280 99
157 165
66 194
78 470
9 291
290 29
201 33
173 492
87 265
405 117
476 122
209 342
390 253
313 293
94 161
261 288
453 374
420 270
240 371
163 498
28 101
134 453
445 229
346 160
277 384
358 251
445 105
358 67
213 335
497 23
311 307
33 110
380 264
136 454
452 472
426 151
104 332
61 412
72 401
138 260
363 201
306 496
416 309
496 17
40 481
288 345
455 204
468 173
127 187
160 456
107 432
264 86
350 63
465 178
290 423
124 455
451 153
314 283
300 219
200 311
8 192
396 488
14 464
151 217
173 493
425 163
101 133
48 42
72 452
375 365
320 362
367 499
134 272
491 34
197 434
127 192
32 205
169 23
240 46
392 173
336 266
251 169
63 438
390 299
165 135
349 117
468 485
109 217
251 103
37 101
145 448
153 16
392 177
76 175
200 484
250 320
489 36
326 353
153 53
40 68
185 170
155 390
107 154
109 265
218 210
10 146
15 363
392 15
190 407
391 320
140 390
279 494
347 482
387 457
26 0
170 427
317 211
217 178
295 276
486 326
325 13
228 496
364 340
99 120
293 54
297 490
484 285
267 428
385 184
36 154
82 411
475 207
237 251
28 44
371 32
397 366
215 48
388 125
245 79
485 487
329 390
176 282
62 166
350 295
450 448
211 386
445 384
135 186
83 182
66 15
382 306
354 463
88 97
176 94
433 186
76 161
296 262
428 104
400 358
158 130
17 202
438 370
408 314
497 425
441 491
297 415
379 175
272 3
97 319
357 300
313 30
145 286
390 461
320 425
56 142
344 330
200 425
239 282
208 461
304 88
4 1
176 454
457 235
406 300
100 407
289 264
50 265
227 434
212 292
435 399
229 120
45 131
414 430
243 136
77 474
327 47
1 81
168 3
155 459
218 74
190 255
372 7
442 92
385 99
498 6
126 320
451 228
10 23
159 217
43 105
152 236
169 222
225 154
465 189
264 380
487 183
190 306
399 360
311 484
490 284
456 310
390 468
491 259
329 252
209 3
91 372
95 361
367 261
302 172
405 184
219 66
225 244
456 262
246 124
408 268
430 89
409 216
475 172
276 401
404 304
29 485
346 347
460 476
0 66
250 263
181 405
2 322
84 406
30 458
226 182
271 290
6 8
180 181
434 334
490 456
293 190
37 19
347 140
58 498
113 348
105 160
482 294
201 107
66 66
249 83
374 144
153 372
405 232
418 333
142 191
381 409
280 435
427 271
121 128
476 485
146 234
380 433
41 480
47 81
17 107
251 148
372 391
475 256
90 278
469 394
155 84
19 203
326 435
415 299
284 447
33 243
177 282
263 413
495 218
177 162
310 364
107 280
37 182
312 82
328 479
63 134
337 335
271 434
233 163
462 38
282 370
152 495
408 459
29 415
77 255
119 206
338 239
422 226
161 375
206 86
220 341
177 269
56 57
72 300
338 289
159 386
233 472
431 312
79 494
101 312
18 9
100 73
299 209
84 22
109 312
6 291
412 181
91 35
335 468
258 163
402 25
498 269
433 135
129 281
94 13
374 231
304 464
173 474
349 455
120 258
401 310
491 126
161 165
134 82
98 348
373 244
13 0
487 223
5 447
312 117
200 99
415 186
12 356
311 89
199 361
23 283
409 100
265 15
97 422
270 251
495 195
47 496
219 361
308 35
4 76
27 472
158 204
60 443
32 22
236 223
7 231
183 259
274 268
191 300
52 224
419 313
309 399
260 319
354 381
309 68
392 358
414 337
280 50
425 474
197 164
395 161
420 56
325 430
230 47
271 16
181 134
34 42
361 343
224 146
67 67
277 385
222 459
362 191
17 354
18 287
448 67
123 265
195 220
119 448
316 278
264 390
433 498
341 298
297 146
66 417
302 364
323 343
35 377
231 185
472 52
471 250
367 272
345 95
43 415
193 464
207 212
210 309
460 492
138 403
172 257
121 204
400 474
203 444
130 435
339 435
37 454
227 311
258 404
319 424
388 301
365 364
174 95
87 75
330 134
391 78
134 2
329 12
308 34
469 32
467 438
393 161
324 356
261 472
396 82
235 432
297 284
232 101
28 323
309 319
249 211
213 52
416 384
418 42
75 224
15 240
253 394
251 408
232 77
11 364
296 128
264 98
51 445
120 496
168 432
143 429
481 269
153 356
251 397
474 72
164 178
72 489
249 417
346 175
39 481
461 209
307 188
133 225
74 359
143 254
183 94
363 286
494 17
266 369
293 245
423 240
229 457
374 348
23 330
311 220
429 415
103 272
350 88
299 88
342 424
370 442
228 378
395 85
454 223
320 13
254 247
204 244
444 335
166 430
2 467
234 329
102 283
372 337
426 304
228 23
466 120
498 450
35 46
121 245
259 342
441 442
38 365
52 498
428 482
301 218
48 283
66 388
225 2
306 290
314 3
476 386
336 132
30 474
72 223
417 152
446 183
400 359
357 484
318 452
171 285
68 471
359 71
73 487
277 85
440 379
117 443
75 416
243 453
28 106
110 167
202 446
305 56
392 102
54 14
299 210
181 77
148 220
59 41
478 73
452 336
132 270
39 421
226 59
17 134
301 255
53 127
35 3
105 210
224 427
137 11
89 375
447 171
64 237
311 6
343 394
164 115
389 327
386 203
337 115
222 404
31 490
493 275
485 67
346 450
314 61
437 484
7 403
492 384
391 423
317 155
123 86
413 481
37 12
127 151
55 226
217 350
477 439
358 62
365 463
376 204
40 179
434 165
402 47
470 426
82 293
231 139
121 205
69 496
147 10
88 196
398 55
494 157
72 376
191 204
408 437
468 67
233 449
348 402
180 135
280 171
310 114
319 363
211 283
145 240
437 358
265 234
391 335
211 111
315 463
252 254
322 224
25 72
326 407
42 373
396 7
121 174
37 207
342 293
33 248
458 488
74 322
10 76
187 317
281 73
328 3
79 385
310 150
57 104
329 136
143 451
477 78
137 265
410 366
466 479
319 443
118 276
352 393
211 128
201 40
395 344
81 29
31 474
430 391
28 440
243 111
41 171
288 220
86 178
10 50
494 404
181 329
75 112
92 33
73 138
482 293
175 320
146 415
307 206
147 428
392 187
210 390
463 433
112 351
401 401
306 122
451 247
359 487
20 378
16 451
97 446
266 350
266 272
478 265
193 425
112 477
220 85
19 174
25 183
84 131
105 427
174 390
229 408
287 386
189 250
48 303
154 286
410 166
431 420
197 389
218 477
62 309
335 438
121 433
416 361
288 58
300 21
430 314
52 30
132 217
372 242
380 180
198 26
298 291
180 482
459 495
156 398
189 373
159 492
353 310
220 75
449 493
159 21
403 379
448 212
454 387
419 320
199 186
477 117
99 497
345 9
408 410
284 353
345 449
259 443
370 50
395 332
205 319
50 407
119 108
495 498
171 425
111 414
383 222
71 89
98 483
393 416
122 358
307 29
472 467
370 419
103 343
14 117
24 308
268 65
415 143
420 263
29 86
160 32
473 412
247 232
0 423
134 493
22 122
90 293
64 347
42 312
429 167
327 408
473 306
449 95
210 389
327 222
106 239
4 488
220 431
354 103
448 220
343 340
134 323
170 285
449 50
218 64
472 378
184 45
493 298
187 486
60 203
295 366
354 166
97 151
254 426
499 303
144 203
26 342
479 130
180 48
464 428
158 250
296 288
86 195
181 141
344 125
492 93
259 139
142 346
125 356
11 397
452 124
318 155
137 330
230 297
77 318
68 194
334 235
282 216
357 421
46 463
56 202
193 38
237 167
375 336
85 362
338 387
394 389
219 156
305 32
202 301
495 382
469 270
487 329
102 252
67 344
398 149
39 476
143 444
280 128
490 371
258 217
106 180
336 4
388 177
478 141
375 90
361 325
6 345
449 200
396 109
110 16
344 295
239 1
130 340
211 371
440 472
153 321
177 46
223 489
483 66
156 53
378 358
55 17
217 384
345 4
373 114
261 307
309 69
409 352
223 439
263 472
293 163
61 416
258 471
37 136
189 241
451 45
63 67
303 7
363 132
98 1
308 88
10 359
63 117
408 419
244 138
153 24
440 389
212 214
350 50
291 101
147 391
310 95
102 62
194 114
467 317
258 145
4 275
245 268
39 68
58 5
29 283
173 212
426 322
372 237
339 129
20 16
111 486
48 331
297 65
234 94
239 264
391 492
112 96
16 488
494 152
287 74
286 375
49 312
50 213
342 422
438 389
227 214
45 401
466 275
369 194
310 200
45 109
205 202
42 157
161 221
295 36
264 449
113 434
147 313
87 15
256 341
55 377
278 483
258 453
499 96
297 480
89 310
12 194
351 146
219 54
443 13
314 366
300 59
224 279
295 299
140 164
41 51
35 48
353 172
120 145
125 352
162 417
463 66
64 26
433 315
180 135
2 228
287 494
125 154
306 363
27 420
324 298
346 69
93 211
356 51
404 213
483 334
252 418
445 446
261 317
452 378
106 293
287 306
313 245
108 265
185 119
417 136
57 9
72 116
19 2
215 429
115 423
194 50
497 367
36 139
369 110
404 341
499 327
424 43
308 164
283 384
20 346
207 53
21 429
431 280
61 392
168 499
49 28
395 362
353 46
9 284
477 74
253 265
308 476
141 177
61 469
315 276
181 434
363 374
154 54
447 147
146 67
95 115
477 195
94 343
127 330
256 455
220 104
432 9
186 28
349 73
202 99
33 16
391 383
290 249
396 397
465 237
352 394
89 412
255 181
363 35
490 234
190 119
128 210
91 123
48 166
265 292
309 250
486 299
400 200
449 276
365 296
190 414
327 69
250 131
19 434
169 465
84 361
424 359
482 64
230 15
159 383
133 495
146 468
20 471
99 46
194 470
384 316
385 236
220 63
498 487
452 239
100 167
378 36
100 24
391 361
244 182
30 51
371 229
53 176
75 392
214 4
321 121
358 450
14 58
46 78
317 364
383 498
387 269
146 261
474 487
22 389
292 70
152 52
228 164
408 205
61 155
277 122
72 234
293 135
65 438
302 339
337 234
355 185
299 224
64 1
243 273
344 86
138 35
51 496
53 218
226 311
285 114
349 3
490 210
148 494
333 407
141 303
340 22
99 496
350 139
413 163
101 93
480 257
105 91
161 32
195 158
124 387
242 481
43 325
319 232
491 191
346 4
27 132
481 187
326 478
141 331
424 239
348 94
185 256
140 305
315 346
86 336
169 440
117 328
413 212
255 289
145 404
37 102
289 24
2 370
201 467
59 495
89 477
233 407
65 126
325 374
62 380
172 411
239 231
295 290
431 152
57 50
152 76
101 446
316 293
261 103
451 369
346 320
79 40
19 431
305 144
377 344
255 367
450 49
191 494
499 245
148 122
51 408
354 152
446 152
107 22
391 59
379 58
451 89
20 310
307 470
314 326
45 184
233 69
415 348
445 425
399 414
174 93
246 450
454 28
402 192
103 414
472 145
234 334
144 275
245 255
433 303
487 411
480 330
30 73
350 248
14 476
69 249
52 189
69 315
359 358
272 324
469 462
296 97
372 56
163 293
96 118
29 96
278 436
9 362
462 309
285 211
312 476
17 206
22 216
75 439
263 233
48 347
444 232
288 196
489 169
287 451
399 438
374 168
382 30
191 235
446 344
173 476
34 110
327 42
481 408
142 402
101 96
329 190
238 398
67 469
273 228
166 206
226 172
54 392
479 109
305 245
73 277
387 330
373 108
16 214
468 206
303 10
52 70
468 132
453 291
371 387
93 226
251 37
281 319
280 305
51 260
37 86
416 476
84 424
491 141
348 453
315 459
381 151
135 368
11 201
88 88
167 382
271 33
205 418
75 52
164 485
423 478
455 201
477 340
481 391
344 468
280 329
332 160
380 161
215 467
408 391
273 303
189 75
493 396
448 394
231 420
399 112
165 155
495 354
245 142
463 328
10 442
454 95
256 342
162 186
77 323
127 70
145 202
450 168
62 490
410 398
362 145
300 161
15 379
21 147
476 113
407 336
431 338
180 213
399 40
363 194
264 328
382 342
10 261
103 332
82 424
70 366
27 444
323 370
18 395
8 196
33 346
184 267
480 316
356 216
411 379
207 220
62 175
289 441
273 425
349 392
110 355
151 419
142 138
33 326
22 160
6 393
160 407
76 42
258 140
19 432
152 169
197 78
19 67
492 338
82 144
499 341
113 193
331 2
328 255
267 216
109 202
462 125
167 269
409 38
470 277
447 280
210 475
394 496
334 81
225 386
79 416
109 76
78 44
151 440
156 406
460 418
395 117
386 422
460 62
340 147
279 283
110 139
135 489
422 4
390 469
385 147
223 321
366 347
139 301
59 17
288 296
413 20
294 183
98 152
299 255
390 290
429 79
420 0
4 416
385 343
342 246
67 122
469 66
219 285
155 109
257 131
151 295
330 22
174 297
52 428
218 326
257 442
294 499
415 29
372 298
44 152
127 215
133 464
101 96
57 204
335 108
403 166
41 338
136 234
14 67
393 40
335 233
84 2
32 129
428 352
4 404
471 324
288 131
80 456
13 242
350 489
8 348
39 254
340 49
116 27
67 354
439 362
364 254
384 376
228 396
153 164
488 84
68 476
433 129
223 0
489 446
146 73
179 349
398 37
64 19
226 367
229 484
238 17
393 93
490 474
138 121
206 143
471 479
460 126
126 404
202 183
108 467
317 201
238 288
159 67
434 155
491 237
255 163
257 229
56 148
122 99
94 46
25 180
306 65
470 337
372 432
399 24
77 481
121 216
284 316
323 132
370 70
234 314
395 125
125 491
442 451
498 247
279 36
101 375
213 85
17 71
448 437
418 269
485 25
193 391
24 121
192 368
182 246
223 278
121 78
381 348
448 63
99 379
255 227
313 200
124 320
257 182
451 72
449 28
419 289
262 495
363 295
41 454
84 46
476 264
465 205
268 357
89 413
492 367
68 196
16 305
340 192
116 125
153 291
80 65
60 425
220 343
149 424
322 262
26 234
439 150
359 491
256 208
75 448
144 249
406 495
187 12
490 246
390 303
221 143
68 322
165 281
57 141
403 167
253 379
381 281
125 192
252 241
189 381
482 180
175 186
50 389
487 215
18 40
36 229
52 239
373 104
245 69
236 430
162 0
134 489
34 43
284 259
492 138
318 326
364 475
216 494
209 414
455 55
285 79
171 343
447 337
406 44
326 45
397 495
484 340
236 31
290 370
9 372
50 135
110 179
173 414
329 178
233 234
166 136
479 18
207 337
233 278
175 466
461 411
104 425
456 297
168 340
64 99
234 29
208 115
29 196
374 234
320 210
198 459
330 486
175 177
308 37
3 408
172 335
260 316
114 276
468 217
168 134
163 384
499 402
450 223
457 381
91 176
135 278
116 290
319 317
355 292
52 479
315 210
379 76
204 75
292 493
127 172
409 312
66 142
365 408
289 16
192 175
305 233
375 180
497 421
65 46
26 204
267 118
46 341
416 146
139 251
275 61
373 118
112 184
93 440
308 329
4 234
319 1
33 309
83 194
241 30
235 148
118 267
460 354
0 165
416 376
437 491
461 191
376 163
103 73
402 321
407 263
264 259
420 227
421 149
180 355
4 14
133 267
121 474
139 93
322 121
464 407
451 111
274 425
498 179
0 229
493 252
363 407
134 109
259 136
491 408
274 291
58 495
322 408
353 31
152 461
221 175
287 468
393 172
351 413
143 243
347 351
110 488
449 211
199 97
5 208
499 190
38 131
39 409
440 360
321 245
420 444
412 394
66 59
473 157
400 417
120 468
308 100
163 83
180 257
318 362
52 37
168 169
79 90
450 60
305 19
464 124
18 77
137 228
386 437
206 462
282 286
386 179
262 442
199 49
411 442
331 369
39 316
406 499
59 118
137 209
333 216
294 453
182 203
140 431
245 68
206 347
26 27
321 445
494 288
82 372
242 258
74 265
264 281
399 332
41 176
392 388
194 226
430 186
469 228
296 422
269 214
93 354
299 147
287 414
287 146
256 369
134 381
162 182
14 251
279 413
153 408
134 171
210 199
427 416
339 179
246 75
430 108
108 339
106 229
227 395
265 245
126 483
165 251
354 140
405 180
440 133
305 58
258 426
343 367
46 185
261 182
142 292
484 43
124 250
146 90
187 352
187 263
366 165
305 353
385 221
206 210
120 325
251 363
230 378
416 446
480 277
421 29
72 123
225 405
347 48
252 223
486 34
199 440
145 205
278 356
66 30
207 484
348 187
417 310
257 78
207 185
214 89
212 129
386 138
187 290
13 234
120 291
231 352
57 172
380 376
258 335
171 299
338 465
128 19
450 255
441 237
326 9
490 7
146 391
181 377
463 185
476 46
398 435
459 60
288 307
494 340
139 47
364 166
37 477
84 492
81 339
201 25
385 408
151 191
420 383
68 332
230 235
23 396
308 481
140 482
174 97
144 135
153 313
142 360
205 42
234 227
104 286
194 435
478 341
224 197
381 251
338 144
393 112
445 361
196 201
150 85
72 370
36 294
7 225
120 178
257 212
498 206
493 214
407 45
242 471
74 132
276 124
88 413
126 21
223 33
118 322
193 373
20 191
268 81
111 27
91 240
446 369
435 89
134 439
263 342
326 229
205 337
102 455
476 293
326 229
403 51
425 444
487 96
177 297
176 256
496 289
10 267
356 295
234 297
491 343
424 497
187 170
125 129
422 141
370 101
153 248
44 274
222 430
79 384
140 252
393 255
22 488
283 255
404 230
425 370
367 247
417 349
478 406
48 394
496 252
0 418
44 1
283 397
281 119
223 362
469 273
113 468
223 343
425 249
119 479
226 351
52 338
245 496
390 31
135 293
63 386
239 136
385 460
431 374
88 18
143 154
122 57
400 256
357 197
176 326
29 476
167 254
250 81
464 412
57 141
379 100
88 120
432 471
345 325
343 363
369 434
491 486
94 343
40 244
422 452
280 68
175 451
384 447
211 425
66 201
153 268
241 298
269 93
418 173
389 114
400 113
451 258
102 244
488 397
349 494
63 410
213 482
281 238
15 449
2 493
261 434
232 7
100 354
28 1
467 370
483 417
27 368
112 286
184 129
124 452
214 33
367 39
129 279
228 149
142 144
78 83
90 255
110 162
15 191
413 490
259 483
203 397
183 286
268 167
471 219
253 392
283 185
464 472
121 412
56 44
479 115
223 487
149 70
113 185
27 165
0 26
275 286
424 55
74 311
30 192
436 45
230 135
108 219
483 46
90 81
49 392
379 70
492 124
161 380
397 105
483 188
326 397
304 259
422 250
295 378
423 452
88 231
303 5
51 48
481 286
178 494
416 30
154 409
290 408
365 315
355 39
289 200
311 181
284 93
472 233
186 79
162 247
253 126
26 317
104 304
298 7
390 134
396 214
474 44
212 186
77 191
392 67
101 366
460 203
289 385
316 284
31 475
453 330
148 284
89 331
338 104
90 239
306 228
125 486
24 132
324 189
108 102
468 68
271 61
446 428
212 60
387 114
445 96
380 192
23 445
401 469
61 214
294 491
478 367
499 271
460 354
456 175
243 421
482 277
205 367
427 281
395 270
218 167
211 192
489 98
420 87
301 390
382 481
348 447
219 212
66 199
375 31
452 23
300 118
485 435
216 357
479 265
284 463
8 197
148 495
82 497
240 68
49 235
183 122
186 249
448 402
433 252
127 175
146 238
173 279
489 131
248 241
56 320
370 32
380 64
414 18
86 462
198 154
128 135
236 381
135 314
66 184
212 420
10 46
325 358
489 35
276 314
487 90
474 185
249 357
375 354
317 163
169 461
448 367
100 297
111 184
220 87
7 30
76 432
290 18
405 401
68 132
222 182
367 55
412 196
51 468
484 287
100 220
87 153
451 48
84 39
126 414
444 304
237 485
3 20
274 379
11 409
443 194
101 85
134 162
482 365
4 37
257 466
472 104
4 196
235 275
189 88
392 361
346 134
6 481
361 202
463 132
178 224
310 258
272 279
144 444
481 254
73 148
104 90
138 45
320 108
196 373
86 9
495 441
422 284
338 354
486 135
360 153
411 165
296 22
466 35
290 293
441 299
241 363
260 46
6 379
104 80
441 55
496 190
326 437
143 270
406 165
170 481
498 266
140 434
469 295
88 106
257 111
474 381
279 498
229 86
166 286
341 333
375 108
397 337
107 201
218 40
373 365
483 389
323 372
167 123
81 292
256 255
488 338
188 230
169 268
54 417
102 335
295 247
436 477
179 44
436 395
261 249
138 310
182 244
220 313
458 201
308 301
492 214
296 296
64 180
450 465
153 470
217 52
30 300
345 153
49 61
162 133
295 162
258 301
466 477
178 478
280 276
490 486
135 124
304 139
104 199
22 106
159 109
410 91
245 41
454 107
240 146
160 116
269 36
365 418
397 236
12 396
234 29
153 355
494 369
421 309
416 450
60 443
386 427
468 470
429 131
129 422
390 21
57 141
60 160
396 275
171 309
338 260
115 257
127 343
152 461
412 400
195 420
347 472
294 81
65 167
441 223
96 46
188 332
492 6
281 248
57 240
0 304
61 247
90 468
429 40
440 94
15 341
165 487
69 214
382 459
34 486
32 323
155 131
137 220
320 499
239 270
74 229
328 240
60 487
28 418
365 489
183 320
308 232
446 348
160 229
215 328
152 46
177 99
172 159
159 166
436 492
74 398
490 362
350 402
173 402
244 230
50 38
270 427
127 210
291 216
397 287
186 6
458 401
60 215
382 130
474 71
470 170
385 48
303 312
215 87
317 476
366 459
238 219
282 136
204 217
5 73
432 101
2 43
258 390
372 415
486 492
163 198
247 308
473 400
487 402
378 40
351 156
227 244
232 89
306 9
435 436
390 163
206 367
109 244
11 317
309 333
31 498
158 324
224 278
32 131
171 211
219 410
6 22
463 447
456 238
27 122
137 391
110 269
13 196
13 71
404 25
375 322
147 436
66 33
17 371
435 99
9 188
63 6
453 16
106 378
352 262
5 133
402 490
186 116
187 268
145 199
373 444
380 20
405 20
244 446
397 274
463 31
37 407
275 378
108 343
105 233
367 461
451 462
430 121
241 489
188 470
414 386
258 413
434 294
92 16
290 30
413 490
249 105
335 302
145 376
109 444
405 102
65 328
450 208
197 495
317 43
430 237
150 231
377 40
408 436
318 470
312 199
304 231
34 61
437 492
436 31
134 398
227 193
253 199
46 29
72 450
187 364
447 2
395 189
126 325
147 303
354 444
28 459
372 11
3 62
93 161
59 291
484 79
130 286
315 237
39 177
393 388
242 78
267 192
17 489
145 245
42 164
475 499
10 70
484 347
8 13
304 429
9 420
206 140
229 139
168 374
114 268
346 413
106 208
50 466
63 475
492 195
194 105
175 467
167 205
70 11
441 27
447 375
15 450
89 6
232 245
365 110
23 198
406 64
30 129
105 456
3 445
51 97
416 198
255 78
90 83
463 325
200 31
481 410
268 68
165 422
32 0
198 30
446 408
37 457
265 328
274 494
443 269
319 325
403 212
147 74
251 493
24 110
373 452
372 357
132 141
494 389
419 164
72 44
353 218
46 462
308 119
240 320
497 104
316 411
485 253
246 463
426 236
40 123
332 299
292 264
153 464
481 138
35 425
143 405
219 388
359 41
214 380
484 451
362 211
316 152
115 199
288 63
38 393
44 180
445 222
39 189
179 450
375 20
277 214
455 370
412 497
377 314
118 126
189 213
365 480
32 6
421 480
226 320
352 311
33 270
311 297
100 72
444 491
205 475
346 222
71 12
327 110
88 448
161 297
277 129
135 26
358 161
333 408
71 436
59 186
335 105
29 370
361 435
263 326
48 419
431 461
71 119
419 110
407 11
140 432
458 37
198 128
388 168
105 32
70 460
417 164
386 405
341 446
272 248
19 104
417 172
291 450
61 488
499 62
494 320
209 491
119 304
325 408
292 8
320 282
298 362
119 237
183 184
432 312
268 308
480 451
254 185
173 124
186 167
487 24
368 33
337 49
309 339
199 14
296 101
315 19
256 94
279 286
99 292
100 63
367 367
53 432
408 473
140 78
103 447
480 479
28 323
162 169
184 337
290 362
381 332
427 105
244 490
282 58
121 343
210 234
166 340
313 263
194 75
22 305
285 149
472 354
23 313
3 134
348 59
392 293
251 230
220 171
229 495
338 354
88 202
43 400
16 106
33 208
14 210
359 55
261 151
464 331
317 137
196 319
113 166
248 440
111 216
211 468
174 340
43 401
301 262
368 438
498 169
379 402
309 12
163 238
421 423
60 480
299 91
257 256
49 264
480 5
325 160
1 43
444 499
113 396
186 98
267 481
235 184
49 499
89 397
320 64
44 363
454 380
488 196
312 211
68 37
198 145
188 245
244 51
299 485
83 209
190 485
21 202
201 278
175 70
135 143
6 495
227 31
79 460
23 215
105 392
37 443
188 155
58 77
62 284
493 357
194 497
52 35
313 215
286 253
248 340
187 273
304 254
214 414
482 236
480 89
32 87
94 369
446 72
356 152
9 361
358 201
237 203
270 410
16 402
243 56
181 264
19 282
49 338
74 85
27 31
470 54
423 59
132 416
68 221
82 340
42 429
132 441
203 131
33 254
311 219
336 128
263 344
182 207
292 312
195 108
162 171
231 17
433 437
11 215
407 1
430 93
386 301
432 414
168 442
161 318
298 331
176 349
56 61
373 210
319 201
372 420
437 481
271 455
170 370
371 282
227 430
231 153
67 466
408 16
334 88
419 421
271 132
194 447
158 327
28 419
340 477
310 401
356 277
0 433
67 379
161 223
377 295
113 392
260 296
384 21
442 94
79 156
455 65
393 273
44 113
442 273
174 236
14 253
186 383
114 14
237 106
401 275
19 466
263 366
239 280
374 499
7 181
99 453
78 463
76 492
265 475
211 19
124 292
27 225
91 162
268 141
416 181
499 21
387 287
67 262
114 126
160 294
247 121
84 259
103 178
153 13
384 220
12 364
442 8
170 391
32 385
418 439
312 300
88 418
32 200
178 155
449 498
120 338
449 49
79 56
421 52
273 84
448 305
165 137
381 242
480 188
479 413
214 250
168 291
491 302
309 53
51 170
360 111
160 23
432 310
214 239
323 205
11 339
329 123
218 28
216 210
123 50
300 195
487 189
343 321
226 330
352 5
116 129
5 65
375 276
367 289
494 441
281 42
17 357
386 110
172 87
489 102
150 147
337 142
463 489
319 32
37 41
170 24
89 153
281 175
316 316
257 0
394 311
20 390
352 264
351 406
361 24
172 193
335 363
352 361
393 298
191 23
47 283
436 361
389 488
304 70
70 205
368 414
304 465
81 389
147 9
33 432
477 360
223 57
270 312
110 75
451 16
299 301
15 498
339 87
157 256
461 143
409 80
397 182
423 214
75 478
262 70
431 108
18 240
52 6
82 140
156 15
168 385
383 307
395 35
291 222
218 404
336 105
287 127
193 233
63 62
132 268
229 178
418 415
422 99
239 322
189 356
241 248
55 358
245 476
51 450
207 37
142 121
100 43
129 281
343 294
414 192
370 327
95 495
446 140
315 17
225 186
434 4
214 318
294 341
292 460
497 197
318 499
394 491
124 419
65 23
216 319
146 331
327 438
431 241
110 125
163 246
250 187
5 449
291 465
425 152
349 435
286 274
265 20
439 180
204 241
60 4
187 272
62 206
300 14
492 493
239 262
302 155
105 490
307 307
311 248
183 84
358 161
181 469
149 475
216 472
328 205
477 276
334 15
382 392
385 486
101 374
381 125
467 403
62 486
86 126
210 374
387 269
90 68
395 68
392 240
297 463
91 220
235 127
19 425
264 469
343 404
381 217
120 225
63 200
326 182
408 150
271 388
308 295
215 362
454 203
166 107
327 251
378 257
35 415
384 249
154 151
368 80
305 387
440 488
22 220
222 118
7 431
226 494
208 315
371 442
401 162
413 37
147 81
496 144
393 182
333 232
164 399
139 201
41 321
42 431
49 415
346 264
110 408
224 425
219 318
332 447
484 120
201 98
242 131
165 49
134 487
239 350
403 298
120 378
309 444
212 14
130 210
119 410
335 241
411 195
142 406
379 244
342 478
462 80
482 436
275 127
478 468
118 14
392 381
178 90
104 53
116 390
300 235
328 235
282 488
394 239
335 424
254 273
206 29
465 216
344 40
360 241
255 322
55 478
69 0
405 233
123 173
260 21
108 276
116 88
180 390
166 362
488 15
45 421
137 194
86 362
103 481
155 446
276 211
63 63
296 345
371 320
194 272
400 483
72 302
193 16
378 104
119 211
132 366
412 16
379 270
103 498
296 334
397 111
174 73
270 312
133 322
94 141
125 327
481 346
362 49
153 26
238 241
459 124
141 222
492 372
222 372
58 448
411 19
444 456
268 437
259 214
356 253
432 206
52 333
382 414
292 267
360 387
11 30
253 319
191 4
228 97
397 266
285 287
243 160
97 229
295 363
469 209
267 3
336 401
167 171
438 70
309 460
342 298
470 173
177 95
45 161
279 406
45 442
455 64
145 288
3 52
261 293
296 472
226 28
200 133
55 393
205 490
141 365
38 48
495 111
124 67
325 392
187 404
468 370
10 142
46 466
259 366
338 308
188 55
40 64
310 240
83 448
165 367
267 224
335 55
474 115
7 459
363 300
22 46
188 184
150 385
251 235
395 261
168 441
6 435
28 209
9 168
387 111
187 174
229 155
122 22
333 55
355 129
28 197
381 230
115 216
303 383
144 218
159 50
486 164
373 17
37 366
329 234
408 425
432 16
390 489
45 54
183 223
420 252
334 211
280 153
388 301
19 435
486 384
49 179
48 472
190 274
9 86
11 19
35 269
111 443
497 425
0 156
260 32
96 273
426 95
396 228
163 167
51 416
447 149
473 452
227 495
81 163
182 88
357 444
387 69
346 468
476 236
269 347
120 237
184 217
445 398
417 80
348 108
258 469
421 147
495 231
395 0
88 428
373 429
499 298
266 112
349 345
44 243
332 118
335 16
415 16
448 280
388 332
153 149
148 498
230 427
279 143
72 477
406 368
166 445
409 405
103 284
379 258
376 499
16 63
79 63
195 283
467 380
381 436
434 473
400 29
173 16
493 31
399 97
394 400
157 417
54 303
62 112
112 433
497 290
206 480
115 428
160 401
189 82
55 41
423 476
492 307
191 96
45 338
90 90
360 439
242 247
212 414
199 156
299 324
156 48
477 5
258 271
205 489
383 448
276 113
272 306
402 268
458 463
406 299
238 48
148 266
32 332
341 360
36 83
132 140
145 192
315 461
450 403
203 20
133 333
139 479
100 406
369 393
192 58
459 275
393 282
467 107
467 425
361 308
448 3
47 493
454 93
348 362
382 256
442 52
383 368
274 433
327 335
394 143
271 371
6 353
312 164
442 473
281 279
282 303
148 229
174 181
43 102
210 22
426 277
145 152
86 162
497 419
415 265
488 391
96 38
54 346
319 408
39 496
151 452
33 173
354 299
253 207
82 249
27 316
468 8
170 24
296 406
23 20
263 63
101 364
210 360
120 155
4 30
334 12
185 7
307 368
75 392
141 412
228 157
18 20
45 49
307 40
60 341
404 183
47 324
36 357
12 109
491 8
20 368
376 326
194 58
450 35
299 121
131 91
112 28
429 149
41 9
350 88
271 454
130 106
315 170
280 18
378 327
48 271
97 251
309 424
311 143
265 259
202 110
490 396
397 166
175 271
360 438
244 377
335 483
154 374
244 150
330 434
57 123
374 378
154 155
298 183
294 317
427 415
311 348
15 270
41 208
499 42
272 401
385 243
118 459
110 391
177 214
337 292
22 234
241 211
246 176
345 392
307 392
241 272
394 119
327 108
2 436
189 326
422 274
234 74
317 392
106 196
488 494
229 444
7 10
38 470
362 254
146 383
7 170
141 239
347 402
338 320
499 350
476 27
454 421
313 62
258 123
118 419
215 246
256 347
169 223
329 294
29 384
54 327
67 37
291 47
367 266
116 129
8 366
287 445
7 314
438 100
372 266
364 408
107 87
162 473
267 276
160 491
319 149
186 66
113 238
4 477
458 481
347 473
418 318
485 487
87 277
395 275
35 311
251 260
233 142
418 413
257 352
1 431
349 428
18 39
368 463
296 22
347 178
349 143
482 117
395 186
461 422
233 142
402 496
490 336
102 487
192 260
191 359
139 45
85 41
356 157
31 305
484 152
147 231
348 185
371 130
52 95
238 332
180 137
474 492
332 170
282 76
287 24
69 474
367 426
435 6
312 75
79 318
49 148
333 226
208 398
345 204
388 260
250 435
428 420
442 224
300 112
136 224
50 87
365 57
64 269
344 152
470 376
376 423
2 20
270 209
265 210
323 467
403 5
425 73
149 183
295 219
295 449
388 431
488 346
115 105
257 404
132 312
87 227
99 8
69 89
152 221
189 334
191 475
400 444
127 116
187 49
350 422
205 483
329 238
343 45
450 296
460 452
179 82
91 48
137 131
352 12
347 289
116 393
337 38
7 16
65 316
90 46
29 267
5 295
193 210
7 200
152 143
77 467
367 184
167 20
33 5
146 371
117 232
122 263
131 454
123 129
176 49
316 213
361 57
268 322
374 54
49 127
94 379
415 478
499 462
319 82
453 384
116 317
80 70
377 238
220 64
113 352
65 248
305 429
103 278
184 73
200 330
209 233
64 147
461 124
58 63
299 132
449 11
434 415
5 382
446 163
15 225
325 59
340 432
211 131
204 296
126 395
481 405
404 335
311 45
460 365
497 369
232 111
378 298
180 18
181 383
461 126
37 48
481 286
417 230
26 44
291 474
231 152
339 272
169 135
352 150
371 481
92 201
499 103
474 470
206 180
158 155
204 19
305 48
278 37
81 75
401 304
308 372
145 132
267 147
149 166
0 471
172 20
475 444
267 171
351 301
457 473
492 362
410 13
50 149
76 188
344 131
3 477
109 152
151 0
19 228
51 300
172 19
463 223
395 499
301 230
55 98
460 110
123 399
401 222
410 25
156 477
307 254
258 11
12 416
497 409
61 383
402 48
272 85
437 217
300 19
469 90
52 355
107 282
4 175
52 8
337 415
21 208
71 144
413 132
393 83
318 410
310 307
392 220
290 82
453 181
123 90
297 423
57 175
202 256
264 61
328 254
462 454
98 350
482 386
321 11
273 227
34 140
360 84
18 279
460 2
444 472
247 436
111 242
498 304
365 314
68 115
421 46
396 383
269 19
383 230
457 90
230 156
240 344
123 443
297 259
83 435
371 242
484 330
486 483
297 334
301 351
397 217
100 222
94 145
227 221
312 477
133 37
381 394
189 226
337 356
291 487
229 420
250 163
498 65
399 236
439 147
364 53
127 189
186 317
38 221
50 414
303 202
97 36
262 184
40 286
125 99
19 183
346 354
419 121
209 196
343 171
76 148
189 60
377 203
277 376
142 267
470 327
215 445
129 419
57 477
428 21
204 183
37 299
272 403
99 309
480 481
130 295
207 56
111 171
47 84
351 388
68 189
486 173
92 283
113 467
488 150
333 393
193 45
448 222
31 465
447 399
46 363
271 429
100 253
189 383
123 0
41 41
66 191
327 28
495 159
309 440
333 336
381 494
68 378
196 181
80 100
315 143
424 479
232 87
322 376
376 422
315 445
489 270
150 381
392 168
460 497
333 53
47 145
24 66
247 116
68 220
215 180
159 383
322 139
367 243
165 144
442 96
366 332
66 283
451 368
365 458
12 263
408 51
117 411
379 432
4 217
397 447
183 219
210 408
151 5
2 78
174 169
353 444
79 392
260 419
230 382
145 477
28 242
5 53
338 146
215 385
184 342
414 112
372 367
225 124
54 23
44 227
23 80
324 398
169 102
484 84
62 399
493 481
34 90
88 499
236 372
67 303
267 272
492 481
457 139
15 217
296 12
444 411
161 171
273 269
205 331
230 109
442 119
62 76
75 476
201 150
306 163
435 268
101 425
417 427
496 410
422 284
195 292
315 219
488 357
188 88
49 45
165 270
346 491
320 227
229 273
436 373
493 35
461 224
3 94
4 230
14 352
496 279
350 209
66 312
252 190
235 106
377 154
145 400
479 75
349 317
190 209
96 137
213 35
481 57
139 69
421 338
117 153
363 417
229 319
9 281
240 482
136 96
349 469
44 133
303 328
37 245
235 345
381 134
43 448
17 362
200 183
336 438
208 169
340 51
185 437
271 349
298 425
394 407
393 147
475 290
36 196
393 13
499 271
71 274
489 42
77 89
379 41
63 266
317 87
377 403
105 2
279 148
408 403
50 173
316 301
349 25
390 352
475 242
369 389
284 398
339 358
251 361
127 219
158 314
218 445
299 35
36 323
226 79
104 444
97 276
153 420
124 298
392 44
433 99
498 261
471 217
431 337
408 223
389 58
355 419
306 107
282 7
438 342
138 8
136 42
463 87
385 290
186 87
39 130
243 119
189 389
78 215
290 472
382 487
258 179
139 238
97 64
407 421
282 35
77 397
337 418
60 392
332 74
204 246
218 371
260 448
15 259
231 338
177 305
336 113
203 435
352 475
397 152
187 259
8 179
449 117
9 345
420 362
460 193
64 476
424 178
289 176
367 439
96 372
338 396
332 433
408 41
46 184
295 157
188 233
202 155
1 490
352 64
257 273
249 312
343 174
350 26
465 132
5 217
114 62
347 343
236 298
334 107
265 134
220 481
488 305
147 422
338 341
114 499
164 96
270 216
242 359
343 472
42 59
473 200
395 8
306 320
428 484
118 492
325 45
202 338
113 313
155 350
201 451
47 269
337 365
76 169
142 79
491 420
120 184
44 464
137 16
352 350
194 417
462 470
309 19
184 16
366 422
373 339
461 68
285 273
294 298
230 214
134 288
324 73
37 106
474 368
70 174
91 326
297 264
135 405
422 458
232 320
159 140
60 457
230 472
123 198
412 377
165 353
426 46
4 490
210 315
342 479
305 281
45 285
191 454
264 33
205 465
105 496
454 364
189 18
216 36
413 312
17 128
26 79
421 295
110 30
9 131
412 452
238 167
473 310
195 281
98 238
234 400
116 55
73 40
77 305
117 289
417 342
273 486
281 443
474 194
178 392
196 335
2 442
104 286
67 328
66 299
199 165
221 152
193 316
473 146
436 122
464 443
429 205
1 90
284 211
103 327
162 314
257 151
438 17
345 361
13 357
23 263
415 212
380 96
242 460
434 354
297 30
236 251
341 78
289 237
64 477
144 244
396 78
447 401
114 334
191 292
407 479
44 66
162 175
487 424
130 257
287 422
25 279
358 375
464 218
195 499
244 380
459 339
92 140
474 406
51 59
38 17
84 310
485 434
211 98
207 473
247 193
325 347
222 272
490 35
34 39
419 37
229 278
418 230
489 173
84 244
262 392
202 475
409 198
296 188
161 120
314 356
203 260
32 139
174 425
464 374
263 60
339 236
466 344
18 109
206 455
347 102
77 468
18 50
90 487
459 166
22 103
363 273
264 225
3 247
473 290
351 319
55 236
81 190
151 22
329 451
53 357
177 177
79 131
470 195
362 169
272 429
55 236
462 487
234 171
462 465
136 207
295 313
355 192
214 228
179 6
364 43
72 233
216 41
89 151
172 38
467 303
39 444
283 374
46 353
170 17
76 360
173 307
499 372
100 28
386 213
108 132
365 102
144 181
184 433
471 233
388 357
153 290
17 427
281 437
306 63
423 451
258 383
107 448
328 257
322 59
191 214
317 283
316 56
341 313
398 0
209 312
455 286
213 215
4 472
387 346
298 310
45 162
110 408
166 152
212 290
356 340
123 403
312 25
338 291
144 153
318 88
374 205
420 125
97 440
286 424
87 336
498 436
345 132
285 460
250 363
55 349
252 458
484 31
322 64
70 322
411 466
172 240
365 137
77 444
221 462
150 216
4 308
292 148
460 201
416 429
278 62
20 472
3 383
299 4
327 177
496 369
109 90
227 20
464 474
288 157
225 37
197 438
438 229
283 490
419 398
460 199
171 50
433 481
485 26
56 84
454 164
106 52
72 415
242 186
343 388
426 382
173 420
1 123
465 111
362 284
484 237
287 174
155 7
34 72
156 493
9 90
494 462
230 116
302 418
306 472
354 497
269 84
208 27
491 270
407 25
262 353
27 391
250 49
473 35
380 136
78 482
296 241
357 72
490 26
350 11
360 149
233 205
84 129
252 293
319 427
280 159
50 81
483 160
195 152
289 308
290 427
168 367
440 439
465 378
241 282
431 316
373 102
83 17
310 457
385 335
494 481
63 17
29 396
49 398
206 224
3 338
205 349
288 172
402 497
280 105
421 143
97 63
80 294
104 181
368 243
224 341
210 363
111 139
37 240
316 12
350 96
297 320
344 408
257 437
42 246
241 389
305 464
110 339
372 237
480 214
407 240
455 57
196 118
358 67
79 86
34 26
346 282
42 331
268 42
288 151
393 310
126 382
221 198
435 237
303 445
185 416
325 211
181 141
60 21
459 391
417 491
125 493
176 264
306 19
23 444
107 447
329 416
114 233
470 402
347 49
317 274
337 384
25 142
16 18
409 437
281 475
321 178
442 258
278 497
442 101
400 301
69 49
134 81
483 183
84 457
83 182
66 254
396 420
290 444
381 264
240 51
229 14
273 61
58 24
125 403
56 352
253 377
458 125
308 388
345 293
475 244
498 428
200 41
485 247
11 490
393 219
85 103
164 122
146 358
261 75
279 123
352 317
442 33
273 310
455 102
199 118
398 430
324 49
296 450
292 161
232 160
263 185
159 318
176 280
207 306
281 290
107 486
19 134
296 402
356 292
262 252
34 55
105 12
314 358
20 253
413 106
143 252
70 29
161 303
461 99
389 368
354 94
80 348
250 226
370 377
481 107
14 133
497 15
374 471
77 312
270 246
350 342
371 414
69 273
372 32
252 382
476 113
461 107
185 57
286 64
23 55
40 267
134 37
361 38
202 8
106 438
280 472
238 457
82 4
36 159
41 454
419 289
248 370
279 380
444 433
340 65
184 319
357 381
419 318
179 70
8 473
297 285
94 140
144 36
47 176
482 33
174 89
311 401
134 422
207 90
7 430
250 47
428 191
361 459
29 199
24 40
178 389
381 322
210 272
301 26
59 257
198 283
37 85
7 9
99 171
453 66
465 106
149 203
162 246
445 11
403 43
284 322
144 81
206 166
192 354
111 359
494 103
188 162
171 31
54 47
465 123
81 8
63 430
176 231
94 78
121 474
296 349
283 258
424 292
146 341
200 468
71 109
271 194
226 111
10 295
418 132
492 475
405 499
82 56
134 82
408 176
378 107
365 204
496 161
2 289
257 494
455 202
248 180
291 227
374 326
459 153
128 292
291 451
7 34
468 226
254 493
101 376
80 132
145 466
108 428
422 147
201 365
398 229
308 450
276 41
195 182
474 235
39 323
357 118
344 46
392 177
53 98
83 493
459 485
413 228
376 67
285 187
417 429
231 183
224 225
260 8
95 271
95 234
204 134
33 304
482 400
351 425
270 35
21 434
162 81
149 286
326 390
172 286
321 243
320 403
411 397
169 432
167 359
345 116
420 223
124 230
7 402
290 327
261 277
359 163
449 275
18 360
498 275
370 190
93 319
68 43
475 357
68 237
353 494
70 413
496 126
28 194
373 3
133 170
333 134
261 344
204 135
262 279
469 54
373 133
28 415
124 441
31 355
350 192
457 236
362 420
466 453
309 243
413 339
325 442
138 99
234 86
366 342
396 496
481 187
454 121
414 9
217 78
122 445
182 67
339 432
237 44
139 157
348 46
340 53
152 173
259 478
172 238
234 477
17 420
41 68
429 471
402 308
253 146
65 376
308 287
184 404
413 46
444 323
228 261
434 137
467 380
470 46
375 140
412 57
125 392
216 306
114 54
53 118
494 367
7 118
23 155
53 191
14 436
50 497
486 243
475 484
382 454
446 298
355 258
2 358
164 480
386 218
188 278
498 439
410 35
190 5
48 285
221 243
92 62
157 123
108 79
385 485
283 342
452 331
189 138
470 455
25 206
336 208
0 214
249 186
191 410
195 291
34 91
6 268
392 478
57 163
0 352
194 442
125 283
273 147
102 167
373 243
452 127
193 61
248 304
214 442
233 291
383 409
177 119
98 389
404 421
273 7
302 405
188 468
115 427
94 314
57 69
48 319
381 361
165 242
36 481
272 379
140 122
93 7
248 170
91 43
51 153
410 365
333 205
484 450
264 300
221 79
250 322
35 269
363 483
464 53
432 252
374 89
448 425
95 319
363 197
202 186
51 266
471 112
62 236
388 307
386 327
1 109
231 489
472 388
441 94
198 289
230 226
151 424
244 178
227 246
284 459
225 281
393 188
424 48
355 308
487 313
422 94
83 340
228 5
100 407
48 170
248 150
75 278
309 399
497 319
278 388
170 281
469 355
403 415
75 246
411 110
204 62
254 185
191 139
399 483
5 143
293 447
78 253
4 368
39 387
127 1
134 169
24 149
65 456
202 279
390 140
55 113
298 446
438 309
144 489
484 337
136 1
254 278
498 214
453 110
111 38
59 81
230 246
202 84
215 147
140 256
221 457
256 47
356 371
361 194
383 353
354 197
475 19
86 461
71 474
364 39
472 35
133 423
359 55
54 187
443 75
384 194
241 164
35 140
186 450
155 248
446 69
441 361
174 273
99 27
418 98
133 463
239 243
298 266
453 98
25 352
399 248
264 262
402 492
442 151
252 441
10 449
311 198
323 303
182 485
83 423
238 101
344 68
334 477
428 494
198 139
239 305
67 97
90 3
155 322
115 384
186 407
457 125
281 497
334 132
55 463
64 418
338 146
475 260
254 173
164 403
61 453
402 404
259 480
154 344
229 414
173 269
247 415
264 482
115 28
491 98
368 22
168 408
20 207
232 144
399 275
80 248
152 460
293 482
327 264
30 447
217 408
175 204
186 464
344 439
389 153
176 335
95 258
317 196
340 116
243 49
149 92
404 323
157 154
418 197
145 336
96 448
4 214
178 271
210 191
196 22
209 452
210 224
421 157
273 379
280 113
205 368
43 429
83 110
307 52
389 1
302 304
18 485
257 306
349 48
70 319
123 46
270 132
289 185
64 43
157 414
134 344
126 362
324 177
229 61
415 484
288 470
456 217
23 159
207 65
236 373
271 130
262 360
45 393
437 403
169 462
158 446
160 155
184 284
346 485
469 413
384 261
330 109
268 192
109 353
78 476
106 197
57 201
95 220
475 455
269 384
330 496
3 427
64 490
327 187
100 410
23 296
406 336
380 353
58 26
2 341
39 137
190 460
32 448
255 285
21 359
207 24
304 351
194 210
397 368
278 21
318 350
38 153
358 76
102 271
112 416
405 457
269 151
452 96
381 154
365 207
84 255
106 73
135 388
256 300
322 33
235 386
39 492
420 125
396 397
165 374
183 9
12 71
167 453
459 316
24 400
155 324
397 460
348 114
266 385
418 104
342 440
432 5
130 381
130 204
79 27
388 295
218 114
419 252
69 237
490 378
55 445
405 145
111 452
337 253
209 378
318 107
464 51
284 103
307 95
474 414
61 238
353 362
466 132
369 124
3 35
480 359
357 58
362 385
490 320
198 52
11 199
102 369
472 476
423 386
152 131
222 397
111 214
198 75
199 429
465 67
279 54
464 297
35 488
308 327
231 25
77 359
228 242
70 179
66 52
183 493
242 70
136 405
332 205
135 334
254 384
290 452
249 385
373 255
82 284
162 33
392 165
407 239
270 472
24 478
323 188
259 60
465 418
123 395
230 150
386 110
62 336
221 176
431 164
300 94
479 365
30 462
53 372
344 290
120 324
12 221
281 295
213 123
371 98
248 189
151 453
289 486
163 214
230 10
456 446
164 30
493 435
159 46
188 46
222 356
77 308
104 87
210 210
308 317
358 81
34 409
395 10
76 175
185 410
209 306
188 493
429 225
271 181
80 440
296 460
120 154
241 225
435 224
394 304
385 96
5 252
262 272
447 252
15 190
496 485
478 224
449 185
218 259
52 72
384 150
305 348
426 5
229 46
350 361
457 123
228 88
212 314
419 342
33 11
348 434
10 381
66 179
438 459
383 137
139 342
191 268
273 444
343 117
330 354
478 45
133 140
454 58
400 197
209 373
159 285
167 409
88 169
480 85
74 379
221 364
132 214
158 264
381 257
111 353
399 64
204 441
499 384
82 10
236 252
37 143
52 395
65 56
142 493
372 45
261 216
430 93
358 393
2 441
294 91
155 114
55 193
78 211
222 55
159 12
7 310
205 48
105 59
404 122
168 247
315 276
222 429
175 246
187 432
23 177
291 333
27 31
242 199
106 457
321 316
126 265
313 328
239 184
306 418
17 144
420 326
256 333
431 494
426 283
312 470
303 450
333 456
155 182
491 427
96 261
26 312
492 222
258 191
462 232
376 65
391 479
312 148
143 499
134 243
213 69
371 447
403 369
51 204
132 58
171 43
207 228
302 49
240 200
432 61
478 202
34 160
160 221
73 198
294 303
225 207
154 7
228 96
153 409
467 280
175 285
365 490
39 234
434 167
80 280
334 218
230 410
132 220
419 391
194 205
412 213
72 271
368 419
328 301
433 21
158 148
138 460
194 23
42 30
162 481
199 475
385 496
69 430
321 369
74 488
201 367
139 339
110 125
278 359
380 438
438 211
23 390
413 429
459 218
51 307
282 473
469 250
32 20
389 390
378 205
425 464
155 431
57 416
275 265
55 335
399 7
397 494
275 422
492 162
469 86
59 43
146 252
272 380
271 30
236 13
329 149
433 13
429 484
249 490
177 56
63 305
151 76
351 312
474 278
364 343
387 443
47 275
155 33
63 171
185 278
280 151
16 14
499 213
55 297
353 100
257 232
161 268
432 260
38 12
355 406
350 254
381 94
479 249
421 389
167 43
46 106
472 447
12 415
212 471
424 419
152 418
38 181
294 165
177 471
229 332
439 384
479 431
181 320
209 458
353 102
60 229
28 252
19 32
356 41
460 231
1 280
313 464
481 392
363 107
292 158
395 444
376 231
403 226
184 57
11 113
194 390
494 71
455 222
115 13
96 311
443 428
392 450
342 257
364 374
384 57
1 8
239 131
357 377
286 143
108 394
136 297
220 302
24 130
495 28
191 492
420 91
41 135
244 312
38 383
292 460
469 275
406 294
23 208
203 116
10 162
311 163
465 146
128 384
412 342
334 123
214 103
90 254
418 108
343 334
295 309
84 136
282 116
176 342
458 157
319 380
43 468
466 131
15 361
203 94
217 279
382 389
143 284
392 473
159 413
222 87
223 306
422 158
1 357
15 99
331 311
132 334
317 374
235 98
45 332
111 290
179 114
398 346
171 174
88 142
230 330
489 162
321 305
163 411
362 174
485 30
364 193
420 117
68 182
366 7
298 113
227 478
176 329
4 478
472 347
29 444
106 54
360 18
282 279
305 375
405 144
190 143
112 121
155 110
117 180
145 22
352 267
97 373
203 28
227 453
397 175
230 256
127 355
487 442
317 409
405 292
435 74
195 95
205 400
80 351
225 175
442 226
451 77
457 391
344 6
33 184
440 241
449 115
57 67
328 436
80 226
300 234
329 368
268 348
51 387
414 200
426 276
353 208
100 229
87 310
346 444
38 121
236 286
206 339
275 294
372 34
268 207
75 25
373 450
189 195
396 276
52 455
163 174
256 257
419 263
60 343
464 265
403 450
289 53
347 109
496 416
123 71
96 116
418 51
246 469
245 107
62 494
169 149
406 78
193 425
120 177
442 253
55 85
490 198
307 344
112 337
260 155
272 236
139 357
178 190
150 385
380 276
425 64
142 401
178 184
213 336
441 298
235 8
206 349
45 225
414 365
21 158
246 175
32 293
483 385
122 62
338 485
50 354
107 116
152 192
380 285
84 365
373 322
171 319
397 431
297 216
226 311
486 318
463 472
209 370
433 298
284 332
38 271
239 334
378 146
431 391
257 259
433 367
39 482
414 456
24 436
247 63
381 251
223 86
456 196
494 285
469 389
13 130
464 7
5 252
144 195
454 289
156 253
87 387
343 47
483 1
416 367
470 231
317 149
345 46
331 125
15 192
322 300
159 380
132 139
334 165
306 128
233 288
27 462
362 321
174 222
441 345
428 91
92 412
458 97
223 438
130 141
441 90
470 304
443 452
469 454
435 277
417 275
90 20
193 444
166 452
297 220
163 460
372 78
175 255
193 182
323 250
192 175
480 116
68 14
469 423
53 38
313 256
276 470
267 255
207 322
42 433
245 357
435 205
460 117
299 462
213 6
181 474
442 257
272 161
437 11
401 93
349 490
312 66
322 477
151 79
13 29
386 193
398 110
228 173
136 211
217 379
206 201
458 250
264 148
159 82
175 201
43 412
479 376
206 355
435 153
34 357
51 300
410 273
446 301
364 138
370 434
135 81
184 76
224 446
28 448
149 236
0 56
432 44
399 331
484 138
496 334
134 371
144 399
200 397
387 90
377 417
498 257
185 364
310 34
482 262
350 191
247 483
27 350
34 31
170 427
113 18
389 18
417 100
497 385
328 469
386 384
142 205
69 237
271 179
441 380
423 106
89 291
494 22
53 469
396 28
398 75
93 361
461 140
25 362
184 458
195 353
58 70
159 189
368 128
360 283
389 310
453 135
157 330
299 299
179 62
138 47
261 78
70 83
298 222
33 95
301 482
404 228
417 211
191 416
199 285
447 403
390 440
122 253
52 47
462 274
173 232
162 452
387 434
157 232
179 185
19 42
270 332
44 424
340 39
324 87
343 391
183 124
377 233
133 305
431 281
365 95
47 105
39 27
111 286
472 48
90 291
123 491
267 212
251 19
459 459
202 428
52 302
35 385
43 281
414 168
115 474
431 280
307 14
301 471
371 419
62 125
116 462
26 37
409 236
47 278
206 368
22 250
487 110
243 409
430 30
357 157
437 45
60 288
111 97
368 213
338 483
297 430
319 306
42 323
101 228
96 90
192 159
121 470
380 179
210 364
22 310
355 419
207 311
408 267
480 171
154 128
58 170
477 303
126 378
458 371
461 80
91 55
25 153
333 213
77 257
67 395
314 451
115 275
42 373
44 375
4 375
45 50
353 414
292 22
394 332
412 103
10 207
213 3
68 35
145 398
293 498
449 212
487 459
332 64
440 30
257 229
131 296
210 302
177 337
169 355
458 71
130 81
436 468
355 343
241 5
3 0
213 386
345 304
221 52
434 30
111 13
309 191
346 242
79 19
374 23
446 100
33 184
152 76
420 470
327 8
360 13
400 182
338 73
478 245
127 59
424 412
104 238
481 233
105 450
325 412
13 331
16 271
347 398
368 168
28 119
133 47
81 389
314 385
482 420
479 292
205 110
348 404
489 161
463 181
446 94
278 140
411 459
357 294
314 110
230 78
477 195
84 215
452 59
479 250
43 434
44 310
66 100
113 393
426 56
2 428
68 372
183 132
426 479
89 393
323 93
288 171
238 300
211 224
474 190
477 190
353 17
469 21
266 419
327 82
10 193
417 182
314 430
409 101
346 93
186 351
374 169
469 326
50 465
7 33
75 376
246 484
6 428
200 215
150 124
169 27
209 12
443 87
40 376
469 204
407 386
407 7
333 282
99 228
261 235
111 106
443 337
265 209
425 301
425 465
345 427
439 447
386 406
282 234
439 426
164 251
110 198
332 71
299 443
30 431
390 61
398 494
203 333
134 15
333 480
407 59
6 178
84 199
433 392
170 367
470 224
423 334
257 81
376 255
39 409
470 259
253 429
262 220
87 308
289 396
307 420
98 48
99 314
58 35
254 385
109 81
267 76
9 384
492 25
434 386
497 31
460 256
476 102
410 222
470 415
336 51
452 277
443 286
321 51
436 354
435 427
4 398
282 202
227 13
251 126
157 13
269 248
350 469
191 97
13 113
164 13
291 201
487 468
20 86
440 161
88 308
206 375
78 92
106 341
467 157
171 357
458 125
94 292
390 160
273 138
151 255
456 290
258 294
233 443
104 130
439 173
49 193
285 145
486 479
488 243
101 306
431 159
452 411
71 377
15 194
449 197
487 19
165 405
200 97
228 398
424 305
350 19
164 325
304 487
231 3
161 292
304 332
95 92
321 108
302 166
363 189
208 103
8 202
300 225
476 60
217 380
399 400
225 67
55 415
270 381
25 286
470 431
375 329
437 65
83 197
386 91
194 447
149 446
171 54
115 301
33 499
399 332
252 432
200 476
357 307
445 322
106 235
64 267
184 481
30 354
445 267
66 416
214 492
46 68
221 238
237 13
198 255
39 489
465 450
109 239
414 175
410 406
173 20
1 326
180 209
328 32
300 478
470 247
315 15
105 368
234 36
291 342
331 432
382 331
422 149
324 343
249 336
356 86
412 274
335 210
94 445
423 163
410 246
113 245
465 77
466 218
61 199
131 109
292 244
245 365
60 215
403 421
7 309
435 112
174 272
217 122
138 120
366 492
237 48
478 480
50 202
402 444
53 463
208 385
103 198
413 453
227 163
325 168
280 234
6 112
235 306
426 223
215 373
273 293
125 304
359 251
47 175
139 113
498 453
151 199
4 101
265 416
84 231
466 442
54 217
23 324
400 289
162 302
95 467
272 288
39 72
247 131
244 439
244 238
437 94
48 395
163 294
25 165
107 99
316 343
20 161
303 192
346 420
387 317
105 293
365 11
142 497
436 464
203 238
185 32
427 492
286 233
398 442
41 164
359 357
18 210
402 379
299 173
491 248
41 187
50 96
93 258
222 193
283 381
413 277
270 468
53 192
134 408
72 303
160 176
386 284
163 31
204 140
240 315
354 195
144 133
391 404
97 237
119 465
243 233
53 32
225 13
273 107
262 211
387 198
482 423
454 125
117 145
312 10
58 357
490 166
71 202
439 233
199 168
253 410
295 294
307 307
266 20
83 432
130 28
303 471
448 112
110 109
120 66
423 274
441 30
232 266
351 12
32 23
434 402
196 286
445 229
101 355
288 63
91 184
7 270
235 247
356 456
374 345
471 328
358 149
267 412
424 90
114 119
21 457
95 400
129 70
425 40
103 82
118 65
336 46
293 126
434 71
268 2
330 308
309 239
152 189
279 77
196 76
33 245
145 69
491 128
20 126
60 417
482 475
22 179
305 318
241 167
169 91
251 9
249 352
41 60
489 401
329 172
270 37
459 215
343 267
394 450
367 216
191 306
485 202
372 65
233 142
233 114
123 254
106 336
249 224
477 499
172 238
276 307
22 442
209 235
185 217
433 455
262 405
459 477
42 99
242 331
297 127
234 327
16 273
497 340
192 265
355 475
134 364
158 131
218 8
225 219
27 256
13 11
488 141
240 472
303 382
362 482
162 453
226 96
288 178
295 223
50 480
344 150
134 36
44 354
74 204
460 270
133 453
94 325
297 473
207 334
169 453
406 69
165 331
361 132
207 454
434 156
158 110
146 131
337 292
497 43
165 263
216 309
135 298
123 310
145 432
237 330
400 166
349 143
127 65
371 210
218 187
149 306
289 376
21 147
190 126
390 370
179 207
5 458
269 166
451 480
311 266
432 188
184 211
128 133
343 163
202 0
158 413
141 203
351 299
425 162
384 393
101 167
126 416
82 458
439 247
365 385
74 250
313 297
430 110
125 441
293 125
390 328
31 451
102 31
46 234
128 28
47 430
346 229
39 25
272 281
166 478
228 137
286 92
202 41
335 68
45 180
360 128
432 435
319 391
478 34
414 365
147 106
187 462
339 346
479 226
205 112
101 145
90 285
179 240
160 144
324 14
494 206
493 184
428 426
313 312
29 406
364 227
41 29
375 403
481 381
345 206
351 38
324 298
390 293
438 3
369 51
109 262
299 363
142 102
267 79
485 455
34 296
177 201
104 428
161 52
110 437
476 358
156 314
107 152
7 399
450 45
160 376
91 59
13 311
390 233
188 280
429 375
428 75
3 106
11 384
321 164
22 121
435 297
301 30
429 43
440 308
184 231
290 100
411 276
361 156
288 153
28 50
477 217
176 308
192 332
496 39
160 14
163 370
252 448
343 465
273 182
265 283
236 310
438 408
64 499
153 299
201 352
422 33
342 178
10 450
489 34
400 358
80 149
449 64
381 333
367 292
76 154
316 484
392 164
15 254
406 456
161 168
202 107
138 435
385 396
430 0
211 374
375 183
247 291
476 325
117 128
134 195
180 45
61 451
57 72
381 77
97 315
423 394
329 151
47 413
265 214
88 330
13 476
120 463
140 260
240 448
496 110
7 226
177 176
100 69
146 87
402 333
227 243
395 177
442 56
122 294
124 208
36 210
26 137
249 156
457 18
128 341
68 453
481 136
205 97
36 433
267 203
298 291
320 346
403 45
340 263
323 25
88 316
306 359
368 466
484 407
249 325
130 113
249 317
266 111
44 306
361 303
94 163
10 159
57 414
29 265
290 397
213 352
64 230
196 371
279 432
109 181
146 28
197 91
202 247
53 463
118 98
262 266
425 212
479 124
389 482
231 8
361 179
262 297
168 425
209 458
491 447
327 318
261 137
384 24
340 463
413 289
55 458
23 27
151 333
167 2
10 40
72 251
48 371
148 334
144 68
16 357
27 136
125 195
72 288
103 362
3 412
222 17
396 59
244 245
99 48
440 411
162 110
481 364
50 62
131 482
339 47
183 499
194 367
7 160
22 118
382 111
480 26
437 105
202 376
276 33
296 302
412 69
433 311
373 245
227 336
383 356
355 419
138 418
78 402
372 145
108 453
331 255
212 440
169 120
153 414
216 445
366 449
260 480
78 152
488 486
342 157
76 223
141 50
304 66
212 71
376 176
283 172
113 59
179 495
410 282
79 332
134 478
311 446
450 246
232 389
398 438
13 427
477 327
393 154
77 133
161 457
130 306
365 445
440 95
377 45
229 202
181 456
254 215
462 344
233 204
494 46
473 483
310 359
13 302
287 204
161 443
249 449
246 291
386 466
363 186
389 115
424 93
160 422
266 30
87 474
21 351
334 81
441 346
1 145
349 306
101 288
89 362
6 202
169 335
22 244
360 32
477 263
37 136
166 490
464 155
6 253
187 485
184 192
337 480
138 185
473 38
401 92
294 63
398 259
3 315
200 272
387 363
499 29
19 276
431 18
271 484
321 289
482 310
290 357
42 171
62 281
373 368
431 315
74 167
335 181
306 77
293 35
64 45
322 292
162 84
420 105
395 434
96 93
451 229
400 387
20 345
213 314
129 393
412 496
30 203
133 247
282 336
233 426
218 199
135 407
13 233
167 55
0 260
489 263
2 303
149 241
56 374
267 362
359 37
93 180
279 389
77 226
152 414
113 310
70 222
455 248
155 83
195 474
90 7
311 184
277 444
319 460
322 185
223 86
118 33
422 168
394 250
164 351
14 398
472 277
377 84
19 428
254 384
391 214
398 344
289 202
14 27
213 460
398 337
222 288
456 369
119 497
348 202
100 283
412 362
298 72
352 141
25 317
31 107
303 416
471 281
309 444
404 485
174 374
14 155
24 397
394 470
24 143
278 242
457 124
48 190
331 107
425 253
360 208
124 308
90 15
460 447
433 251
477 216
371 107
356 491
313 395
38 250
345 337
313 168
358 154
261 361
114 41
249 186
347 326
342 226
173 437
40 154
370 458
418 17
360 242
137 274
377 173
10 28
196 222
376 323
36 407
300 137
176 3
181 402
128 23
312 23
29 153
112 204
73 400
494 382
8 433
106 483
11 385
107 468
291 60
319 335
325 327
182 471
373 353
228 364
239 1
155 40
96 269
21 119
353 169
454 15
498 361
247 412
380 362
274 206
394 23
350 445
416 219
72 385
249 290
143 300
192 488
257 150
269 140
161 278
145 474
336 115
27 144
358 83
141 259
282 484
429 35
106 484
369 345
487 178
330 118
107 131
281 374
14 216
347 403
377 175
142 492
488 213
148 169
280 198
182 142
177 62
47 111
309 284
314 416
387 296
279 497
223 494
62 61
316 238
265 409
254 193
259 408
429 242
441 407
49 210
124 123
87 79
215 171
440 396
44 29
378 327
173 324
385 102
192 235
497 201
246 309
217 251
345 5
265 499
61 286
262 166
97 185
209 349
97 312
194 1
328 141
465 72
26 353
88 202
255 70
380 437
188 354
211 449
448 34
172 476
495 361
399 286
487 92
257 460
461 84
78 451
375 141
494 43
98 254
324 434
372 205
59 204
154 412
446 271
99 454
168 471
109 94
39 67
379 97
33 148
99 340
481 111
7 326
432 327
261 457
162 257
461 485
398 222
493 467
274 196
167 444
39 442
361 277
226 430
78 240
80 259
223 29
207 413
92 230
187 140
397 353
339 201
423 210
30 237
285 268
213 304
98 453
82 104
34 459
199 160
419 464
345 131
396 494
224 52
192 488
193 263
465 441
4 384
473 240
361 34
190 259
64 74
178 288
99 146
306 64
380 150
133 77
72 225
277 29
369 148
264 322
115 414
299 81
321 119
5 272
31 182
108 195
335 95
93 138
202 286
436 251
181 434
159 69
450 253
253 289
463 171
86 17
450 78
50 237
9 272
306 55
103 393
340 415
405 290
77 286
37 460
394 365
287 218
323 406
195 89
113 429
298 10
440 51
288 249
373 490
398 149
394 179
446 353
495 235
21 352
312 424
290 410
481 58
464 429
18 156
85 159
21 131
182 236
485 462
304 322
472 358
37 202
407 366
453 336
40 403
327 326
89 204
262 469
398 70
78 227
238 417
400 16
252 260
222 435
109 237
95 378
81 81
300 484
172 340
243 105
432 212
416 423
392 21
443 179
406 143
60 21
37 496
256 312
99 141
378 330
209 209
142 325
310 142
482 294
400 334
47 78
353 184
57 463
494 97
240 352
373 252
249 152
465 263
404 357
188 416
477 135
460 249
391 472
266 122
457 225
155 18
54 356
171 8
106 463
315 166
418 346
499 41
156 19
377 316
84 60
47 417
166 62
34 8
482 409
486 152
23 439
295 142
2 77
41 467
485 460
159 208
249 255
275 10
326 405
318 4
273 262
324 365
225 439
200 210
363 208
499 186
328 238
315 147
114 331
143 208
417 451
206 302
312 18
424 333
189 138
253 94
459 462
253 77
140 37
245 453
140 355
93 96
243 468
151 260
469 209
160 295
97 238
256 219
404 410
400 32
126 94
56 153
83 438
475 310
263 75
430 220
168 255
224 23
135 412
121 227
22 456
194 134
353 472
234 303
335 257
203 486
492 314
252 260
422 427
2 227
299 37
293 432
307 467
379 369
96 442
399 353
487 471
295 445
248 340
449 29
367 436
250 153
265 359
286 2
81 39
428 140
72 380
347 221
442 231
174 79
284 391
214 425
370 271
463 9
390 119
407 264
417 109
469 157
11 34
73 107
248 92
472 2
75 172
404 171
102 370
261 430
355 386
9 475
336 225
196 472
89 78
187 103
112 6
41 8
468 123
215 466
468 68
240 39
63 396
266 496
278 165
404 27
354 133
211 413
238 42
120 259
215 327
185 159
168 327
303 78
45 136
56 18
410 365
261 148
145 473
490 379
406 275
261 246
12 112
6 472
83 102
429 126
138 298
126 466
45 306
294 429
299 442
307 350
498 209
34 421
300 495
271 377
475 59
23 32
356 487
89 30
8 439
238 370
337 146
452 216
145 234
176 98
300 296
358 335
108 151
146 244
121 261
320 269
153 449
436 195
225 361
301 378
248 234
380 391
107 437
171 185
283 104
400 199
387 436
87 258
3 495
108 85
207 476
425 428
476 360
74 362
240 201
435 375
118 340
278 168
353 77
181 449
1 488
424 433
192 388
235 11
449 47
23 344
124 156
16 449
163 100
302 90
317 255
447 89
109 287
364 225
27 462
303 397
331 28
268 227
91 375
422 355
199 40
196 445
246 176
276 64
7 261
368 430
20 324
464 316
393 129
444 328
78 420
300 247
326 409
284 420
276 269
309 206
3 327
3 357
422 250
363 280
210 281
457 232
400 82
64 421
102 293
66 360
459 180
441 218
491 285
407 225
283 267
94 216
426 286
388 450
230 200
481 104
188 292
375 438
360 88
233 291
151 314
494 151
370 110
247 435
12 361
480 154
223 147
285 426
376 1
201 174
130 106
251 34
472 318
406 478
269 184
498 491
143 272
234 344
131 365
226 333
340 143
142 58
484 63
416 428
454 361
467 117
151 84
402 70
48 475
160 160
151 317
441 10
355 146
11 175
9 338
334 89
147 349
264 476
404 132
493 180
149 358
294 312
383 152
127 196
208 431
101 139
2 360
358 42
218 209
47 370
459 79
428 381
210 459
91 44
224 466
177 436
100 225
377 471
168 335
119 356
348 376
88 220
114 350
59 447
169 184
263 458
192 480
439 43
439 254
220 30
318 163
240 397
369 419
106 117
326 389
117 225
297 174
376 58
5 412
448 287
245 26
6 64
459 289
43 446
328 399
414 264
161 499
418 155
124 30
271 24
102 450
476 389
447 399
163 352
139 304
330 112
28 237
26 188
134 487
386 70
186 315
314 301
308 347
230 84
460 432
235 1
242 62
314 211
64 189
493 477
441 55
292 175
364 469
457 319
241 350
17 195
496 427
274 331
267 304
89 356
210 228
290 324
35 452
494 456
434 451
7 339
15 227
197 299
470 231
433 6
201 211
138 451
134 198
354 265
121 402
130 295
119 183
136 272
229 7
310 130
321 15
242 169
469 336
419 291
297 291
3 353
156 499
49 493
258 290
192 403
51 232
267 174
299 22
381 403
385 28
395 192
361 207
395 137
281 182
326 167
20 78
77 329
174 28
170 126
382 433
17 215
389 285
307 284
40 188
68 189
233 277
336 463
453 446
481 232
399 234
164 307
488 271
151 242
220 162
447 321
36 454
239 464
101 278
318 399
88 493
270 387
202 173
119 107
191 155
241 100
407 90
213 406
0 395
410 216
37 72
379 357
174 426
204 470
369 275
268 22
409 309
482 390
497 112
119 454
54 188
130 213
471 314
61 195
411 471
395 323
181 449
375 274
245 355
482 431
453 466
276 102
492 215
179 110
64 342
30 150
363 471
137 13
208 334
157 50
374 472
273 53
327 55
262 148
431 424
391 96
198 384
451 167
277 42
384 130
133 194
165 267
132 496
183 154
204 192
164 340
393 78
485 437
437 73
497 247
343 368
105 388
407 393
288 408
39 37
83 24
143 172
20 248
402 275
320 203
396 458
37 484
274 289
214 22
122 211
432 64
452 317
63 389
297 212
101 351
227 188
212 184
284 371
498 233
288 38
496 318
303 184
326 33
408 429
140 40
104 382
199 424
313 409
473 262
465 111
299 74
258 193
416 12
97 42
432 414
233 385
422 428
314 388
317 100
492 222
456 309
234 97
358 155
270 399
362 183
109 87
132 162
26 367
261 48
463 475
212 45
473 48
436 486
86 287
361 105
266 79
28 317
325 352
252 386
421 447
34 114
128 30
249 167
215 6
481 362
407 30
78 46
32 380
20 366
323 119
198 381
51 90
442 226
464 376
323 46
161 237
267 357
376 141
0 16
230 444
474 333
379 137
369 405
123 412
383 389
271 447
389 433
159 322
50 183
230 475
212 373
82 243
236 331
199 311
255 236
70 429
66 81
338 301
213 287
177 462
261 448
381 300
474 2
185 392
367 24
249 267
10 431
262 331
494 99
335 313
242 249
183 257
59 160
448 21
335 124
73 477
277 96
450 454
347 103
127 136
255 66
350 376
59 118
217 112
426 54
155 52
162 20
181 338
212 221
345 481
458 47
496 418
225 87
190 446
434 72
490 317
45 190
308 340
305 456
362 377
429 83
103 370
208 443
164 136
469 272
320 10
280 427
14 316
114 5
429 56
373 49
91 420
112 270
79 251
128 417
352 293
163 409
353 308
444 224
496 17
379 266
193 316
484 160
165 60
116 451
0 447
367 342
464 443
194 331
101 43
337 174
83 453
261 352
76 436
306 58
324 73
241 185
197 369
429 78
29 363
162 398
240 381
324 29
212 204
100 370
44 313
267 437
289 127
416 380
290 218
291 222
259 466
336 384
314 457
172 117
15 343
224 334
215 107
312 400
122 427
241 412
201 166
146 360
92 342
60 62
136 383
349 203
88 395
204 37
155 402
98 376
210 22
130 174
75 425
205 442
206 197
216 298
158 259
101 362
276 102
337 162
365 412
159 187
76 305
60 364
240 231
106 158
332 303
80 236
30 259
457 285
83 88
347 25
387 93
196 448
110 163
427 33
72 328
133 438
302 1
84 193
203 395
198 190
426 388
147 278
416 456
44 456
481 499
445 243
192 368
383 493
378 302
482 162
101 303
304 116
161 403
150 388
79 217
105 348
479 5
314 252
61 247
98 210
454 42
263 43
36 146
300 498
161 415
218 135
251 262
17 374
262 264
333 168
368 341
199 438
43 199
446 365
427 104
498 45
440 381
379 113
112 477
244 32
167 125
239 314
188 270
386 256
276 302
496 220
10 497
196 195
412 53
9 495
392 339
73 8
121 332
161 452
336 85
210 257
423 355
477 449
58 463
266 364
436 334
331 262
309 446
0 380
375 221
60 9
369 119
451 485
438 491
428 465
222 126
482 139
88 498
461 311
175 146
333 79
341 463
410 164
396 2
223 262
123 271
242 136
121 493
336 194
11 411
390 264
403 85
83 224
35 344
342 397
476 63
26 175
192 170
172 288
50 88
212 248
236 174
19 454
0 209
473 355
119 363
449 363
87 375
71 32
281 474
37 413
441 258
428 416
56 485
73 100
200 107
133 137
444 436
146 4
359 296
160 119
334 330
57 109
493 421
247 128
394 275
385 285
53 335
172 313
265 109
68 245
235 318
254 53
57 179
475 252
223 268
99 487
96 57
330 8
137 442
69 78
215 383
218 454
119 120
229 242
487 384
202 298
203 74
253 309
61 261
29 81
68 137
194 480
489 17
311 377
455 478
361 380
186 22
142 431
173 305
41 371
21 12
87 244
405 77
338 192
125 318
455 219
200 46
63 2
379 41
19 226
106 186
60 232
163 144
449 202
425 336
348 490
86 299
376 287
480 491
162 214
285 105
151 117
471 337
378 66
144 202
388 249
481 102
246 448
2 496
332 195
38 428
227 33
320 124
468 455
169 152
110 130
99 306
144 113
32 423
125 374
124 176
279 366
166 457
454 377
73 169
449 138
23 111
87 176
131 196
348 55
37 152
310 310
424 489
412 454
181 456
484 37
403 305
114 115
493 422
91 420
59 66
29 40
68 82
278 468
24 51
55 479
289 413
402 365
172 213
21 314
204 353
10 358
473 459
381 124
45 466
384 472
364 456
38 265
234 432
335 169
148 110
23 390
108 437
3 426
92 132
485 376
234 296
256 347
471 208
26 137
462 368
176 263
28 326
111 215
236 114
224 446
189 384
173 100
26 149
281 176
405 470
267 266
113 139
199 375
12 436
157 226
489 326
153 333
400 369
484 264
62 136
372 60
160 103
252 46
74 38
9 33
151 479
119 128
3 264
53 170
248 367
194 210
395 237
459 347
463 296
284 295
355 377
481 157
203 16
54 233
119 129
109 63
191 270
387 80
250 46
414 440
2 351
88 108
307 249
45 399
194 270
499 182
339 50
66 480
66 394
23 120
36 185
455 484
64 79
126 342
134 167
18 40
0 136
386 458
210 307
429 283
465 404
306 428
409 156
50 372
345 327
12 74
58 233
312 467
162 475
494 438
330 296
433 364
322 330
489 171
306 384
289 418
347 272
428 95
320 108
435 331
405 17
250 447
266 315
142 62
353 428
225 488
352 183
366 10
33 27
411 355
274 339
463 200
148 473
81 244
75 320
337 16
315 332
147 87
1 81
362 142