9600
129 337
164 151
185 407
110 123
56 401
102 163
56 406
388 453
189 173
350 400
168 282
328 495
205 93
284 270
228 264
101 311
315 357
117 117
240 352
253 79
242 148
54 207
161 150
175 442
343 350
484 26
21 363
456 312
434 78
342 93
404 162
372 295
413 219
71 341
420 153
302 176
236 14
17 208
151 397
99 44
70 346
61 83
247 443
374 369
462 181
195 216
364 219
290 67
408 277
282 214
242 180
47 436
145 478
375 416
460 148
346 474
409 383
326 407
128 156
189 200
269 91
310 385
452 133
262 452
166 213
245 44
481 409
387 144
60 478
126 263
89 373
256 472
231 351
7 434
487 359
302 197
434 108
93 464
417 238
451 355
251 83
492 49
193 84
62 232
495 106
479 40
364 436
287 87
21 95
307 147
196 360
468 109
426 130
368 413
268 343
278 172
221 372
456 123
355 266
372 19
411 202
138 351
438 276
371 278
425 312
172 30
140 473
103 493
406 66
261 323
347 27
399 39
162 68
187 207
78 369
71 59
263 490
266 62
340 201
365 489
20 117
442 390
383 12
430 45
220 141
168 191
82 68
488 419
127 97
466 175
87 205
195 390
452 350
403 313
303 144
113 269
159 323
187 55
452 394
35 117
160 24
92 56
475 242
339 433
108 454
12 158
48 195
397 59
373 352
496 301
70 28
203 461
16 229
123 390
7 320
344 10
66 19
261 437
222 394
200 453
111 330
378 212
272 11
363 275
76 497
25 211
172 498
79 228
118 40
360 54
65 477
496 56
345 483
377 109
62 67
398 78
290 25
36 128
255 414
411 251
462 184
182 436
164 134
174 262
316 134
463 386
443 233
217 459
421 288
356 446
24 483
361 106
234 167
433 249
1 489
25 345
133 463
450 208
322 150
284 476
363 490
224 248
59 158
446 293
239 480
316 154
260 116
135 177
278 346
188 68
265 279
95 213
273 399
49 45
21 95
86 185
285 236
394 162
455 345
177 193
199 46
14 493
22 312
158 149
70 301
432 198
264 335
86 27
72 37
485 487
25 446
182 423
85 310
7 429
474 392
290 37
30 173
485 305
306 405
58 496
46 376
64 490
370 310
200 150
138 294
240 185
108 163
325 275
56 45
437 333
370 30
55 79
384 252
9 393
389 191
419 419
262 435
98 483
134 132
426 298
483 124
139 19
146 443
488 464
149 202
84 277
356 371
124 491
384 93
136 485
405 125
413 55
39 167
151 11
161 173
149 77
448 144
439 288
252 94
148 427
56 402
125 232
76 264
357 249
87 460
86 493
401 492
11 499
362 440
113 162
91 23
19 262
402 40
486 458
237 154
408 135
219 145
409 34
135 295
108 119
464 74
418 194
45 365
305 429
443 259
282 270
384 387
279 153
111 286
293 265
252 200
345 53
87 472
119 106
225 75
149 227
273 190
55 68
349 170
429 213
483 145
32 63
216 220
358 311
76 179
379 151
205 329
153 76
35 144
71 272
352 260
302 221
141 477
148 210
423 342
487 77
493 258
330 19
330 209
389 189
340 259
440 120
49 397
42 445
69 84
196 113
186 421
399 499
209 179
22 399
328 484
94 9
381 321
383 425
114 63
322 272
244 306
204 114
59 145
229 98
63 129
402 426
277 102
281 153
52 486
322 155
165 381
54 416
193 398
461 437
61 307
466 136
250 158
303 22
120 162
291 385
311 35
137 45
199 88
426 271
426 103
336 100
16 443
341 391
328 210
369 303
439 242
400 335
357 41
203 203
88 329
365 346
392 251
191 354
125 443
46 469
69 404
347 383
274 438
148 41
344 454
196 369
205 135
176 448
4 414
96 380
226 444
196 313
167 470
413 239
209 145
49 460
343 130
68 248
289 469
275 68
438 485
120 324
272 495
409 149
29 128
73 357
170 107
78 121
360 338
335 491
303 421
52 384
484 498
319 120
189 126
111 95
271 479
474 84
233 395
24 235
93 114
73 97
218 263
453 3
347 78
352 288
24 150
1 404
376 9
135 320
267 417
396 98
34 38
434 370
458 267
233 458
407 51
166 159
162 125
55 120
408 361
12 407
311 285
294 365
185 40
457 281
231 305
195 354
76 266
385 129
439 34
437 471
130 346
323 104
224 144
6 379
286 484
269 370
235 450
342 415
196 272
429 299
5 280
46 125
254 434
320 431
402 46
392 258
362 384
29 216
447 438
422 387
257 233
35 44
459 344
116 377
29 8
288 46
23 34
320 186
117 277
175 141
399 372
108 420
488 113
51 137
376 435
20 325
369 133
477 56
285 181
189 446
344 314
201 329
15 367
496 21
14 484
208 172
92 413
378 317
306 432
367 429
255 183
168 239
147 476
157 498
296 433
99 198
379 140
359 152
26 246
83 355
379 40
306 291
460 323
255 184
466 119
154 474
214 73
49 174
172 361
146 59
109 468
460 246
398 489
87 319
27 424
317 170
314 258
82 123
159 274
245 189
164 125
198 251
426 230
443 100
159 450
419 90
188 268
109 231
403 86
363 197
219 282
40 32
7 33
160 474
164 166
144 405
157 180
262 342
442 435
385 205
295 453
74 156
388 483
422 183
232 143
425 137
21 452
485 465
440 28
194 497
403 456
136 338
33 412
347 398
455 327
281 84
241 251
86 355
390 129
124 360
349 475
427 49
366 370
398 264
262 306
114 93
283 17
281 102
352 316
496 128
64 308
411 277
484 305
286 497
210 226
201 410
459 59
430 480
97 326
484 180
125 359
228 99
53 409
77 9
489 406
214 73
202 53
359 125
474 38
265 145
56 184
96 318
299 367
45 378
58 396
107 382
333 184
445 335
344 386
292 374
300 333
386 6
483 2
41 97
95 458
142 158
476 3
370 238
116 275
23 268
150 27
63 130
465 483
369 8
234 309
494 162
20 34
389 233
330 4
462 282
440 277
280 456
47 416
44 151
419 15
42 67
198 421
404 105
465 15
177 273
287 200
86 171
256 308
164 475
257 439
216 126
434 197
466 497
0 481
497 10
77 271
192 39
497 127
143 96
221 462
14 320
343 361
169 101
76 100
391 185
311 334
383 107
104 245
79 201
211 104
375 76
467 141
120 419
15 464
279 115
287 89
450 293
394 131
83 471
156 471
157 474
433 319
416 392
94 38
494 495
423 157
298 222
141 391
355 271
386 157
98 486
280 174
305 400
371 174
497 240
66 379
198 6
251 499
37 466
314 197
354 384
106 237
128 5
276 247
256 336
322 162
336 354
254 454
481 493
85 477
356 330
337 151
3 406
225 440
137 40
276 39
276 491
348 382
130 257
445 124
139 386
93 119
74 327
173 347
325 55
385 258
262 33
440 74
366 265
157 165
56 3
347 434
316 332
441 195
172 298
185 386
358 163
490 278
477 432
339 15
274 302
188 76
3 388
5 128
145 369
225 162
448 201
385 72
119 265
63 179
65 291
306 100
378 275
59 297
312 208
10 398
327 438
178 198
178 182
51 183
198 175
228 276
200 146
263 466
145 172
315 179
279 62
338 122
419 10
218 397
148 83
374 80
131 475
157 52
236 161
337 60
189 434
432 417
383 241
413 196
375 28
91 229
351 6
16 429
178 122
205 86
167 326
153 79
484 150
311 162
223 220
6 0
418 264
5 290
486 301
182 419
148 213
220 273
54 351
473 236
175 232
411 178
110 342
492 64
227 94
166 155
156 302
66 24
314 74
227 71
490 153
366 409
34 490
341 86
175 88
173 314
345 350
44 436
0 307
253 388
43 79
381 419
295 199
125 447
371 461
114 353
262 213
204 481
67 149
89 397
64 242
444 114
50 261
68 488
376 403
482 321
92 420
471 216
163 239
200 97
450 386
100 315
296 64
213 156
405 215
310 155
269 469
230 254
95 320
223 150
323 323
95 57
273 415
6 67
164 289
175 207
22 466
382 275
283 170
385 448
103 189
158 47
302 372
192 241
243 249
72 267
325 67
334 168
235 98
387 341
400 251
217 415
42 422
444 451
399 326
15 181
229 2
375 25
118 383
132 419
39 362
281 204
224 364
314 115
308 459
62 54
469 208
482 131
83 363
189 278
460 482
337 56
434 41
424 64
335 52
266 408
464 374
238 47
15 189
148 405
459 323
384 63
194 280
143 218
497 277
112 185
241 457
350 301
365 175
80 274
34 200
75 346
394 498
187 165
422 261
84 188
251 381
13 320
39 445
75 9
194 36
345 39
340 287
315 195
321 57
109 395
241 355
353 36
202 487
248 393
81 124
358 185
5 184
481 223
232 396
432 408
447 278
418 129
176 139
196 233
480 497
204 158
194 73
413 410
303 396
373 161
198 236
420 83
158 56
452 401
310 243
21 237
218 109
249 291
24 395
244 297
455 356
430 301
211 150
398 343
356 366
102 123
58 407
463 374
127 217
460 267
356 289
399 333
125 427
322 0
149 1
210 418
219 457
459 140
335 282
148 357
333 191
98 102
476 391
460 413
33 456
245 420
106 241
168 144
496 83
84 342
113 146
103 146
286 332
467 62
271 121
165 115
70 104
348 115
29 398
354 308
81 414
7 100
96 187
270 176
370 93
239 206
353 483
168 194
108 491
465 135
102 231
188 130
245 172
71 36
196 126
392 277
377 277
316 400
76 474
419 438
497 298
282 10
204 350
193 302
437 164
395 158
288 391
64 83
119 386
364 487
264 168
445 257
157 142
468 114
52 85
383 239
249 49
251 17
171 305
469 445
103 460
352 364
300 244
482 268
255 271
439 346
103 19
13 237
351 112
197 333
72 403
453 433
302 173
478 204
1 474
286 447
164 457
201 138
406 464
235 35
381 13
385 175
264 337
449 250
84 115
18 499
284 8
34 323
380 86
412 12
312 381
190 199
189 476
292 243
278 96
461 27
54 160
349 346
97 318
433 298
149 33
41 304
479 433
372 75
440 359
93 136
187 252
228 283
379 377
325 372
399 157
169 286
133 306
124 18
169 230
115 410
66 318
104 8
436 45
257 476
112 376
128 202
337 300
29 208
80 216
374 354
492 331
137 43
62 125
207 114
376 83
401 322
331 442
339 5
333 267
495 448
150 446
98 475
183 488
204 479
333 115
298 78
474 325
303 436
402 388
471 362
37 130
72 372
230 220
339 263
212 63
361 334
309 214
202 311
290 344
311 259
337 475
153 109
397 163
51 456
170 151
281 374
99 207
279 205
469 329
244 118
304 33
247 106
417 113
309 302
61 60
35 472
82 250
414 188
496 331
483 317
44 167
226 264
470 143
324 6
476 291
176 68
26 281
246 423
77 296
356 56
28 138
389 391
432 462
294 155
472 428
447 129
393 16
11 174
32 215
358 335
256 8
289 386
310 134
430 36
444 239
378 138
382 324
139 267
422 314
94 285
414 246
115 42
68 159
227 126
314 100
108 437
324 422
56 250
138 486
225 339
477 434
110 103
370 211
377 249
34 144
391 472
366 300
460 358
484 434
34 39
476 298
72 494
96 300
286 129
468 234
20 12
467 297
9 131
232 190
334 386
358 119
419 77
287 76
10 231
270 272
422 44
391 99
399 495
476 487
74 38
402 444
241 94
225 221
411 102
489 458
77 98
27 199
276 348
80 315
439 138
35 202
301 361
208 426
265 53
443 184
480 339
286 197
418 74
176 11
321 330
428 17
69 250
99 307
122 345
483 31
233 61
275 18
296 387
292 335
20 62
253 235
432 352
426 39
403 202
32 455
472 224
475 312
472 41
238 426
457 94
8 74
444 190
429 135
470 241
155 221
456 342
195 260
300 240
295 473
428 55
279 179
344 401
294 106
32 316
262 33
459 341
32 270
405 403
496 461
35 228
70 3
264 491
84 117
91 416
471 379
410 19
272 102
209 254
70 67
452 93
435 333
455 411
314 319
132 213
441 311
314 167
11 363
481 430
346 447
178 424
295 169
272 88
343 68
135 333
426 265
98 439
350 213
384 406
119 164
327 17
184 412
275 494
424 47
494 108
384 123
292 24
113 180
248 64
249 308
73 235
174 176
241 24
430 24
40 126
143 401
313 368
214 179
79 440
401 490
113 425
450 285
465 258
174 415
223 213
300 424
100 148
172 474
350 193
319 454
355 243
463 314
346 20
461 177
167 425
350 214
499 133
391 152
67 465
30 65
489 290
439 331
157 441
135 463
418 360
103 306
121 125
146 66
95 467
244 459
173 262
395 94
247 172
489 286
204 314
457 372
55 193
135 248
63 212
424 122
428 481
459 27
445 401
368 105
416 40
155 112
59 89
113 50
189 158
324 455
327 393
438 133
381 382
446 425
47 445
278 371
250 328
229 237
194 196
236 450
414 110
199 243
294 473
131 165
120 335
80 308
441 447
181 370
296 323
120 127
498 195
375 398
488 249
297 105
55 182
293 385
129 469
295 344
9 423
110 278
86 481
280 190
412 380
55 461
89 208
256 175
425 439
188 131
236 265
448 485
371 143
465 93
437 352
127 260
390 299
280 237
279 329
209 413
374 191
252 264
291 315
255 8
139 68
334 443
281 228
223 282
375 4
356 188
300 164
315 335
72 43
372 448
361 203
394 81
197 87
403 498
6 488
56 158
453 498
78 390
24 86
442 301
342 251
268 150
485 494
37 83
31 57
112 409
342 392
332 359
357 391
379 235
393 216
66 288
30 198
285 144
297 407
158 79
230 139
486 278
362 215
125 23
285 245
490 237
448 479
371 322
57 306
374 102
242 302
0 440
436 273
32 137
217 233
225 42
321 299
14 211
234 183
428 491
81 371
351 418
92 29
187 222
176 149
451 61
353 419
44 304
293 289
23 76
118 362
161 248
459 439
474 28
371 45
417 255
25 452
334 268
342 118
119 21
83 370
289 423
79 436
226 185
113 372
87 101
201 232
23 100
480 160
57 350
105 352
156 474
94 482
452 490
12 288
159 72
495 447
235 300
486 74
298 313
414 99
183 385
338 115
127 59
409 318
170 185
11 366
200 327
317 106
394 153
225 181
128 53
354 72
498 364
177 192
143 296
34 444
59 327
238 372
190 39
224 147
365 213
392 87
193 417
70 61
243 440
345 147
219 371
87 51
243 69
366 265
61 387
66 400
124 120
159 304
303 314
379 235
323 20
437 271
333 368
160 360
7 76
299 6
57 79
148 239
356 153
392 366
118 417
37 458
114 242
409 49
136 269
141 288
60 311
32 430
290 245
173 192
198 150
229 472
63 256
409 229
448 419
336 153
111 66
161 226
127 77
198 70
358 115
427 339
269 270
15 311
3 60
210 188
13 202
310 291
372 76
348 71
224 320
387 184
262 187
116 48
470 389
357 314
153 328
451 284
95 274
186 466
7 450
4 396
39 372
300 166
237 412
232 148
185 313
352 471
371 299
41 468
282 341
22 398
34 287
62 473
291 481
431 248
497 150
22 436
102 36
300 175
323 192
357 385
208 360
160 210
178 80
273 53
451 313
100 147
472 485
466 14
263 264
266 397
185 112
148 289
316 140
332 301
186 491
352 189
251 394
326 364
417 282
95 452
99 220
205 47
62 72
188 23
420 177
289 454
95 458
98 289
442 411
403 430
471 480
375 107
323 223
5 53
5 92
312 452
351 105
29 369
392 413
442 217
23 312
122 83
225 119
382 220
2 167
0 137
96 474
49 375
280 419
363 406
358 286
243 175
44 209
475 124
341 436
101 269
205 216
187 223
296 430
449 70
59 298
272 449
176 156
427 173
79 457
95 291
318 289
499 190
314 363
151 326
447 7
223 104
328 152
434 411
333 476
274 384
185 244
400 47
220 214
171 180
323 152
441 118
308 141
356 292
118 122
129 8
464 66
70 352
115 144
120 5
389 448
193 395
294 426
140 445
477 366
18 163
281 300
294 460
252 89
63 150
10 223
141 44
397 475
119 211
216 364
165 240
487 457
236 210
7 281
147 376
392 485
285 166
478 173
115 79
82 82
305 30
75 92
419 298
10 324
188 39
131 78
388 353
63 118
251 124
352 423
408 398
416 244
270 45
477 246
329 385
267 59
3 486
137 342
166 423
314 147
77 207
60 297
267 465
441 476
399 18
268 294
390 159
204 37
283 160
397 181
92 464
303 165
359 96
371 440
439 26
233 185
334 368
186 145
473 101
471 127
273 224
383 239
276 164
176 440
473 412
228 426
91 66
14 383
323 450
328 237
274 114
483 413
411 108
209 169
148 384
461 180
271 422
438 196
488 400
164 466
392 462
380 392
128 335
138 246
483 451
418 466
232 257
365 401
422 143
379 426
106 70
344 192
389 377
129 282
101 377
191 293
38 493
329 71
317 166
469 467
285 152
409 387
140 17
12 126
52 62
485 392
84 158
388 329
464 325
55 369
163 65
58 246
318 201
367 239
58 487
140 188
76 344
213 49
28 68
483 226
470 80
91 468
297 406
84 331
200 261
178 139
385 363
416 237
328 55
43 135
324 387
83 35
84 252
320 296
374 112
45 303
271 196
455 136
467 421
182 39
178 19
383 213
450 415
471 151
287 130
17 366
401 111
363 100
249 337
302 183
339 475
24 347
483 110
31 479
18 302
321 66
279 48
315 56
208 81
211 286
4 495
458 81
181 405
243 321
356 282
258 45
392 195
158 282
113 227
29 189
107 483
383 202
259 386
319 198
337 467
314 31
112 341
247 272
445 145
280 490
387 153
201 38
172 279
358 359
400 285
268 387
441 8
246 151
201 200
19 66
449 38
380 185
309 413
410 479
469 106
260 190
80 356
487 461
172 252
389 345
84 72
432 9
12 25
78 31
449 214
104 449
135 398
163 336
315 444
51 73
264 136
344 163
476 344
449 183
28 148
72 190
200 464
342 357
388 64
130 420
369 337
87 235
71 4
301 250
323 239
375 204
367 439
136 72
255 343
343 437
127 136
100 267
124 179
244 442
214 364
201 374
461 84
440 288
390 385
476 93
297 66
357 351
275 16
211 493
430 31
19 54
174 58
89 119
414 150
15 333
60 128
64 68
209 373
258 357
450 99
17 234
438 100
116 375
220 65
448 328
234 151
61 467
87 260
411 150
336 1
481 278
346 248
121 46
403 407
7 232
318 205
305 376
251 108
174 274
102 472
475 122
90 188
449 388
390 29
382 360
138 226
326 363
261 336
244 300
32 16
74 103
479 202
163 379
5 83
407 337
311 459
148 234
122 253
282 97
309 12
91 16
232 299
487 417
69 493
362 231
186 101
156 436
167 18
453 319
8 173
132 360
446 171
425 132
81 68
432 59
76 390
41 375
293 160
5 29
112 362
316 367
155 151
169 324
143 323
348 122
334 3
174 332
465 280
200 99
11 46
289 484
360 439
99 182
63 5
219 104
324 176
179 35
211 479
302 348
322 206
209 2
335 8
140 384
335 152
50 192
176 198
137 339
374 36
41 88
193 437
465 261
148 17
348 144
344 360
418 3
5 18
26 128
364 192
344 18
210 51
250 395
86 387
275 239
328 460
250 317
430 373
390 215
360 430
142 238
241 56
75 61
189 99
291 453
472 405
456 488
235 182
421 206
446 173
486 197
366 274
499 236
451 296
78 389
479 163
72 221
134 73
24 147
100 175
80 167
155 424
107 36
95 242
416 28
77 41
167 254
490 443
91 166
407 293
309 170
391 238
163 381
380 25
200 187
355 480
405 132
168 362
105 364
244 263
156 373
127 322
265 175
341 469
262 357
27 100
339 423
304 270
147 354
42 184
17 199
331 249
111 274
490 351
467 68
441 234
408 123
299 420
241 174
383 492
93 356
279 262
384 284
138 436
472 383
82 32
281 489
115 265
468 393
313 105
192 435
411 107
27 100
126 210
202 121
477 361
123 147
431 256
44 359
242 422
454 17
358 176
441 236
481 474
431 262
197 294
401 475
76 108
170 281
402 54
416 225
372 231
339 391
251 156
430 384
401 493
170 384
472 111
85 463
225 453
100 369
344 275
383 353
134 272
327 406
131 388
119 243
134 3
11 311
195 385
231 441
178 448
59 401
216 150
456 497
366 442
217 56
261 62
335 452
358 396
136 162
257 489
345 108
419 243
129 208
150 466
414 212
113 328
330 325
322 329
123 286
194 40
103 192
145 456
204 290
452 355
197 192
300 61
304 42
250 219
37 285
497 252
432 451
129 462
144 263
401 451
344 267
460 96
404 299
89 457
312 108
300 393
454 361
403 453
24 110
396 6
110 62
13 393
356 43
306 494
446 352
119 207
155 142
441 431
240 59
167 382
275 405
266 320
273 81
191 170
28 297
359 87
333 138
181 225
219 41
393 339
47 17
159 364
296 202
114 452
334 36
441 281
453 461
42 208
230 226
376 86
25 110
248 235
312 358
251 282
473 32
49 144
361 20
75 61
365 157
45 41
322 200
13 339
399 128
354 56
142 481
91 230
318 167
378 191
325 130
162 129
126 299
171 64
477 487
496 98
139 342
394 393
232 314
442 408
316 483
464 148
379 458
477 55
247 49
179 207
189 424
223 194
110 167
6 395
493 439
281 2
247 133
447 28
436 332
315 241
389 252
62 280
187 120
169 391
99 434
359 201
395 140
307 434
329 357
296 313
167 323
308 77
457 414
246 107
348 393
497 414
194 89
210 59
303 381
168 379
432 254
394 379
313 179
36 201
366 495
170 332
262 33
299 478
85 219
465 46
460 285
374 462
22 6
387 84
316 177
431 407
138 100
280 325
378 452
447 316
1 244
129 117
447 263
334 428
326 384
169 151
114 286
144 395
332 488
165 384
291 148
248 96
273 430
234 380
197 151
247 33
2 198
313 376
304 301
185 499
151 131
269 206
101 117
105 414
298 433
433 270
218 441
223 34
414 491
494 309
194 111
161 241
117 196
349 326
326 273
404 34
240 329
446 174
440 194
127 403
25 90
383 61
95 243
86 459
268 9
473 80
173 315
363 134
313 142
415 213
247 491
320 172
198 340
34 118
21 138
80 161
74 46
141 463
274 21
383 227
159 395
210 356
342 184
326 73
286 155
146 93
265 386
226 318
436 463
453 112
125 309
207 33
349 200
73 348
427 123
18 456
312 86
122 228
154 7
14 448
42 440
178 13
331 307
123 256
368 120
281 76
462 494
46 489
337 311
286 471
428 265
203 305
385 92
99 326
126 39
332 114
127 168
328 10
267 310
282 303
379 487
333 64
53 341
4 231
203 390
7 291
96 483
75 211
389 333
373 27
493 15
36 57
419 472
134 364
167 186
26 417
481 398
92 359
443 386
128 96
387 146
481 136
199 335
169 56
435 88
103 394
451 428
252 139
355 222
261 387
304 374
125 287
498 137
23 217
313 441
439 3
139 53
388 420
329 190
278 409
303 264
45 234
225 106
329 297
36 81
307 442
229 192
329 432
149 79
21 204
208 315
368 312
85 199
390 108
18 414
30 168
254 173
132 427
77 480
61 313
255 113
306 368
301 484
415 487
192 302
117 436
101 252
451 337
446 186
452 341
362 464
137 334
262 116
96 121
434 339
304 9
378 189
25 110
98 31
185 441
229 142
394 303
140 330
368 345
39 438
402 172
7 253
369 392
13 269
460 318
327 448
489 264
227 57
440 15
308 325
319 126
281 389
220 213
410 273
212 440
113 301
54 466
358 472
93 276
94 224
24 53
169 273
331 13
380 396
73 123
249 40
430 392
105 382
156 2
442 368
169 220
186 407
379 224
0 45
121 472
377 446
219 145
158 47
443 50
26 391
431 17
261 275
10 361
363 219
87 18
238 158
65 108
184 276
321 445
269 184
130 294
439 147
194 202
104 98
341 489
358 130
406 272
134 120
339 268
286 349
7 278
386 376
152 73
370 71
107 326
120 139
138 90
292 60
10 184
174 396
27 351
475 32
4 285
405 461
311 195
325 191
419 318
391 64
487 71
397 113
105 94
36 370
282 243
428 180
429 292
495 454
338 308
445 322
284 343
390 350
393 95
413 216
280 312
235 157
122 119
65 485
207 227
323 102
134 489
133 103
57 63
223 128
450 247
442 168
370 86
181 333
401 263
427 447
456 181
300 15
0 78
158 365
319 207
196 481
436 454
369 329
309 345
92 93
261 111
198 35
220 132
247 231
178 121
154 27
42 486
65 306
171 42
101 75
408 343
149 149
330 344
189 18
463 491
102 133
20 77
209 152
236 240
361 308
335 266
253 367
173 377
271 170
245 345
40 224
373 153
349 189
59 203
46 390
23 23
100 1
5 396
136 161
321 241
8 350
217 157
386 261
283 391
88 10
234 28
33 480
169 108
163 382
272 80
103 210
63 147
43 55
68 68
310 180
382 390
399 170
431 451
342 137
147 66
94 282
262 382
342 127
9 283
364 357
419 133
280 319
227 482
51 324
356 295
37 361
31 238
189 288
278 314
380 384
166 425
159 326
305 281
64 353
211 166
299 280
100 130
465 79
403 327
474 16
229 111
349 364
4 112
426 391
275 282
60 158
336 293
74 71
425 141
307 491
271 136
118 106
37 223
402 83
99 293
404 229
93 180
292 254
497 449
84 70
80 272
417 144
215 416
57 492
335 492
480 216
322 106
330 99
34 212
5 232
313 486
166 409
15 406
208 459
29 12
136 292
288 110
378 54
46 355
348 436
152 233
339 328
279 327
39 21
106 314
300 396
305 419
178 466
277 173
185 386
30 307
269 322
228 170
25 499
435 126
359 373
54 440
119 198
72 333
147 10
406 178
449 447
266 63
88 479
217 43
202 126
300 247
417 323
323 28
154 295
168 110
50 13
63 74
408 21
383 135
165 55
355 141
57 467
446 121
16 145
271 164
263 219
42 71
99 33
328 365
476 253
266 348
423 378
252 330
317 331
238 135
277 483
450 445
66 334
331 396
412 83
154 103
174 176
209 48
414 126
379 37
237 242
472 498
180 160
343 76
64 497
480 82
27 341
27 282
31 446
381 358
313 443
471 35
83 488
466 180
69 349
443 345
195 307
467 268
344 375
373 311
245 408
101 205
340 124
70 480
191 371
166 303
338 4
344 138
318 274
123 310
8 240
47 419
187 203
431 366
29 383
292 304
361 126
251 245
226 201
424 173
477 269
273 91
229 167
441 470
132 399
491 417
336 140
196 390
257 23
258 127
283 138
265 50
148 144
198 368
393 226
495 122
65 370
38 120
442 146
46 479
396 75
67 37
428 84
459 263
390 37
27 218
120 173
170 144
12 268
346 368
342 406
128 341
314 408
54 166
498 256
183 452
342 246
331 251
14 122
159 290
8 257
430 38
183 129
249 452
320 47
305 96
289 15
423 434
452 103
212 329
282 450
49 395
146 124
246 380
22 13
270 257
295 31
12 52
5 330
378 261
357 177
192 183
469 499
102 115
445 422
224 166
62 79
55 273
153 60
73 153
262 28
59 195
248 409
240 423
184 253
430 118
153 394
393 123
90 123
45 347
14 387
318 269
395 428
488 373
378 400
428 414
109 140
50 487
410 357
462 290
260 447
193 393
368 413
36 438
137 310
198 81
203 151
431 16
242 98
498 420
186 120
261 427
266 295
5 163
453 29
328 467
212 213
478 21
311 432
243 15
448 448
452 293
161 151
101 383
155 403
24 100
379 341
489 137
300 497
26 346
313 105
170 354
227 378
162 148
163 38
487 405
50 112
115 439
174 212
115 217
169 330
171 491
480 400
397 12
358 132
237 424
130 24
402 259
408 358
248 416
322 423
387 87
378 224
436 355
424 53
383 404
395 93
345 406
419 228
360 242
18 129
153 450
209 149
359 407
324 469
245 459
47 498
222 132
339 425
478 159
415 263
208 213
120 162
390 53
296 391
372 103
53 166
315 26
285 114
84 26
338 461
459 181
165 385
162 34
45 5
268 493
206 460
122 477
382 178
69 13
468 178
197 442
320 21
487 12
391 457
419 71
104 229
466 378
264 270
275 480
473 309
269 395
224 32
210 392
257 107
137 132
426 225
98 334
199 98
55 85
9 442
23 474
205 113
383 341
321 469
131 10
258 147
179 400
144 482
441 241
225 401
478 431
117 151
101 76
162 316
110 157
483 171
136 133
326 40
362 372
382 148
147 493
393 140
475 326
419 38
291 268
199 145
296 270
198 317
485 398
407 360
383 96
81 242
283 372
244 408
408 145
490 126
119 55
233 235
273 94
362 152
297 417
39 414
231 446
196 237
450 216
164 455
197 185
57 98
358 332
477 301
280 266
173 319
55 399
345 258
262 180
97 59
473 60
358 488
226 56
273 54
9 28
213 289
387 58
391 271
424 245
363 220
40 204
103 388
146 95
127 300
360 261
321 225
213 333
390 31
437 291
319 15
156 298
356 385
156 44
141 247
320 432
137 357
245 212
307 92
393 244
5 286
363 253
438 178
209 77
220 328
195 146
444 392
277 352
248 152
252 285
217 241
98 72
284 354
447 344
440 443
229 340
445 445
475 93
22 383
64 36
182 94
486 111
463 478
482 115
400 63
305 234
158 118
324 403
99 294
237 123
315 391
188 319
264 260
496 163
199 138
232 60
171 233
63 219
186 487
402 46
132 87
57 207
463 291
85 381
357 414
306 175
346 172
433 494
158 110
248 281
341 209
443 480
51 364
203 358
404 238
177 458
17 389
32 234
467 480
247 469
144 324
497 53
47 342
452 282
415 57
119 52
385 256
472 62
420 288
378 28
486 177
418 55
289 3
336 450
419 109
433 83
488 416
110 282
416 387
445 63
467 331
439 64
478 352
141 264
292 250
279 19
427 130
133 197
499 216
177 321
256 271
39 111
245 244
132 149
64 162
345 77
493 32
236 285
49 323
73 377
249 193
323 205
254 176
244 308
130 254
25 422
385 386
483 64
65 482
496 115
44 130
162 342
479 37
212 250
480 380
73 285
342 229
257 248
56 97
351 353
127 38
277 228
144 364
347 260
375 209
339 343
37 419
308 353
104 16
248 20
157 436
165 321
421 0
97 274
479 478
368 300
28 107
323 145
257 172
233 170
366 132
403 425
278 403
272 63
435 234
170 372
194 93
445 187
313 467
445 42
342 293
252 166
311 222
394 75
98 421
405 127
404 464
219 161
224 183
269 343
216 160
105 292
331 262
229 50
92 497
142 27
193 286
8 394
321 356
277 254
233 419
235 183
344 138
173 307
150 420
432 442
86 218
480 37
87 270
267 62
89 31
317 261
7 134
490 177
431 328
100 120
155 165
303 187
494 351
271 476
270 497
215 204
93 209
479 48
110 181
64 98
359 51
37 234
411 366
46 27
499 195
360 498
186 154
357 15
343 180
29 129
185 465
174 245
145 278
311 5
103 107
10 228
462 314
32 47
426 373
68 79
77 426
432 280
147 115
148 290
271 490
308 177
274 308
438 482
340 419
378 102
330 295
110 388
435 292
17 494
73 362
140 438
70 3
470 72
214 218
60 118
296 337
497 368
203 422
194 288
390 395
190 72
461 220
364 152
147 396
110 233
171 72
75 250
175 242
312 46
16 241
431 372
93 164
87 428
216 148
43 281
353 458
30 233
386 314
63 394
480 33
105 25
276 151
245 33
431 303
44 57
282 447
464 327
256 227
375 51
184 324
283 418
3 37
204 313
60 389
274 119
144 392
43 232
117 272
75 141
50 400
199 472
151 184
411 163
214 407
84 138
56 398
288 219
384 60
301 344
463 296
188 428
160 459
232 84
225 129
29 159
483 127
312 228
392 135
394 75
214 458
209 478
197 122
182 497
341 434
230 336
264 156
115 419
3 424
53 199
359 80
59 434
162 194
329 223
299 54
365 224
54 365
487 74
71 104
38 22
358 264
272 120
39 122
398 387
439 394
326 303
237 150
344 386
109 399
306 174
250 260
477 171
97 156
260 465
487 168
284 150
271 197
171 56
295 162
409 69
372 234
384 235
121 461
212 229
255 83
195 18
41 357
13 173
490 138
158 126
128 329
26 294
202 399
414 197
118 498
84 323
58 490
303 321
50 32
467 15
386 157
366 162
187 279
418 379
357 177
6 428
75 486
237 32
81 277
127 151
474 199
189 212
33 33
417 344
360 435
444 384
398 246
25 310
41 86
263 295
76 399
237 270
154 151
280 474
126 236
435 408
120 452
337 477
321 5
440 254
490 33
279 384
46 389
475 157
304 87
338 238
360 232
235 75
402 15
251 16
424 380
332 186
15 396
401 170
276 337
370 193
429 267
156 2
11 475
62 131
221 167
400 253
328 82
97 135
151 82
462 200
238 427
175 295
465 254
443 428
473 93
360 165
19 402
377 16
499 382
50 292
45 221
155 450
85 225
308 104
304 89
368 270
65 394
0 396
176 382
476 443
461 150
52 336
205 480
215 430
74 204
277 265
215 119
196 284
388 152
93 4
127 44
439 314
62 192
427 439
235 238
388 255
443 196
28 441
223 148
205 243
8 297
268 334
119 75
80 464
321 359
404 25
339 448
492 343
282 401
140 419
26 17
65 380
321 470
470 446
189 396
45 27
214 50
477 165
130 333
192 57
83 303
251 448
291 274
28 95
367 426
295 20
400 393
215 361
307 74
470 186
213 348
398 16
181 279
112 228
285 163
318 157
105 220
347 421
17 249
175 227
247 384
129 470
183 147
221 345
383 342
191 44
412 448
228 441
169 445
461 340
349 307
379 279
201 307
56 78
305 70
306 83
405 52
52 287
132 89
431 125
21 15
316 474
416 433
379 44
236 437
244 192
471 86
245 476
54 24
446 153
236 360
264 252
392 141
230 168
294 24
392 14
488 315
101 208
252 256
194 332
24 488
426 290
266 347
372 23
176 173
385 170
275 412
406 149
170 167
191 488
354 464
131 435
495 343
99 84
416 99
440 145
436 440
140 366
242 54
227 12
34 418
183 112
114 309
476 441
429 284
100 20
307 284
479 83
168 303
402 430
76 84
377 342
61 364
418 17
381 303
73 498
110 415
77 108
49 76
212 53
425 479
115 312
248 233
36 94
376 416
352 290
485 304
168 229
98 46
201 439
437 479
247 274
383 399
476 324
229 432
263 40
205 155
240 230
176 453
221 128
418 53
357 73
155 403
301 378
317 253
85 2
277 106
5 332
8 12
296 333
226 237
244 60
142 431
384 484
112 319
372 457
30 383
138 81
459 185
291 440
294 128
234 376
60 423
435 92
277 68
305 232
144 3
286 50
386 286
457 170
127 351
234 329
263 10
47 224
164 74
203 338
66 311
234 289
233 126
194 170
254 363
218 352
254 250
36 5
175 140
491 494
175 155
17 77
154 290
365 64
255 170
481 420
61 321
300 216
386 295
10 494
198 492
242 228
233 452
445 278
124 261
416 288
218 152
442 285
349 372
42 307
227 456
278 24
240 289
436 430
276 478
470 446
174 475
279 212
342 408
169 224
365 319
323 437
222 83
455 265
425 423
232 349
373 4
145 362
292 465
295 81
379 68
43 265
329 406
166 175
399 24
195 335
124 264
199 18
135 198
473 154
4 412
417 205
67 229
47 414
348 359
280 342
460 227
485 323
350 141
17 151
338 102
218 212
82 462
12 418
424 70
482 486
191 280
10 251
18 259
470 57
251 366
445 250
426 211
353 431
82 276
378 370
435 421
235 97
367 369
439 248
234 291
72 274
377 277
388 434
343 395
261 359
461 94
306 207
138 387
16 11
381 72
493 246
195 168
38 229
329 62
354 477
103 63
340 278
212 481
376 81
440 55
149 490
197 253
141 307
318 187
111 9
255 52
220 105
186 303
365 258
88 367
430 71
349 191
172 122
203 413
468 401
391 495
249 470
277 440
127 242
251 448
0 238
195 358
161 220
331 233
100 379
450 271
462 382
357 152
417 487
240 412
408 238
208 131
71 9
251 337
285 50
140 2
212 137
358 188
421 226
105 41
312 374
108 407
411 126
113 465
378 329
67 205
336 138
147 127
316 259
309 398
252 102
239 302
490 316
42 449
342 263
489 147
407 154
133 98
415 318
499 98
304 145
283 418
45 140
252 282
32 362
316 413
215 284
453 407
209 57
321 495
495 51
58 310
408 402
72 191
289 176
321 72
342 445
438 105
387 388
102 190
103 420
56 270
177 171
228 361
357 386
290 49
212 204
458 348
391 472
148 30
454 180
126 470
427 297
37 64
106 314
86 491
261 61
232 495
356 290
29 461
362 65
121 319
167 426
399 79
462 58
90 47
17 416
65 68
484 444
111 102
93 90
4 49
396 206
497 236
49 105
170 26
345 264
190 144
223 364
274 89
137 185
454 216
285 6
303 19
474 121
64 414
315 67
126 68
304 212
317 123
1 206
470 339
483 198
414 160
102 59
96 188
404 91
97 50
422 41
163 252
166 396
315 227
295 482
46 441
416 451
157 363
54 269
467 479
492 390
449 381
69 94
37 45
448 326
367 486
239 222
118 382
109 405
239 285
79 256
208 285
0 495
265 217
197 407
297 84
466 189
135 246
143 387
65 172
158 443
165 285
167 249
7 135
421 277
385 246
384 0
495 93
163 236
143 112
49 212
253 440
38 367
106 388
412 34
477 172
457 422
172 495
130 124
253 179
277 51
51 139
84 13
250 399
363 247
459 245
38 412
279 64
452 428
462 238
410 216
139 292
287 219
343 311
342 269
321 449
88 119
133 224
475 24
272 235
480 339
103 83
148 18
447 235
473 452
169 261
405 235
454 160
471 192
462 149
98 165
284 135
211 38
63 269
4 187
378 187
270 337
355 481
68 270
75 154
268 41
276 244
404 173
218 230
232 227
244 32
167 330
369 380
150 378
417 432
119 6
343 295
129 241
364 51
57 197
91 439
35 325
499 367
450 291
18 69
101 182
364 114
494 120
350 233
17 144
3 268
63 488
230 346
249 44
242 94
385 307
484 333
52 420
211 335
404 2
36 81
195 5
125 401
486 41
38 476
96 4
492 41
239 11
56 74
20 489
148 298
483 405
177 132
468 387
242 388
321 372
230 278
31 368
410 207
183 18
374 448
341 279
291 366
441 80
69 199
349 313
219 69
202 332
219 396
137 22
394 461
92 310
179 476
184 123
493 441
241 219
351 367
234 82
162 142
193 27
340 84
153 42
374 411
308 207
229 445
259 297
107 476
452 351
326 138
431 488
208 320
187 172
254 59
53 273
300 269
205 246
288 493
404 358
418 14
311 64
213 147
475 70
273 173
163 280
268 100
420 95
267 476
387 459
233 374
143 440
38 385
230 200
58 326
192 487
51 328
328 4
426 117
290 303
83 200
300 453
48 352
180 72
383 168
42 68
360 116
354 37
237 399
77 84
71 147
328 122
478 475
92 156
459 404
104 234
187 395
99 256
328 88
108 279
199 64
180 2
39 412
163 34
471 128
127 92
214 42
17 455
111 192
97 461
195 423
318 53
310 235
175 417
48 490
54 283
285 100
364 87
473 176
304 27
119 444
339 283
239 186
230 208
170 350
125 179
233 217
304 443
212 395
237 479
262 261
213 292
231 399
75 77
104 204
1 231
15 75
113 340
400 106
456 344
23 70
140 82
377 256
3 444
424 90
203 241
385 38
290 268
345 116
320 217
449 301
228 173
365 316
422 342
186 266
188 230
164 61
170 328
273 42
484 173
414 49
439 39
159 299
267 229
447 4
157 440
113 248
64 237
79 479
245 338
68 117
179 433
114 85
479 201
374 387
288 315
354 141
440 79
309 13
369 208
148 108
208 378
115 113
92 124
462 47
16 189
475 382
467 47
248 89
328 446
261 123
264 468
47 467
332 56
116 208
316 201
431 116
230 24
148 47
446 174
216 462
345 462
10 191
132 164
463 258
233 460
428 224
44 497
406 327
36 376
430 22
491 352
229 361
260 221
247 229
192 206
169 463
6 389
53 179
289 138
450 16
93 23
372 230
58 489
365 278
153 94
446 147
361 144
217 27
257 121
180 464
280 301
190 349
380 138
277 95
112 169
44 79
310 57
46 417
195 368
314 263
263 348
344 112
140 124
97 61
26 249
50 277
126 158
296 240
335 358
380 425
5 299
208 424
341 167
35 106
370 389
89 201
313 485
109 434
495 453
202 206
484 373
31 252
344 462
321 180
105 180
331 53
477 110
129 40
146 171
412 164
217 368
353 1
287 31
484 314
21 135
8 39
143 357
171 40
72 488
20 344
397 177
140 351
243 227
398 269
286 390
110 162
15 3
34 464
130 303
438 371
410 3
360 446
338 53
393 384
228 262
440 413
117 126
205 80
201 360
102 103
117 487
343 213
29 132
435 229
100 159
163 225
24 362
268 375
259 214
477 161
75 488
466 417
349 44
404 171
126 402
390 7
220 243
227 85
314 101
260 163
240 415
277 275
151 264
331 397
59 262
102 308
77 486
30 68
91 278
180 286
293 217
312 422
7 365
466 40
55 322
89 79
354 295
412 218
116 357
120 243
403 175
13 222
143 480
110 395
181 234
304 290
213 475
340 116
8 220
394 159
238 63
211 483
202 92
450 123
218 170
197 422
144 121
453 210
457 287
374 63
205 138
113 178
146 418
491 306
317 155
218 385
369 55
499 429
404 423
445 301
223 122
95 142
204 220
359 400
315 161
299 233
263 21
439 265
423 410
65 430
168 240
147 135
65 389
164 498
300 321
444 109
103 375
95 391
144 307
320 455
40 459
480 471
236 156
66 272
54 11
103 483
118 222
463 102
101 35
357 127
88 401
276 153
396 191
498 224
31 40
0 318
290 71
79 332
456 378
242 145
480 11
85 345
300 99
134 401
28 401
154 343
348 117
308 430
6 245
285 159
329 37
461 137
322 471
202 40
38 278
141 444
141 18
117 79
480 441
194 104
299 360
329 348
131 148
393 138
149 137
175 30
20 330
302 136
176 342
120 356
300 66
85 114
193 293
87 202
158 173
385 281
482 458
106 215
205 113
250 351
233 354
184 425
413 253
447 338
194 442
8 68
34 346
492 93
148 227
252 431
212 306
116 137
352 46
159 74
277 57
411 410
187 11
116 448
138 453
247 64
484 185
383 255
201 18
97 227
158 349
7 349
486 371
269 476
50 339
396 429
191 328
191 160
460 230
183 307
223 450
487 430
38 207
77 371
98 91
292 174
23 257
480 299
275 362
201 249
30 178
6 449
461 221
304 197
356 273
224 487
270 80
139 63
434 160
251 69
243 385
494 43
194 119
481 326
427 322
0 34
335 458
31 6
55 149
422 335
175 411
343 498
62 297
457 483
52 348
233 60
455 147
118 79
405 149
471 451
337 185
143 471
329 173
174 26
362 236
148 448
447 389
186 343
326 361
209 495
407 230
230 295
226 362
363 348
300 132
317 335
158 489
14 312
338 340
76 188
137 52
441 76
420 436
297 479
474 98
329 358
5 381
95 411
111 232
364 459
294 411
253 33
197 304
144 267
456 35
440 73
149 445
381 381
361 69
168 30
388 187
421 349
260 394
126 16
475 223
135 342
227 121
426 240
7 424
311 422
495 463
408 251
133 497
66 141
171 346
33 86
435 60
306 306
323 47
271 284
478 150
272 258
350 205
129 50
324 357
173 440
44 172
169 81
75 177
375 87
174 246
158 260
67 461
361 464
248 390
392 484
94 226
283 164
66 444
301 264
57 391
415 474
408 101
278 84
171 483
229 5
265 345
159 388
204 332
74 20
4 305
383 467
483 450
394 167
431 50
293 195
22 488
441 208
292 430
413 71
76 315
13 494
234 342
174 172
44 439
244 101
68 400
350 479
146 51
453 244
291 430
270 246
454 313
243 212
283 98
414 8
355 360
54 279
451 89
380 228
181 347
247 476
456 249
153 97
193 454
384 106
205 484
298 7
71 159
110 393
402 354
66 376
155 109
198 120
201 458
305 79
407 382
484 404
1 363
318 489
95 194
30 54
61 300
312 328
222 132
339 422
150 476
85 257
230 305
263 135
66 283
17 420
324 474
337 1
490 177
223 7
62 438
90 253
434 475
460 254
176 8
336 151
408 178
483 273
408 490
273 98
370 475
301 291
144 46
75 490
498 487
425 298
404 412
239 367
122 190
50 199
202 150
329 386
159 463
453 312
263 419
246 227
370 133
180 47
38 366
353 107
258 36
300 130
498 162
204 39
91 472
122 254
492 293
256 451
116 151
70 62
289 231
364 317
364 11
377 396
4 254
142 231
213 262
276 442
334 211
35 332
86 425
70 158
461 78
81 179
241 77
160 3
320 30
393 25
273 37
143 270
353 129
243 286
228 67
130 19
203 414
339 166
176 141
219 262
441 137
67 152
156 182
64 227
104 328
217 457
79 378
359 361
499 433
352 103
474 79
494 482
0 178
319 185
447 176
166 391
43 388
70 233
312 51
232 486
443 417
147 449
162 375
308 6
109 161
241 12
346 84
114 235
420 347
375 433
176 220
108 41
274 220
123 31
17 439
356 355
305 313
188 355
361 319
481 348
212 323
259 74
161 58
405 373
158 433
153 281
322 335
407 114
145 449
388 30
386 14
179 96
451 43
362 219
419 164
487 195
269 131
190 246
471 430
364 447
228 130
465 369
483 403
204 372
402 480
495 444
40 140
183 26
246 343
7 398
93 165
297 347
445 363
145 339
286 417
47 361
231 367
122 364
88 66
47 178
122 342
483 394
420 14
357 18
416 166
332 216
415 362
77 481
320 361
278 222
436 458
325 177
393 19
85 299
477 481
323 484
378 99
465 158
177 299
465 174
391 445
159 149
130 306
19 236
311 302
113 297
326 247
118 290
90 219
200 203
188 67
19 376
34 418
217 484
159 63
361 35
184 402
60 20
257 167
321 80
229 68
167 434
225 56
275 285
340 315
234 328
204 380
151 253
238 90
6 368
403 249
3 367
239 88
107 63
495 496
416 428
363 225
281 435
72 88
255 408
236 265
497 489
243 440
31 148
17 333
82 37
256 272
212 437
0 495
344 319
248 496
73 112
48 111
51 354
262 472
237 306
295 499
291 235
235 390
223 174
63 104
377 157
94 319
167 89
409 447
295 11
123 9
472 368
74 23
496 23
181 188
39 233
320 328
219 331
357 56
12 294
304 421
92 389
479 250
49 259
122 240
249 344
64 98
121 73
96 138
327 117
203 277
457 218
49 375
283 28
323 407
180 296
185 479
81 272
384 16
108 131
327 358
456 209
282 392
382 78
47 230
359 61
280 102
478 317
345 329
88 113
409 20
499 120
393 447
315 433
64 129
487 276
485 391
135 296
374 268
350 18
79 273
376 210
27 359
41 206
319 372
245 481
102 81
28 96
29 347
328 195
471 93
337 315
111 457
77 472
342 337
463 427
489 274
133 339
397 16
241 26
360 68
149 486
434 462
161 29
225 464
409 489
156 48
5 246
71 120
309 434
214 413
187 272
463 203
72 173
51 360
281 165
3 411
225 430
460 437
401 238
227 37
85 311
409 236
356 443
229 480
246 165
290 295
499 285
458 253
466 423
88 362
125 247
29 91
28 351
441 341
378 282
93 169
257 316
111 2
335 113
130 340
488 81
366 272
378 487
262 177
391 344
443 350
293 16
219 324
166 173
455 161
182 396
64 48
403 439
404 175
368 90
171 386
159 356
195 389
418 37
233 457
159 309
178 28
352 452
125 397
410 18
267 433
333 92
383 331
359 236
326 287
174 79
435 349
91 333
222 482
291 9
171 455
483 450
254 349
98 335
206 231
164 9
453 473
156 498
86 337
476 367
446 265
114 150
335 381
215 57
67 57
364 6
456 238
87 347
35 62
294 185
46 241
66 310
308 0
189 74
442 247
12 165
168 388
122 478
36 355
265 189
196 455
193 129
329 4
67 132
169 364
457 213
23 216
68 375
301 184
431 257
274 243
484 295
273 294
2 458
147 161
116 267
248 343
200 309
441 77
293 267
480 463
179 102
329 355
39 99
208 131
226 322
117 482
129 62
20 391
404 131
250 20
215 21
182 498
428 415
182 476
439 73
176 14
222 118
69 357
488 261
84 277
111 215
129 201
444 240
223 150
170 349
222 473
324 237
153 404
380 104
177 187
202 319
289 205
63 276
37 358
135 403
118 473
27 99
339 248
250 471
172 415
240 272
9 394
299 416
20 162
202 31
351 50
255 256
32 492
203 170
74 69
43 190
289 44
292 422
393 129
396 394
18 66
312 136
53 28
42 111
143 425
475 96
352 346
190 231
401 384
454 393
84 475
372 349
271 373
354 16
411 16
434 250
239 429
309 247
210 144
69 204
300 205
403 45
276 5
389 94
487 29
357 343
44 71
297 229
245 167
184 151
254 8
290 470
217 345
489 451
7 280
485 58
103 160
165 389
335 231
113 54
250 322
246 322
51 294
314 395
46 148
9 350
320 152
497 299
102 390
170 486
397 110
270 7
248 0
84 435
341 83
258 197
19 91
238 4
399 422
422 52
402 297
302 431
82 74
464 299
138 185
295 134
494 35
387 417
204 242
326 471
20 45
137 84
440 391
313 227
279 191
340 88
19 33
107 142
294 454
139 72
58 432
319 286
55 52
295 58
382 259
156 473
409 402
146 145
372 201
392 459
399 151
184 232
375 419
373 144
216 21
453 364
2 274
179 124
34 57
316 474
299 416
171 324
470 208
409 317
128 342
494 153
237 28
299 30
174 464
485 24
240 242
17 438
414 242
299 48
22 449
217 467
291 173
381 240
409 261
456 142
147 38
418 302
332 384
349 69
93 359
101 334
125 333
427 470
18 391
192 226
45 392
65 410
2 336
450 298
292 412
302 258
60 439
176 72
141 392
103 377
211 86
271 57
379 188
80 198
276 250
142 272
34 321
9 60
210 37
301 311
69 355
294 103
175 129
374 322
199 168
106 329
386 263
451 377
427 118
368 31
156 203
376 362
422 190
79 237
49 485
340 380
335 118
100 486
309 10
30 474
303 360
123 136
13 42
160 75
458 292
347 28
242 114
157 223
461 17
2 236
469 362
480 194
180 304
167 432
406 341
202 197
334 62
456 177
104 199
344 468
348 63
29 191
415 90
107 38
127 228
90 109
303 96
252 422
355 336
177 419
469 113
27 231
409 155
206 483
303 13
428 50
242 151
242 458
496 9
237 349
311 123
71 179
101 466
302 324
95 456
422 332
63 64
219 449
285 324
190 426
476 88
240 118
428 70
79 334
183 277
400 168
347 346
313 324
148 449
257 467
151 243
160 179
481 215
391 231
157 266
206 81
52 486
408 298
132 480
257 488
8 316
14 10
334 356
157 327
147 334
429 414
446 298
365 89
321 279
45 257
190 330
168 103
402 242
223 77
417 34
202 332
342 425
281 217
396 176
362 290
57 43
194 292
381 3
282 59
168 54
237 179
134 359
453 405
482 36
71 176
9 399
325 125
342 203
380 458
249 239
134 242
386 306
161 328
240 120
174 295
326 408
119 411
169 460
497 73
101 151
403 420
45 462
166 80
38 388
479 398
492 139
297 113
294 379
499 458
105 34
294 25
289 431
392 414
339 458
461 241
13 292
255 364
444 58
298 273
171 335
326 129
95 15
394 124
434 389
275 245
123 40
471 69
335 264
74 215
308 174
467 35
252 321
232 74
347 48
235 30
12 18
385 62
186 107
496 280
377 472
12 271
192 352
116 336
403 28
54 42
78 212
33 21
95 182
230 117
148 294
164 466
28 12
119 50
182 66
38 467
238 59
264 403
239 282
310 232
275 494
206 365
238 205
387 92
209 186
480 117
83 209
221 145
195 463
381 340
307 377
288 420
175 397
180 404
137 414
408 342
207 264
469 467
59 298
484 356
325 120
330 316
461 261
224 403
96 8
237 106
378 403
153 378
282 53
319 185
27 271
35 79
46 87
385 4
212 457
78 369
185 38
299 260
163 499
359 375
481 259
15 449
327 359
264 20
205 461
233 83
163 232
171 120
477 209
19 56
277 41
79 449
209 315
314 230
106 224
336 25
474 439
151 203
223 153
115 415
499 280
364 200
172 14
75 36
92 149
191 94
43 222
37 122
353 104
181 203
228 311
250 17
72 55
208 253
169 295
427 323
375 20
34 291
179 48
49 109
56 124
346 92
67 99
56 383
438 272
83 237
106 18
73 185
439 178
325 282
457 460
332 252
395 185
85 366
327 75
199 134
79 383
335 397
132 146
418 243
332 70
88 1
38 438
468 14
296 477
289 293
397 105
142 121
339 144
71 227
362 167
402 270
19 441
87 89
184 151
221 357
358 16
454 162
176 396
226 274
67 324
429 367
489 316
313 72
151 328
347 384
7 13
306 250
191 26
178 245
102 376
392 251
413 312
61 199
473 89
413 287
154 393
61 195
119 495
324 374
111 270
136 171
273 470
496 442
40 317
193 26
278 494
307 437
136 43
133 368
7 462
207 398
93 13
9 268
495 64
335 185
208 458
428 323
117 482
299 276
303 157
152 344
281 433
476 311
179 270
84 461
360 38
403 291
59 305
370 264
449 406
364 57
380 158
492 292
421 497
155 143
487 224
9 159
470 120
242 485
299 1
391 326
117 159
464 294
59 29
435 334
243 360
370 152
444 123
121 362
357 217
441 128
139 344
317 302
140 461
314 59
386 439
98 205
351 355
384 414
101 262
123 172
324 344
468 493
208 120
338 441
421 65
262 131
286 60
21 79
490 426
365 335
392 376
84 315
229 243
6 320
492 330
175 481
474 168
289 495
288 182
100 479
462 209
269 362
441 248
174 142
329 283
160 391
206 221
464 96
416 288
118 322
303 261
429 145
492 130
164 70
401 280
489 264
126 364
112 110
104 419
203 139
30 433
154 215
163 89
377 471
145 79
340 347
345 301
431 122
44 189
470 95
360 446
310 311
274 338
110 274
413 378
312 165
232 296
237 318
141 395
474 114
313 139
440 167
141 10
200 371
318 185
131 170
333 178
369 293
420 107
338 479
496 185
481 2
320 228
123 70
36 314
453 449
468 350
212 245
116 109
147 412
434 434
465 130
276 268
227 186
17 196
381 65
67 13
241 215
285 240
406 216
165 322
24 359
104 486
95 236
149 72
358 94
225 83
203 323
9 1
197 431
348 26
391 430
145 416
156 132
200 431
105 62
273 366
204 129
365 229
153 151
246 14
450 11
335 323
324 153
84 196
75 373
155 433
201 466
451 301
84 209
123 151
369 189
318 248
477 73
225 183
50 130
493 471
294 0
153 328
377 470
195 90
375 452
270 350
3 76
137 221
373 87
128 260
360 242
316 446
482 189
319 41
364 32
32 164
345 10
332 185
127 222
26 379
229 2
430 296
18 85
172 67
179 391
485 153
99 39
228 301
194 81
113 399
64 410
420 145
183 409
483 252
131 310
313 9
157 213
298 95
15 27
418 322
475 194
86 256
57 427
360 166
418 104
14 474
471 482
243 287
391 6
317 78
87 23
88 482
429 96
124 238
412 444
139 394
150 240
167 77
243 60
164 27
353 161
495 30
317 177
35 90
168 209
84 352
186 255
204 24
262 468
412 328
222 26
266 403
480 373
433 285
165 76
237 449
331 370
47 85
175 149
210 435
287 344
451 294
318 326
294 155
483 432
458 58
462 206
431 77
362 442
18 216
17 379
250 108
45 348
497 149
84 220
416 207
353 224
402 368
23 171
455 196
254 359
417 414
343 68
11 348
416 205
85 381
341 433
281 187
336 238
459 131
338 273
497 375
95 44
215 399
447 471
330 23
289 53
122 99
299 132
337 485
218 215
148 274
313 412
150 429
60 150
423 461
189 251
295 272
171 284
107 362
385 470
23 289
388 174
306 497
482 187
402 496
122 53
465 50
332 436
438 467
429 392
143 213
485 118
254 290
153 8
478 362
151 390
417 353
351 40
79 223
71 185
90 482
384 46
334 407
375 216
461 124
337 156
126 456
247 174
182 380
94 252
142 12
217 246
138 59
135 420
106 69
51 58
456 48
456 288
4 290
266 183
339 465
422 103
129 317
49 21
273 163
175 144
242 267
327 245
165 232
301 314
372 123
172 205
493 181
471 128
163 349
167 90
193 354
171 441
462 175
338 220
364 235
354 366
111 458
190 181
495 276
400 492
49 220
401 424
52 394
243 224
314 67
421 410
351 360
35 92
312 165
252 225
91 29
487 107
288 54
331 178
22 136
208 83
7 71
317 461
185 411
478 60
471 352
64 399
491 174
340 451
176 155
184 92
199 120
174 172
202 340
328 357
292 224
147 388
349 299
62 464
376 386
90 40
291 199
374 154
105 134
290 66
10 282
254 474
498 62
402 428
138 200
276 82
470 430
82 275
91 171
57 144
37 468
167 148
302 328
315 393
459 260
394 105
431 470
384 148
76 282
482 286
220 214
145 111
386 42
213 79
223 478
446 270
270 260
441 465
359 73
185 256
213 170
140 79
227 496
278 24
162 155
370 261
224 234
276 367
446 110
440 489
112 21
134 386
204 382
307 75
183 63
233 492
71 248
244 226
102 298
454 23
136 117
351 176
395 360
322 128
117 193
214 263
1 229
464 348
275 205
268 271
264 310
58 354
80 335
486 303
178 182
299 440
468 166
26 3
131 363
56 200
463 100
182 122
471 465
22 146
417 98
409 291
145 33
369 319
474 77
111 355
147 152
170 411
414 115
330 196
249 397
497 238
360 212
29 31
177 183
282 52
195 447
480 43
362 192
269 201
408 337
341 380
143 407
374 12
60 409
158 204
442 309
374 156
39 303
338 403
307 69
16 120
163 2
46 348
50 378
215 167
400 458
218 408
420 43
305 92
297 481
142 463
471 91
246 16
272 11
80 85
205 79
434 448
296 221
99 332
0 198
157 166
74 400
295 375
319 347
180 100
416 116
208 322
191 387
250 454
39 463
394 182
130 97
170 180
13 279
477 269
287 13
265 486
213 361
208 60
13 33
149 388
63 281
20 209
16 254
217 271
305 407
4 111
292 288
67 174
295 157
170 44
31 82
296 287
347 244
277 4
245 212
493 279
488 308
414 366
489 356
264 131
94 294
82 268
295 238
395 149
46 442
25 417
204 77
173 321
177 404
468 451
82 274
434 314
180 422
279 348
479 169
463 43
163 426
164 398
399 458
253 412
329 445
22 278
451 34
438 196
499 480
255 258
72 81
3 189
38 252
421 282
177 369
295 237
135 341
151 312
224 34
480 404
34 53
87 354
402 485
466 377
136 401
334 73
262 208
313 190
472 300
22 234
323 2
343 317
129 458
345 494
251 353
259 177
31 285
123 198
76 286
187 441
14 64
124 374
64 276
429 289
24 36
390 303
120 347
158 233
80 102
307 355
32 331
468 66
265 415
201 91
32 193
109 241
115 46
175 233
23 179
67 456
259 399
98 458
43 231
333 108
315 123
306 141
59 347
115 275
366 324
369 168
261 251
149 478
64 376
407 324
132 439
338 475
285 243
475 288
249 328
452 160
301 64
264 110
385 213
37 231
399 104
355 259
237 161
389 4
181 301
240 297
272 313
57 430
71 57
237 384
44 320
384 189
300 198
411 0
231 37
141 300
59 483
144 496
353 297
450 33
182 386
199 191
473 454
363 108
344 44
364 101
142 389
87 101
101 294
332 350
150 185
168 325
174 62
359 312
197 379
265 161
352 380
186 316
425 326
222 402
355 121
10 87
40 349
144 449
299 493
178 328
5 302
364 346
10 179
58 75
236 60
292 323
140 441
119 330
232 417
390 341
280 87
289 401
350 320
314 433
113 2
304 344
191 118
150 168
95 201
261 60
236 331
272 405
236 228
497 243
85 468
408 387
288 365
38 197
482 491
345 204
48 447
417 149
169 239
293 67
480 264
447 406
312 216
444 72
315 48
368 441
180 252
470 128
325 321
312 8
64 159
106 157
158 112
204 24
443 327
443 497
255 423
139 390
462 419
319 435
228 130
382 188
316 409
230 352
212 494
153 394
403 276
389 112
488 61
240 445
294 431
207 183
425 49
321 198
134 240
370 140
328 214
475 104
457 497
343 57
303 21
298 348
460 206
119 39
484 448
232 359
394 130
31 291
489 320
60 352
493 475
190 282
386 173
170 17
75 195
217 13
362 378
437 367
406 174
475 56
416 242
224 59
350 310
482 255
108 339
315 42
324 101
274 357
374 211
406 297
162 301
180 475
342 24
51 469
25 100
342 26
85 293
104 66
322 435
126 86
481 282
235 441
298 305
368 361
158 25
326 127
102 173
197 358
327 297
397 100
126 205
498 240
158 63
350 454
41 332
114 477
270 374
31 349
63 69
446 400
379 221
394 124
335 333
130 444
396 14
219 28
120 375
438 218
24 278
463 141
118 417
291 429
131 388
309 323
75 194
267 255
232 454
287 162
458 67
81 418
298 354
81 153
223 418
196 20
161 247
165 11
441 131
19 456
131 72
266 181
288 206
12 33
47 20
87 152
422 357
64 21
26 220
138 145
17 249
496 186
198 178
161 13
322 139
63 181
214 453
12 329
214 2
23 376
28 114
471 462
335 450
170 387
33 361
110 308
347 50
81 459
472 45
36 242
275 146
100 99
280 341
344 464
340 494
460 219
181 221
171 284
171 369
230 194
354 204
107 193
152 201
98 40
134 476
123 134
233 262
103 75
391 365
212 447
166 231
304 172
456 200
69 476
22 480
184 151
344 376
430 143
183 348
177 28
163 170
432 152
227 248
466 35
483 118
201 178
350 1
201 6
334 159
139 122
274 208
436 175
171 470
319 366
395 354
24 348
0 410
10 308
344 79
49 476
6 179
180 250
108 357
368 382
356 294
2 7
34 130
101 439
157 205
412 272
472 404
166 288
97 472
403 177
5 441
120 452
54 12
221 300
34 15
309 441
448 391
373 164
455 334
40 326
98 112
17 452
92 70
394 35
212 189
130 297
101 70
434 102
255 156
171 7
448 141
32 332
496 248
82 258
84 303
416 474
426 35
457 285
320 19
60 352
1 385
307 191
145 103
111 93
100 400
42 282
466 48
296 426
184 463
118 230
205 121
156 386
23 483
2 465
169 344
81 415
106 171
126 240
333 103
4 237
371 285
333 46
324 337
152 481
211 9
482 271
157 416
400 490
455 181
377 254
169 125
148 310
402 127
231 126
215 87
372 87
485 86
275 57
38 309
170 280
51 101
18 152
142 60
93 270
376 450
75 322
484 46
25 75
201 386
473 108
195 416
354 197
254 180
342 129
261 292
394 12
165 312
225 264
34 159
109 170
493 410
308 36
111 477
216 186
146 164
80 189
387 194
226 286
268 141
286 68
81 29
342 32
296 98
109 419
89 182
92 71
459 82
412 253
291 423
87 128
169 437
131 20
306 56
50 358
278 74
104 188
220 211
309 298
69 16
198 271
342 158
93 142
247 153
76 357
485 38
328 16
36 154
63 311
21 342
269 465
153 300
11 225
23 225
241 173
444 92
102 291
433 138
291 195
404 33
71 220
236 389
396 251
63 272
466 311
128 84
384 87
312 281
358 396
421 335
279 99
242 365
355 234
281 27
60 498
218 186
75 484
235 454
78 323
486 298
383 45
484 114
247 119
367 297
484 105
56 288
5 116
350 298
326 360
211 131
317 386
370 429
236 245
420 106
256 314
211 407
21 491
111 196
493 269
374 478
267 329
445 431
229 124
485 295
427 407
294 196
477 96
341 16
474 213
380 262
21 231
222 91
139 42
311 185
164 132
314 38
321 283
407 259
55 50
458 244
440 334
430 104
472 270
483 124
238 447
30 363
307 259
301 104
290 446
431 465
355 454
89 245
4 176
78 496
241 59
245 388
492 33
303 176
152 465
264 287
2 390
1 294
398 309
256 154
471 40
494 187
432 326
2 435
432 436
348 433
321 25
58 445
473 314
131 362
1 125
367 247
41 3
165 220
375 291
332 421
460 198
25 178
114 392
180 379
312 46
71 380
178 486
152 481
343 151
129 283
30 196
52 496
69 423
214 217
490 444
494 46
77 450
194 371
251 191
89 226
459 415
253 12
493 137
288 405
40 189
385 417
266 422
345 437
6 335
131 412
310 496
446 125
497 387
78 140
219 100
367 167
31 178
315 121
26 25
214 455
373 419
341 451
241 491
326 187
451 247
244 309
286 261
149 42
35 135
235 79
99 254
284 455
428 130
155 99
54 306
225 221
173 279
270 67
106 266
13 448
257 57
318 109
4 44
179 319
399 39
145 267
74 498
128 429
28 2
308 136
357 434
214 386
453 382
148 336
285 411
468 14
123 42
438 138
458 479
18 470
89 209
207 15
444 163
17 187
323 324
259 177
63 33
415 325
161 368
279 416
430 298
193 99
90 405
385 131
453 48
109 255
271 42
205 316
3 215
40 222
400 179
212 151
328 315
184 479
395 489
140 315
267 325
231 333
464 357
257 468
223 418
312 366
34 494
62 18
92 389
68 454
105 344
12 132
112 285
274 196
363 7
333 266
99 482
339 416
384 416
334 448
314 107
454 498
16 200
90 16
470 461
157 10
143 427
212 169
365 255
262 338
105 81
63 447
363 204
120 255
55 99
59 306
305 222
422 13
29 173
134 12
375 351
278 292
461 18
125 490
180 179
112 387
187 285
490 27
134 402
2 462
269 190
412 61
426 426
99 186
51 307
158 86
230 426
444 288
130 43
74 69
308 310
96 38
66 347
250 438
252 52
242 104
17 373
299 6
193 443
250 251
189 244
170 260
48 271
314 466
35 178
340 241
279 195
43 288
78 197
250 145
249 331
204 492
351 266
61 356
459 44
288 163
423 148
271 458
276 323
353 85
178 163
358 193
334 310
7 253
250 412
95 257
102 351
117 152
8 453
349 30
193 319
319 137
447 468
291 90
27 223
386 496
42 206
16 96
202 376
140 375
133 452
304 236
388 87
392 273
304 248
419 241
230 349
170 238
328 177
252 461
310 355
413 490
86 352
80 429
305 288
93 220
308 290
229 397
22 48
148 121
214 178
28 67
305 444
473 198
11 485
341 77
67 173
25 106
36 153
294 105
178 193
335 387
136 486
35 64
37 158
337 183
251 103
47 217
415 408
394 372
449 278
452 87
45 368
373 329
287 433
126 167
406 465
303 313
377 42
53 338
374 266
369 242
459 477
385 268
140 226
4 131
70 441
161 308
490 116
401 35
54 277
242 28
341 461
355 45
236 71
337 260
2 110
439 207
327 461
187 324
308 468
261 44
352 230
198 423
310 342
471 100
480 364
177 65
463 173
244 33
293 199
161 434
493 148
109 100
276 320
140 297
193 436
167 254
29 397
92 217
169 339
203 63
129 149
323 381
266 92
143 419
205 411
59 304
256 198
371 21
170 384
321 11
265 363
260 340
57 146
485 352
268 79
228 41
274 397
341 403
175 40
303 484
140 380
431 215
236 248
132 302
165 406
121 453
293 283
429 381
86 203
282 267
308 354
103 362
118 82
474 444
280 293
25 129
344 420
168 456
110 432
190 152
106 128
263 311
45 251
306 44
311 483
189 440
303 119
53 292
88 273
66 379
9 368
140 91
400 353
138 308
312 362
342 328
492 418
22 105
150 37
372 180
121 313
285 61
353 276
49 338
218 441
161 467
410 79
432 301
461 310
25 422
251 273
44 367
325 243
132 66
98 327
492 4
417 71
199 277
468 270
63 248
67 186
265 224
377 478
140 49
472 338
111 165
385 75
170 155
73 62
241 154
158 24
95 233
11 75
197 295
395 479
17 112
188 463
441 134
35 65
255 81
99 7
434 366
374 336
250 104
258 299
323 491
224 268
195 419
214 87
418 244
208 109
424 435
421 248
313 365
299 457
316 420
287 250
86 251
207 13
312 336
179 466
86 136
407 255
195 134
378 121
82 113
401 87
335 7
224 322
279 1
273 23
273 96
199 412
425 211
399 406
224 90
226 430
186 311
445 133
106 381
346 175
262 188
47 247
70 450
303 272
295 201
149 76
489 421
484 348
255 266
356 384
314 479
290 82
67 352
233 87
263 25
66 80
179 377
179 113
385 101
303 482
411 33
306 452
301 400
166 290
26 408
387 23
457 193
45 30
469 377
402 131
63 232
462 468
82 242
196 141
124 319
204 499
303 35
287 10
153 456
364 305
328 31
76 104
134 138
15 122
105 455
188 417
238 20
114 2
143 320
491 310
309 119
6 196
58 465
421 293
99 63
447 286
242 279
269 23
497 376
183 284
54 102
122 223
225 292
464 89
399 369
488 455
3 61
26 495
140 62
477 447
85 91
371 424
448 327
55 140
277 445
400 239
462 331
123 374
463 188
409 439
394 363
424 249
244 398
312 302
249 237
328 289
66 187
14 199
192 14
311 70
161 469
152 211
438 475
15 127
66 401
116 424
174 460
210 392
194 270
7 22
164 444
483 188
239 230
96 497
419 431
252 407
471 432
408 256
383 409
162 423
348 301
114 279
23 374
144 324
199 218
14 4
192 363
445 497
494 431
215 41
300 266
198 319
76 123
384 106
30 311
113 399
30 230
104 227
51 53
271 100
456 102
465 285
134 0
284 262
155 481
247 499
318 456
431 445
404 246
58 168
67 286
16 171
250 97
150 472
424 153
256 422
59 381
381 73
336 194
175 165
16 491
299 274
71 187
433 231
399 475
261 343
366 318
415 129
101 116
270 65
339 378
259 26
99 251
297 492
10 435
279 324
98 26
65 78
161 169
497 499
194 412
230 258
388 61
177 497
415 341
219 447
325 254
357 330
175 277
212 154
330 185
63 343
422 428
450 129
480 435
348 447
57 174
235 430
428 297
139 413
212 343
449 210
393 390
167 159
165 68
253 231
75 496
276 316
297 349
284 78
25 277
452 484
267 435
232 39
452 47
242 223
434 17
407 191
202 327
395 74
305 368
364 0
168 232
81 492
71 466
243 218
202 448
383 47
87 321
368 468
191 391
260 110
154 477
304 167
93 356
76 51
403 399
131 292
285 72
390 65
283 208
156 485
33 337
159 392
360 472
363 27
490 51
381 124
143 144
352 37
89 237
488 429
221 344
268 471
36 6
214 158
144 171
9 223
467 29
1 20
47 327
230 216
192 389
33 111
149 336
425 386
167 90
286 265
236 388
247 55
213 125
296 313
36 209
238 157
177 3
182 239
308 77
466 413
376 0
188 352
90 377
467 465
230 257
145 106
161 319
444 244
58 374
436 92
102 94
450 174
266 131
208 132
397 74
426 27
231 274
3 467
284 321
78 323
429 15
186 75
320 90
316 130
74 230
324 252
427 176
160 126
259 45
119 368
247 156
282 397
364 478
299 286
461 149
16 229
157 390
332 202
184 329
59 148
253 110
139 235
362 32
77 299
167 473
481 196
445 267
245 264
402 310
311 397
126 215
105 179
381 135
464 437
437 417
27 375
111 190
222 166
465 325
298 299
347 485
252 279
395 293
455 497
246 149
364 118
297 373
8 469
406 30
447 325
200 196
386 474
493 163
488 109
260 310
295 286
66 460
253 399
249 461
111 60
178 495
368 475
297 475
5 229
406 55
251 304
278 106
122 138
99 123
434 110
397 359
319 229
481 315
276 424
484 230
225 239
67 162
489 446
175 364
419 346
150 81
39 23
161 281
404 161
124 112
471 190
272 21
188 143
419 253
483 316
56 404
418 208
154 475
339 260
106 181
114 110
133 109
390 6
19 146
258 146
337 143
16 82
225 109
362 204
21 496
400 345
405 429
404 171
431 60
93 95
57 389
498 208
214 43
189 388
387 233
229 300
382 224
333 245
450 459
455 47
244 323
104 208
379 149
61 8
455 162
403 155
363 12
407 402
142 429
14 97
249 29
105 243
489 131
442 290
337 291
466 249
457 81
83 70
430 188
202 144
151 237
249 106
360 366
295 9
106 354
384 310
405 207
338 341
132 394
37 132
381 321
255 3
425 191
231 338
334 207
444 434
392 486
352 46
55 104
458 0
162 13
220 194
36 67
314 410
42 168
489 203
59 275
466 244
434 484
44 50
484 269
107 488
386 228
332 311
311 441
454 290
485 325
245 26
436 373
393 59
114 330
106 382
479 173
10 424
474 265
386 54
42 310
38 345
157 429
222 222
13 320
498 29
55 350
223 243
154 492
322 468
202 268
442 280
205 33
299 452
6 31
342 37
383 400
181 232
455 40
212 404
433 320
22 210
453 340
332 97
65 107
376 7
139 267
301 318
122 344
228 100
137 128
380 70
154 20
412 62
318 109
281 477
187 103
443 303
400 493
100 128
135 465
233 328
498 274
471 34
486 120
100 199
121 475
348 481
395 127
89 260
89 65
168 370
174 277
270 111
239 426
392 222
51 226
353 125
11 401
22 324
375 349
324 474
307 348
475 172
285 202
119 64
287 374
151 287
399 461
387 273
496 490
217 131
108 399
300 70
246 471
320 174
149 121
321 145
317 308
363 296
213 454
329 482
270 352
165 332
106 21
11 404
36 454
205 80
150 144
116 357
384 248
369 288
433 33
341 42
191 103
57 204
39 256
108 238
71 309
330 273
177 29
335 193
274 213
210 392
249 276
25 178
466 133
18 246
289 400
355 212
268 480
236 412
151 307
468 344
469 74
103 298
492 146
360 290
182 118
394 422
100 431
417 419
18 418
170 287
499 307
139 25
290 268
427 227
423 293
367 396
46 392
38 322
112 38
8 250
24 294
77 403
174 124
395 494
282 192
351 65
91 133
253 342
69 233
26 181
429 492
236 393
215 475
366 127
229 179
473 374
129 254
230 402
249 304
348 125
191 383
16 52
394 134
367 122
155 464
308 393
138 84
411 397
24 205
384 277
4 253
7 209
111 485
289 90
215 212
95 490
42 406
392 464
438 288
104 259
4 93
29 413
162 142
199 440
70 186
291 83
144 74
59 151
241 108
320 201
43 456
215 268
84 437
225 107
219 22
115 330
95 75
70 144
436 257
295 269
353 6
432 86
89 349
457 344
397 330
139 278
398 440
377 206
165 482
4 454
284 384
460 471
467 379
488 30
151 403
262 283
222 4
354 194
38 163
346 163
293 435
227 485
191 191
25 104
411 356
93 29
352 195
427 405
287 319
75 267
51 438
295 337
31 125
140 1
164 422
209 486
471 458
1 437
393 14
223 27
408 304
352 316
73 261
432 279
46 360
298 7
196 449
426 445
446 80
2 67
53 111
421 211
0 377
243 422
449 394
50 466
134 358
471 402
33 207
67 403
263 432
233 218
163 459
39 160
79 110
73 393
457 484
361 494
268 457
203 105
423 70
280 254
156 58
265 251
6 42
474 333
403 269
81 59
219 66
28 472
366 150
135 101
447 323
132 348
305 216
286 336
90 81
139 66
169 98
140 404
89 175
297 466
26 344
411 378
202 97
100 439
393 68
243 87
435 340
56 376
212 93
174 194
112 302
252 165
69 281
309 245
211 11
355 106
336 89
39 118
410 38
459 139
226 303
143 202
78 13
458 52
98 142
296 484
149 211
344 49
294 219
82 153
259 357
299 289
408 447
486 338
329 318
121 445
499 407
272 116
20 78
220 231
215 119
182 369
418 365
436 26
32 64
421 370
159 291
239 72
262 67
385 77
374 91
350 358
475 373
451 123
206 347
466 24
393 273
490 0
379 163
227 426
148 411
54 0
73 308
227 145
222 335
279 465
323 96
470 481
104 150
498 273
149 310
84 316
169 394
409 74
353 48
459 136
489 353
161 365
11 414
249 389
354 85
34 380
362 29
180 356
481 318
481 30
198 131
377 417
343 367
415 139
275 196
50 226
444 116
30 63
304 455
40 132
12 10
40 426
282 226
45 72
454 264
247 26
443 152
20 476
115 286
335 287
366 243
359 237
152 310
117 390
374 457
467 9
436 386
465 359
431 218
334 10
388 385
390 81
58 331
469 262
49 173
416 304
393 267
429 276
18 46
355 46
408 392
130 174
34 344
414 95
105 317
55 249
330 493
176 445
207 240
414 146
302 108
228 182
310 48
94 157
56 328
72 449
123 464
308 203
150 9
327 74
323 108
453 234
31 6
246 130
128 238
198 12
47 282
330 426
436 357
38 276
77 492
456 110
165 201
62 116
190 168
276 241
475 366
372 229
211 6
96 470
335 191
474 147
425 382
91 156
433 361
205 129
92 10
63 161
129 257
277 126
367 172
38 53
135 195
53 262
84 346
38 150
297 271
5 364
20 222
436 97
78 305
316 141
155 170
280 231
357 136
308 57
111 77
124 198
312 246
444 177
327 249
20 334
198 476
51 26
475 71
376 339
480 53
224 44
276 487
124 4
413 485
62 432
483 24
122 38
216 295
396 419
253 395
224 417
295 452
23 275
114 270
175 251
296 446
434 399
255 72
57 58
342 21
397 472
10 177
325 20
439 78
474 221
138 192
496 198
325 285
55 371
123 291
237 83
334 271
195 171
81 442
463 104
428 276
453 360
232 439
369 278
0 23
68 343
393 490
276 64
288 218
9 183
266 263
34 99
122 101
43 81
185 204
480 6
218 114
405 285
64 451
474 274
470 416
406 42
459 363
434 182
366 247
10 443
394 484
85 396
477 17
221 480
338 14
128 53
190 57
360 385
160 254
170 334
229 130
345 429
111 188
287 279
75 329
314 297
45 469
486 399
232 22
388 59
464 70
479 17
402 155
261 339
26 414
396 284
213 107
295 242
373 324
154 82
231 448
270 320
71 128
2 108
168 303
226 390
259 484
139 205
397 162
428 253
37 275
382 325
419 250
426 29
111 292
93 432
252 194
322 363
471 324
127 324
66 491
476 205
263 326
340 467
220 160
435 268
445 109
359 169
198 216
9 286
218 161
355 454
317 323
147 29
205 288
132 126
332 271
449 108
427 95
107 289
58 148
109 42
63 355
72 469
107 261
422 433
387 177
0 129
10 56
196 147
274 215
338 328
436 458
53 288
429 216
216 160
54 487
195 325
294 117
230 119
52 253
431 152
281 291
347 431
431 291
358 43
224 205
15 48
188 160
228 420
80 118
457 444
270 486
455 152
271 416
170 185
189 175
318 101
384 322
113 165
61 315
372 323
371 285
297 387
307 60
178 378
322 239
225 487
140 444
361 32
69 263
291 31
484 258
80 109
127 368
184 45
220 40
177 56
296 92
4 474
352 103
343 34
21 27
471 420
305 13
277 332
215 374
485 420
29 51
420 417
463 8
48 456
364 183
127 225
52 160
116 483
369 256
283 311
83 391
256 255
439 388
115 385
305 7
58 452
369 187
195 330
286 184
220 244
321 3
163 199
183 373
482 131
442 52
295 265
372 26
266 52
289 164
171 233
185 95
282 229
412 55
91 329
73 198
201 311
11 247
120 217
348 46
450 454
220 143
169 246
150 444
108 287
21 439
386 279
361 206
113 20
350 273
323 205
368 423
22 377
446 231
277 495
449 294
289 228
326 169
114 458
246 328
119 74
354 119
325 6
26 67
340 439
496 376
152 15
392 364
96 174
169 190
485 225
305 471
140 126
85 131
311 106
181 183
302 431
437 387
306 479
270 315
44 498
13 266
483 48
74 258
448 431
156 96
67 285
412 462
445 59
166 349
32 257
188 199
438 186
17 477
144 244
242 288
406 188
88 107
365 389
320 163
259 166
451 329
143 326
385 215
64 88
345 403
454 448
486 385
214 392
488 4
144 359
399 82
190 50
440 488
151 407
73 112
293 410
88 377
92 436
25 473
229 9
309 222
460 183
428 296
300 174
33 416
499 296
346 433
273 189
448 138
251 424
186 22
251 396
333 126
99 195
204 210
284 180
364 14
162 244
419 292
208 314
110 304
237 59
100 456
95 10
286 49
423 198
94 324
450 174
221 279
341 402
82 278
144 126
222 298
90 306
120 141
446 151
210 230
38 35
398 311
212 133
183 36
361 135
161 130
261 163
417 234
12 103
229 0
298 156
462 303
445 241
392 434
16 243
130 454
117 55
40 380
417 181
168 224
206 130
145 181
416 467
70 63
63 428
437 151
455 213
306 251
186 252
347 198
5 202
109 477
358 474
156 150
226 127
109 324
6 432
251 254
317 422
202 322
325 232
446 139
243 280
384 252
303 429
483 231
61 160
134 93
243 271
250 290
115 321
253 359
113 121
395 4
178 431
15 97
89 4
136 461
66 332
113 373
456 221
381 96
189 17
140 15
158 284
105 390
249 273
246 210
67 215
498 141
90 245
101 13
327 31
363 90
463 393
114 476
425 271
289 347
214 114
251 281
172 372
497 356
67 273
340 95
88 134
231 338
352 179
62 185
275 179
424 426
254 90
361 390
237 31
146 2
284 303
176 397
105 308
433 25
121 172
158 274
112 209
240 242
427 316
495 155
81 54
144 271
161 187
219 357
360 250
54 217
466 496
304 82
107 71
96 89
363 80
142 106
348 328
144 234
389 127
181 492
263 322
10 177
35 277
27 81
150 247
243 81
163 116
39 399
488 123
203 135
242 352
32 345
80 442
70 176
20 469
144 103
281 136
413 154
87 168
415 440
374 237
205 10
409 389
12 244
380 397
101 68
413 474
268 133
162 345
167 190
294 182
170 311
317 427
447 83
376 404
493 214
224 250
491 198
442 133
382 4
72 174
0 336
321 337
35 269
459 483
18 54
365 105
384 188
124 34
290 331
45 0
102 283
333 121
254 445
449 127
154 489
325 373
63 154
275 146
482 98
4 87
192 352
392 369
255 429
112 16
368 45
180 158
279 322
268 365
492 386
375 69
443 498
153 52
50 358
308 428
15 32
236 312
33 60
489 129
497 288
185 101
111 366
40 217
82 243
481 308
230 426
425 208
260 25
383 78
358 310
195 191
355 226
138 431
60 388
28 127
80 410
276 65
282 44
139 168
329 364
142 120
328 59
84 67
497 440
250 319
10 208
434 297
229 217
105 72
51 141
51 485
50 483
27 179
200 332
48 166
138 29
88 190
258 466
406 24
343 107
315 9
306 205
422 249
173 387
381 379
364 76
60 432
464 266
98 439
458 164
193 498
188 96
415 133
157 298
406 321
182 0
57 73
175 341
228 479
210 348
425 461
394 74
340 337
276 210
226 290
288 234
183 419
404 328
479 98
271 413
265 385
310 454
295 322
301 485
334 375
337 11
437 111
300 83
145 129
271 428
15 371
142 411
239 198
296 46
459 218
455 67
373 224
46 118
103 20
396 199
62 289
252 85
168 351
332 52
333 165
36 103
14 348
46 178
224 105
176 194
113 35
259 483
101 339
359 157
208 205
346 107
192 122
473 99
3 212
377 305
260 336
184 413
443 126
231 82
128 167
54 259
243 94
433 165
322 196
253 292
400 382
4 100
199 444
157 329
486 54
391 386
152 98
224 427
362 95
263 308
67 342
436 169
335 162
359 369
14 9
392 112
64 266
210 248
430 263
170 219
106 268
367 61
340 258
353 91
399 202
397 468
138 319
481 333
55 473
334 192
305 69
187 226
327 221
485 397
117 257
25 7
68 75
333 392
336 260
315 38
359 87
406 212
397 349
174 240
432 452
373 8
235 89
311 60
310 414
171 148
155 427
2 48
441 75
187 187
77 129
216 2
214 436
137 475
215 464
416 311
320 499
441 142
54 407
321 252
252 364
143 344
392 407
334 497
36 185
314 21
24 114
402 383
210 90
406 40
351 425
276 323
317 23
430 217
469 371
88 103
447 221
480 231
229 340
377 166
188 265
231 192
427 64
6 134
26 137
414 413
88 229
253 190
260 405
128 183
287 81
155 68
300 234
426 135
302 381
498 304
348 342
406 82
68 127
116 412
325 94
323 30
72 413
170 76
112 332
414 151
219 399
485 69
56 19
252 264
420 210
52 251
185 120
247 310
223 253
347 363
245 400
166 170
99 317
150 188
339 211
462 416
485 59
430 447
63 41
252 183
286 483
455 156
467 471
76 202
417 42
442 423
445 162
332 460
149 44
107 482
250 488
399 69
369 235
128 330
365 432
268 232
389 3
326 223
278 208
250 402
177 195
210 44
5 122
19 42
376 6
346 126
196 126
213 246
428 417
349 193
426 145
148 469
193 167
375 326
80 471
18 125
21 257
379 80
474 26
384 398
377 350
328 231
477 425
342 393
87 257
402 43
13 13
32 50
228 206
29 407
384 308
65 399
480 405
284 296
47 454
157 168
399 424
349 337
83 228
485 43
86 170
35 387
289 99
157 67
326 17
325 38
438 210
115 242
391 270
76 399
68 438
214 85
423 467
196 415
458 358
380 181
69 44
496 415
334 210
228 153
192 160
370 405
0 482
252 485
237 391
181 180
266 305
124 395
310 41
399 172
354 120
164 279
46 275
485 12
166 380
392 65
471 210
44 262
99 323
214 148
328 336
493 395
142 94
135 118
290 452
72 386
165 496
123 88
101 63
443 461
26 119
181 187
449 349
172 225
373 401
89 238
133 201
148 83
53 275
79 135
22 343
192 3
444 39
103 315
276 397
368 398
86 303
4 49
274 387
288 177
415 499
52 230
313 401
28 200
336 218
61 460
315 210
249 105
421 259
8 352
251 49
352 376
425 189
76 209
386 51
402 365
447 153
54 455
7 112
330 435
395 195
405 243
349 210
322 7
211 270
319 330
59 462
3 24
233 484
388 80
297 471
124 142
449 244
356 31
466 457
4 186
429 361
423 262
269 278
400 97
428 480
295 72
96 487
323 298
378 181
152 63
206 27
271 128
159 155
464 127
165 125
338 469
83 447
225 114
211 352
184 478
50 139
478 479
130 498
179 154
69 360
388 331
459 127
135 159
139 471
96 99
420 156
103 287
401 3
207 181
159 112
104 392
371 209
207 434
440 353
214 238
421 10
137 102
113 232
203 272
224 104
261 152
439 144
0 364
45 340
304 207
99 56
117 408
195 323
176 176
414 135
145 390
344 335
68 135
259 458
414 123
275 483
480 175
392 214
406 480
39 289
346 211
471 139
314 463
140 166
154 342
85 54
242 151
286 429
239 162
285 46
381 154
181 61
275 361
341 73
363 34
245 233
372 209
24 68
87 38
380 164
71 241
244 465
247 313
475 31
429 338
344 260
321 310
24 26
99 449
483 217
450 314
23 80
148 322
212 48
64 87
328 445
410 135
300 425
456 9
348 127
240 237
399 192
218 413
362 423
141 170
484 197
277 91
266 360
260 278
217 478
423 324
312 46
323 186
47 464
92 279
368 247
440 332
245 119
43 10
32 460
9 36
127 17
229 139
417 245
76 489
165 134
32 351
389 329
294 355
486 437
184 386
70 206
326 476
339 167