9300
87 66
386 121
18 233
55 195
302 180
360 304
301 297
323 44
383 280
209 114
420 145
173 86
199 419
290 70
134 448
15 390
11 73
306 253
300 381
61 213
370 103
252 274
318 171
304 76
42 54
51 365
451 314
233 225
295 150
451 23
266 282
207 466
71 129
11 366
431 371
474 424
198 301
473 79
155 369
423 129
494 49
363 326
51 297
299 448
323 199
481 250
68 441
71 40
258 491
363 82
6 190
491 189
268 57
426 316
445 275
324 201
27 291
88 39
339 431
130 388
490 15
456 463
3 59
50 27
109 262
452 265
455 116
25 295
112 75
351 451
4 409
201 27
419 383
314 141
29 258
273 444
407 372
431 230
109 263
25 333
451 219
187 329
124 406
333 212
15 88
498 184
64 19
402 51
192 483
241 217
13 74
446 367
449 421
36 229
414 58
129 61
242 365
123 316
380 218
307 457
493 395
266 157
208 57
40 169
238 400
326 134
353 251
24 272
1 302
212 60
473 268
133 342
158 67
286 257
66 39
286 445
102 59
469 53
74 310
62 361
495 312
415 389
161 200
354 292
204 15
283 67
261 178
245 268
377 271
162 383
328 443
355 449
2 430
92 324
185 76
240 7
396 33
85 7
299 409
276 440
359 356
34 59
180 120
391 131
15 57
1 54
3 195
478 208
32 357
285 422
429 69
454 377
384 325
87 392
332 36
392 363
423 43
163 278
261 455
12 406
460 128
324 365
73 315
24 154
76 457
27 161
38 6
183 333
225 275
163 270
134 409
452 407
185 409
364 467
374 298
427 376
94 186
2 103
257 167
125 378
40 185
43 4
189 78
205 227
349 267
176 368
275 483
244 481
448 312
111 108
337 322
9 390
493 431
450 363
93 102
139 75
431 133
64 183
410 121
388 269
138 111
95 416
397 265
430 339
300 346
20 41
283 489
272 381
96 128
230 222
150 190
323 369
404 81
202 387
9 166
278 442
359 147
264 225
416 256
454 194
87 216
57 475
208 370
498 329
404 305
495 80
302 54
487 318
58 206
373 42
484 67
66 3
228 343
452 330
25 144
213 406
233 112
335 270
452 442
247 185
266 208
114 242
412 420
126 101
143 322
241 351
206 480
323 307
490 434
79 127
34 367
331 292
62 267
61 166
204 366
74 308
402 470
390 188
142 167
489 368
72 137
117 83
390 278
213 293
420 232
99 144
436 306
426 283
301 350
69 487
296 5
475 143
184 50
217 217
438 178
315 59
142 362
492 433
226 384
469 57
201 498
305 420
203 489
192 231
218 5
10 261
256 366
269 338
407 292
470 486
397 197
59 286
219 391
276 52
109 297
295 245
165 311
152 100
183 221
78 344
457 402
120 88
278 214
6 389
228 38
235 477
115 125
17 295
199 334
483 145
242 308
471 278
231 259
480 124
320 414
168 58
499 278
492 289
30 129
167 350
179 258
384 403
198 294
480 253
250 249
57 463
94 492
251 381
357 325
91 84
494 177
307 260
401 493
475 299
2 431
190 142
45 181
328 426
31 95
344 308
124 281
125 254
135 218
395 228
312 492
21 338
98 307
152 329
480 351
135 127
270 482
16 177
455 167
263 344
4 486
119 459
213 480
50 244
472 348
192 445
136 137
296 214
43 86
438 300
280 23
358 73
250 402
69 374
70 205
43 184
144 426
407 14
258 209
58 457
255 82
71 102
316 391
477 367
168 359
235 267
192 448
202 93
319 442
499 271
308 389
315 394
408 452
13 74
384 166
101 423
26 139
382 172
392 342
54 211
479 412
212 289
234 171
466 414
185 53
442 465
360 345
297 109
36 120
287 163
86 420
59 240
264 112
307 293
4 156
420 213
2 335
7 132
46 88
141 325
290 84
429 435
396 2
123 79
242 432
352 262
354 180
293 263
56 118
127 452
165 413
248 47
180 19
107 107
432 78
162 248
35 223
77 444
23 431
364 52
166 117
297 216
332 20
491 442
394 388
153 118
17 59
78 402
9 49
128 37
285 442
17 142
86 172
104 446
351 461
430 468
36 17
390 228
170 368
109 381
351 417
328 262
16 220
270 407
296 26
320 398
392 434
106 189
135 331
292 210
178 486
4 75
303 67
287 246
127 325
242 396
11 330
50 423
182 379
405 172
422 478
412 77
266 315
146 19
229 254
240 290
365 260
179 96
342 20
346 466
215 321
3 440
215 226
457 54
226 397
376 363
292 149
316 288
307 59
313 314
104 389
149 405
354 322
342 328
146 196
370 40
333 361
439 373
279 48
446 397
112 358
7 174
462 404
315 175
489 122
363 480
238 445
267 364
44 92
288 462
354 190
52 10
384 187
88 343
240 163
21 386
60 204
109 380
55 374
348 276
109 396
342 211
427 347
439 109
423 471
162 79
90 278
317 66
409 326
341 405
143 2
206 215
95 55
282 167
444 3
251 482
46 53
400 93
55 473
445 191
270 478
256 459
25 212
38 426
183 286
140 380
95 327
234 347
14 42
397 16
499 310
215 149
242 45
18 467
158 297
128 315
274 281
493 236
162 151
290 32
264 346
25 430
129 211
253 259
276 496
158 151
152 127
24 374
341 394
44 394
210 352
133 172
408 336
340 126
10 71
269 130
412 126
337 294
53 394
390 91
94 181
308 400
274 246
492 332
227 468
320 36
60 289
125 305
283 469
392 317
299 146
272 13
307 212
458 110
53 360
42 200
100 499
97 202
387 375
195 89
478 114
255 367
172 38
359 380
50 455
101 103
116 349
413 374
336 423
136 371
71 241
240 30
232 24
399 337
278 119
85 446
313 256
295 340
73 337
292 6
110 123
472 246
472 226
2 238
109 160
401 138
20 33
57 141
330 252
224 308
254 108
365 309
2 419
256 12
18 75
50 400
146 128
207 22
260 118
278 209
199 222
255 31
24 219
323 164
472 354
315 47
209 78
497 180
44 211
138 105
5 62
43 188
62 152
122 250
311 175
397 253
284 10
81 4
168 309
15 404
304 492
422 330
362 13
224 419
376 406
469 362
402 381
385 12
114 464
139 360
113 425
287 36
392 249
410 368
124 412
404 426
108 428
441 326
97 471
229 17
231 473
207 198
62 133
98 92
452 28
453 237
126 417
167 92
460 18
431 429
355 437
365 187
366 316
139 159
28 463
289 368
419 260
245 496
88 481
10 195
433 393
310 315
408 411
281 329
259 220
157 64
252 466
282 23
34 118
433 421
290 62
322 222
70 209
42 420
115 11
404 404
72 400
311 214
396 480
200 445
9 155
121 210
85 261
231 404
177 119
181 17
91 319
380 356
276 162
173 275
179 391
292 429
495 251
83 455
400 391
46 136
346 410
23 168
424 283
402 107
124 453
273 83
439 215
229 5
280 215
459 402
183 312
415 251
58 179
422 499
487 459
221 321
341 185
468 244
351 265
70 370
305 475
43 195
201 97
312 272
175 481
293 123
374 210
241 209
60 285
244 164
485 47
84 465
209 326
443 52
274 413
388 13
209 79
176 431
204 262
243 341
464 231
293 389
98 191
476 35
51 10
57 72
37 36
214 493
45 98
363 9
374 171
102 104
35 83
345 131
472 91
174 441
330 288
331 320
355 280
290 159
231 258
294 199
192 120
71 360
369 89
260 434
38 95
179 214
345 426
369 376
169 169
310 396
216 499
279 141
153 423
181 421
120 384
357 327
187 312
253 280
214 408
3 365
80 105
383 34
263 277
447 252
148 284
284 257
250 216
139 415
337 403
140 320
499 309
122 349
129 38
446 227
93 343
300 302
188 173
450 183
288 303
88 249
358 288
5 224
139 109
364 496
169 328
138 4
353 168
207 112
339 334
178 5
159 432
457 330
14 348
151 260
9 302
90 91
315 368
477 447
444 307
135 193
50 113
133 125
237 403
238 340
346 429
361 268
450 357
205 171
431 316
118 209
152 440
308 61
360 468
275 137
183 304
269 262
388 233
488 403
95 477
406 78
198 441
299 120
291 149
465 356
417 222
14 436
349 70
38 175
164 209
366 165
427 347
80 487
390 167
497 69
499 338
279 403
375 198
347 430
139 18
92 312
100 408
478 107
134 449
11 368
33 298
498 377
216 313
332 78
499 107
445 329
85 499
49 76
359 312
331 396
60 350
258 423
30 161
462 237
457 164
315 473
202 343
8 313
243 419
378 340
22 95
446 175
103 459
271 495
391 462
164 102
26 303
464 423
12 408
425 427
252 321
164 240
53 455
374 172
365 296
391 252
279 239
198 337
184 382
197 321
424 75
231 361
136 302
210 195
474 0
322 135
375 79
34 486
11 280
429 260
364 376
115 172
362 143
25 165
486 46
474 222
436 262
64 205
252 72
73 127
262 79
158 247
233 490
270 44
304 96
472 51
224 168
163 439
456 86
132 188
263 443
205 106
163 199
123 122
249 416
495 48
295 11
353 5
49 381
477 476
27 205
225 302
241 251
189 388
428 198
493 322
280 43
242 198
172 444
212 218
266 421
285 59
64 414
295 138
466 465
170 272
74 494
97 395
135 168
218 287
461 63
459 211
261 93
37 53
271 434
355 101
160 390
304 140
131 224
189 451
223 97
443 211
106 150
170 41
180 93
9 388
99 493
86 468
21 360
294 476
429 293
35 2
142 90
314 339
290 125
223 356
67 365
367 166
59 26
119 37
277 91
436 128
448 376
89 23
351 470
115 383
385 280
370 150
341 380
5 37
245 483
200 80
99 164
190 68
457 158
102 162
142 235
463 38
413 91
413 52
436 116
397 28
30 173
405 119
8 223
206 263
343 105
270 406
326 442
453 312
474 136
371 407
445 469
60 334
387 211
327 325
353 175
200 76
48 235
310 458
221 408
14 16
274 64
359 136
448 453
89 164
71 423
392 312
498 16
79 304
129 237
264 407
483 334
421 465
423 383
292 231
99 496
412 158
294 373
178 271
435 242
17 119
431 6
375 261
65 282
19 454
213 46
380 284
101 49
432 301
384 376
372 76
234 483
209 284
408 28
123 387
7 343
202 140
402 290
424 429
235 319
366 444
80 449
498 246
400 33
409 282
211 284
268 133
269 445
326 329
216 177
373 301
441 75
218 427
356 195
15 142
438 443
392 381
479 18
403 242
377 231
368 164
297 88
385 488
317 419
96 211
12 385
461 321
100 306
1 31
173 308
252 368
101 464
334 496
239 433
164 238
402 468
56 32
372 52
471 441
5 189
75 419
241 369
175 388
419 341
150 29
249 444
408 254
250 351
284 243
481 341
309 300
333 235
287 217
11 57
247 110
30 368
237 174
62 123
464 265
146 333
277 466
220 395
98 38
281 323
164 382
183 114
349 326
43 368
425 489
99 406
274 24
198 129
252 364
129 112
445 69
387 127
374 75
113 460
283 473
355 246
360 447
273 390
110 61
402 169
75 36
412 2
483 350
214 111
75 88
157 195
174 373
448 396
356 48
21 413
159 139
439 229
119 371
432 64
233 230
118 335
189 161
11 30
493 24
112 77
124 69
442 121
18 298
346 242
155 374
366 220
449 166
37 305
369 420
150 469
156 455
116 120
151 197
222 479
408 496
65 334
456 32
182 359
453 326
200 380
100 108
126 418
223 401
322 163
485 445
400 324
445 141
191 368
347 448
444 413
99 107
491 362
73 407
233 173
405 27
487 286
204 6
259 114
277 280
225 81
258 262
256 477
345 55
3 299
212 44
151 299
161 163
71 142
167 87
114 304
90 72
430 453
67 147
427 190
123 197
311 152
129 381
436 419
218 326
370 291
91 282
446 21
15 104
191 17
173 182
254 157
111 264
411 185
227 30
227 338
342 350
84 39
310 323
149 20
312 29
311 371
244 255
359 109
126 259
441 403
60 300
416 47
232 23
54 179
369 459
162 133
172 63
386 246
118 335
364 387
258 282
37 27
489 2
261 249
4 467
267 54
101 64
440 35
66 186
497 494
127 435
498 159
257 152
487 236
123 376
158 203
82 381
383 48
297 71
39 496
402 301
217 158
46 4
42 157
3 112
400 39
51 131
135 250
487 308
184 474
29 110
492 195
243 111
35 227
76 392
45 426
436 478
334 114
124 334
299 228
268 127
110 199
449 319
479 245
71 436
399 16
63 100
64 243
322 306
50 451
229 398
229 447
61 165
352 415
144 185
313 151
350 264
435 275
373 299
88 414
282 444
397 487
230 345
3 461
264 52
303 53
352 493
10 384
299 414
451 362
13 295
59 116
392 363
15 494
409 265
61 455
442 191
389 458
271 24
428 392
446 35
28 83
467 150
64 391
253 119
414 16
132 267
130 474
320 376
141 497
452 81
125 203
13 246
122 14
406 285
172 51
134 204
355 53
444 454
73 271
287 197
464 487
313 272
148 447
444 134
215 142
345 249
495 340
354 210
495 118
21 113
317 20
73 7
461 172
444 17
66 34
374 83
207 31
330 187
173 208
350 274
23 389
81 47
257 371
489 288
401 105
125 362
369 218
243 50
419 331
365 39
122 485
368 91
279 330
390 198
325 452
193 240
287 200
71 275
63 396
1 412
274 464
34 126
176 496
327 277
316 447
433 44
136 291
473 301
352 267
219 363
455 177
377 265
40 242
138 301
213 455
271 492
470 340
336 305
435 499
446 15
59 103
246 379
33 47
314 219
434 385
414 386
151 389
483 143
444 43
498 474
466 10
350 121
278 436
435 38
53 213
169 234
113 112
12 415
487 498
235 326
64 273
163 149
293 215
110 498
472 237
247 108
229 290
227 449
487 360
73 14
248 40
5 94
362 214
212 369
195 201
474 448
449 112
179 489
488 242
332 290
250 312
103 431
233 332
192 330
196 220
113 117
212 297
363 470
339 74
275 75
375 386
498 101
91 325
419 178
320 431
243 103
387 70
402 346
28 120
192 94
212 77
374 305
275 276
350 237
164 466
353 477
78 392
69 351
381 21
452 340
444 201
272 48
394 331
451 26
473 275
204 143
301 185
461 78
167 428
395 163
492 183
75 248
451 422
444 496
337 185
238 248
296 281
464 362
389 43
170 267
262 362
399 374
304 63
492 360
375 323
6 239
339 367
141 434
430 142
327 85
186 267
400 66
428 482
377 364
483 169
31 47
421 246
309 430
142 77
400 153
244 369
88 407
193 83
226 230
167 123
243 53
471 353
336 495
212 252
421 213
113 195
441 305
87 386
464 103
256 230
451 216
123 1
84 40
122 168
292 162
68 289
143 387
382 391
143 479
44 94
290 65
222 9
396 83
186 309
391 212
428 443
296 343
383 404
72 232
395 5
146 216
103 315
206 289
120 486
432 350
267 165
26 74
158 489
298 422
486 344
139 190
385 415
171 435
20 120
477 243
460 415
82 123
413 415
253 288
490 33
50 186
260 257
98 77
499 418
263 249
439 338
105 254
190 324
444 276
19 210
477 421
44 331
247 411
199 309
343 0
38 190
299 393
470 299
69 398
147 322
160 184
439 438
114 265
393 129
191 410
331 412
96 20
431 227
37 195
195 482
172 232
125 234
385 324
74 448
270 454
139 73
11 282
399 430
411 477
387 292
56 102
474 70
149 152
347 405
387 186
270 395
481 412
88 396
344 366
172 162
235 466
248 163
93 98
75 499
291 4
106 462
32 199
352 432
337 181
220 51
298 77
341 490
238 279
497 429
91 434
400 170
333 178
276 0
499 279
283 351
165 142
342 242
174 49
82 46
97 364
441 154
145 248
27 134
63 235
170 377
47 154
184 70
423 232
11 460
163 422
417 147
389 180
229 259
157 415
279 163
318 106
354 72
206 315
50 382
259 269
275 72
143 158
242 459
271 418
192 106
253 434
466 109
220 142
57 195
359 377
484 189
261 29
344 338
72 468
89 246
319 331
341 365
176 314
232 84
190 448
234 424
34 295
289 201
248 106
484 346
387 459
488 468
158 149
469 184
431 231
414 58
275 250
64 256
192 452
252 148
72 234
29 338
391 458
65 318
16 140
451 401
369 404
405 292
476 27
258 374
284 259
361 25
281 60
12 425
425 325
59 116
454 350
308 440
110 346
486 225
126 126
382 289
81 495
375 139
365 410
169 485
10 150
210 31
308 143
468 222
190 234
84 379
319 144
490 244
470 429
408 328
118 96
444 142
134 51
461 171
8 499
149 131
14 19
14 359
433 322
408 335
214 123
268 492
89 386
167 258
439 59
7 75
70 57
460 303
326 204
203 422
405 335
206 353
212 419
241 220
55 498
121 2
494 122
8 389
0 435
494 175
103 291
200 354
157 173
229 160
82 484
171 432
137 487
258 377
449 202
200 352
354 5
479 321
63 200
136 487
162 415
206 130
336 117
290 258
418 346
182 19
304 353
340 353
230 441
143 451
303 31
388 195
17 157
357 367
354 432
199 493
476 369
486 257
15 164
10 129
148 433
138 192
45 304
246 479
282 127
159 241
437 85
242 47
267 306
90 451
297 121
342 289
398 125
289 329
458 413
198 300
492 458
263 337
168 390
17 361
102 450
35 28
428 391
197 129
432 195
168 287
428 229
354 11
192 326
91 144
296 2
312 142
331 288
30 427
288 499
301 400
280 243
134 188
169 208
255 184
323 101
331 424
287 104
430 37
33 331
333 374
16 329
470 145
73 347
198 0
252 213
456 351
39 33
241 443
479 208
161 349
273 302
406 492
382 412
243 189
63 415
97 428
425 431
130 67
419 498
64 180
31 172
205 372
315 70
130 298
147 294
449 291
136 272
184 355
44 18
285 279
207 459
390 382
301 133
483 372
52 221
245 399
272 83
5 450
100 87
234 135
427 248
372 183
390 415
433 57
188 287
246 70
453 248
233 489
361 254
475 216
468 266
349 220
22 240
179 355
342 123
223 265
448 121
36 95
4 191
478 321
392 45
293 76
65 345
451 26
94 279
45 279
351 62
302 246
453 374
349 334
99 148
269 424
371 400
91 158
479 376
421 421
497 371
68 66
92 415
194 372
151 186
101 91
189 2
228 255
89 495
143 429
205 41
441 412
70 77
305 384
305 402
125 226
292 154
69 46
418 236
274 115
58 69
423 375
483 100
95 152
433 72
113 238
2 139
216 406
142 425
327 21
99 447
454 304
350 243
479 23
491 268
189 105
481 49
149 113
117 464
388 96
186 50
189 354
112 189
466 257
278 255
202 145
449 229
472 8
32 152
420 303
409 375
424 462
427 242
58 426
22 44
446 446
152 209
250 488
245 265
20 216
213 376
105 74
83 162
314 430
233 467
342 87
401 494
236 118
44 328
372 294
93 419
480 170
158 245
10 230
298 256
132 382
457 11
25 89
371 40
7 192
279 457
451 201
319 32
360 40
334 364
135 232
254 279
25 115
197 413
169 387
270 347
358 153
242 79
471 235
427 114
71 478
179 58
90 374
414 350
214 450
34 249
380 201
316 289
54 405
145 365
212 223
376 267
346 422
158 470
84 317
147 437
496 7
382 178
28 438
241 296
397 95
296 127
416 278
35 465
330 322
45 32
299 395
317 273
244 497
166 327
265 180
188 313
343 113
403 422
218 224
319 144
272 468
98 467
432 40
363 485
18 115
10 408
34 169
19 327
155 278
458 185
351 272
385 498
420 194
418 288
285 491
459 89
57 57
449 409
394 341
456 312
73 264
286 466
146 107
237 305
490 153
425 195
46 193
388 162
302 466
457 158
248 87
496 268
29 157
498 446
258 276
40 455
273 183
290 178
483 419
72 27
75 326
19 497
11 121
439 407
418 314
253 249
369 18
175 250
48 399
175 173
480 158
342 67
246 254
25 132
12 81
407 98
447 87
60 427
186 459
125 499
248 104
122 378
480 118
17 149
323 28
187 44
463 155
261 29
13 209
291 287
237 377
464 198
477 36
347 376
376 164
268 472
203 124
242 243
392 183
64 111
7 67
223 103
132 471
180 336
475 497
375 323
374 212
249 191
68 351
367 448
273 444
420 136
231 476
11 15
126 123
43 75
178 486
457 118
454 162
12 489
313 430
494 239
430 39
242 95
44 498
294 110
98 317
293 215
82 329
304 156
84 60
46 347
465 114
277 3
345 272
54 141
380 158
49 48
144 310
161 291
401 188
357 307
374 499
180 150
158 456
17 485
184 242
357 415
419 2
126 486
127 264
274 180
228 7
169 175
466 372
412 182
342 220
71 269
271 216
25 104
89 430
172 394
309 125
479 29
15 80
196 105
285 494
353 322
497 14
238 375
409 316
388 3
272 251
320 311
415 396
326 197
91 356
334 350
232 252
185 313
419 99
94 233
56 204
70 299
174 405
73 161
164 84
335 313
125 288
36 7
204 40
249 214
65 147
400 83
396 149
248 437
170 167
224 194
494 78
336 294
307 168
104 409
223 323
464 292
299 200
92 0
215 356
3 341
276 132
281 255
192 173
340 29
76 215
293 416
211 70
90 129
391 370
46 47
339 466
166 10
10 490
346 258
452 225
209 202
457 228
253 490
372 2
69 446
362 448
370 214
344 425
148 312
359 87
53 194
204 50
41 71
329 66
144 239
441 133
214 353
344 251
105 319
265 216
16 174
240 480
405 386
198 436
23 405
99 410
460 76
147 303
370 1
93 329
314 366
219 34
137 380
200 63
131 242
268 465
297 147
33 9
445 55
460 84
346 321
397 60
215 306
160 397
78 437
303 253
287 244
125 23
438 277
19 325
142 70
217 140
1 440
495 103
39 298
119 307
219 385
43 369
118 435
224 203
456 196
440 380
255 96
373 417
242 193
263 244
384 385
177 333
288 237
36 24
331 179
64 155
376 403
338 107
163 494
190 414
294 119
215 483
400 401
95 440
185 495
232 210
395 421
159 261
285 183
362 47
202 468
371 278
238 79
73 61
476 401
372 116
451 122
24 440
380 203
50 471
181 417
339 282
43 77
112 350
397 180
149 327
457 451
382 20
434 47
448 308
424 262
236 173
113 227
282 112
83 345
115 333
115 117
46 454
156 11
191 158
337 53
356 192
65 295
342 239
47 499
261 143
168 323
50 349
462 133
478 332
165 45
162 93
399 133
144 208
219 407
460 187
380 56
203 169
408 445
296 398
393 455
278 409
258 61
46 180
364 220
266 24
470 30
15 280
341 221
129 11
198 60
468 441
110 430
227 24
422 18
325 23
432 167
80 455
135 191
263 126
2 352
234 381
162 472
46 249
260 3
415 175
116 310
93 383
407 227
97 320
344 181
200 423
230 128
171 280
258 218
70 435
316 261
85 304
405 330
185 131
158 17
327 100
336 275
354 420
93 243
277 303
226 437
417 477
110 309
27 89
376 368
129 449
253 44
375 67
198 158
27 60
161 357
484 354
127 497
92 190
493 72
9 221
199 72
381 278
367 309
29 408
357 95
140 159
226 462
472 15
75 276
485 499
205 88
437 469
11 184
256 30
251 5
77 117
396 302
463 458
218 115
211 493
4 427
389 351
218 230
358 213
212 145
234 344
165 269
454 23
405 177
182 210
180 157
311 111
69 76
43 275
120 139
66 254
457 124
206 307
20 27
173 64
260 84
353 259
282 426
455 159
222 188
197 489
100 402
478 360
135 169
160 21
128 107
231 226
385 437
465 437
2 405
341 490
249 262
40 46
206 383
423 495
336 428
182 472
333 436
457 160
33 320
428 117
195 13
451 159
449 80
485 268
258 451
65 178
225 359
94 106
453 283
211 18
342 290
78 393
405 175
348 36
153 290
304 276
287 349
281 107
375 236
39 267
297 485
344 457
63 22
305 290
308 368
10 368
113 3
178 89
125 370
13 378
6 130
331 169
276 294
382 113
232 3
340 274
231 29
404 184
326 146
14 61
430 135
138 25
114 395
118 168
47 91
73 131
300 53
199 405
370 76
431 434
208 102
483 271
307 439
85 387
301 133
120 451
476 231
478 110
131 442
385 96
227 178
83 459
216 379
307 135
69 86
40 238
361 277
68 23
263 20
6 5
456 64
147 126
89 285
79 125
74 220
250 465
276 153
33 185
320 492
78 192
431 389
18 118
493 144
165 438
295 256
172 171
149 252
389 319
297 238
458 468
285 371
376 60
246 413
405 261
454 66
308 335
305 237
381 178
117 299
407 398
421 412
16 80
251 423
161 257
226 48
271 472
32 363
277 0
261 130
197 34
370 215
452 357
35 175
326 186
436 4
417 86
166 358
281 285
43 269
318 294
118 121
336 441
441 151
281 113
0 203
270 330
187 370
397 75
113 223
227 224
310 49
259 496
134 328
97 40
187 177
150 267
61 305
308 486
100 2
57 442
272 100
322 180
255 312
387 219
295 220
269 466
315 457
137 29
421 449
126 235
354 108
266 276
114 415
270 74
16 214
166 327
359 141
305 340
60 466
186 192
158 207
165 456
337 473
274 302
389 258
219 252
380 96
11 485
59 495
209 281
461 428
421 228
68 172
139 226
418 480
40 325
133 428
254 57
211 470
229 28
281 101
197 300
285 161
156 60
194 196
124 218
298 7
179 397
123 218
199 318
496 393
322 91
148 129
100 428
456 359
312 181
481 89
103 361
422 118
314 259
329 468
475 291
188 127
346 154
325 312
57 397
488 321
302 379
159 136
495 254
435 468
57 160
21 268
386 160
272 295
263 201
492 101
81 238
245 32
344 279
176 70
243 402
133 164
152 45
300 145
113 499
159 87
356 170
183 181
476 94
147 307
260 240
330 491
24 341
120 75
497 220
474 148
164 240
138 108
105 316
316 290
377 218
240 475
8 85
180 275
82 337
77 327
171 343
36 259
335 195
415 9
157 184
425 390
350 322
490 415
205 455
173 306
134 434
372 265
41 494
331 404
83 123
318 408
168 254
449 355
364 355
39 365
107 373
47 316
231 457
264 38
344 288
75 289
54 330
325 447
203 95
71 156
417 286
41 389
244 437
144 342
59 460
186 183
352 166
475 233
271 435
76 239
28 468
298 151
450 83
30 475
132 153
439 101
491 401
338 332
175 87
48 482
17 86
253 86
319 369
157 80
320 91
411 233
384 200
283 61
37 334
339 166
267 21
422 130
463 258
198 112
94 490
76 98
184 463
185 181
262 3
446 342
75 434
134 357
419 311
497 270
436 456
329 336
466 203
314 251
363 281
271 12
110 309
124 200
381 294
149 309
151 495
429 96
305 78
241 64
334 224
32 238
426 122
325 361
464 393
174 491
3 179
488 298
350 465
259 113
274 231
79 409
357 278
356 8
72 162
239 98
188 258
380 123
337 115
8 58
49 301
481 34
184 405
370 321
286 34
118 130
391 61
339 197
57 248
262 47
145 482
92 353
477 186
301 473
383 314
115 161
47 432
337 448
122 232
118 208
190 408
469 88
137 433
33 160
208 195
29 295
149 205
391 121
446 478
292 192
353 329
114 259
60 401
485 303
363 182
90 455
44 53
486 412
424 181
228 371
167 132
338 257
379 168
146 81
126 325
7 290
49 479
232 121
424 461
143 69
25 140
193 86
350 69
102 32
403 274
259 331
88 422
442 449
30 319
497 440
230 156
488 4
477 132
445 72
142 253
393 89
27 19
88 87
471 377
3 42
373 226
1 262
211 314
133 443
236 94
250 130
486 318
302 90
163 463
69 248
337 305
176 462
401 216
445 264
306 372
451 448
63 32
346 452
247 126
220 331
314 483
154 323
413 300
116 456
204 76
233 185
147 393
109 409
25 401
125 54
355 184
216 76
380 418
396 414
245 128
463 117
440 59
212 117
74 205
282 180
365 130
24 367
277 364
117 133
40 154
338 243
319 395
165 406
320 200
180 61
30 66
477 495
465 322
28 189
221 39
169 162
29 438
303 45
179 158
313 420
15 71
466 3
410 335
387 483
396 230
148 419
414 279
101 126
167 231
270 481
495 389
327 292
189 25
35 482
255 368
439 200
56 270
457 257
92 466
48 196
115 489
268 197
175 382
113 221
203 342
83 236
380 198
75 263
245 69
290 463
15 352
123 81
339 71
37 432
129 283
272 86
135 96
478 392
114 310
4 444
180 169
219 88
203 412
481 147
110 448
153 123
205 125
49 128
60 396
179 86
24 41
138 304
48 11
321 468
412 14
183 178
118 444
356 403
402 321
121 190
165 12
489 274
402 370
266 38
477 315
356 298
454 353
365 494
463 2
17 38
216 227
172 200
455 186
7 380
422 209
221 129
255 88
458 63
101 158
473 77
227 78
432 181
176 181
183 149
187 491
218 200
253 256
442 390
123 60
270 450
431 45
133 343
406 186
196 444
373 360
438 21
203 100
281 222
223 231
222 316
17 411
19 440
183 122
34 461
263 306
351 156
0 194
233 337
281 258
118 281
155 154
106 409
131 210
441 387
203 207
118 15
307 72
46 489
450 490
148 81
237 66
260 0
189 89
348 345
479 322
476 466
375 134
196 434
321 359
66 489
4 376
449 36
25 311
154 347
280 327
393 302
154 370
459 6
203 343
17 159
126 182
168 345
279 353
64 364
353 100
477 130
18 209
373 278
477 395
223 27
181 258
128 116
474 336
31 87
99 178
212 49
394 225
430 381
97 174
126 495
477 303
12 455
233 496
391 385
264 63
321 466
435 446
134 449
388 409
87 165
66 487
64 152
33 461
487 495
490 482
285 113
421 319
315 150
35 6
69 59
25 152
98 390
339 312
222 232
249 80
67 161
313 316
129 132
479 198
181 468
433 321
140 318
468 354
361 308
367 4
156 430
173 244
57 106
338 12
444 131
292 87
255 12
496 458
156 384
352 327
148 189
8 286
492 140
448 476
332 353
136 167
264 340
446 309
173 173
304 136
76 118
482 448
406 331
68 330
157 415
104 272
410 157
297 112
441 403
108 246
265 273
114 244
53 29
54 60
197 227
345 358
159 273
456 327
9 417
332 24
149 166
323 289
253 59
314 120
218 194
468 423
167 336
217 434
494 221
300 272
482 43
168 145
324 141
411 477
353 333
351 243
384 2
414 174
146 138
184 228
151 217
405 4
438 171
244 122
246 285
328 44
189 229
222 349
326 365
50 133
229 179
34 401
427 113
103 448
28 425
494 288
292 32
203 399
22 231
16 447
491 268
349 196
397 32
397 72
57 223
255 447
200 286
252 141
441 127
404 355
495 469
1 399
298 288
371 204
3 172
293 239
435 494
26 494
418 333
408 275
74 476
114 15
156 274
253 366
74 449
419 10
409 69
357 272
477 59
84 80
319 332
327 229
223 255
440 205
333 142
470 348
216 259
386 84
303 224
174 139
1 377
298 93
365 262
322 156
88 194
379 258
487 408
15 58
263 62
56 455
155 448
208 26
463 371
448 94
85 266
495 122
67 87
349 293
301 284
331 23
133 390
150 210
268 120
35 165
120 383
332 91
118 127
351 392
486 433
51 299
421 423
362 398
191 340
124 64
439 345
87 455
165 73
45 89
254 433
317 80
172 226
353 1
393 142
75 204
355 231
6 126
24 276
468 369
433 67
264 93
48 224
297 203
292 66
499 343
423 46
272 168
169 95
237 478
182 414
145 164
142 390
166 4
373 166
86 487
80 158
382 202
406 480
46 32
375 198
97 398
66 298
246 369
199 88
354 335
0 234
124 352
356 494
161 290
277 229
239 99
301 209
190 473
5 207
258 88
486 380
31 355
76 405
345 129
464 276
10 199
51 316
311 134
276 407
488 324
275 406
115 79
53 76
136 157
246 410
143 394
101 84
489 174
303 177
453 186
386 119
288 463
97 437
345 99
275 374
280 185
265 50
478 247
405 318
80 114
360 3
87 223
397 461
139 429
115 52
24 92
408 1
291 312
411 5
231 136
173 38
88 363
111 438
108 66
33 368
371 189
412 245
59 310
239 162
214 198
142 207
60 238
402 402
408 351
339 165
203 491
355 13
451 291
210 466
186 412
101 95
340 57
367 13
27 399
449 459
166 242
332 444
346 226
430 235
400 106
98 269
282 104
247 305
123 86
498 309
404 309
218 451
316 97
348 85
396 344
86 298
94 414
493 270
357 292
399 423
192 110
66 349
6 475
413 313
475 129
290 263
214 379
476 8
445 30
374 177
475 342
256 312
83 421
213 249
172 292
402 464
165 217
44 468
134 171
152 457
220 109
340 442
450 286
316 169
346 396
90 43
355 173
94 198
300 290
83 159
124 324
41 337
306 141
165 85
394 292
401 317
112 114
252 241
410 414
162 69
112 256
281 252
303 319
110 375
387 103
427 45
382 363
4 321
406 40
332 169
339 153
119 233
327 303
217 372
441 89
198 380
484 405
224 479
207 287
390 186
231 94
457 170
491 466
6 461
483 249
402 191
276 174
477 374
246 103
193 46
426 39
444 243
222 263
50 20
207 429
23 293
315 290
108 480
294 306
407 467
158 129
155 162
36 434
390 484
30 282
321 435
178 309
72 117
137 400
330 122
267 196
487 205
38 82
240 447
414 184
313 148
162 72
359 320
304 50
184 249
184 186
495 357
474 362
114 67
42 463
160 296
354 309
244 499
446 392
76 484
484 361
285 241
61 146
196 144
245 217
403 380
237 429
143 399
318 63
27 110
406 212
374 39
390 260
4 118
102 188
401 432
25 439
85 187
183 86
155 134
366 429
358 59
310 456
19 354
316 128
193 398
289 222
335 67
185 31
220 191
124 139
78 121
160 149
88 16
2 344
273 243
154 368
176 483
189 464
445 48
446 5
228 138
205 88
119 415
106 242
233 339
313 82
232 164
180 473
317 172
415 34
402 90
74 70
386 79
479 263
269 331
469 425
365 349
116 26
268 485
176 74
157 2
18 489
463 389
413 50
84 132
223 328
250 486
417 149
264 137
468 396
174 385
86 290
316 391
376 202
277 85
439 405
394 434
175 309
359 209
342 88
268 443
281 417
66 19
8 51
447 182
68 476
118 473
365 154
209 435
372 93
498 338
272 163
472 245
306 299
239 331
274 0
417 7
378 55
106 483
18 386
215 406
231 86
92 333
120 448
42 301
139 492
155 392
489 263
414 127
310 148
148 153
13 436
492 66
401 391
130 450
208 419
357 197
382 292
240 450
103 3
495 134
379 95
210 3
482 220
368 125
130 293
229 17
83 495
239 73
376 336
256 369
418 436
228 113
415 300
303 469
455 371
318 151
6 334
55 28
5 488
133 423
292 488
483 215
140 227
64 222
443 368
305 172
137 361
14 385
354 53
276 169
320 162
496 94
474 178
167 403
327 332
320 152
367 471
199 155
230 360
228 263
435 173
35 33
419 72
477 401
70 125
139 253
199 243
421 136
39 26
358 440
93 218
190 30
37 312
172 389
4 267
441 401
286 439
363 328
229 57
35 341
446 299
394 174
162 146
24 316
108 54
272 382
264 53
366 314
55 301
69 390
143 59
350 10
190 282
339 214
55 419
70 226
253 353
351 317
485 415
321 375
257 93
147 446
260 373
175 13
255 168
227 96
458 399
181 78
144 148
419 372
99 199
404 341
158 204
119 256
131 143
237 293
239 241
114 236
249 351
19 141
237 4
255 99
29 195
195 436
309 173
224 114
456 260
464 128
384 466
110 435
228 16
257 199
435 319
171 223
365 36
392 190
141 102
150 148
436 170
195 345
312 245
5 419
48 120
86 321
257 284
152 48
99 337
157 409
133 34
422 328
370 350
304 167
315 12
34 454
152 251
349 230
149 464
436 206
380 49
186 22
423 137
326 338
100 22
409 483
163 233
435 183
350 34
398 239
46 17
121 432
14 50
14 470
28 164
65 302
176 408
397 251
90 99
474 224
59 190
275 235
418 223
109 62
301 121
138 7
291 199
249 259
81 306
322 115
417 110
370 387
491 94
45 268
492 433
475 19
106 403
126 102
164 25
146 235
94 317
369 136
248 386
44 118
234 329
291 366
105 3
449 14
282 448
381 495
366 126
29 208
310 473
498 156
243 326
496 496
484 338
224 365
483 232
414 120
486 69
425 57
71 91
392 374
369 353
331 273
334 236
209 361
369 496
323 59
407 464
302 171
36 243
476 378
498 371
293 242
299 336
280 218
444 371
224 172
297 314
402 408
121 131
128 463
374 490
306 303
326 133
376 109
339 362
85 204
446 190
26 230
448 246
117 306
478 245
411 193
101 276
259 313
128 222
64 239
394 2
135 371
332 220
434 363
68 23
213 20
250 14
112 240
46 51
296 229
275 377
5 207
372 228
303 264
356 0
354 219
442 250
323 341
204 274
150 257
277 124
491 363
103 380
431 103
185 2
231 79
138 460
40 236
352 10
362 343
63 208
311 68
261 5
132 134
391 465
442 282
497 21
401 433
36 453
455 184
115 73
385 186
274 253
115 426
121 126
187 329
397 184
42 350
484 158
475 26
160 227
100 417
202 157
110 353
37 91
164 417
455 4
257 50
476 229
208 372
201 97
134 395
97 450
108 28
54 433
160 436
353 66
223 113
466 408
499 186
103 356
360 163
213 59
140 118
342 41
491 348
95 396
198 477
5 192
125 307
95 411
477 138
251 448
208 200
238 217
425 207
371 342
253 286
256 436
478 393
242 450
198 469
298 189
382 397
56 303
214 7
497 151
451 43
95 248
318 160
367 334
176 243
381 238
27 429
174 489
440 5
326 416
458 138
35 124
279 340
199 443
94 493
388 197
445 46
206 483
317 115
359 425
16 493
274 92
82 43
48 449
217 22
12 226
350 175
367 400
343 481
474 67
116 290
336 362
197 413
29 394
171 15
360 240
332 187
230 135
436 414
288 130
208 5
33 153
53 410
391 400
319 248
38 217
79 435
349 226
120 129
144 230
470 292
331 4
491 154
421 414
44 279
285 61
214 253
15 170
422 119
368 407
124 242
29 258
485 56
185 230
460 457
101 329
185 282
437 433
347 29
308 358
419 243
348 445
467 486
105 364
271 390
132 473
84 247
303 161
244 69
26 488
169 204
339 480
413 207
236 276
486 112
207 396
194 257
243 408
272 161
51 349
174 395
142 183
197 258
179 298
286 293
349 58
38 308
15 188
464 303
267 103
499 302
60 474
382 193
207 303
4 6
253 258
294 179
289 248
46 343
136 469
27 184
492 485
174 65
368 7
110 490
145 487
461 462
7 205
360 196
54 214
473 365
396 308
56 267
462 185
154 454
138 98
83 181
98 131
490 109
452 318
305 453
415 97
154 119
315 422
489 14
231 369
29 462
81 127
313 437
391 43
141 319
1 382
365 76
38 99
418 207
160 342
439 75
194 427
202 93
459 9
231 191
5 43
170 112
402 86
481 335
155 293
27 474
402 8
107 244
452 440
282 377
453 464
392 73
18 147
9 446
489 330
373 92
204 494
432 395
231 106
252 265
239 238
246 131
376 141
434 205
83 328
144 68
142 388
387 36
334 12
342 396
340 323
169 215
111 397
355 101
366 194
432 459
91 457
99 178
383 319
499 385
453 318
206 143
32 447
460 94
342 366
42 302
370 35
432 211
165 333
27 139
99 31
489 459
489 42
361 440
177 224
43 212
355 130
78 249
195 387
106 390
192 390
425 148
211 414
247 209
348 376
408 274
85 447
341 249
41 74
299 54
266 218
200 342
443 122
361 130
20 491
233 319
319 65
479 10
219 31
407 227
353 419
219 167
268 439
13 60
115 309
379 164
358 381
355 80
62 154
145 69
240 83
148 230
240 60
91 479
206 459
378 498
18 60
351 97
10 286
448 216
381 125
358 327
259 91
245 66
135 322
257 242
472 227
287 405
384 64
23 378
229 443
355 254
203 247
33 206
274 213
190 333
161 155
99 49
115 272
94 344
439 102
329 351
108 263
328 469
347 345
288 351
457 428
27 495
53 161
226 413
246 327
335 417
466 407
32 434
130 433
387 478
330 69
333 216
37 290
135 161
364 385
165 275
270 174
187 193
458 323
151 413
330 204
464 338
272 296
81 496
474 402
324 468
37 156
299 9
22 74
311 434
62 386
412 477
22 184
8 99
13 480
184 11
349 343
492 0
496 473
375 73
394 323
479 51
60 431
5 278
65 82
321 317
146 127
311 233
333 20
352 171
34 198
41 388
389 235
208 385
311 385
60 436
487 205
136 392
170 48
482 493
162 87
66 303
37 160
180 230
401 222
420 32
421 288
23 313
199 310
47 232
168 10
67 108
0 7
55 203
196 22
462 390
193 359
19 28
258 82
304 52
84 12
300 76
242 357
19 323
407 293
303 419
379 75
435 222
425 231
253 490
380 473
184 67
96 426
8 56
108 206
218 165
93 44
254 18
194 335
128 273
192 101
29 283
5 71
302 464
306 282
256 408
475 39
465 440
496 423
130 325
490 456
1 200
71 436
271 107
380 265
218 400
35 425
348 99
415 41
323 3
411 222
113 431
372 238
14 430
255 220
29 496
196 98
34 382
489 267
384 305
57 369
146 103
202 445
338 495
498 118
192 13
445 261
351 305
235 169
241 365
213 342
440 270
152 410
177 326
484 141
363 62
17 41
338 9
4 71
41 176
190 354
115 85
390 135
304 319
36 477
172 397
168 250
160 112
439 172
314 189
103 423
316 29
38 120
44 155
331 395
101 85
171 373
8 69
388 413
243 164
62 424
174 415
379 82
254 186
376 318
93 420
449 479
452 262
269 340
87 496
433 452
326 188
257 104
370 334
351 497
422 113
28 265
347 448
135 407
78 453
374 11
490 23
285 323
15 294
290 54
7 102
291 224
180 333
19 400
398 50
15 222
487 172
120 43
303 186
140 255
266 233
256 14
189 109
403 394
448 205
307 46
122 307
492 450
203 302
205 364
86 453
125 220
116 426
112 245
353 419
4 104
470 119
80 260
154 160
365 336
382 455
114 24
327 356
158 107
323 30
335 363
436 409
187 460
57 52
323 300
256 410
382 327
87 227
387 314
150 94
49 104
480 384
240 163
122 307
189 251
466 445
207 24
336 402
454 394
46 246
156 277
456 303
30 390
205 44
490 269
373 207
444 39
54 205
365 184
287 177
474 406
431 254
156 181
76 119
365 463
92 122
277 374
264 49
445 307
76 321
381 435
474 301
359 325
361 380
409 224
130 149
403 384
65 413
33 411
374 493
468 250
124 467
368 245
405 241
414 313
248 333
135 295
120 74
454 346
70 482
483 216
100 52
466 238
149 17
363 351
453 24
343 331
428 78
171 63
376 333
167 85
381 124
50 154
0 353
187 356
72 70
474 170
408 24
42 292
143 58
434 405
88 449
27 129
192 16
202 50
135 420
396 369
23 368
222 446
302 375
297 409
432 227
251 271
64 340
250 293
50 59
8 36
17 490
7 387
437 209
129 61
430 425
293 377
323 305
180 367
129 478
205 477
100 61
401 308
102 164
76 4
40 4
495 84
324 58
119 354
415 113
38 101
478 197
2 184
51 154
132 34
363 180
93 189
497 463
480 495
351 451
308 408
344 391
301 155
361 168
282 273
374 276
325 172
356 204
358 179
213 260
292 342
31 428
243 386
233 381
332 75
483 84
327 492
147 180
348 481
254 8
136 482
7 480
184 461
140 363
475 395
237 205
485 120
6 121
2 229
156 91
27 186
179 492
172 354
335 326
187 372
355 441
421 323
285 362
77 458
353 277
335 405
25 442
63 172
253 383
474 417
104 410
402 1
207 135
313 426
298 395
336 0
324 5
367 110
68 461
90 297
202 421
363 277
450 79
314 279
196 203
465 140
141 152
287 219
145 200
95 453
453 296
301 284
394 129
90 21
318 462
235 33
310 372
303 450
229 112
316 117
257 278
430 133
353 250
302 70
23 350
146 398
34 328
458 300
321 428
242 48
433 491
215 329
279 244
356 370
339 9
139 24
10 96
198 69
491 363
65 0
250 14
195 64
364 136
64 153
53 37
28 158
487 487
231 95
465 119
480 439
316 304
252 119
188 326
41 302
154 32
398 106
22 405
41 93
246 386
275 458
468 300
139 155
250 456
75 222
161 67
223 55
26 329
155 327
129 66
98 196
155 284
41 497
90 177
416 82
392 189
341 191
347 361
169 480
202 449
17 96
151 215
45 92
420 177
243 200
249 49
185 194
191 404
433 226
161 133
322 349
41 53
414 163
495 240
189 435
31 197
265 58
151 34
63 310
362 423
472 159
353 463
367 158
236 44
29 153
2 397
451 352
367 43
135 217
153 363
412 325
235 36
71 177
339 386
309 134
293 54
17 134
144 146
42 237
390 380
130 72
424 392
288 81
150 291
6 423
100 155
192 419
96 336
74 263
397 288
342 236
370 43
189 359
96 366
246 232
156 486
231 228
309 80
223 19
294 312
467 82
1 395
83 11
274 449
237 157
393 24
67 431
291 115
481 108
192 387
226 80
308 348
280 457
328 470
282 356
438 122
369 101
113 291
240 452
462 239
115 330
261 355
471 182
143 404
144 452
384 187
36 370
179 193
163 168
24 359
333 445
398 314
105 55
7 11
251 198
380 321
177 366
401 493
398 0
452 396
83 42
264 337
382 471
140 295
154 45
342 164
479 339
394 240
252 436
134 254
75 355
73 366
360 252
252 474
222 258
152 57
246 306
277 416
63 128
25 417
434 217
408 367
459 265
201 303
57 63
418 188
54 132
237 492
318 266
24 341
398 41
347 28
444 496
476 476
394 359
76 1
220 180
445 337
140 32
95 146
186 197
181 14
358 93
359 418
112 28
69 236
116 362
359 268
245 413
272 187
41 491
171 201
38 113
145 468
466 178
227 241
107 153
98 260
179 317
345 309
397 143
5 267
387 14
427 364
404 484
475 199
400 445
58 498
466 438
468 204
297 433
438 195
456 256
73 36
197 487
130 270
37 95
109 135
352 425
409 36
87 108
53 237
235 488
278 463
19 54
339 247
442 316
424 277
165 250
237 497
268 362
457 219
207 305
82 418
306 411
19 344
81 394
234 72
35 168
74 12
111 407
75 413
42 406
156 0
497 207
422 246
317 117
275 231
150 24
435 357
201 456
202 454
378 134
303 436
301 266
173 229
143 264
170 248
248 185
245 179
277 98
67 19
250 94
471 342
52 400
209 406
213 105
240 263
200 91
357 395
124 353
469 382
131 119
305 492
171 231
181 402
421 300
394 249
91 171
424 365
124 495
101 485
248 337
428 193
88 300
5 138
372 64
184 475
467 3
87 341
243 490
290 120
369 16
187 184
402 313
160 463
448 26
215 261
454 197
349 495
485 394
459 355
330 358
213 143
484 149
139 300
273 79
95 429
465 494
307 134
98 219
97 468
81 398
447 312
160 388
282 297
152 145
3 93
236 334
483 217
369 72
3 474
255 142
137 98
85 220
292 296
116 183
433 389
54 198
438 381
30 214
359 220
314 182
368 363
432 402
327 203
177 301
444 330
281 432
4 433
229 366
401 296
38 198
248 334
67 444
158 186
406 97
131 369
84 72
327 499
54 16
318 154
336 83
15 114
47 117
335 372
20 128
326 236
423 410
354 426
112 490
88 12
234 371
295 219
71 318
187 122
128 125
209 5
471 465
434 76
300 370
350 122
358 321
231 29
455 133
124 438
302 420
291 64
135 36
355 86
61 206
184 394
251 189
6 245
173 222
444 441
63 474
147 294
175 273
407 230
168 131
403 383
447 471
359 194
132 434
493 66
460 193
235 177
274 211
285 241
34 299
273 229
376 97
223 272
3 51
34 130
365 23
346 437
483 164
98 206
272 116
161 91
120 85
296 248
490 246
46 82
163 24
474 171
444 39
91 49
31 299
174 477
415 396
60 21
79 398
366 10
454 203
288 28
276 74
173 437
19 118
495 219
390 34
74 321
370 186
337 165
142 401
149 12
33 409
308 209
71 464
167 174
54 25
452 308
245 183
153 125
196 116
150 148
321 438
125 224
241 43
444 462
474 236
497 93
154 359
323 305
332 226
103 343
3 238
421 55
32 248
216 427
427 228
167 218
295 249
292 144
106 388
476 89
182 433
144 474
131 189
267 320
163 315
54 370
278 166
266 327
254 310
391 334
52 182
283 410
54 347
88 427
16 12
297 64
38 51
240 442
262 22
337 7
229 425
443 243
71 7
170 61
395 177
211 413
323 299
499 494
422 229
241 87
3 290
341 39
481 394
416 81
440 95
372 105
349 170
29 315
228 272
301 199
112 475
126 13
359 287
16 125
64 281
72 110
1 68
314 413
347 334
429 230
187 287
457 301
468 388
160 339
38 48
23 462
475 3
142 149
127 334
468 159
121 43
463 392
157 122
456 277
359 356
144 237
38 47
435 453
292 358
406 448
410 183
38 281
282 237
423 180
191 409
305 243
135 312
286 268
46 145
1 94
331 257
304 497
451 221
79 92
40 95
130 337
118 302
39 168
349 401
162 314
58 40
205 467
88 45
190 491
86 486
243 44
41 269
491 48
492 344
292 422
112 32
334 422
91 230
483 225
39 292
332 498
317 449
495 37
381 405
391 37
433 319
88 135
35 475
171 431
206 27
59 315
238 318
400 245
470 181
473 236
234 361
311 157
47 51
309 158
195 428
99 200
335 129
456 187
471 222
249 479
295 177
347 160
405 33
66 99
335 227
89 391
48 421
473 252
410 447
227 282
334 457
438 326
366 22
244 246
226 337
366 494
6 373
258 213
312 412
491 324
215 0
421 432
36 115
63 246
380 446
256 290
469 215
237 46
293 335
172 481
327 371
244 38
251 334
98 2
326 415
415 89
374 393
8 189
435 410
209 423
214 316
383 465
11 183
18 472
453 156
27 42
80 133
467 271
273 183
450 417
358 451
344 218
407 232
143 353
128 342
10 204
169 342
377 393
365 32
189 247
141 171
156 68
340 221
256 123
392 465
417 59
277 250
483 261
466 184
378 478
182 95
289 241
486 203
235 19
266 204
227 276
345 408
481 383
358 37
2 90
149 250
0 419
33 278
314 335
313 351
446 44
285 495
50 88
107 272
476 286
414 225
485 203
438 259
296 319
261 296
46 299
70 262
40 398
234 103
455 206
250 47
395 253
193 36
160 445
83 152
378 488
43 498
109 215
386 481
129 258
409 147
409 175
425 479
435 301
7 159
59 242
347 258
146 306
251 41
193 306
294 187
37 423
491 189
170 498
256 377
377 299
326 165
497 286
88 251
263 284
26 95
205 322
128 225
266 351
157 231
418 312
87 303
492 307
306 430
160 14
165 62
80 37
323 491
95 429
213 263
211 358
32 91
316 416
268 160
391 435
99 425
81 162
321 38
469 73
440 127
42 129
18 105
449 474
255 193
457 44
254 468
411 168
436 286
446 79
366 204
482 189
203 317
356 63
488 25
4 177
306 428
386 46
372 176
369 335
231 127
447 326
346 485
271 210
290 283
339 69
110 8
326 173
236 166
43 182
359 77
357 47
446 17
193 243
78 318
298 62
241 309
146 245
456 439
222 269
338 98
106 414
87 301
467 432
466 176
105 10
409 177
46 462
206 355
26 91
154 136
298 324
69 247
186 296
66 377
475 261
175 256
57 434
366 114
290 376
386 185
214 395
210 148
3 261
352 268
404 381
205 358
457 54
351 127
4 144
257 417
173 332
266 432
398 83
459 484
21 189
436 198
346 236
497 498
266 349
231 201
412 171
77 288
267 369
365 428
197 272
456 122
406 223
306 222
58 305
346 265
463 80
316 134
133 309
11 165
218 399
422 94
234 130
352 0
280 2
126 217
192 330
53 82
156 98
403 359
476 214
294 101
236 292
453 462
127 369
268 464
410 346
328 43
43 145
499 180
250 175
5 125
207 442
40 410
121 363
429 296
397 98
242 224
186 133
354 195
12 166
364 475
18 274
271 192
225 413
440 270
395 327
269 446
208 454
169 161
457 330
280 99
175 207
340 22
69 213
379 47
22 81
208 243
288 40
305 479
250 365
192 245
43 497
452 461
122 252
82 473
72 432
139 362
236 99
313 331
378 157
239 192
288 252
144 299
278 76
441 449
195 28
26 133
446 238
490 330
303 420
204 424
138 228
327 343
27 226
384 140
185 257
10 475
274 473
401 154
456 52
81 342
327 151
241 459
289 125
45 84
360 444
172 250
445 499
225 0
492 324
82 109
84 177
2 444
450 358
263 403
97 406
409 196
155 424
49 3
439 296
240 447
49 299
298 265
117 494
171 376
485 461
139 253
49 422
132 493
397 499
258 395
91 494
271 19
22 98
394 172
471 313
113 487
104 20
367 263
139 221
182 38
143 477
251 173
19 192
43 383
131 416
262 153
173 222
173 385
410 47
361 67
406 381
402 474
237 362
435 121
159 229
206 118
143 302
494 457
192 162
430 389
43 323
46 45
430 216
115 219
138 340
74 476
302 397
259 328
449 392
121 195
165 108
262 179
136 160
175 108
497 180
4 105
150 40
108 402
473 433
125 76
52 111
360 199
27 207
451 472
19 328
436 72
103 184
196 50
158 91
271 371
329 156
48 275
177 331
116 9
85 150
114 242
293 489
48 326
298 173
1 499
423 317
353 290
340 26
117 402
125 499
7 389
16 454
138 407
268 194
196 254
496 205
195 162
489 290
315 95
95 139
309 316
458 18
397 14
416 299
150 14
255 42
348 9
268 272
466 486
241 37
242 14
177 89
231 289
385 18
9 46
215 332
350 318
333 173
324 99
114 101
495 326
187 369
493 344
182 456
493 311
326 275
365 87
377 355
225 448
347 114
446 234
53 62
87 296
248 238
191 412
90 362
83 187
383 278
234 77
388 417
193 79
166 66
273 410
358 395
9 498
233 205
267 455
104 138
228 207
119 352
214 419
458 209
487 149
78 193
111 73
152 319
385 304
214 319
214 11
9 72
130 224
179 94
232 397
104 135
487 460
232 75
137 201
203 190
384 476
50 281
452 495
151 202
373 190
201 365
289 440
16 210
305 419
317 47
183 389
350 273
201 170
224 82
124 338
166 427
60 360
355 216
271 365
55 6
223 144
436 256
318 13
432 452
0 123
365 101
227 35
205 215
149 428
118 429
208 125
486 284
353 121
486 193
52 124
120 41
149 275
288 57
361 467
443 221
174 213
248 308
375 401
329 454
235 376
1 299
436 296
417 487
33 141
265 255
148 85
360 237
146 297
116 1
74 8
221 59
367 248
150 470
276 94
470 331
483 11
307 472
311 419
60 76
183 344
429 177
266 331
480 142
143 413
273 97
156 217
317 346
316 376
470 467
299 444
456 441
265 282
53 115
44 76
273 465
142 227
411 54
196 260
173 391
488 191
260 298
145 497
373 78
397 313
258 195
488 196
330 66
33 253
182 383
200 77
157 455
361 342
455 68
459 410
101 480
279 300
297 214
144 276
89 22
217 41
90 199
265 206
311 272
156 151
80 493
300 356
51 237
157 162
72 358
338 469
269 25
91 469
245 418
440 87
481 335
386 9
67 71
343 4
155 379
224 351
60 87
325 377
391 463
321 334
155 315
192 11
481 276
194 136
223 226
413 486
496 204
127 300
156 415
146 471
174 311
398 223
100 86
401 75
262 343
158 222
86 417
194 202
338 67
145 240
227 414
118 411
63 75
490 98
69 219
382 137
360 95
34 132
60 312
155 435
158 322
91 165
219 96
163 285
378 410
324 160
71 105
32 294
392 134
353 22
11 313
409 235
368 223
35 443
378 280
102 42
59 388
484 193
331 279
41 499
160 61
18 365
159 83
218 50
424 52
365 423
11 436
159 126
421 379
11 47
441 152
40 113
158 353
484 377
228 341
402 25
390 240
324 420
322 49
453 394
317 247
183 319
297 328
59 194
93 219
371 70
35 387
240 263
492 194
387 224
249 221
461 290
62 491
392 137
31 385
484 346
17 201
29 167
213 314
385 89
11 159
46 256
20 47
241 286
10 12
85 480
270 111
102 399
36 185
422 494
192 420
121 406
425 209
376 2
91 138
149 261
370 455
2 195
481 242
106 95
75 343
306 192
443 198
383 260
107 331
251 157
63 299
361 224
227 488
478 89
350 170
125 128
323 72
314 479
74 157
352 421
465 150
348 11
271 408
239 231
388 378
30 343
67 303
143 391
332 146
317 121
101 182
255 294
274 277
286 421
342 348
350 138
149 307
67 198
281 273
151 307
150 21
324 33
276 69
216 467
441 108
291 385
31 42
171 398
171 305
6 457
448 14
173 356
55 449
222 241
400 188
210 374
259 50
119 386
206 36
144 187
72 147
41 287
37 104
261 65
22 209
223 267
476 470
420 248
341 383
71 494
220 241
291 133
20 480
16 263
450 226
225 160
448 375
479 118
183 485
194 240
360 58
380 269
370 336
219 152
147 211
453 142
276 367
347 96
211 148
226 363
376 162
37 303
421 324
161 368
460 457
15 208
477 320
8 247
400 199
411 79
222 47
266 216
164 498
498 466
181 376
390 224
27 57
233 279
147 448
257 395
103 107
280 124
372 432
132 288
368 272
171 395
111 442
292 437
403 127
3 290
14 85
142 393
24 41
341 228
123 171
131 99
223 78
10 411
51 95
219 494
389 271
213 390
180 352
480 5
295 83
20 335
229 161
202 15
243 253
277 396
347 218
296 408
171 422
370 158
153 74
346 89
332 42
395 411
269 12
447 227
62 416
78 468
335 143
397 132
380 78
148 26
286 227
150 444
102 309
383 20
461 255
150 81
493 293
305 397
124 262
30 253
73 186
330 108
93 408
338 79
105 473
201 486
282 243
52 203
223 236
492 435
17 36
330 142
391 362
476 487
92 15
201 6
467 165
425 31
462 60
33 115
453 419
162 86
289 87
324 214
150 364
401 316
310 19
381 83
70 201
216 209
215 163
180 269
153 34
94 458
73 115
35 480
418 379
466 197
412 208
424 290
458 414
285 177
260 120
321 18
227 331
494 389
11 294
329 26
484 164
131 275
107 410
289 166
216 26
86 255
398 480
246 10
40 356
477 31
49 300
131 150
392 128
274 477
4 403
419 455
83 488
398 50
217 190
68 39
147 433
265 154
17 45
401 11
42 57
357 230
381 443
423 341
318 273
28 197
153 174
15 447
497 236
278 265
305 66
351 347
353 452
349 116
127 222
279 102
333 21
316 489
182 66
191 239
289 0
27 219
18 442
30 42
307 15
434 160
7 464
268 285
254 213
435 117
220 381
255 215
56 53
119 71
311 238
90 310
381 100
394 469
11 399
266 276
436 171
135 200
338 296
9 404
373 92
325 444
11 93
498 80
152 419
9 469
131 315
267 452
421 12
263 13
289 433
456 382
434 77
225 91
347 272
216 86
383 73
166 42
474 246
166 17
486 478
293 27
479 118
482 412
425 401
186 246
480 66
496 142
85 414
39 221
160 285
358 255
149 43
289 24
41 124
102 455
483 380
498 248
12 314
215 480
78 438
356 401
395 58
325 352
426 481
266 364
471 86
129 124
0 121
97 270
78 394
274 51
299 413
227 124
104 312
102 443
196 35
445 458
163 92
425 122
486 89
27 191
167 458
431 8
278 167
413 28
431 356
269 187
311 231
395 497
292 268
155 349
159 340
432 452
75 322
263 209
400 61
371 290
150 67
87 154
34 429
137 352
40 466
49 259
108 203
323 296
145 252
92 330
283 304
127 377
86 358
271 242
385 487
406 495
1 35
316 345
198 36
2 454
65 90
145 403
199 173
425 321
151 344
0 17
394 286
496 127
222 333
172 268
115 107
142 430
276 116
152 459
265 326
268 6
261 330
355 265
86 460
156 280
149 90
376 157
136 396
229 373
493 358
465 253
183 108
76 460
419 311
489 229
87 36
366 257
23 201
161 73
353 461
51 318
327 354
250 428
153 463
174 331
84 146
106 491
451 268
79 182
263 370
258 69
178 203
404 476
49 53
15 417
87 402
109 66
346 414
230 211
43 351
349 404
247 479
247 455
490 199
421 179
100 105
308 180
156 130
184 64
334 206
460 199
117 421
188 69
281 464
167 418
174 176
155 17
472 421
120 255
286 314
420 42
74 386
368 80
497 230
436 52
103 331
252 249
318 221
37 440
210 451
127 204
221 236
158 135
390 46
212 130
24 176
414 132
65 98
181 282
187 62
393 469
218 290
363 497
290 389
340 252
309 0
237 320
307 382
428 247
229 197
373 493
125 106
204 139
421 42
104 237
207 108
251 349
199 425
166 114
367 489
341 7
179 28
410 430
177 486
35 191
184 259
365 260
399 161
204 421
159 320
281 308
10 366
143 32
498 209
198 310
169 365
245 391
322 348
186 156
347 351
110 73
333 383
44 475
397 232
404 248
57 56
274 185
69 419
128 417
227 68
433 178
421 396
96 31
187 243
95 134
207 386
269 205
33 40
124 313
62 430
338 29
214 471
242 112
381 284
352 370
400 109
357 137
168 321
417 306
292 207
93 12
217 0
392 214
28 102
32 17
46 442
265 222
186 112
248 7
229 68
29 452
90 481
302 238
44 110
170 219
83 337
189 115
330 153
255 81
98 358
152 140
362 496
461 417
276 49
117 209
162 5
486 498
236 104
66 140
212 281
470 236
352 295
448 159
92 182
392 56
196 191
39 396
313 58
107 0
210 441
446 76
74 224
328 284
424 163
296 394
483 488
284 266
277 187
369 84
140 369
412 113
9 336
247 452
304 174
115 206
135 366
90 413
197 61
224 270
165 473
462 20
138 0
187 98
34 415
285 408
21 27
215 197
1 382
408 462
169 158
24 23
436 304
365 467
237 485
458 442
462 254
254 272
222 101
16 441
201 257
284 153
203 222
456 499
314 56
214 364
239 483
139 239
58 175
12 356
298 295
50 323
95 261
214 304
98 318
427 82
236 299
374 63
414 439
495 330
47 228
63 62
153 286
314 202
59 211
6 326
149 209
322 56
213 97
267 36
119 311
462 194
109 207
498 336
19 23
252 493
407 66
204 315
370 60
271 18
197 281
490 130
186 198
295 165
201 251
62 62
108 172
231 25
213 69
93 229
75 232
150 197
364 482
43 355
225 234
15 166
296 422
121 358
23 335
86 416
331 76
101 1
378 291
361 332
62 91
324 306
3 137
471 474
181 367
102 366
33 407
329 469
179 181
368 450
219 54
483 455
308 402
193 84
416 186
277 406
212 330
319 453
280 215
435 291
9 461
368 37
358 42
76 50
352 38
444 444
251 71
325 427
11 59
97 371
277 280
462 227
180 342
409 134
425 460
274 344
381 286
329 142
192 92
482 257
201 45
468 426
206 305
216 146
17 69
349 314
41 146
488 164
298 73
386 398
242 75
361 160
154 476
420 42
299 347
244 402
180 353
10 64
210 386
456 226
392 79
226 157
173 285
359 66
464 471
398 97
257 59
387 260
154 263
110 307
61 454
159 206
271 93
480 169
247 333
413 288
445 140
425 139
57 119
442 136
233 22
433 341
453 342
106 172
331 107
413 68
127 392
337 424
93 250
83 317
457 193
333 348
339 255
226 110
247 397
271 168
361 332
27 204
228 314
274 485
53 59
303 39
464 32
282 140
310 409
102 218
66 267
22 435
398 406
303 248
269 145
329 74
130 130
297 208
193 210
269 423
462 99
131 424
64 426
188 414
132 226
494 290
78 198
456 368
469 476
473 111
37 238
220 302
363 167
229 17
292 56
155 498
274 255
33 287
53 339
417 221
364 185
235 263
132 442
418 44
155 101
191 391
45 193
360 411
281 260
317 442
440 73
180 324
463 67
258 214
287 16
53 175
439 151
445 141
185 71
24 363
106 340
33 215
478 4
116 246
188 259
185 433
110 480
47 365
79 73
442 305
481 219
370 495
488 272
343 316
31 173
366 219
286 490
346 399
497 264
376 462
248 185
18 61
426 358
283 65
223 358
77 225
73 204
476 299
467 61
87 171
242 351
193 453
352 28
144 39
353 350
387 372
433 101
311 405
471 212
70 95
320 46
250 499
298 393
307 78
101 266
469 394
347 195
223 162
201 199
401 219
92 406
8 289
46 377
89 319
266 369
415 159
10 87
332 17
95 309
427 139
33 48
243 396
410 232
284 318
38 463
369 185
326 482
359 377
49 373
94 449
460 315
254 10
27 471
132 87
78 475
375 411
307 464
196 119
289 69
32 480
18 179
161 401
131 344
69 373
174 180
347 164
26 134
457 454
41 53
380 441
352 471
435 256
227 11
80 132
464 16
196 112
14 482
179 357
230 145
177 100
116 404
391 376
330 494
48 200
142 223
195 280
36 346
358 482
466 115
132 438
403 431
265 328
37 417
414 296
249 120
376 443
171 365
360 267
320 2
77 260
392 314
160 272
255 281
396 18
309 221
4 28
208 212
481 270
418 246
366 247
190 167
385 242
362 213
215 245
357 34
348 293
417 249
382 8
27 24
98 279
159 188
400 454
76 368
466 233
480 495
162 332
426 22
235 399
496 140
174 303
448 353
455 374
383 365
242 337
468 262
450 192
146 128
496 202
435 223
218 462
146 415
437 232
132 424
417 24
327 128
334 443
318 275
493 141
330 53
315 87
279 299
279 117
171 425
0 275
89 106
373 218
303 87
363 162
186 287
267 280
224 366
141 453
94 394
447 486
73 277
76 114
83 352
130 207
482 254
212 130
201 423
362 437
99 4
143 225
358 137
3 410
216 82
328 145
131 310
439 127
93 57
409 15
222 176
282 39
22 56
331 346
283 223
79 193
271 382
19 222
484 129
63 23
20 200
363 391
370 3
60 302
170 463
491 322
361 244
153 125
471 235
458 336
30 106
340 37
111 153
282 211
86 96
148 197
440 106
462 363
18 310
273 22
344 188
284 116
241 58
293 437
274 64
170 252
141 156
309 10
221 253
201 443
140 308
266 201
65 80
242 228
103 435
123 15
483 447
357 407
197 224
288 151
255 323
479 310
320 248
353 140
435 393
53 406
108 75
7 320
400 25
460 249
116 3
451 435
194 451
175 308
311 391
214 315
477 418
167 45
37 149
42 20
427 472
399 96
268 387
412 406
7 168
172 224
159 475
426 123
283 353
97 453
120 447
365 163
209 97
246 384
405 246
219 141
237 184
71 118
377 5
25 335
59 236
64 197
172 218
423 490
296 308
255 20
184 416
366 472
357 393
491 112
253 114
298 62
181 342
199 369
56 410
498 225
274 115
185 62
405 447
255 108
129 201
469 362
186 165
410 335
300 43
157 401
464 405
100 307
28 497
259 299
376 84
199 257
320 151
450 384
345 225
278 205
419 474
139 247
435 105
1 401
302 87
492 10
318 118
467 92
244 198
283 226
336 120
123 334
219 156
233 73
130 64
390 363
110 49
7 381
282 397
484 8
370 436
55 329
421 188
387 374
101 165
138 22
356 437
445 261
335 427
343 30
393 465
367 233
466 355
105 226
86 248
37 89
418 456
497 444
318 192
209 384
258 419
208 199
461 114
42 5
35 148
465 385
471 280
488 184
410 437
38 93
34 496
453 75
19 305
497 450
186 337
109 58
258 444
410 169
175 71
219 304
42 62
195 36
221 13
302 183
276 131
128 192
267 162
467 433
383 138
328 316
375 421
365 437
458 485
56 127
432 133
48 127
163 474
339 243
426 236
368 493
186 54
216 348
281 305
444 36
352 16
437 124
413 227
212 154
281 371
357 120
247 65
391 405
148 263
499 82
76 426
332 367
67 262
419 400
436 348
216 363
487 289
16 153
307 252
124 81
201 441
6 481
386 301
64 250
332 386
312 63
283 408
22 496
396 350
51 442
157 333
122 267
273 497
249 490
423 432
373 373
206 477
278 232
482 444
330 342
257 314
75 494
490 40
243 449
391 387
72 146
413 49
398 194
36 38
471 147
373 460
289 344
428 79
24 67
409 262
77 206
201 18
59 4
453 43
282 154
300 197
98 354
400 65
104 496
143 437
249 75
271 368
300 38
105 200
462 176
382 366
384 391
247 435
479 295
301 201
398 261
116 101
167 496
344 16
305 123
198 339
208 54
444 321
373 8
184 49
267 188
431 418
354 4
151 179
232 333
446 453
406 482
330 62
431 425
48 174
365 236
143 98
420 73
433 87
489 145
333 469
388 108
112 265
296 94
427 116
69 380
362 225
140 327
253 44
218 71
159 301
400 83
9 154
242 172
317 294
264 83
191 151
268 4
98 304
272 416
296 377
102 341
168 10
54 242
165 273
75 124
59 177
331 327
499 68
215 73
8 316
319 479
335 200
356 439
207 433
162 128
321 3
13 116
359 341
115 67
191 376
53 190
17 103
171 237
310 368
36 386
217 171
371 208
147 52
337 227
355 355
210 499
116 28
369 224
143 327
55 484
26 187
290 461
198 395
263 461
200 360
31 152
360 269
174 402
481 7
214 11
363 188
216 425
1 331
10 438
274 144
331 65
26 301
48 121
435 76
437 164
316 487
256 468
223 176
35 282
146 204
393 102
27 9
192 461
399 28
24 202
119 174
327 356
477 498
74 375
391 264
251 363
184 207
235 360
142 407
463 271
373 288
149 208
170 252
132 341
43 69
95 156
12 15
13 422
150 342
106 439
303 41
249 210
70 487
394 484
107 64
353 209
418 332
436 354
196 88
9 68
225 91
106 105
379 89
431 471
411 29
71 390
100 214
53 172
8 22
86 299
8 116
300 291
146 426
366 237
305 194
285 376
333 382
472 244
215 212
242 255
145 478
44 165
337 97
471 97
248 345
313 410
53 257
183 466
203 51
245 50
278 360
243 383
127 111
323 67
322 194
25 417
82 320
417 69
19 271
117 241
151 267
376 282
248 204
108 412
314 303
16 353
236 92
203 111
178 215
262 378
148 0
172 287
208 82
354 90
183 79
199 323
105 334
390 427
339 206
361 498
204 153
97 377
340 292
8 300
31 18
371 122
261 179
113 43
485 321
253 467
290 168
354 304
231 248
306 97
447 71
76 19
249 151
444 174
326 89
108 304
278 209
240 331
226 39
360 354
321 212
232 465
269 464
212 439
36 1
424 370
389 335
487 0
174 138
80 283
439 353
62 40
371 217
108 303
157 97
161 468
434 330
294 394
333 203
56 358
228 221
56 480
481 470
460 43
178 7
212 40
80 469
186 275
430 303
401 294
115 439
269 62
308 401
456 416
274 141
362 365
345 355
177 271
166 178
38 137
30 345
166 250
377 110
414 353
499 159
98 167
81 466
219 220
136 390
383 28
393 262
469 98
369 90
269 146
136 35
232 307
409 166
276 399
104 139
298 42
61 455
274 397
469 143
385 493
373 105
219 268
218 118
209 189
335 87
475 478
137 471
137 207
458 398
37 266
160 62
18 336
85 222
217 292
137 54
11 102
370 11
129 230
419 89
28 190
20 107
78 3
63 157
408 68
186 21
84 297
485 346
420 454
98 70
476 137
239 235
98 487
218 462
403 80
270 489
96 431
287 291
300 27
447 350
371 60
358 133
331 307
261 343
266 252
241 211
299 242
82 481
295 397
329 152
141 198
481 452
95 238
117 268
118 395
308 64
197 342
149 166
361 380
484 263
474 127
222 226
59 273
23 304
456 206
404 204
156 97
187 385
6 251
499 156
220 124
318 159
325 269
150 468
83 186
166 486
212 409
35 388
192 123
329 58
114 148
97 85
471 123
226 137
293 329
453 225
236 366
135 272
92 61
100 137
124 175
84 266
154 188
312 119
29 198
198 493
79 496
119 295
284 402
231 345
423 430
296 36
160 159
73 283
421 104
279 173
291 397
85 216
187 297
495 249
95 69
417 45
340 26
428 36
233 477
407 11
399 156
168 55
338 60
164 241
266 111
8 296
364 409
206 446
47 403
324 53
98 494
20 241
277 290
267 300
311 363
19 26
81 211
123 39
132 420
31 139
287 250
159 392
190 151
407 217
270 237
232 231
473 220
11 252
53 102
465 130
9 216
279 337
376 90
362 402
42 361
111 246
138 329
333 271
340 328
417 240
323 111
183 1
254 296
251 194
177 159
227 68
405 186
128 7
409 134
495 491
237 303
485 458
81 227
407 318
410 422
385 176
178 233
382 68
115 432
443 133
201 292
330 170
177 459
93 458
449 439
242 440
398 38
117 227
397 480
254 376
53 307
41 139
207 231
15 423
408 322
466 458
480 109
68 296
255 10
449 13
453 204
95 43
271 352
184 64
441 168
328 438
429 494
225 369
144 136
459 240
50 52
161 425
74 30
40 82
95 329
385 341
385 49
253 480
397 8
28 289
79 338
332 356
225 8
496 57
149 369
421 307
85 51
81 435
17 159
488 474
315 464
365 373
206 52
60 470
111 103
441 89
445 190
50 125
34 23
244 47
206 35
86 166
453 291
450 167
493 322
286 438
164 161
213 4
326 222
177 126
215 438
480 470
95 12
35 31
430 129
16 280
298 136
428 102
269 103
425 230
21 115
276 63
67 185
259 341
467 394
184 436
406 182
47 164
47 353
334 82
214 329
466 350
452 364
467 246
476 73
188 392
308 349
386 316
158 227
473 145
433 125
160 157
322 191
44 207
141 221
51 378
80 356
220 369
115 32
106 40
432 443
293 146
463 240
468 179
177 121
98 441
451 110
302 258
465 125
346 198
429 459
315 397
266 9
394 387
427 233
29 352
498 212
304 174
205 313
286 124
418 382
345 385
495 369
494 499
197 313
272 340
90 126
488 439
326 208
294 382
234 106
318 323
497 84
398 474
99 202
437 36
421 17
386 282
133 417
230 380
72 182
309 354
293 14
75 149
383 119
77 369
44 117
53 247
222 41
95 303
340 321
338 32
166 113
30 76
308 151
334 112
466 232
247 495
144 259
231 174
43 27
496 160
408 439
480 401
205 130
451 427
312 45
158 141
217 330
482 41
5 25
257 316
311 324
435 356
30 307
334 166
327 425
364 182
83 87
217 196
476 288
185 20
13 288
118 196
89 230
107 452
268 94
418 216
425 431
238 354
372 455
233 72
254 51
138 97
146 190
478 207
227 122
262 16
64 92
322 380
333 153
99 281
350 453
385 18
224 275
82 123
48 448
352 315
265 154
344 490
50 263
385 175
43 129
222 147
379 107
260 396
178 64
18 359
229 380
155 255
230 305
106 237
405 278
285 458
448 170
433 481
156 350
480 170
317 51
158 202
98 48
113 270
130 128
8 483
90 211
369 15
253 320
451 475
433 158
180 88
69 233
436 465
135 78
129 416
118 304
204 288
410 68
197 317
152 392
104 57
73 94
415 325
300 326
336 218
158 85
170 368
185 227
157 106
374 320
476 287
427 492
61 180
350 189
82 110
167 354
449 186
363 240
418 216
286 163
100 106
326 444
23 122
81 11
331 181
320 455
300 159
192 99
288 361
323 394
248 370
408 342
435 197
265 271
286 353
312 51
347 238
361 138
150 371
404 294
249 333
345 76
175 49
262 37
431 315
38 437
280 31
81 446
218 215
420 346
250 356
95 84
223 449
320 308
102 225
410 76
152 203
105 255
144 179
495 219
157 427
459 33
479 437
4 392
238 49
258 424
9 340
290 205
13 84
161 462
39 467
22 71
327 43
223 127
199 323
251 218
103 356
145 62
454 434
336 1
425 44
237 94
299 286
222 27
341 164
131 383
307 232
276 5
485 134
309 499
69 184
40 412
474 172
458 37
38 280
325 294
388 315
454 62
441 187
203 176
412 134
367 334
192 219
205 495
346 177
361 14
427 267
291 253
290 253
34 249
44 328
143 211
125 432
472 449
126 418
52 175
362 390
109 271
266 54
231 314
180 464
231 444
197 459
213 22
272 487
167 99
310 316
100 162
112 435
353 72
100 238
128 257
29 462
368 89
255 147
464 99
43 435
395 195
70 92
79 460
59 194
10 98
260 221
156 462
35 372
462 361
118 135
449 442
31 499
499 317
268 286
222 463
10 163
255 469
281 432
126 186
284 340
61 488
451 44
417 69
430 338
325 231
174 400
252 274
91 205
344 251
66 211
374 418
239 428
361 129
315 20
360 339
328 99
495 273
342 131
469 264
496 124
24 294
420 170
227 128
231 363
74 423
341 297
78 448
77 80
452 291
130 244
195 312
437 458
89 190
307 279
255 410
56 303
325 132
260 476
339 404
180 492
141 265
213 373
454 219
10 142
386 258
423 493
451 433
476 360
492 393
155 283
438 247
379 212
40 115
371 492
484 380
497 51
425 477
49 211
353 231
489 59
404 92
377 412
273 208
101 353
488 117
364 108
320 426
393 96
88 361
93 265
168 424
401 90
153 93
324 450
362 359
303 166
430 266
474 180
386 55
172 427
36 374
153 37
485 208
421 46
163 73
497 366
309 332
425 250
201 462
173 102
120 415
181 476
157 50
106 8
435 395
269 278
167 323
384 274
321 152
77 305
24 336
168 426
177 333
147 446
400 230
145 321
297 20
70 326
186 306
201 28
307 122
297 323
97 326
331 181
339 270
107 408
335 363
196 275
73 364
94 343
164 473
493 239
417 314
472 416
444 104
78 174
349 103
430 375
409 446
217 261
169 248
463 176
451 356
220 159
354 377
350 314
405 371
185 344
112 323
427 157
183 56
160 5
232 32
331 90
351 141
241 48
224 372
81 204
215 27
404 301
468 70
441 107
303 225
48 478
487 415
471 327
184 171
55 483
73 417
410 386
286 276
1 152
208 10
390 82
235 424
346 146
253 203
429 139
117 56
471 329
157 456
479 295
278 341
110 35
421 204
332 373
377 208
70 333
415 85
361 312
459 151
206 207
346 64
473 487
317 315
272 296
443 326
19 251
286 222
278 130
3 60
120 110
444 380
317 42
355 211
362 179
386 166
82 421
408 85
400 55
204 225
403 24
276 147
369 423
53 414
326 499
110 408
140 446
489 54
265 457
136 196
362 480
401 375
460 444
352 161
387 212
237 56
203 290
65 365
279 425
424 118
378 106
404 34
440 18
328 393
89 206
38 464
191 303
100 439
100 3
216 452
8 339
482 305
170 63
340 47
18 301
407 265
151 248
267 164
57 92
150 95
411 499
154 188
479 455
458 254
206 431
123 26
331 66
130 105
4 1
303 322
87 374
123 62
226 91
183 242
337 136
487 185
373 100
55 141
396 204
135 366
392 454
21 258
215 224
77 3
325 220
446 232
147 265
356 69
311 373
361 391
76 0
101 348
342 449
153 8
374 90
44 140
399 267
343 417
272 114
186 272
5 450
215 133
54 152
377 423
314 366
366 239
439 242
191 319
180 133
223 196
188 54
173 268
37 87
54 368
141 310
112 92
77 498
2 327
102 132
350 231
322 268
10 68
388 262
247 53
101 68
474 471
91 289
229 148
368 128
290 135
227 361
359 402
81 157
289 213
445 183
303 139
207 267
381 313
366 447
367 129
100 319
109 342
342 43
171 190
325 210
424 314
216 404
61 283
349 298
333 202
341 146
413 489
302 401
348 147
128 21
340 68
410 228
123 301
491 104
314 294
108 316
73 238
374 177
327 134
189 75
221 12
1 382
283 486
133 304
177 484
52 261
341 17
319 314
418 464
111 310
479 84
175 71
248 52
38 401
476 427
440 79
462 49
35 441
97 245
81 169
282 274
292 485
299 476
440 463
273 217
154 403
475 104
8 329
230 75
3 399
478 58
107 443
384 440
186 142
163 334
108 119
105 446
422 252
215 404
474 214
118 341
445 128
309 445
20 454
353 391
449 23
466 331
272 56
50 203
37 310
429 214
12 145
398 386
291 286
352 465
306 117
97 322
267 252
58 406
297 288
163 263
94 98
154 130
185 218
380 56
270 222
219 162
48 134
420 469
435 191
160 273
95 93
197 257
15 215
3 255
18 164
262 166
148 465
35 268
325 333
407 416
78 447
82 127
448 478
170 2
127 235
329 330
440 75
290 26
282 455
472 145
311 152
469 86
207 312
145 5
421 32
331 53
32 351
329 413
268 332
68 499
182 247
322 397
275 122
429 464
109 57
62 401
340 273
85 31
36 47
431 230
135 309
160 262
176 19
352 490
341 296
43 420
169 23
497 218
182 444
354 427
180 292
65 416
299 372
419 2
84 188
497 350
465 220
91 158
0 141
289 295
215 341
217 332
50 236
181 214
493 85
377 35
303 26
398 294
296 454
142 170
20 380
452 140
150 485
478 396
191 150
343 267
452 259
495 60
127 354
439 28
63 472
498 168
314 218
25 249
419 462
195 167
307 439
277 499
395 309
459 107
227 87
346 303
215 179
385 193
222 194
167 177
197 137
208 165
266 12
326 233
400 185
477 21
21 60
369 254
213 416
355 181
484 440
471 53
247 51
246 357
34 321
458 265
430 83
447 166
399 197
234 274
295 152
212 211
465 168
437 81
114 179
471 144
198 450
2 443
300 297
118 100
365 186
121 76
95 147
196 69
343 494
146 431
142 490
159 210
144 460
491 448
92 258
209 462
405 142
439 63
163 57
95 409
486 28
175 217
286 433
427 224
155 129
471 426
488 297
257 130
430 132
391 100
63 23
17 452
15 468
378 457
366 178
58 473
42 204
137 85
309 328
309 417
195 316
114 281
263 183
316 223
324 46
421 59
363 239
207 438
247 378
408 437
263 114
170 318
403 305
486 160
77 65
381 295
428 124
307 347
423 44
90 475
386 99
338 11
449 249
479 397
335 197
163 387
57 98
255 185
345 461
378 241
389 274
398 111
459 317
213 206
33 234
333 155
166 420
21 171
68 468
17 1
240 255
353 32
217 298
111 109
202 415
189 489
452 91
261 440
498 411
145 474
130 31
303 330
1 148
116 325
326 422
177 485
17 418
216 383
492 87
354 327
168 194
138 395
335 121
384 399
225 333
217 382
212 355
4 20
345 66
488 472
310 23
294 165
48 179
118 10
190 392
439 472
368 210
331 429
328 55
389 68
450 53
261 106
126 14
80 117
441 324
199 420
438 251
431 493
356 338
231 401
374 46
256 22
451 94
149 440
8 131
184 390
496 310
176 297
414 475
151 109
29 356
459 350
196 467
306 242
144 52
450 389
411 370
464 58
350 214
345 465
356 210
20 381
179 352
179 49
158 445
301 330
33 187
155 113
355 81
133 313
202 499
221 435
493 465
31 185
3 196
406 228
109 359
63 427
328 140
86 243
425 486
173 239
352 458
391 180
493 208
59 376
311 47
364 133
318 157
353 395
123 173
32 259
38 85
225 96
339 366
352 163
403 116
427 378
410 107
167 318
195 404
303 79
212 358
15 20
267 382
56 220
332 243
328 88
184 370
89 405
69 375
492 293
23 324
431 419
89 434
190 99
178 284
143 493
365 390
272 10
83 133
228 180
269 415
137 56
313 305
181 226
372 234
58 25
296 395
329 342
441 385
22 371
217 471
213 17
379 82
67 337
18 462
377 295
203 287
92 15
93 17
251 125
150 317
65 162
4 446
184 394
266 297
268 206
223 483
417 481
318 102
417 485
132 336
475 294
161 336
353 420
45 107
424 456
118 196
494 489
236 474
271 30
236 354
189 391
372 311
266 106
443 43
231 183
329 76
412 59
479 491
450 117
425 24
72 374
216 396
370 419
449 304
158 142
33 186
349 199
157 258
153 467
150 101
29 236
295 332
175 293
262 274
151 125
351 187
83 223
142 419
223 454
448 92
130 381
432 333
443 331
299 90
43 96
185 301
133 72
217 480
107 160
285 479
166 258
481 489
408 102
408 476
420 132
365 356
41 50
233 298
388 485
433 32
186 283
207 118
451 319
332 424
403 58
316 117
106 421
375 297
125 15
499 283
139 45
95 364
162 33
370 181
213 402
185 303
274 399
71 392
168 225
283 403
372 423
197 99
248 331
198 72
356 374
419 197
413 347
380 367
48 76
330 250
406 113
365 368
112 32
257 288
43 281
56 40
491 415
98 253
326 91
465 296
345 34
381 237
104 259
187 114
216 4
469 17
237 474
6 334
122 350
483 263